2.097352903875592165e+04 -3.083523790487543465e+03 -3.383719583026441342e+03 -4.292421837373360063e+02 1.626506178692437175e+02 9.529526784539405071e+01 -9.632734374319659310e+01 2.136049576889474508e+02 5.131523962537745120e+00 -4.408220743858455393e+01 1.117886787427480897e+02 3.970476423198113736e+01 3.995157461242042629e+00 7.536775443599261770e+00 -7.708096255278141129e+00 8.511619443323686696e+00 -3.263765231010927437e+01 -2.453727729254277889e+01 5.390252403519612656e+00 1.557357074491675153e+00
-4.931652991202912381e+04 -1.548850268062995747e+04 1.639369635691868439e+02 -1.163969034932317300e+03 8.450859690475834185e+00 1.077972451273525678e+02 -4.418018200163486995e+02 1.290530153000340192e+02 1.724888415558331900e+01 8.151369285315354318e+01 -1.321175352394654112e+02 1.948157141353984230e+02 1.884160942026182894e+01 1.207144799776719140e+02 -6.613938850796706959e+01 8.988418787506218166e+01 -3.768734340005684658e+01 -2.519875813602984493e+01 8.761293584455234651e+00 5.387620083755102485e+01
-4.857402318862495122e+03 1.340880317113261299e+04 2.012875736482602952e+04 -1.707242200620525182e+03 -9.477205668012678643e+02 -5.781369700503064735e+01 2.078517071038321319e+03 1.708352130468522319e+03 2.720817913826065251e+02 -2.333449475654234959e+02 1.636275393920863621e+02 -3.097670488495798509e+02 -3.442661151256413632e+01 -1.492532971146362399e+02 1.280980838766367924e+02 -1.016243335943035646e+02 -1.468448237944454604e+02 -3.815080591065642324e+01 7.187526272302746122e+01 -4.115209778118379091e+01
-3.977061768084571668e+04 3.866429065690485004e+04 -2.306742243758443874e+04 -3.448270134771235462e+03 5.050639643858835939e+02 3.280035478024974509e+02 1.704008094391395218e+02 -4.625367413438611948e+02 -1.154387193142187868e+02 8.886046919044566783e-01 5.479984159299200286e+01 1.505559920615995679e+02 6.913377242222298946e+01 2.041951224163645051e+01 -1.716182600693127114e+01 6.830680035207446110e+01 -7.177566966137726467e+01 -4.821473659462984784e+01 5.013324808954925382e-01 4.506525853599353582e+01
-1.686862226246570208e+04 9.166358437836315716e+03 -2.021279219215454759e+03 4.531669890069751273e+04 -5.029470418197829531e+03 -3.369355783109455842e+03 -4.408764657191173342e+02 5.732040975847102345e+03 1.112308452938274741e+03 8.428201325700750886e+02 -1.710670179501189523e+03 -1.464111584775261235e+03 -1.265777565688948947e+01 1.095892619897250142e+03 -1.920626061169550212e+03 1.540406039437694972e+03 -1.572604685749462078e+03 -6.532539766247423358e+02 -7.527039314891766253e+02 2.191158605954772156e+02
-2.596336491118662889e+04 3.042075763894533884e+04 5.148708651902966812e+04 1.130261304749040573e+05 1.240022113923193865e+04 9.556155692195092561e+05 -2.057989372944056868e+03 8.033785191816094994e+03 -1.578681117348384287e+05 1.337221477840906591e+05 6.412704376429644617e+04 -4.747282650082962937e+04 2.521575636711914285e+03 1.566961677525038831e+05 1.169278214867613569e+05 -8.073098656471374852e+03 2.862928446557596999e+03 -9.815686335056789176e+03 -8.537545240902663863e+03 -1.402241424599056472e+03
-1.602040281797343050e+04 1.605361981370002468e+04 2.910880027958874052e+04 2.359404506244149525e+04 1.897549414046470483e+05 -5.375505337409311323e+03 -3.665472969576739615e+03 -2.870265422590244725e+03 2.337955493351669702e+03 1.045450729155474392e+03 3.849002069231667633e+02 6.623004993354101089e+02 4.010362085443449587e+02 5.736925716767701715e+02 9.476987844911195680e+01 1.297417147723532480e+02 -1.272010652667881772e+02 -1.376760284466261908e+02 -7.254394061910639948e+02 5.011741686188375411e+01
-3.241627224093730092e+03 5.435674749703384805e+03 8.102516147128509147e+03 1.144057745649023855e+04 -2.445480596631249682e+03 -1.823046762052444819e+03 6.507720171512592060e+02 -1.488259952507442722e+04 -1.872075240713650373e+03 7.874429356930079393e+02 -1.146385782628266952e+03 -2.867699216831421083e+01 -1.909390325972064772e+02 -8.684631207864432554e+02 7.173711938814399218e+02 -1.449426625741231419e+03 2.037404404660347154e+03 1.113456849334851768e+03 -5.974730142465983107e+01 -2.426719317737384358e+02
3.782464322872564026e+03 1.888006493816976581e+04 1.983046508652687044e+04 -2.941681418108492835e+03 -3.352515502748258314e+03 -3.101048713059273041e+02 -5.449329562056554278e+04 9.142622910483436272e+02 7.148917607306249238e+02 2.534028604982845081e+03 -4.103160171562034520e+03 -6.408869351054603385e+02 2.333000228242439107e+02 1.283834809240008099e+03 -2.559317589404839453e+02 4.023942809080425832e+03 2.914945841060638941e+03 6.638226614195402817e+02 -1.027032686835495497e+03 -7.499708733136254750e+02
-3.390361032988087391e+04 7.461490853905177210e+04 1.565464070198635163e+05 6.688038500037605409e+05 9.269461209923577553e+04 7.429178814210163429e+06 -7.226347487304396054e+04 -6.452495208701075753e+05 2.697222315995696001e+06 -1.839428319571936736e+06 -9.099011106334049255e+05 4.952719504703676794e+05 -1.449154183666315657e+04 -1.352397542225514771e+06 -1.006791201424730825e+06 1.677897437323605482e+04 5.029670213864884863e+04 3.157114726211919697e+04 3.748489633779013529e+05 3.634773474928404903e+04
