2.099532561945939597e+04 -3.093416203976380530e+03 -3.395755349671198474e+03 -4.313127120344581726e+02 1.632731902858857609e+02 9.577174600878335298e+01 -9.449769563910211900e+01 2.137939261402122781e+02 5.142665166319647874e+00 -4.420320375317940176e+01 1.123809932831346003e+02 4.006884547187401324e+01 4.025228202171042824e+00 8.530008055846870718e+00 -8.430698333952515000e+00 8.720373893817766842e+00 -3.282866040405357921e+01 -2.476594139469819922e+01 5.118965154770489079e+00 1.810257660069147123e+00
-4.938562514616478438e+04 -1.553619932754274305e+04 1.298405527583997241e+02 -1.210190153925567756e+03 -5.501232899270712551e+01 7.471379343851110377e+01 -3.914490635879059255e+02 -1.628333794321413563e+01 2.778008331800817245e+02 3.867893951653019826e+02 -7.590704252849285183e+00 2.815960247207086127e+02 5.826138673134006041e+01 1.232803155943039002e+02 -8.689677501433445173e+01 1.106430553012403806e+02 -6.028500698245619738e+00 8.620439215108109465e+01 -1.582649550825501272e+01 -6.559181829092733551e+02
-3.499899327038766387e+03 1.518677516793905306e+04 2.216222336732858821e+04 -3.056139948183190427e+03 -9.604455844359049479e+02 -2.722145459834124495e+02 1.664032261369088019e+03 2.168596939731765815e+03 8.931422395428609207e+02 1.230538878283156464e+03 -3.037429663904249082e+03 -8.229554705253244720e+02 -1.141459759687383801e+01 7.427356277442529517e+02 -7.030790712105996363e+02 5.505012852664427925e+01 2.116164695930354753e+02 -3.204753936384319157e-01 1.076491892727093216e+02 7.094713207937091681e+01
-4.260928235489301005e+04 3.583853128279739030e+04 -2.622771658393869438e+04 -5.116614821904780001e+03 9.131832506077527114e+02 4.989380167390542056e+02 1.728014129149119299e+03 -2.218401125516607863e+03 3.046107548394214746e+02 8.541789907611056378e+02 1.106420469592062773e+03 -7.819331551867776398e+01 -1.459112258975926295e+02 -5.320168413016368731e+02 9.990316365419985800e+00 1.459600009474101512e+02 -3.416990430103780341e+02 -6.890166990552859261e+01 -1.414426217665385650e+02 -7.898860740366227446e+02
-4.224017333541771222e+03 3.733926987529533108e+03 6.109281845949431045e+03 8.693615401411429048e+03 -1.814059623066428912e+03 -1.334297023405153141e+03 1.788080698796165962e+03 -8.882932881204289515e+03 -7.144038419441237693e+02 1.524463394202354266e+03 -2.107674549106972336e+03 4.683198857733509612e+01 -6.300239760542797995e+00 -2.403042158555840331e+02 1.342699213147839714e+02 2.890185979421077533e+01 -1.263820589601964883e+01 1.429180020975366858e+02 -9.600347883491430423e+01 -1.079916284480869081e+03
-2.526453035560741046e+04 4.444472669138552010e+04 7.377008612880374130e+04 1.667412331157379376e+05 1.493705606932060800e+04 1.466414314343673410e+06 -2.802717923809583226e+03 -2.346521660321277159e+04 -9.237804425527285275e+03 3.232638898700806749e+04 2.991672128163318121e+04 -1.749737816649088927e+04 4.957015334456363576e+02 9.101359860904086963e+04 5.358278815693398064e+04 5.187350187974319851e+03 -1.797233859911886975e+04 1.889587042832404768e+04 -4.458338193041580962e+04 -5.903833228715079713e+03
-1.634734480272500696e+04 1.689519701039139909e+04 3.100873103696448015e+04 2.601264623958627999e+04 2.110497511267174559e+05 -5.905270478579878727e+03 -4.248878554481484571e+03 -3.423451831658473566e+03 2.835954355154499808e+03 1.480972562610847262e+03 4.957891204323230454e+02 8.482351965876323447e+02 5.002372427578214911e+02 8.690897002965563161e+02 1.944527582295013985e+02 3.281772234728942976e+02 -4.003895635515268623e+02 8.425132268611481834e+01 -1.216642419325168703e+03 8.708482554572532308e+01
2.441898303536816911e+03 7.920267655303669017e+03 9.651073167312541045e+03 4.636548029837541662e+02 -1.791938085960905937e+03 -5.346067583904840603e+02 -3.568510043224873516e+04 6.268165476441566852e+02 1.068949972833263701e+03 1.990379363400156763e+03 -3.461594702791378495e+03 -1.368277783079933897e+03 8.312231731142014723e+01 8.675073342387097455e+02 9.091653657862441662e+01 4.256675286714032154e+03 3.804764607635309858e+03 9.407205004726559991e+02 -1.020079959479490753e+03 -7.692747916547433533e+02
-1.475189718403520237e+04 9.671751395014425725e+03 -1.208729012130597312e+03 5.569793054652942374e+04 -6.250904694499091420e+03 -3.346897144235310407e+03 -5.102201165232755784e+02 8.700384377144664541e+03 4.544623937518728098e+02 2.624031583603707077e+03 -4.454212961554160756e+03 2.598166557810135600e+03 -8.860642243364843296e+01 1.537470614989407068e+03 -2.622323191819153635e+03 2.943719451606911207e+03 -3.398822756762778681e+03 1.119596833895307526e+02 -2.109430915209589784e+03 4.343076231405859176e+02
-2.469042423639806293e+04 4.789883246176825924e+04 -9.085510723625580795e+03 -9.726900285115716542e+03 -2.418360644988674153e+02 5.250398053274303720e+02 -4.072176863980887902e+03 -7.756250707129179034e+01 8.834885851814738089e+02 2.849542863545160799e+03 -3.911153675804327577e+03 -3.075073097516888083e+02 -1.089738818938624831e+01 7.382161680512352859e+02 -9.284004873085059444e+02 5.241330318646027990e+02 -3.640425807179904041e+02 -3.389231043490113962e+02 -1.178577571099926047e+02 3.486775091555445556e+02
-3.390361032988087391e+04 7.461490853905177210e+04 1.565464070198635163e+05 6.688038500037605409e+05 9.269461209923577553e+04 7.429178814210163429e+06 -7.226347487304396054e+04 -6.452495208701075753e+05 2.697222315995696001e+06 -1.839428319571936736e+06 -9.099011106334049255e+05 4.952719504703676794e+05 -1.449154183666315657e+04 -1.352397542225514771e+06 -1.006791201424730825e+06 1.677897437323605482e+04 5.029670213864884863e+04 3.157114726211919697e+04 3.748489633779013529e+05 3.634773474928404903e+04
-4.041877753198312712e+04 3.790728033891619998e+04 -2.696656007603524267e+04 1.906650598289763002e+04 -1.256624359388447601e+03 -1.060614894142435560e+03 1.215094805090777527e+03 1.776697372537422052e+04 -5.778062418824958968e+01 1.361264577262060129e+03 -5.586043099234264446e+03 3.066356618547815378e+04 7.676693682846354022e+03 3.438903626397020616e+02 1.038023280152239931e+04 -3.176506081656241349e+03 1.891854274688708074e+03 7.107288430420793702e+03 3.720235263569066774e+03 -3.002054155931592732e+02
-9.884026341775528635e+03 1.050349125613851174e+04 1.604481468805260010e+04 1.807977392706313367e+03 -6.660239619850779036e+02 8.421109906912265330e+01 8.076967936171691917e+02 4.018307239304298946e+03 1.970009705399001803e+02 -4.336160345768028606e+02 5.201337967647847336e+02 -5.062309299311915311e+03 -8.860483519372834280e+02 -1.469361004174242771e+04 1.226028651390419145e+04 3.643361501864766524e+03 -9.247533899487601730e+02 1.194996288125518475e+02 1.049680442636336011e+03 2.925757438341333341e+02
-1.565431860897010483e+04 1.021999815884061536e+04 1.179740651223026725e+04 2.346213713229607038e+03 -1.086107606658901659e+03 -5.599716063191060584e+02 -1.399614024867305307e+04 2.952116945742137887e+03 -1.992692129882280824e+03 -2.888164469709503919e+03 -7.301874075604535392e+03 -7.402089494802118679e+03 -1.869880277507742221e+03 -5.547891574685118940e+03 6.114283808092419349e+03 -3.519455290090428025e+04 -2.378787923844265970e+04 -1.162953781752269578e+02 -6.242019605014399986e+02 -2.981934544794703470e+02
-4.142454675950141245e+04 3.523850570149485429e+04 -2.515506530893177114e+04 -4.466433699781152427e+03 3.209028064838177670e+03 1.699567357136365217e+03 1.763476369302904004e+03 4.092785316881571816e+03 -4.750326482840349490e+04 -6.440203181907714315e+04 -2.928720186911208657e+04 -7.725173647918447386e+03 3.226093495274218185e+03 8.890972319773056370e+03 5.042511881140103469e+03 6.726269444693120931e+03 6.023368736693599885e+02 -1.096511664455956407e+03 -5.759330611979779860e+03 -1.424599122030882199e+03
-3.072544495371213998e+03 1.075803460818284839e+04 1.734340328893928745e+04 -2.030767429867232295e+03 -6.850656435118168019e+02 -2.545111099387899856e+02 4.833479246155600777e+03 1.223475751393630162e+03 6.737985404642996627e+02 9.578980655876235915e+02 -2.438487479441026153e+03 -6.869065801449386299e+02 -9.219924292744844152e+00 9.709298293778520019e+02 -8.312126512489695642e+02 -3.601249821175515820e+01 2.353923952006065292e+02 1.108427251924517947e+02 -8.694016942535444059e+01 8.195916138696425435e+01
-8.928898858456133894e+03 1.674838736948524456e+04 2.577968653508519856e+04 6.104052666618857756e+02 -2.040978887355682673e+03 -7.520081630038664571e+02 -3.326200929070527309e+03 -5.055007558335709064e+02 -9.429874999401268951e+02 -8.868945230317969617e+03 1.807514719613751367e+04 5.867273313267492085e+03 3.452961452894907666e+02 5.019366026246197521e+02 -3.393597586768333372e+02 -7.493385196810748994e+01 -1.591107963999993672e+03 -5.297487908047904739e+02 8.301606422445114504e+02 -7.081145416449912773e+02
-5.569963073253937182e+04 4.000524081454399857e+04 -3.540128080195653456e+04 3.386319163456542447e+04 -2.646326352393198704e+03 -2.978421476435594286e+03 -1.702351305725791235e+02 1.327873263919393503e+04 5.935383108813371109e+03 -3.183994423268694391e+03 6.244542103277306524e+03 -1.249485013510049248e+04 -9.808736907070554025e+02 3.113819815720319184e+03 -3.199804087729558887e+03 -1.210436065684011282e+03 2.932243729220827390e+03 -1.852565111011800127e+03 4.739180552032482296e+02 9.570104494953681069e+02
-6.030135370662675996e+03 2.112730784450778629e+03 1.897920111253504047e+03 6.494619195249426411e+03 -4.455552584721016274e+02 -8.381310173940195227e+02 -3.354886081530000865e+02 1.234979320600348274e+03 2.122564677957638196e+03 -5.223000793794581114e+03 8.824843062173618819e+03 -2.168017072252558501e+04 -4.027898492739446283e+03 -3.531926804751411055e+03 -5.484303659931150605e+02 -2.523644107498583253e+04 3.856954112310611526e+04 2.323068904303375530e+04 -3.959757173165136919e+03 -2.971086664713423033e+03
-2.130938889778809607e+04 2.024725584230927416e+04 2.429887475513185927e+04 4.738347676248026983e+04 1.455621381767653293e+04 5.508879087998624163e+04 -4.465444905055349409e+03 5.435053106258466141e+04 -1.698385153071231907e+05 8.943039060796951526e+04 3.332646412832970236e+04 2.898225803095066658e+04 -5.134241308324979400e+03 -1.448103949187923281e+05 -1.548359870387014234e+05 2.450459367245388785e+04 -3.651255650931109267e+04 4.378404419864970259e+04 -1.137178689429304213e+05 -3.364760011158657562e+03
5.654230293075272129e+03 2.187715132877800352e+04 2.374013643196599878e+04 -3.796353192055956242e+03 -3.950627373951082518e+03 -6.171862066024502838e+02 -5.881827692795953044e+04 -2.168063388239557412e+02 9.712401965918539872e+02 1.426075481646528260e+03 -1.694531791981867627e+03 1.013842043879734092e+03 3.896177786799565865e+02 1.984380987840476791e+03 -3.936244852213378067e+02 5.145780396260192902e+03 3.206676663687377186e+03 5.532944027734027941e+02 -1.023166379739286299e+03 -5.122314435415025855e+02
-1.481595150345340335e+04 1.242803385237396469e+04 1.570190999130454475e+04 1.332070778568964124e+04 7.331774773974003620e+04 2.303748805841373905e+04 -4.776697990587163986e+03 8.826555493126554211e+03 -8.769083453062108310e+04 1.623034366748756656e+04 -1.979901638079014447e+03 -1.235571809333492820e+04 2.497292714653250187e+03 -3.209301768533386712e+04 -6.532737381000786263e+04 -1.050471927483525542e+04 1.397416992311689683e+04 2.449318132345656340e+04 1.970052021911061893e+05 6.292012046977737555e+03
-4.679770990793898818e+04 1.215091367005377469e+04 -1.520415546602802351e+04 1.343445135677665530e+04 4.547817147043622867e+02 -1.254920919419478196e+02 -8.076833067681862985e+02 1.634449518992396224e+04 -9.798865599246741112e+03 -1.063435613024535269e+04 -9.655854007901918521e+03 4.640001193447296828e+04 -3.351305652708171401e+05 1.387256927966909097e+04 9.702717371192869905e+03 -1.708779389661585810e+02 1.221205099208779575e+04 -3.601216893248256838e+03 1.025727638613317686e+04 9.702828519210299874e+02
9.579840104859187022e+02 6.537848241609412071e+03 1.022206374652665727e+04 1.422824579733518476e+04 -3.183134194195007694e+03 -2.365828259660872391e+03 6.148025975177755527e+02 -2.390237425217499549e+04 -3.769534337128560310e+03 1.023298777263253555e+03 -2.043273739323535210e+03 2.168518961913225212e+03 -1.839246165255180898e+01 -1.063272570623310457e+03 1.262285053773149912e+03 -9.473549969229198950e+02 1.256763770805427157e+03 2.708092271594521208e+02 8.893067659453726037e+01 3.164255086060890790e+03
-1.607049321997481456e+04 1.976109399808551825e+04 2.359720658151661337e+04 2.183711115103371412e+04 1.300052367493424026e+04 1.673082128756682505e+05 -5.572785874696429346e+03 1.932954366288899109e+04 -1.167564999686467490e+05 8.382157567071059020e+04 3.024769687132390754e+04 -2.558749246064369800e+04 9.762133257197749572e+02 5.041349361762569606e+04 4.284404896389080386e+04 -6.490089201720089704e+02 1.199835479882882737e+03 -3.537972548789839038e+03 -1.027957634358344148e+04 1.016044219581683933e+03
-3.770983126473466837e+04 5.487385780222576614e+03 1.397230955163091676e+04 2.078126879706950422e+04 7.888132223667610560e+03 5.041418500662119914e+04 -7.442846384545428009e+02 4.519229222614926402e+04 -1.758634299516984902e+05 8.380269460526382318e+04 2.220801421463676525e+04 2.007865925857896218e+04 1.205491776937907707e+04 -3.255078927226952510e+05 -2.339856602635043964e+05 -4.201601559623531066e+05 7.102285857723297086e+05 -2.104463607909047045e+06 -2.177633794808288221e+05 5.090580878107423814e+03
-4.845963014898239635e+04 -1.541570544048269221e+04 9.484239234666000584e+01 -1.433326655135140300e+03 3.801555477882268264e+01 1.424529441474404337e+02 -7.656487647675451171e+02 1.711225375156304608e+03 3.725176719076168297e+02 -3.168186584693015106e+02 5.590535728672609821e+02 1.677176792397174552e+02 -4.114007897165317331e+02 3.639853548981849372e+02 -1.299490310205508479e+02 -2.736757961005950506e+02 2.945139405312568215e+02 -6.726279036900566553e+02 2.380974075089480948e+02 2.133488693548829906e+04
-3.437694586748853908e+04 4.363935132112446445e+04 -1.058773209746131943e+04 3.759636389478600904e+04 -3.302473007203103862e+03 5.203090023757314384e+02 3.528001198580455821e+03 5.042707398958568956e+04 -1.763883332873939071e+04 6.285165184307044910e+03 -3.733013923886459088e+04 1.506654891795795993e+05 3.155786175545132210e+04 -1.263532975927212101e+04 5.799432393035825953e+04 -5.395504696814205090e+04 6.698289269311168755e+04 2.988614248480086462e+04 4.635650887536800838e+03 -4.033098752045394576e+03
-4.332376167140884354e+04 4.873417784566304908e+04 -1.491819379816078981e+04 1.183625997982947010e+05 3.774330498322490166e+04 3.272267325405126940e+03 -6.657788197464812583e+03 1.238686921783806029e+05 -1.073264803249460820e+05 -3.239254324847713360e+04 -1.485637644755731453e+05 4.946661070626931614e+05 -2.562450987102032639e+06 7.993945496745551645e+04 8.424003479697836156e+04 3.541244295918357238e+04 9.498511284400306977e+03 -2.362886442389662261e+04 3.937337699184878875e+04 -6.968172246985540551e+04
-2.599820236040170494e+04 1.796366100958287643e+04 3.280907271837205917e+04 6.405549762487250700e+04 1.043125759377237955e+04 5.224367373651937814e+05 -1.999559935494013416e+03 2.753377307829418351e+04 -2.210005267590737494e+05 1.677583923674582329e+05 7.025813431439014676e+04 -4.700849537764488196e+04 3.095513475119089435e+03 1.271445134258123871e+05 1.019090121632705559e+05 -1.553671187003993691e+04 1.855258341270293386e+04 -3.510200474165163178e+04 -2.390461318768524870e+04 -3.898476670854503823e+02
-1.610941073560614313e+04 1.156123069481411949e+04 1.573583417761863711e+04 5.837334400462807935e+03 2.326162199564838318e+01 1.650356198031033637e+04 -4.068037780515421673e+03 1.035661891079437737e+04 -3.729946746071983216e+04 1.404683879832789717e+04 1.710821710588714268e+03 -1.469335473076033168e+03 -5.597787596941033144e+02 -2.283082617523990484e+04 -2.645860809259167581e+04 -1.277880213074028006e+03 1.312436667495430811e+03 -6.498096393245606350e+01 3.873039812661753331e+03 4.163829232774905336e+02
-4.861839368539876159e+04 -1.528739792914683312e+04 3.911247772235900015e+02 -1.311253213221348688e+03 2.645479958020493427e+02 2.706221221113456750e+02 -4.014727115475582764e+02 2.770143455832013842e+03 -1.704694069560699791e+04 -2.703541333049178502e+04 -1.266335062220122200e+04 -3.364980974611137299e+03 1.209495725249021007e+03 6.325947434922696630e+03 3.038712669296694912e+03 5.305554894419432458e+03 7.849427130536936374e+02 -9.055374181637561151e+02 -5.975954295928875581e+03 1.023605769074264572e+03
-3.937153958005669847e+04 9.400567375560967776e+03 2.847170868239001720e+04 -7.704187854615644937e+03 -4.774978464673319650e+03 6.019810164568498294e+02 -9.283654984462929133e+04 9.804378563949621821e+03 -1.180067871268931231e+04 -9.444628457886306933e+03 -3.087097540681488681e+04 -2.959314100704528028e+04 -1.036357618702884065e+04 -4.091347559392800031e+04 4.181658393500301463e+04 -5.402395853004804812e+05 -4.130519698641551659e+05 -2.224136468164364123e+04 -2.088010960122931283e+04 2.494672799212529571e+04
-2.008164473873665338e+04 1.065318417374776072e+04 2.187360493528798543e+04 -7.381991078603199696e+01 3.033976620498945977e+03 1.452039294904301278e+04 6.625918599139166645e+02 1.241005893952092811e+04 -3.115219639748885311e+04 1.961880453184946964e+04 6.220639219143579339e+02 1.733026325255064876e+04 5.449697202674372420e+03 -2.937888059338344465e+04 9.184822626617115020e+03 -4.528774490624743339e+04 7.178472883193223970e+04 -1.147727399002359307e+05 -2.037921652213394191e+04 -1.197501305758579520e+03
-6.118336392702912235e+03 1.452206687512630197e+04 2.340050961585958066e+04 1.199350341036895770e+03 -1.123241511912966871e+03 2.269370024592397021e+04 5.795489780464055002e+03 3.888810507206580041e+03 -1.023432068559430627e+04 6.493218951238087357e+03 1.208137926587759284e+04 -1.161099909373803030e+03 -9.477187574415286520e+01 8.841339043272519120e+03 3.430627229176385754e+03 2.299591145979504290e+03 -5.724401449383264662e+03 5.060910923070790886e+03 -2.027118132546699417e+04 -2.315717861225049546e+03
1.527834675027724643e+03 7.385713829765923037e+03 8.050062374574241403e+03 3.445796026934952806e+03 -1.200115252509060156e+03 -6.780570618891857748e+02 -8.439560634977628069e+03 -2.283447035063888961e+03 -5.948226551359670822e+01 2.261353172764564192e+02 -4.902455413919714147e+02 -2.312370732228647739e+03 -1.524792554175058683e+02 -3.609495233146771170e+03 3.011011461160543604e+03 -2.167710538576682666e+03 1.723689531696044924e+03 2.542714330845049972e+03 3.422641859454937276e+03 -2.078727172716328641e+04
-6.700960834105067079e+03 6.611069321667653639e+03 9.098263369498321481e+03 1.652934981209779289e+04 -2.818112137288547274e+03 -2.431192051519946745e+03 5.497380422433401463e+02 -2.035329509781178058e+04 -3.216902506799240655e+03 2.427605375023505530e+03 -6.040563184904731315e+03 -3.870644376354840460e+03 -5.575673407981872742e+02 -7.504350090858875774e+03 6.009295387845054393e+03 -3.644239084161258234e+03 1.980283648118856036e+03 3.589232784900839761e+03 1.018748008770476417e+03 -1.181737296860134666e+04
-1.563360480309106788e+04 1.496085156551233922e+04 2.630129647140495945e+04 1.984905078287511424e+04 1.560511772892937006e+05 -4.772554956539533123e+03 -2.810459811534921300e+03 -2.046563993186940934e+03 2.250597081058774165e+03 4.850003028675900651e+01 1.465705627972968443e+02 2.751122740204709203e+02 2.155494045568247259e+02 5.696760930554860352e+02 3.653821015610341760e+02 5.708977152275090106e+01 -6.906811676006019241e+01 -7.912500867548280326e+01 -2.077771860339607599e+02 -9.281570467278569936e+00
-4.673913713979131717e+04 -8.853704084947181400e+03 -1.324565717245835685e+03 2.174307085133191140e+04 -2.102600165915474463e+03 -2.011175907480983142e+03 -3.624408771151230667e+03 1.541652334835160400e+04 5.487938217911870197e+03 -2.391375712818432476e+03 2.051586932961602542e+03 -2.509506597473141483e+03 3.774468334439976388e+03 5.162799853388232805e+03 1.707006349575900913e+03 1.643605523803813412e+04 -2.328701136595157368e+04 -5.592925736830999813e+04 4.844322060885660903e+04 -1.025449494974027948e+04
-1.085920375403121216e+04 1.307296181514396267e+04 2.098139479013857272e+04 3.813224548891688755e+03 -6.877767673705359357e+02 4.140565509036176991e+03 3.288779178016751757e+03 1.354234792500429830e+04 -1.481321359566233878e+04 1.147797889160729210e+04 8.472478065959423475e+03 -3.651370692576099827e+04 -5.629075951953971526e+03 -1.083810986183628993e+05 1.233341660602059274e+05 5.532367128966005112e+04 -1.634244594809510272e+04 7.207423893429443524e+03 -4.248126563769072163e+03 1.813302489245689867e+04
-2.643763552898166745e+04 3.733526593055090052e+04 6.763889405942482699e+04 1.420863090887261205e+05 4.313969502724552149e+04 1.271015833814267302e+06 -1.308669935687625548e+04 9.499174306960003742e+04 -1.141569845409028232e+06 9.370813689726606244e+05 4.408323173746695393e+05 -4.719446091059840401e+05 1.800154699702349899e+04 1.400029016413799254e+06 1.067892005748613970e+06 -4.399176234783912514e+04 -1.709472291622325429e+04 1.811669281306827033e+05 1.144675960023254156e+06 7.039145206546309055e+04
-8.494985078715397322e+03 1.065513300430028539e+04 1.787789338494088224e+04 6.950188286252393937e+02 -8.839254329511217065e+02 -3.830316807057242841e+02 2.148631000724370097e+03 1.632898501828330609e+03 -5.772162957999507853e+02 -5.732906257551390809e+03 1.135292050922378985e+04 2.821321721678315953e+03 1.359620869318488587e+02 -4.183386262405624620e+02 6.034061051463731928e+01 -4.607029459155218092e+02 -1.326695670484542234e+03 -1.903095603479607973e+02 4.738068547405496815e+02 -1.060622138829801088e+03
-4.589368464421355748e+04 -1.203300022316408831e+04 6.078931012906601609e+03 6.449570804826876156e+03 6.258107180087364395e+04 -1.690336489392046133e+03 -2.466131763986879832e+03 -5.761857160954551773e+02 2.130652173283455753e+01 -9.065215702016053001e+02 -4.412910171075056951e+02 3.337734950169694343e+02 -1.240196484897655580e+02 5.811739553175121955e+02 -3.358678130788852627e+02 1.142204032571899859e+02 8.788563715340114868e+01 3.897369094780198395e+01 5.515875041685845872e+02 4.181866744270756158e+02
-2.498077186318731401e+04 2.631406486892719113e+04 1.344071925778906370e+04 2.127311319339059992e+04 4.416544705451138725e+04 1.061912859416343563e+05 -1.723220074456119255e+04 4.577454139849750209e+04 -3.619698877772307605e+05 6.661055775790552434e+04 -7.400150531655300256e+03 -4.627292921978038066e+04 9.580569618015855667e+03 -1.375425073673045263e+05 -2.645146302816238021e+05 -3.758171222240931093e+04 5.122431712113192771e+04 8.928945180183404591e+04 7.115093977176988265e+05 2.303182656337289154e+04
-1.173183977189369398e+04 7.538599392860644002e+03 5.179923965626920790e+02 3.705876845443301136e+04 -4.326069085565539353e+03 -3.563749806284919032e+03 -1.935775938664116040e+02 1.193149388321730157e+03 1.649078794893614941e+03 1.817767659621613632e+02 -1.462005639619218755e+03 -3.082414009770821849e+03 3.465852336327503167e+02 1.236322473509571410e+03 -8.740890994343626517e+02 1.472836391826196632e+03 -1.649658586898891599e+03 -1.504373190388433159e+03 1.794524933144712406e+02 1.264823279459556318e+02
-4.250614519400518475e+04 4.525388886441407521e+04 -2.809584234514921991e+04 8.320802786790428218e+04 -8.136687372272092944e+03 1.209143943735416997e+03 6.631707491953712861e+02 4.382730267432157416e+04 -7.802252057904658614e+03 1.309699079445762618e+04 -2.129839604171935571e+04 5.956186363970323146e+04 6.151444263324798158e+03 4.582203429809004547e+02 3.756222150206346669e+03 3.766589382969293638e+03 -6.787607568113763591e+03 1.554210660505587475e+04 -6.755884861298171927e+03 1.817991746284227702e+03
-2.373232634113857421e+04 2.545174517646177264e+04 3.145445566317757766e+04 5.969730220815590292e+04 4.837175127612522374e+03 9.214874778745054209e+04 -1.965769748217116785e+03 8.140936949441189063e+04 -2.641993632214411628e+05 1.407047412161123066e+05 6.379595859571190522e+04 4.619150342207750509e+04 -7.675535307237161760e+03 -2.252513094446283649e+05 -2.413851140647819557e+05 4.192379119557025842e+04 -6.441544747658091364e+04 7.681706582806195365e+04 -2.059616906220751989e+05 -7.920421285768095913e+03
-1.899621406347515585e+04 1.302852262815695394e+04 1.454251457770803245e+04 4.349446240145627598e+03 -1.212773758489522834e+03 -7.609154327023190945e+02 -1.123946347020938629e+04 7.168964738441784903e+03 2.819041449665014170e+03 -8.523698391367714748e+02 -9.544683455439643467e+02 -1.467992909917328325e+04 -1.750641520278926237e+03 -3.432094590082100694e+03 1.209291239386279813e+03 -9.306683983624257962e+03 1.346719615787968723e+04 5.557072780224954840e+03 2.009200417460659992e+03 -4.895884071422422608e+02
-4.604627741940412670e+04 -1.259906075228155714e+04 4.576054832466072185e+03 1.937791861520115162e+03 4.289908033490659705e+02 1.602205318481283030e+04 -3.010843108189031682e+03 8.336419234093516934e+03 -3.707189018879443029e+04 1.345619431214451470e+04 2.521004675497531480e+03 -1.771540826357301512e+03 -5.522307809826711491e+02 -2.169653438903723509e+04 -2.672028257042165205e+04 -1.423384993807663477e+03 1.885098753698848668e+03 -5.605461733229213905e+02 4.342865661380818892e+03 9.581481931211824303e+02
-4.602943147526719986e+04 -1.264689863789240917e+04 3.977983541881246310e+03 -4.699698354103416875e+01 -4.530022228453654520e+02 -1.513452401315360021e+02 -8.306502588745566754e+03 2.768450996686508006e+03 -2.053515310426852011e+03 -3.485854513877726276e+03 -5.982718044148910849e+03 -6.529510876289482439e+03 -1.815652155286429206e+03 -4.565033017427120285e+03 5.397040189435899265e+03 -3.505207940036319633e+04 -2.350753317250120745e+04 -1.858441280671967775e+02 -7.520672148716735137e+02 2.543486747477951155e+02
-2.550595847982085252e+04 2.756829785942817398e+04 4.670957259517924831e+04 9.652100735605512455e+04 1.012409986243463027e+04 7.873051328492201865e+05 -4.483913046059084081e+03 1.830300193230095465e+04 -1.926530434650249954e+05 1.606206606667307497e+05 7.240201903585722903e+04 -5.177649190897706285e+04 2.946086758607671072e+03 1.689542694933678431e+05 1.337772667310994584e+05 -1.279844224379169282e+04 1.110533569299022020e+04 -2.835480137467991517e+04 -3.080998940312948980e+04 -1.933705532752451745e+03
-1.335784412477532533e+04 5.392653224570922248e+03 2.971616937562581825e+03 1.905387220489508400e+04 -2.967550780421677700e+03 -2.583561633666754005e+03 7.440411009900009276e+02 -2.025390919334139471e+04 -1.802770929451634629e+03 4.385586316204738068e+03 -5.493329614280697569e+03 -1.757388606066574312e+03 4.256477700449544841e+02 -5.472627718535204622e+03 5.260608814052413436e+03 2.075946158333255880e+03 -5.314070374452280703e+03 -3.959156515725744612e+03 6.026868224275362081e+03 -8.006412039263304905e+04
-4.230074632648596162e+04 3.173283367173568331e+04 -1.181595865101451818e+04 7.022798172212296049e+04 3.528531896716216579e+03 7.898680008489934153e+03 -5.763680276387690355e+03 7.020235113786105649e+04 -8.040181862613800331e+04 -3.238103336256204420e+04 -8.247568561438926554e+04 2.313521132912283356e+05 -1.214324406624735100e+06 3.285774123662659258e+04 3.262960412621330761e+04 7.592509437942585464e+03 -2.003601040810386849e+03 -9.984261045926943552e+03 1.619860374059043897e+04 -3.105760709461279839e+04
-4.170324232268446940e+04 3.592800288983647624e+04 -2.631111025582168440e+04 -5.215194680268989032e+03 9.961860748760464048e+02 5.561228440108311588e+02 1.341938083209331353e+03 -4.304916567621631884e+02 4.213094467389594797e+02 1.276632886864748002e+02 1.716021576201648713e+03 -2.214880664581806684e+02 -6.278360627224361679e+02 -2.600806059232396024e+02 -5.757933517513069432e+01 -2.423856012809914375e+02 -3.644378215321171410e+01 -8.380023343760741454e+02 1.149647840141556259e+02 2.120631091592619487e+04
-1.672555945790873375e+04 1.156694665208100923e+04 -2.229264953516272726e+03 7.151377029730407230e+04 -7.914937366159971134e+03 -3.046357913050453135e+03 -7.405979812951562735e+02 1.507199085507541167e+04 -8.160824011892183307e+02 4.994614539756279555e+03 -7.410512844892050452e+03 8.137525687794784972e+03 -4.686210639446563277e+02 1.721796367185011832e+03 -4.158555738452148034e+03 4.332566451937394049e+03 -5.093769008242617929e+03 1.657052136898100798e+03 -4.252313251564024540e+03 7.100576364941235852e+02
3.746973160122688114e+03 2.652317954581521553e+04 2.346029159606683606e+04 -6.646511466511172330e+03 -4.183702214710055159e+03 -1.169805102144090512e+02 -7.641903516135503014e+04 4.097604150077601844e+03 1.974543662456344236e+03 7.117420238977972986e+03 -1.312492838026995014e+04 -3.537538239449903813e+03 1.718887399583472870e+02 1.194608219258948338e+03 -1.170364369711317778e+02 5.174013177668914977e+03 3.447529355432905959e+03 8.582267939536390031e+02 -1.714933119850374169e+03 -9.714949353375645842e+02
-2.552063338020901210e+04 5.266279216575570899e+04 -2.798404738394104243e+03 -9.948871681761525906e+03 -1.280570534625124083e+03 2.184567976733212902e+02 -9.425473741267582227e+03 -2.449311225732770254e+03 4.331486271476983347e+02 -1.272907661827674843e+02 2.522037624845926530e+03 2.613600247286609374e+03 1.798483709463504567e+02 1.627003067563764716e+03 -1.318613796649849974e+03 8.569636621335417885e+02 -5.951825978806002695e+02 -5.900425383519979050e+02 1.224337252121636652e+02 6.810752191968031184e+02
-2.250653055077859972e+04 8.373390010604467534e+03 -4.439414535646244985e+03 4.572729590010458196e+04 -4.940747020676953980e+03 -4.214851070191111830e+03 -7.593050407789867222e+02 5.378166784840395849e+03 3.358812724112909564e+03 -1.479631651003781599e+03 1.520784699306505217e+03 -8.549230393235999145e+03 -6.028461370316198327e+02 2.078703314586029137e+03 -2.155770016736881189e+03 -3.018082208301644300e+02 1.495319915684540319e+03 -1.072793432617476583e+03 -6.355001632830895630e+01 4.339222082405891001e+02
-6.002113017986519844e+04 7.926670056886121529e+03 -1.878305286837801759e+04 3.457014521257548040e+04 -3.033299777136762259e+03 -3.079664197709731070e+03 -1.444629626250244655e+03 1.421275046484895938e+04 5.407431626283047081e+03 -3.874194855634844316e+03 5.377424526403410709e+03 -1.182623395426199568e+04 -7.765977956120017325e+02 3.371364040755484893e+03 -2.958502649812170603e+03 -1.361104073103065502e+03 3.314998175672914385e+03 -1.565122885316880001e+03 5.937291765720764261e+02 1.011297894841049128e+03
-3.861307417393719334e+03 1.348830575066620986e+04 2.027984068666617168e+04 -2.626151810185799150e+03 -8.137898828523282191e+02 -2.660499932139330781e+02 3.026041048190713809e+03 1.771430737490157298e+03 7.956451707375722435e+02 1.097153727212313242e+03 -2.755599209887326651e+03 -7.704820573369497652e+02 -1.312909909035952616e+01 8.082530257363523560e+02 -7.393966064549359771e+02 4.693284369180667603e+00 2.239939072568756728e+02 5.044800927378322086e+01 3.418540864776498722e+01 7.246508817774173394e+01
-3.885188543786621449e+04 3.614554735393064038e+04 -1.928431437533532880e+04 -1.280410324934098298e+02 3.362278403425074885e+03 1.755579447067759975e+04 -2.080799369136946098e+03 1.022364857648575708e+04 -6.862281947477857466e+04 -2.563567161726557606e+04 -1.514341436542061820e+04 -5.569973965455727011e+03 1.649428191045172753e+03 -1.870035693211021498e+04 -2.507868034628782698e+04 7.861500935109967259e+02 1.263293472028774886e+03 -7.942321736600966915e+02 3.267838858233412793e+03 -7.707681745238853637e+02
-2.188720638574317854e+04 1.059241400413203155e+04 2.038235173054235929e+04 1.070193685679010059e+03 2.980372296831243375e+02 5.426398347164041297e+03 9.807530587024212991e+02 1.513648240063977391e+04 -3.310712545823998516e+04 6.404356264205570369e+03 6.070649570346965447e+03 2.212927586896739012e+04 2.720696677117902254e+03 -7.061930946635433065e+04 -1.077249770298189105e+04 -2.974411617955129623e+04 3.031431920450130565e+04 8.639082772654804285e+04 2.669608991490132175e+05 4.358330732482955341e+02
-1.298216467137923246e+04 8.367590101748601228e+03 -5.353985689876001288e+02 4.460217358171976230e+04 -5.076380696629113118e+03 -3.675211369053211001e+03 -3.630453929141781373e+02 4.097239071280140706e+03 1.486889414805455999e+03 8.372037504450642018e+02 -2.296979570433303252e+03 -1.347510624524731384e+03 3.362263306167649262e+02 1.436473924810593644e+03 -1.348314276443605650e+03 2.114276117675029127e+03 -2.479266188246524962e+03 -1.291525769732601020e+03 -3.169020455703529251e+02 1.831921081851187694e+02
-4.631859909275572863e+04 6.040882833109390776e+04 -8.508263331488693439e+03 2.047478353739002159e+03 -3.072805918113673215e+03 -3.808148832989562607e+02 -4.236838308095379034e+04 7.308166685317263727e+03 2.291546854290264037e+03 4.631589505539067432e+03 -8.589934664310107109e+03 -3.552721867820972420e+03 1.391573105178192122e+02 5.422445958509106276e+02 -1.105928134148902444e+02 1.604669489539706092e+03 -1.483575123568890604e+03 -1.555016050350548085e+03 3.755069906206614405e+02 1.937858859658249685e+03
-4.140985007607437728e+04 3.578637604821207788e+04 -2.446633808414151645e+04 -2.333260933340389329e+03 2.607783802910891154e+03 1.273529798957117009e+03 1.263595057168875201e+03 2.326372915013752845e+03 -3.135038504411276517e+04 -4.008934316372132889e+04 -1.652964872025600198e+04 -4.561929286535963911e+03 1.994875311066967470e+03 2.909601560404515112e+03 2.071226853358359222e+03 -1.808932389963789547e+03 -3.177503663770178264e+03 -3.070629019740777039e+02 -1.124444537913430850e+03 -1.874979410894962484e+03
-1.796564183407655582e+04 1.416536463670041485e+04 9.573164648238634982e+03 5.271567534849916228e+03 -5.911500651686018273e+02 1.008822259990533894e+02 3.239996251780797593e+03 6.674103169258969501e+03 -1.769927287507920710e+03 1.205961761533652634e+03 1.323473009105641268e+03 1.499482221025775743e+02 -2.443610763422934542e+04 -2.893628392368377718e+03 1.219406926536243554e+04 -1.700304116570880797e+04 2.419280560340997545e+04 -5.141848025089806470e+04 -7.727279143571268833e+03 -1.330974776082315657e+04
-5.726304095857911307e+03 1.620971534002878252e+04 2.621034470417182092e+04 1.204379720888790143e+04 6.407777055723188823e+03 1.334669791286747495e+05 2.187770393385625084e+03 8.970211307833764295e+03 -7.793276599763768900e+04 6.810129688351377263e+04 2.767316458415528905e+04 -2.994492234104562885e+04 9.234909528212538135e+02 8.006290204375464236e+04 7.452320936439004436e+04 -1.502544521502296675e+02 1.491890016341465980e+03 -6.540517421803396246e+03 -9.300655700735203936e+03 4.568623071799310651e+02
1.031607709550790787e+04 1.695791309167053669e+03 2.421075736936446901e+03 5.838817039690119373e+02 -1.373612505210290067e+02 -1.354636109774947954e+02 -9.944426194998477513e+02 1.197961848483014649e+02 -2.193944185506489397e+00 1.267124445665104737e+01 -1.717132024044678928e+02 -1.405112968619054925e+02 -1.102783613615083880e+01 -4.767779937938200874e+02 3.444076029370739320e+02 -9.525220668969333815e+01 5.990467216269648532e+01 8.803803059754416438e+01 1.350022256744419451e+02 -1.219283492303092231e+02
-7.830334199509679820e+03 1.224844625405690385e+04 1.646294913032019394e+04 1.586456251637011155e+04 -4.066593432598971049e+03 -2.759278013785967687e+03 -5.610372677091529113e+03 -2.474924602473613049e+04 -4.025417109491076644e+03 -1.591819315982865646e+03 3.415848445065058058e+03 4.192676579930007392e+03 1.365893037370142338e+02 -9.521675486101624983e+02 1.415453418261630759e+03 -7.056972696588341023e+02 9.452023238660690367e+02 8.302047169825904405e+00 4.679065745000448260e+02 3.307607991275825498e+03
-2.122692716362512874e+04 1.476190747271425607e+04 1.549860722941628410e+04 1.057739932321500601e+04 -1.953214673552329032e+03 -1.412661275354165809e+03 -6.995161697021925420e+02 5.431705009012387563e+03 1.346748630564198038e+03 -8.852388507339916032e+03 1.712708709314614316e+04 -2.080938842886363545e+03 -5.931184668605345678e+02 7.280602741732782306e+02 -1.069718521979794332e+03 -2.071688936259053662e+03 1.569176449709039616e+03 -2.879832109950130530e+02 7.922571532481609893e+02 -7.158770186501392345e+02
-5.546119298651985446e+04 3.804472669580615911e+04 -3.275563738231145180e+04 1.625516144212416293e+04 -7.987058034341426946e+02 -1.416083918428052584e+03 9.379621780746410309e+01 7.096371587050633934e+03 4.055630058253591869e+03 -2.334524437464613129e+03 6.265412748652393020e+03 -9.276827293513179029e+03 -1.143420311903015772e+03 1.063000791825436181e+03 -1.496643316399691685e+03 -2.072633125466175898e+03 3.644683421991551768e+03 -7.076062114956390587e+02 6.102212604987062150e+02 1.081607420375244857e+02
-1.641608874086479773e+04 1.781503969921320095e+04 3.391932557508655736e+04 3.004647648016687162e+04 2.499917312753506121e+05 -6.692097632385707584e+03 -5.099177230338959816e+03 -4.633045393007048915e+03 3.300533643941048922e+03 2.482476980786641889e+03 7.369656543700303928e+02 1.217177745181498040e+03 7.091833332843809785e+02 1.185158462462909029e+03 1.749086552626279172e+02 3.980901744452095841e+02 -4.526640136990729957e+02 5.478677905212877874e+01 -1.976800365014091767e+03 1.416439360140808503e+02
-4.149511270121067355e+03 1.844580768525653184e+04 2.645249790325879076e+04 -2.931995572323325632e+03 -1.691788477809119058e+03 -5.380328901522278784e+02 -1.965198853303900933e+03 4.804290394512822360e+00 4.731432090278508440e+02 -1.392712288878801019e+03 2.612322626159371794e+03 1.716057847239095963e+03 1.545926720539009693e+02 1.530326797495862593e+03 -1.045566056193338000e+03 3.398022694087750892e+02 7.683142655680889277e+00 -2.153868018233966382e+02 3.170775500586948397e+02 3.756218192659496253e+02
-4.497560914768552902e+04 -1.201604209123886358e+04 5.309826484159040774e+03 1.043054283205260191e+02 -3.748424338867728238e+02 1.119628517855333882e+02 -1.248291171715571863e+02 3.567363206870639260e+03 2.175775992060211763e+02 -4.081280349976337902e+02 6.180110491064101552e+02 -4.960572751337494083e+03 -8.285484604035052598e+02 -1.363918249631086110e+04 1.185007122673222693e+04 3.586646625777938880e+03 -5.047427174203558025e+02 8.135508620338127628e+01 9.193478737572452246e+02 8.169647232449573266e+02
-3.974917303996800911e+04 2.992474114119260776e+04 7.071599825384917494e+04 2.119786576615697704e+05 2.921329843516815163e+04 2.260459814969441388e+06 -1.914860276708381571e+04 -1.197141876558182703e+05 3.777748173153723474e+05 -2.296517968083749874e+05 -1.297108764629842626e+05 6.304044928217919369e+04 5.534690031535938942e+03 -1.422523746465898002e+05 -6.509183787714028585e+04 -5.075145329514676996e+04 9.022648044844013930e+04 -1.260102463768135494e+05 5.543411406090674427e+04 7.031130045779574175e+03
-2.081491529800353601e+04 2.536192500879427098e+04 4.180535227300408224e+03 1.058841491485599727e+04 -6.083650581761662579e+02 5.134653224016008153e+02 3.229287961229107623e+03 2.940504650858149762e+04 -2.199605304515414900e+04 -7.173503918167863958e+03 -3.149502502192467364e+04 1.129996622069243313e+05 2.546375768909037652e+04 -1.242796357310104941e+04 5.068274152195959323e+04 -5.148634246487871133e+04 6.603048786401413963e+04 2.013479243543765915e+04 4.224748431478847124e+03 -4.690543400010044934e+03
-2.079872154026664066e+04 2.301262177311371488e+04 2.781233708410477993e+04 5.280752192131114862e+04 1.898121831730266422e+04 3.945801167727387510e+05 -8.629316190962386827e+03 4.870682226124389854e+04 -4.489198651543679298e+05 2.664641288210290950e+05 1.004053454014450544e+05 -1.278585670325097308e+05 8.105133357099221939e+03 2.505880785946081160e+05 1.227242857358850306e+05 -2.785124923055542240e+04 2.327273734393592531e+04 6.953022560114209773e+04 5.475016851465109503e+05 2.539773012891562030e+04
-1.369040345882621659e+04 3.120594007878114098e+03 -1.385887475126264462e+03 1.175210594079696784e+04 -7.743116666322671335e+02 -1.357903941185244321e+03 -8.752295396939065313e+02 4.036718088921748404e+03 3.632178292033510388e+03 -6.786009531532689834e+03 1.154567152629490920e+04 -2.695538082587065946e+04 -4.875741294175187249e+03 -2.898253483194549972e+03 -1.533084114818770104e+03 -2.706808631776786569e+04 4.167927632950596308e+04 2.357865603083511451e+04 -4.015923627872579800e+03 -2.679920956520083109e+03
-8.215134295766303694e+03 2.415720014459504455e+04 1.717502729388609441e+04 -4.572319675685613220e+03 -8.423215533871550633e+02 -1.053494149252407652e+02 -1.950340291957112868e+03 2.151771514431437481e+03 8.142032883683501723e+02 1.501231488469200031e+03 -3.412389597491102450e+03 -2.387740453676521497e+02 1.186833682001685020e+02 8.380088398568165076e+02 -6.223437135086491026e+02 1.461237700979412182e+02 1.436792101917736488e+02 8.078575317895032981e+01 4.963724258289887104e+01 1.004451757418413251e+02
-3.885754238286243344e+04 3.844015346544401837e+04 -1.820402894868576914e+04 3.710542575426932217e+03 6.524432475835754303e+04 -3.876395604497002978e+02 -1.671777369203816988e+03 1.056917082525432761e+03 -3.129947152805522273e+04 -4.010621162932413426e+04 -1.809691994047061235e+04 -3.857216842723535137e+03 2.063647862063735374e+03 3.857529202163734226e+03 1.467494285133613403e+03 2.206912003982021815e+03 -3.207175426645683274e+02 -2.984997100814321129e+02 -3.287676974585270955e+02 -1.296538244802725330e+03
-3.541317990054127222e+03 1.239833579663694036e+04 1.936577362995381918e+04 -2.089594792382225933e+03 -9.813427116907689651e+02 -3.540036198218074333e+02 3.273313651127757566e+03 4.781482506394342522e+02 5.340968148633991177e+02 1.212904918495823203e+01 -4.056154278093364951e+02 2.416363616812582507e+02 5.109683939584521539e+01 1.246427164330514870e+03 -9.509959395231688859e+02 7.213585234483991826e+01 1.626048665843275671e+02 2.429385301516076723e+01 7.339282326525345290e+00 1.966039776121978093e+02
-2.516306191507626500e+04 3.364928701971432019e+04 5.667608663591430377e+04 1.296082849828257895e+05 1.094596507402368479e+04 1.079277343748195330e+06 2.750287945664146264e+03 -1.290779368621389494e+03 -9.959438614885778225e+04 9.455989907412628236e+04 5.322351473900812562e+04 -3.405441091477330338e+04 9.263244357733774450e+02 1.343422361497482925e+05 9.680323863228665141e+04 2.099348346707683049e+03 -1.244385628095963148e+04 3.837286509402664251e+03 -6.291952391668854398e+04 -5.169012551376621559e+03
-2.802458626066882789e+04 3.304375225238701387e+04 -2.637000247589397077e+03 6.694287216682219878e+03 1.281919315283491778e+04 4.742765619174312451e+04 -4.517371813738004676e+03 2.149935099061300207e+04 -1.514483754885153903e+05 9.627024056293175818e+03 -1.043635939214346581e+04 -1.286087809414803269e+04 4.185172696944751806e+03 -5.698415417075367441e+04 -9.714230690129155118e+04 -1.103378868648617390e+04 1.581568354226110387e+04 2.779414528902728853e+04 2.146817080607790558e+05 6.440494736292537709e+03
-1.565111822506011049e+04 2.048667036234676925e+04 3.396677851449736045e+04 2.398550051632946634e+04 1.408213290311832679e+04 1.836175292621102417e+05 -1.704268109117535232e+03 3.491513027222832898e+04 -1.615029954930181266e+05 1.151685675039693451e+05 5.206802212307549780e+04 -7.379682704931292392e+04 -6.919087457710166746e+03 -8.549426763691930682e+04 1.905267469036896655e+05 7.532553606116860465e+04 -2.666221582010769998e+04 1.253163045331532157e+04 -3.154822544632164863e+04 2.506338009007180517e+04
-4.728824940603465075e+04 -1.430966043195198836e+04 1.873231300495087225e+03 -9.301749862709277750e+02 -5.971836265009381250e+00 3.269321570387313045e+02 -3.518141723939900658e+03 3.464094542000722413e+03 -1.028552514995207275e+04 -1.527063952559631798e+04 -9.245584360149419808e+03 -5.389705270277638192e+03 3.213888460680867070e+02 3.140056888332243034e+03 4.968948099168416775e+03 1.693915729826573624e+03 1.837452250509891655e+03 -7.927914754486521360e+02 1.214907964505210657e+03 -3.445662742028666344e+03
-1.708636728398345076e+04 2.835189174431263746e+04 6.586308687313713563e+03 -4.901950806097448549e+03 1.834501097847515211e+03 1.047673046542375914e+03 1.521118082522548093e+03 3.529827770442486781e+03 -3.096794889893596701e+04 -4.028766569875828282e+04 -1.560307267959708588e+04 -2.689018817350478457e+03 2.364681543432397575e+03 4.393882550741889645e+03 7.508663857060430473e+02 2.230344054615501136e+03 -6.242688887996139329e+02 -4.744686105552486310e+02 -7.202272152496884701e+02 -1.552508230545669676e+03
-4.505166912983876273e+02 9.927064709251848399e+03 1.473107656096849314e+04 1.429233919412014438e+04 -3.839732693914595075e+03 -2.586850009058387514e+03 -2.436174902586922599e+03 -2.532314681295828632e+04 -4.042635545100079071e+03 -8.326831438923805990e+02 1.933585594807948382e+03 3.989844209746317574e+03 1.040906839844131895e+02 -5.873200230680712366e+02 1.078567624069549083e+03 -7.343967873698035191e+02 1.098695094135714498e+03 1.101429668424828634e+02 2.762822894911449794e+02 3.356749297234452570e+03
-1.906516096674883011e+04 5.930519505911287524e+03 7.945896595341411057e+02 1.751774110610458956e+04 -2.165147631656645899e+03 -2.010009073737778863e+03 8.885922399014325492e+02 -2.600797080433909741e+03 1.214265803452061164e+03 -5.789690569925977570e+02 1.204955884698944828e+03 -5.356130924346155552e+03 -6.947315709192780560e+02 3.588166712444143513e+02 -7.753706176279513329e+02 -1.252317570162012544e+03 2.268265253771651260e+03 8.813715488365710371e+01 -3.950025229134917737e+01 -3.812021767663164837e+02
-3.995088320666758955e+04 4.425292024077457609e+04 -2.883608259626923609e+04 6.026533150892546109e+04 -5.771149066550095085e+03 -6.843465992044424411e+02 7.872461528006989511e+02 3.360548515719162242e+04 -2.890398534262284102e+03 7.453282589525808362e+03 -1.330905484586546481e+04 4.324759568421048607e+04 6.938820782236275591e+03 1.094123574484129222e+03 6.039954567473516363e+03 8.011413970632686414e+02 -2.966889359324731231e+03 1.025563786749711653e+04 -1.326280493862257345e+03 1.888096046015086813e+02
-2.101465876810799818e+04 1.530574412586411927e+04 1.982026308689221332e+04 3.362792092971572129e+04 3.484845421119841376e+03 3.736287218476806447e+04 -2.128832330311330679e+03 3.917655991018937493e+04 -1.180115971557263256e+05 6.021769523646639573e+04 1.922580199055461708e+04 2.185379444157803300e+04 -2.720982640799286401e+03 -1.004243633336112107e+05 -1.044194413167253952e+05 1.019398548601684161e+04 -1.504205041595665898e+04 1.658114630841703911e+04 -6.763237813893734710e+04 -1.768268112441008043e+03
-1.583241587242538299e+04 1.129844018676274027e+04 9.066242093662778643e+03 2.350753123655060335e+04 -4.190441994994694141e+03 -3.391954016362205039e+03 -3.118268048254829409e+03 -2.010256969730039782e+04 -1.744327241230991604e+03 -2.546287831697937690e+03 4.593629234553404785e+03 -3.948360209774415580e+03 -1.044818177894862629e+03 -1.881582295069694908e+02 8.707529975823514690e+01 -3.189271379207987593e+03 5.089999225118261165e+03 5.440368636821719974e+02 2.790465139420854825e+02 3.421001941849972809e+03
-1.966433533109201744e+04 1.187530447374597316e+04 1.117448273776254609e+04 1.019742274505777459e+04 -1.227629696183738815e+03 -4.793368312720257336e+02 8.058275227983024251e+02 7.305215589448247556e+03 1.786573012374429936e+03 -1.959798793550229448e+03 2.891465618090961925e+03 -8.946577963727038878e+03 -1.329501700477025224e+03 -1.396940679910471590e+04 1.161839394241745322e+04 2.615767502334288565e+03 8.287137390010036597e+02 -1.053865422106754295e+02 1.393882839789133186e+03 4.540284498943097446e+02
-3.524441425842699391e+04 1.178637168715062398e+04 1.445507316343285493e+04 9.359982800882291485e+03 6.119413399034776830e+02 1.304539132590885492e+04 2.595996027179665361e+03 3.831054843540570437e+04 -4.155330466308815085e+04 1.914664494520594235e+04 -2.673154172047446264e+04 1.314564334532577195e+05 3.070207882282851642e+04 -3.772814138030936738e+04 6.163505172778565611e+04 -9.765686909562135406e+04 1.384372998719698226e+05 -9.459192757047679333e+04 -1.584150550664951152e+04 -5.557602230400664666e+03
-1.488915963390242723e+04 1.137535261756129512e+04 1.459174984784103253e+04 7.034224336335971657e+02 -6.749701258928995458e+02 -4.924875726515023899e+01 -7.987909836143640860e+03 4.644678221852004754e+03 -9.721621383979860184e+03 -1.413865120908413519e+04 -1.029853329996143293e+04 -7.374096513938691714e+03 4.067478568127256153e+02 2.544321924037175904e+03 5.879157828334644364e+03 1.109518519571257684e+03 2.452420909806151940e+03 -7.796753550523269496e+02 -6.109673248811576514e+02 -4.620630889546130675e+03
-2.412647635451165479e+04 2.316714950992390004e+04 2.333352254694063231e+04 4.790332916607971129e+04 1.221375562485431874e+04 2.916460506110698916e+05 -4.502457203066738657e+03 3.609907012343542738e+04 -2.351274249901232542e+05 1.014916618438192818e+05 3.013721942247718107e+04 -2.553406377066424830e+04 3.747520604304990229e+03 -1.419921146159151795e+04 -6.994669837901096616e+04 -1.712184528847148613e+04 2.070202258184581297e+04 1.515925748492997445e+04 1.959357223691292747e+05 5.995614014622840841e+03
-4.012615681220788701e+03 1.643422850709521299e+04 2.380657871261281252e+04 -3.054358594954474029e+03 -1.232191242618093611e+03 -3.615709072255907586e+02 2.309708495464915927e+02 1.461979217941169054e+03 7.549439801506664480e+02 3.621436457732800136e+02 -1.168456481451594300e+03 1.537447340761342929e+01 4.303293792727461664e+01 9.963098714347084979e+02 -8.124422629629330004e+02 1.499600563952192829e+02 1.447299084790471113e+02 -7.465596449456390360e+01 1.859830452633036657e+02 1.758178788614219741e+02
-4.679555480237453594e+04 -1.319819545387785729e+04 3.039914368080512759e+03 2.117922231649774005e+02 -3.772294281018632773e+02 -1.569602002822489624e+02 -6.157507190990491836e+03 4.849860048640042805e+03 2.004639661256798036e+03 -6.997327014623574541e+02 -6.483418979386170804e+02 -1.144119289741541797e+04 -1.359687579684199818e+03 -2.744678235223800584e+03 8.931645742887328652e+02 -8.495761313273958876e+03 1.240192303712356261e+04 5.343659920918160424e+03 1.915748363930472351e+03 1.021065990864486537e+02
-3.771812195284562040e+04 4.232556715922048170e+04 -2.856420222319940513e+04 3.633325655998787988e+04 -3.243993992409451039e+03 -2.563480870260202209e+03 9.165074023921454227e+02 2.335942630969299717e+04 1.690126530413263936e+03 1.262135081661320100e+03 -6.187944014152375530e+03 2.845338314643862395e+04 7.932513466631743540e+03 1.974563217708194315e+03 8.962588775968590198e+03 -2.053361062304528332e+03 8.025459880488283488e+02 6.121547056911427717e+03 3.557139491791314867e+03 1.849530816589469850e+02
-4.319488219543803280e+04 6.242898185686151555e+04 -2.814625898710912952e+04 1.023536748487168079e+05 -1.055835917226787569e+04 1.252674907145240468e+04 7.640337030690906431e+03 1.286150684878382017e+05 -4.581929676430006657e+04 6.699828528121227282e+04 -9.706870537884772057e+04 3.569976381445627194e+05 5.658024740362143348e+04 -3.579412319912680687e+04 7.724263761223779738e+02 1.728781271775501227e+04 -5.843533120013753069e+04 4.947576003282786696e+05 -2.498909080253474167e+04 4.660401905915700627e+04
-8.119251944263882251e+03 1.324405684181593097e+04 2.065209210941860147e+04 6.837215754493987561e+02 -1.061813426449277586e+03 -4.459421754927471397e+02 9.457522752429609909e+02 2.325637243104691152e+03 -3.965308962585688732e+02 -5.638051206274260949e+03 1.112923980594747263e+04 2.753605870151741328e+03 1.527468033686323565e+02 -4.668656883031312077e+02 6.284705983575552324e+01 -3.751885087293549645e+02 -1.373478067875816350e+03 -3.162290643260006391e+02 6.221266888783111426e+02 -1.060540753856348829e+03
