2.099516953713400653e+04 -3.093364704694577085e+03 -3.395692535204427259e+03 -4.312914836620520873e+02 1.632688026197752720e+02 9.576812257691354091e+01 -9.449600280651341677e+01 2.137859068282538431e+02 5.141685828031418382e+00 -4.420235061702754109e+01 1.123771369403966247e+02 4.006630320107286991e+01 4.025076644560061645e+00 8.525736949665249753e+00 -8.427321812719334559e+00 8.718392554902449021e+00 -3.282690032475997555e+01 -2.476360741192647552e+01 5.119356131717524683e+00 1.808562464475250930e+00
-4.991934288669271336e+04 -1.533857421202330443e+04 3.635738012804401933e+02 -1.077850997883856053e+03 -7.647128113331282862e+01 5.592284594003135112e+01 -3.881585232133575118e+02 -3.389819328786226293e+01 2.830611149420170136e+02 3.858956202284318238e+02 -1.366384576026371356e+01 2.455079128725690509e+02 5.382027580809518241e+01 1.091652415467015373e+02 -7.632829203414758013e+01 9.259539415577442867e+01 1.911922195328820351e+01 9.735566536056185782e+01 -1.264386235621117116e+01 -6.656909176367920509e+02
-3.450877433030867451e+03 1.534947336678884494e+04 2.231347122426263377e+04 -3.090241096742794070e+03 -9.739737856942153940e+02 -2.724029783039134145e+02 1.455290467204180686e+03 2.209434791719199893e+03 9.024776708674261272e+02 1.243929503690483671e+03 -3.063041197274165825e+03 -8.266396379579676932e+02 -1.065452067322146235e+01 7.378073643319114581e+02 -6.990806963512740140e+02 6.280043685712939805e+01 2.085585960287175169e+02 -5.596154925812009573e+00 1.128596584118785984e+02 7.061088469921129729e+01
-4.260948431411077036e+04 3.583855509581115621e+04 -2.622797651666525417e+04 -5.116649880567122636e+03 9.131961599864265509e+02 4.989456331225946428e+02 1.728144262842204625e+03 -2.218498231378158835e+03 3.045779122336502951e+02 8.541935419314213505e+02 1.106450894734567100e+03 -7.796438708707576382e+01 -1.458836760046524148e+02 -5.319505716565829516e+02 9.963067892269387826e+00 1.461385001137608413e+02 -3.419524236107096726e+02 -6.901205402121807708e+01 -1.414862374861591547e+02 -7.898995258054787882e+02
-1.584782769917605947e+04 1.073324169741041624e+04 -1.780519461613162321e+03 6.459002471059016534e+04 -7.186814639469073882e+03 -3.174693210491474019e+03 -6.389928202080943720e+02 1.228316010080515480e+04 -2.658716502528484966e+02 3.962849092577182546e+03 -6.123566509295891592e+03 5.725815308640265357e+03 -3.038899882691568450e+02 1.639542303006181555e+03 -3.488582791688614634e+03 3.725727886147785739e+03 -4.352871823399407731e+03 9.866896040961412382e+02 -3.320498271146021125e+03 5.901946943274965633e+02
-1.645088875616123187e+04 1.704819727580363542e+04 3.137438465052452011e+04 2.650163202453150734e+04 2.155912381405302731e+05 -5.994673772856852338e+03 -4.368367216336891943e+03 -3.534770514861029824e+03 2.891902352879015780e+03 1.601339258990943790e+03 5.326794161989337226e+02 8.699061824954994790e+02 5.239976712826309040e+02 8.921392047872391231e+02 2.044054693286300335e+02 2.991703484916633897e+02 -3.483368298310521709e+02 1.384741751926782705e+01 -1.312664990203306616e+03 9.199530766916601010e+01
-2.605231454820262661e+04 3.566886884823646687e+04 5.905854938254484296e+04 1.347391040138573735e+05 1.136520563196496732e+04 1.130323646093223710e+06 4.165495551966652783e+03 -3.368834410668226610e+03 -9.062796656558099494e+04 8.720530917271645740e+04 5.292304836555001384e+04 -3.207726093508242047e+04 8.700105956203092319e+02 1.315508156749338377e+05 9.335241916944293189e+04 3.352556602780744925e+03 -1.490117416068755847e+04 6.393988386506651295e+03 -7.068953306516431621e+04 -6.061800278335680559e+03
-4.189123067531681954e+03 1.135574123120178047e+04 1.596359066008338596e+04 1.503655334737139674e+04 -4.002013467033170855e+03 -2.686601239638353036e+03 -4.285538074919919382e+03 -2.516419059049390125e+04 -4.062588666922494667e+03 -1.371965342574106444e+03 3.019335525232797409e+03 4.255168081847368740e+03 1.299538415994475429e+02 -7.347423429709651828e+02 1.234020879938182361e+03 -7.021432023584416129e+02 1.008096309344206588e+03 4.819381809972241371e+01 3.864818314848399154e+02 3.349064861047527756e+03
-4.215156414433610735e+03 3.734617319830750148e+03 6.105031300083055612e+03 8.685610365227379589e+03 -1.810896195709023914e+03 -1.332675716709958579e+03 1.775949862347739781e+03 -8.859609339663791616e+03 -7.119606829144415769e+02 1.518777493566376961e+03 -2.101343881284497911e+03 3.549823267853353315e+01 -7.281643553017810966e+00 -2.531967530015055274e+02 1.446550884133918942e+02 1.748220530737603085e+01 -2.370888072169956562e+00 1.559434901778317624e+02 -8.402444051807660230e+01 -1.133023797018930054e+03
-2.491505851113420795e+04 4.969971912866019557e+04 -8.795935727625686923e+03 -1.027166599632900761e+04 -3.513203724258845000e+02 5.652150029583610831e+02 -6.417587641106816591e+03 1.591310171794118276e+02 9.412618162396985326e+02 3.147186559674240925e+03 -4.467974257340200893e+03 -4.463276031516081161e+02 -9.545453686358587930e+00 7.445102066471952185e+02 -9.347908954578169869e+02 5.726162451480092841e+02 -3.729208347482991712e+02 -3.453171767704001240e+02 -1.519585076486909827e+02 3.369182089098023880e+02
-3.390361032988087391e+04 7.461490853905177210e+04 1.565464070198635163e+05 6.688038500037605409e+05 9.269461209923577553e+04 7.429178814210163429e+06 -7.226347487304396054e+04 -6.452495208701075753e+05 2.697222315995696001e+06 -1.839428319571936736e+06 -9.099011106334049255e+05 4.952719504703676794e+05 -1.449154183666315657e+04 -1.352397542225514771e+06 -1.006791201424730825e+06 1.677897437323605482e+04 5.029670213864884863e+04 3.157114726211919697e+04 3.748489633779013529e+05 3.634773474928404903e+04
-8.267436541428936835e+03 1.211823667876854233e+04 1.944644895079255002e+04 6.644120600343420620e+02 -9.864885846320686369e+02 -4.437167368779020649e+02 1.472127147147030655e+03 1.992450235629786448e+03 -3.645898555585493455e+02 -5.738307643903105600e+03 1.119400887512475128e+04 2.763543705794304969e+03 1.487451382457969942e+02 -3.354077138380944234e+02 1.753044801542921789e+02 -4.327875723726553474e+02 -1.323029856813547667e+03 -2.961826556924856391e+02 6.534963195758019765e+02 -1.058057852422835140e+03
5.747063440622777307e+03 2.185312949627883427e+04 2.372849248378452103e+04 -3.798078870120813008e+03 -3.954358579593468221e+03 -6.206110288802964305e+02 -5.886669481767751859e+04 -2.493715470788028199e+02 1.004147501196594135e+03 1.458476651948773224e+03 -1.633003268895889960e+03 1.061341858870144733e+03 3.871210853989773568e+02 1.979581048206023752e+03 -4.210481275019578788e+02 5.162571038160871467e+03 3.204989195720286261e+03 5.590713817201885831e+02 -1.000544483447467655e+03 -4.888333901614162755e+02
-1.303952324763204706e+04 8.469993133643523834e+03 -5.540978246599245267e+02 4.544439670052354631e+04 -5.167533332326244818e+03 -3.647373068151658117e+03 -3.712552969521446471e+02 4.438759506646479167e+03 1.394810145272716227e+03 9.910546835797538279e+02 -2.491827948794154963e+03 -9.884576203455486620e+02 3.132594352152044621e+02 1.439490924222828653e+03 -1.436999902499336258e+03 2.199028271506338569e+03 -2.585107297117932831e+03 -1.189947489980057298e+03 -4.524515859036795291e+02 1.996098612291239363e+02
-5.546119298651985446e+04 3.804472669580615911e+04 -3.275563738231145180e+04 1.625516144212416293e+04 -7.987058034341428083e+02 -1.416083918428052584e+03 9.379621780746410309e+01 7.096371587050633934e+03 4.055630058253591869e+03 -2.334524437464613129e+03 6.265412748652393020e+03 -9.276827293513179029e+03 -1.143420311903015772e+03 1.063000791825436181e+03 -1.496643316399691912e+03 -2.072633125466175898e+03 3.644683421991551768e+03 -7.076062114956390587e+02 6.102212604987062150e+02 1.081607420375244857e+02
-1.975279732357382090e+04 1.188896676397127703e+04 1.111619161521476053e+04 1.026547776009726113e+04 -1.230277706200320836e+03 -4.889341961081767636e+02 8.468010766779689220e+02 7.342521935907757324e+03 1.804033169218152352e+03 -1.973082836182892834e+03 2.919771365860565766e+03 -9.017182091690283414e+03 -1.342837847044488171e+03 -1.396346573268299653e+04 1.160959129600610140e+04 2.582753342512626659e+03 8.747951525559018364e+02 -7.818023262406876484e+01 1.366325193159148967e+03 4.422388689908414108e+02
-3.437694586748853180e+04 4.363935132112446445e+04 -1.058773209746131943e+04 3.759636389478600904e+04 -3.302473007203103407e+03 5.203090023757314384e+02 3.528001198580455821e+03 5.042707398958568956e+04 -1.763883332873939071e+04 6.285165184307043091e+03 -3.733013923886459816e+04 1.506654891795795993e+05 3.155786175545132210e+04 -1.263532975927212101e+04 5.799432393035825953e+04 -5.395504696814205818e+04 6.698289269311170210e+04 2.988614248480086462e+04 4.635650887536801747e+03 -4.033098752045394576e+03
-7.111197277660261534e+03 1.671613074717771451e+04 2.602109262061929621e+04 1.310054089593108984e+04 7.365534336439304752e+03 1.370746437451006495e+05 1.172620556274542423e+03 1.061552744165450349e+04 -8.422719176823231101e+04 7.104301355158184015e+04 2.854730283107776995e+04 -3.038438444722905115e+04 8.256222786621427758e+02 7.471807996751842438e+04 7.327942644449393265e+04 9.231895531006849751e+02 1.069634190199608156e+03 -5.937606871569456416e+03 -9.532356437714999629e+03 9.137684147351307047e+02
-4.604627741940413398e+04 -1.259906075228155714e+04 4.576054832466073094e+03 1.937791861520115390e+03 4.289908033490659705e+02 1.602205318481283030e+04 -3.010843108189032137e+03 8.336419234093518753e+03 -3.707189018879443756e+04 1.345619431214451288e+04 2.521004675497531935e+03 -1.771540826357301739e+03 -5.522307809826711491e+02 -2.169653438903723872e+04 -2.672028257042165569e+04 -1.423384993807663250e+03 1.885098753698848668e+03 -5.605461733229215042e+02 4.342865661380818892e+03 9.581481931211824303e+02
-3.937153958005670574e+04 9.400567375560967776e+03 2.847170868239002084e+04 -7.704187854615644937e+03 -4.774978464673319650e+03 6.019810164568499431e+02 -9.283654984462929133e+04 9.804378563949621821e+03 -1.180067871268931231e+04 -9.444628457886306933e+03 -3.087097540681488681e+04 -2.959314100704528755e+04 -1.036357618702884247e+04 -4.091347559392800758e+04 4.181658393500300735e+04 -5.402395853004803648e+05 -4.130519698641552241e+05 -2.224136468164363396e+04 -2.088010960122930919e+04 2.494672799212529571e+04
-4.142454675950141245e+04 3.523850570149484702e+04 -2.515506530893176750e+04 -4.466433699781152427e+03 3.209028064838178125e+03 1.699567357136364990e+03 1.763476369302904459e+03 4.092785316881571816e+03 -4.750326482840348763e+04 -6.440203181907714315e+04 -2.928720186911208657e+04 -7.725173647918447386e+03 3.226093495274218640e+03 8.890972319773058189e+03 5.042511881140104379e+03 6.726269444693120931e+03 6.023368736693598748e+02 -1.096511664455956407e+03 -5.759330611979780770e+03 -1.424599122030882427e+03
-4.679770990793898818e+04 1.215091367005377469e+04 -1.520415546602802351e+04 1.343445135677665530e+04 4.547817147043622867e+02 -1.254920919419478338e+02 -8.076833067681865259e+02 1.634449518992396224e+04 -9.798865599246739293e+03 -1.063435613024535269e+04 -9.655854007901918521e+03 4.640001193447296828e+04 -3.351305652708171983e+05 1.387256927966909097e+04 9.702717371192869905e+03 -1.708779389661585810e+02 1.221205099208779575e+04 -3.601216893248256838e+03 1.025727638613317686e+04 9.702828519210299874e+02
-3.770983126473466837e+04 5.487385780222576614e+03 1.397230955163091676e+04 2.078126879706950422e+04 7.888132223667610560e+03 5.041418500662119914e+04 -7.442846384545428009e+02 4.519229222614926402e+04 -1.758634299516984902e+05 8.380269460526382318e+04 2.220801421463676525e+04 2.007865925857896218e+04 1.205491776937907707e+04 -3.255078927226952510e+05 -2.339856602635043964e+05 -4.201601559623531066e+05 7.102285857723297086e+05 -2.104463607909047045e+06 -2.177633794808288221e+05 5.090580878107423814e+03
-9.045574359854303111e+03 2.509472781560664771e+03 6.052602049672834710e+02 8.564211321167174901e+03 -5.749691222825025534e+02 -1.042737895624301018e+03 -5.479558260491888859e+02 2.337874444150976615e+03 2.716819043223619246e+03 -5.838273971440328751e+03 9.895888114277093337e+03 -2.375673958914053947e+04 -4.361648984331934116e+03 -3.282483414749741769e+03 -9.360360308197102768e+02 -2.595746211705441601e+04 3.979367801747011981e+04 2.336766508746085674e+04 -3.981866910769649621e+03 -2.856470254596074483e+03
-1.088619993337641972e+04 1.317526386142097545e+04 2.117236603755645046e+04 4.041711014244255693e+03 -5.259441840792405856e+02 6.075108892591435506e+03 3.246665308080390787e+03 1.386471470263610536e+04 -1.657775357397400148e+04 1.271832615328547035e+04 8.999109552614088898e+03 -3.711002903894228075e+04 -5.679937055062570835e+03 -1.089361498368091707e+05 1.247252232001723023e+05 5.592142791276630305e+04 -1.657627994533282981e+04 7.314047632459643864e+03 -4.732871350326958236e+03 1.832988135824754863e+04
-2.373232634113857421e+04 2.545174517646177628e+04 3.145445566317757766e+04 5.969730220815590292e+04 4.837175127612522374e+03 9.214874778745055664e+04 -1.965769748217117240e+03 8.140936949441189063e+04 -2.641993632214410463e+05 1.407047412161123357e+05 6.379595859571190522e+04 4.619150342207749782e+04 -7.675535307237161760e+03 -2.252513094446283649e+05 -2.413851140647819266e+05 4.192379119557025115e+04 -6.441544747658091364e+04 7.681706582806195365e+04 -2.059616906220752280e+05 -7.920421285768095913e+03
-3.058256827098500708e+03 1.067803829208976094e+04 1.724679786178104041e+04 -2.019426775907672436e+03 -6.688049587102966598e+02 -2.514081998179605364e+02 4.906222153378808798e+03 1.238581403920586808e+03 6.765674774501103457e+02 9.832644053517258271e+02 -2.493064830615911887e+03 -7.127276803976050132e+02 -1.095546742861169953e+01 9.646516976634698040e+02 -8.287274264736495297e+02 -3.961466988877936757e+01 2.376125285722573324e+02 1.137495410212595317e+02 -9.059845105284863109e+01 7.931217866710878184e+01
-4.728824940603464347e+04 -1.430966043195198836e+04 1.873231300495086998e+03 -9.301749862709275476e+02 -5.971836265009383027e+00 3.269321570387311908e+02 -3.518141723939901567e+03 3.464094542000722413e+03 -1.028552514995207093e+04 -1.527063952559631798e+04 -9.245584360149421627e+03 -5.389705270277637283e+03 3.213888460680867070e+02 3.140056888332242579e+03 4.968948099168416775e+03 1.693915729826573852e+03 1.837452250509890973e+03 -7.927914754486522497e+02 1.214907964505210657e+03 -3.445662742028666798e+03
-4.332376167140884354e+04 4.873417784566304908e+04 -1.491819379816078981e+04 1.183625997982947010e+05 3.774330498322490166e+04 3.272267325405126940e+03 -6.657788197464812583e+03 1.238686921783806029e+05 -1.073264803249460820e+05 -3.239254324847713360e+04 -1.485637644755731453e+05 4.946661070626931614e+05 -2.562450987102032639e+06 7.993945496745551645e+04 8.424003479697836156e+04 3.541244295918357238e+04 9.498511284400306977e+03 -2.362886442389662261e+04 3.937337699184878875e+04 -6.968172246985540551e+04
-4.845963014898238907e+04 -1.541570544048269221e+04 9.484239234665997742e+01 -1.433326655135140527e+03 3.801555477882268264e+01 1.424529441474404337e+02 -7.656487647675451171e+02 1.711225375156304608e+03 3.725176719076168297e+02 -3.168186584693015106e+02 5.590535728672609821e+02 1.677176792397174552e+02 -4.114007897165317331e+02 3.639853548981849940e+02 -1.299490310205508479e+02 -2.736757961005951074e+02 2.945139405312567646e+02 -6.726279036900567689e+02 2.380974075089480664e+02 2.133488693548829178e+04
-4.041682704772891884e+04 3.790480861416200787e+04 -2.695958532765180280e+04 1.906615754994966483e+04 -1.255892572666806245e+03 -1.060734797819115101e+03 1.215485852177157994e+03 1.776780513156793677e+04 -5.714778355135887722e+01 1.361142969201207734e+03 -5.585714397539827587e+03 3.066150245850925785e+04 7.676294154338784210e+03 3.442297488822471792e+02 1.037962450487858769e+04 -3.177315815596893117e+03 1.893264721702516226e+03 7.107640676549087402e+03 3.720064091195793935e+03 -3.002592297900991980e+02
-2.498077186318731401e+04 2.631406486892719113e+04 1.344071925778906370e+04 2.127311319339059992e+04 4.416544705451138725e+04 1.061912859416343563e+05 -1.723220074456119255e+04 4.577454139849750209e+04 -3.619698877772307605e+05 6.661055775790552434e+04 -7.400150531655300256e+03 -4.627292921978038066e+04 9.580569618015855667e+03 -1.375425073673045263e+05 -2.645146302816238021e+05 -3.758171222240931093e+04 5.122431712113193498e+04 8.928945180183403136e+04 7.115093977176988265e+05 2.303182656337289154e+04
-1.563880337839356980e+04 1.496201799177275461e+04 2.630321937833740230e+04 1.985721819108814088e+04 1.561054282103282167e+05 -4.773985141533918068e+03 -2.811650997978849773e+03 -2.046804056155405988e+03 2.252289246385410934e+03 4.891562651619210556e+01 1.487029486423932383e+02 2.720150136069458995e+02 2.152115574121421560e+02 5.704489673318254290e+02 3.646951985274385493e+02 5.599574072981513240e+01 -6.717159325581745577e+01 -7.852210714450799856e+01 -2.088720227343978877e+02 -9.038638729546022432e+00
-4.602943147526719258e+04 -1.264689863789240917e+04 3.977983541881245401e+03 -4.699698354103414744e+01 -4.530022228453655089e+02 -1.513452401315360021e+02 -8.306502588745566754e+03 2.768450996686508006e+03 -2.053515310426852011e+03 -3.485854513877726276e+03 -5.982718044148912668e+03 -6.529510876289482439e+03 -1.815652155286429206e+03 -4.565033017427120285e+03 5.397040189435899265e+03 -3.505207940036319633e+04 -2.350753317250120745e+04 -1.858441280671967775e+02 -7.520672148716735137e+02 2.543486747477951155e+02
-2.008164473873664974e+04 1.065318417374776072e+04 2.187360493528798543e+04 -7.381991078603201117e+01 3.033976620498945977e+03 1.452039294904301278e+04 6.625918599139167782e+02 1.241005893952092629e+04 -3.115219639748885675e+04 1.961880453184946964e+04 6.220639219143575929e+02 1.733026325255064512e+04 5.449697202674372420e+03 -2.937888059338344101e+04 9.184822626617115020e+03 -4.528774490624743339e+04 7.178472883193223970e+04 -1.147727399002359161e+05 -2.037921652213394191e+04 -1.197501305758579520e+03
-8.926168961393748759e+03 1.674567301293653145e+04 2.577409803861381806e+04 5.966931571917031079e+02 -2.043474317276901047e+03 -7.750643832490239902e+02 -3.325091189956925518e+03 -5.319191576782784523e+02 -8.432196074799796861e+02 -8.922061992812925382e+03 1.804619328315566236e+04 5.849043545928701860e+03 3.484494308943268948e+02 6.012662574243220206e+02 -2.375582179228134976e+02 -9.291594940138966763e+01 -1.564500494766848078e+03 -5.618403179452352560e+02 9.166104547607902759e+02 -7.051612361826047390e+02
-4.677452260288512480e+04 -8.891797796966659007e+03 -1.324639611162700930e+03 2.175294566116495480e+04 -2.111813977059402987e+03 -2.012954900243028078e+03 -3.629136535878314589e+03 1.542098548503336679e+04 5.534610355422695648e+03 -2.340942790617088576e+03 2.074091243969442985e+03 -2.496120373209503214e+03 3.771319123387598665e+03 5.185196941168887861e+03 1.711892767929959746e+03 1.643053262375268605e+04 -2.329824766190701848e+04 -5.595897440419515624e+04 4.848177685411692801e+04 -1.030224505686982229e+04
-2.643763552898166745e+04 3.733526593055090052e+04 6.763889405942482699e+04 1.420863090887261205e+05 4.313969502724552149e+04 1.271015833814267302e+06 -1.308669935687625548e+04 9.499174306960003742e+04 -1.141569845409028232e+06 9.370813689726606244e+05 4.408323173746695393e+05 -4.719446091059840401e+05 1.800154699702349899e+04 1.400029016413799254e+06 1.067892005748613970e+06 -4.399176234783912514e+04 -1.709472291622325429e+04 1.811669281306827033e+05 1.144675960023254156e+06 7.039145206546309055e+04
-1.565431860897010483e+04 1.021999815884061718e+04 1.179740651223026725e+04 2.346213713229607038e+03 -1.086107606658901659e+03 -5.599716063191060584e+02 -1.399614024867304943e+04 2.952116945742137887e+03 -1.992692129882281279e+03 -2.888164469709504374e+03 -7.301874075604535392e+03 -7.402089494802118679e+03 -1.869880277507742676e+03 -5.547891574685118030e+03 6.114283808092419349e+03 -3.519455290090429480e+04 -2.378787923844265606e+04 -1.162953781752269578e+02 -6.242019605014401122e+02 -2.981934544794703470e+02
9.005845071086316693e+02 6.697234264437245656e+03 1.044257410783176419e+04 1.422650371798591004e+04 -3.214947880288696979e+03 -2.376296401802899709e+03 4.783604951986221749e+02 -2.397611137023229821e+04 -3.783062380672369727e+03 9.378092764521676372e+02 -1.859549680733865898e+03 2.255710586010458883e+03 -1.241674335368661630e+01 -1.038549072000568685e+03 1.252099623712419316e+03 -9.371715064673652478e+02 1.249580805989668534e+03 2.636899744343315888e+02 9.700623652833569110e+01 3.173532881314886254e+03
-2.809122375415413262e+04 2.221882200751993150e+04 3.810755436987463327e+04 7.633021868447351153e+04 1.110796854649862507e+04 6.265894130797744729e+05 -5.110448429661718365e+03 2.780508556096000757e+04 -2.391236528134725522e+05 1.883221575441716705e+05 8.016818146080675069e+04 -5.775956167031788209e+04 4.243076207377856008e+03 1.737365267769994680e+05 1.412498191952591878e+05 -2.075470809679878585e+04 2.412871255831793678e+04 -4.421252822035404097e+04 -1.400892324343499058e+04 -4.196321928953712472e+02
-1.335784412477532533e+04 5.392653224570922248e+03 2.971616937562581370e+03 1.905387220489508400e+04 -2.967550780421677700e+03 -2.583561633666754460e+03 7.440411009900009276e+02 -2.025390919334139107e+04 -1.802770929451634629e+03 4.385586316204738068e+03 -5.493329614280697569e+03 -1.757388606066574539e+03 4.256477700449543704e+02 -5.472627718535205531e+03 5.260608814052413436e+03 2.075946158333256335e+03 -5.314070374452279793e+03 -3.959156515725744612e+03 6.026868224275362991e+03 -8.006412039263304905e+04
-2.856258324376708333e+04 3.456825273116506287e+04 -3.909994776386904960e+03 5.712599317356083702e+03 1.266073679098032881e+04 4.458382885931332567e+04 -4.379142560364049132e+03 2.059867739768260071e+04 -1.460572064841251413e+05 6.291292452537674762e+03 -1.112516072135621289e+04 -1.246344806477037491e+04 4.042830510529240200e+03 -5.386308503509940783e+04 -9.145832302841896308e+04 -1.012482015613241310e+04 1.473182351301033486e+04 2.572198635108516100e+04 1.991340223565658380e+05 5.855598888321865161e+03
-4.589368464421355748e+04 -1.203300022316408649e+04 6.078931012906598880e+03 6.449570804826877065e+03 6.258107180087364395e+04 -1.690336489392046133e+03 -2.466131763986879832e+03 -5.761857160954552910e+02 2.130652173283455042e+01 -9.065215702016051864e+02 -4.412910171075057519e+02 3.337734950169694912e+02 -1.240196484897655438e+02 5.811739553175123092e+02 -3.358678130788852627e+02 1.142204032571900143e+02 8.788563715340113447e+01 3.897369094780198395e+01 5.515875041685845872e+02 4.181866744270756726e+02
2.476958591274280479e+03 8.095579959666620198e+03 9.757914249459834537e+03 4.792501366061787280e+02 -1.808307890142168162e+03 -5.373555172747663846e+02 -3.550506140632581810e+04 5.589124970311838752e+02 1.048796487464670690e+03 1.991092715155005180e+03 -3.452266361241857339e+03 -1.359406285523466295e+03 8.559051728139868942e+01 8.173435762925151948e+02 1.237623614168885950e+02 4.191143875761811614e+03 3.695678833848983686e+03 8.941495608777598818e+02 -9.593212105677861246e+02 -1.272773050522741187e+03
-4.161313609180256753e+04 4.485833937187746051e+04 -2.857399822060958104e+04 7.342522059856487613e+04 -7.147547635326703130e+03 3.787462652981036513e+02 7.165916196461229219e+02 3.945571135009588761e+04 -5.615497919158733566e+03 1.074772644658362333e+04 -1.791488276287733970e+04 5.279061122559754585e+04 6.456094998618345016e+03 7.608573222836162131e+02 4.821134528279585538e+03 2.517853316918646669e+03 -5.197553683742189605e+03 1.329530895538381446e+04 -4.473857509560350991e+03 9.885516550589499047e+02
-2.119404305447405568e+04 1.587649686169419510e+04 2.010870549624112391e+04 3.476260229269584670e+04 3.670160756740016041e+03 4.412799810904729384e+04 -2.368520648564118346e+03 3.986494096660240029e+04 -1.225865936779262702e+05 6.408264163547109638e+04 2.082235999177043777e+04 2.039716910646067845e+04 -2.736946316793822916e+03 -9.713196060975771979e+04 -1.014801542985158740e+05 1.061009451793357766e+04 -1.557156794282544979e+04 1.697933680423397891e+04 -6.888157685703902098e+04 -1.743604491682094249e+03
-4.861441859825863503e+04 -1.528162621223797396e+04 3.917621545025827459e+02 -1.308593691419354627e+03 2.644006053109611685e+02 2.703206272594952679e+02 -4.009051462307775751e+02 2.771347223015768122e+03 -1.704629155360351433e+04 -2.703615614563210329e+04 -1.266208977135606256e+04 -3.367413189318751847e+03 1.209527647782864506e+03 6.325917874319437942e+03 3.038356593065097513e+03 5.304783974422847677e+03 7.861133201546936107e+02 -9.053321555862670493e+02 -5.976121260067397998e+03 1.023679187387900470e+03
-4.140985007607438456e+04 3.578637604821207788e+04 -2.446633808414152008e+04 -2.333260933340389329e+03 2.607783802910890699e+03 1.273529798957117009e+03 1.263595057168875655e+03 2.326372915013752845e+03 -3.135038504411276881e+04 -4.008934316372132162e+04 -1.652964872025600198e+04 -4.561929286535963911e+03 1.994875311066967470e+03 2.909601560404515112e+03 2.071226853358359222e+03 -1.808932389963789774e+03 -3.177503663770178264e+03 -3.070629019740777039e+02 -1.124444537913430850e+03 -1.874979410894962484e+03
-6.118336392702912235e+03 1.452206687512630197e+04 2.340050961585958066e+04 1.199350341036895998e+03 -1.123241511912966871e+03 2.269370024592397021e+04 5.795489780464055912e+03 3.888810507206580041e+03 -1.023432068559430445e+04 6.493218951238087357e+03 1.208137926587759466e+04 -1.161099909373802575e+03 -9.477187574415286520e+01 8.841339043272519120e+03 3.430627229176386209e+03 2.299591145979504290e+03 -5.724401449383263753e+03 5.060910923070789067e+03 -2.027118132546699781e+04 -2.315717861225049546e+03
-9.694330586196292643e+03 8.487770209763542880e+03 1.339264575466710266e+04 1.946632476483980099e+03 -5.772043164856844442e+02 -4.315996871534076718e+01 1.477562280904251566e+03 3.426955748112772653e+03 1.236585835611268891e+02 -3.891553356816332894e+02 4.081651459334475476e+02 -5.105285990623478028e+03 -8.861135701934750841e+02 -1.458320156404517911e+04 1.238444281002185380e+04 3.540904168517700782e+03 -8.684004063102286182e+02 1.677801803993942542e+02 1.048642206782734320e+03 2.949646561173855730e+02
-5.569963073253937182e+04 4.000524081454399857e+04 -3.540128080195653456e+04 3.386319163456542447e+04 -2.646326352393198704e+03 -2.978421476435594741e+03 -1.702351305725791235e+02 1.327873263919393503e+04 5.935383108813371109e+03 -3.183994423268694391e+03 6.244542103277306524e+03 -1.249485013510049248e+04 -9.808736907070554025e+02 3.113819815720318729e+03 -3.199804087729558887e+03 -1.210436065684011282e+03 2.932243729220827390e+03 -1.852565111011800127e+03 4.739180552032482296e+02 9.570104494953681069e+02
-2.248864038430451910e+04 8.412177620489688707e+03 -4.435557955857261732e+03 4.606915322050797113e+04 -4.978646784559463413e+03 -4.202318469834215648e+03 -7.613821384771050589e+02 5.511931938605071082e+03 3.314860790198581526e+03 -1.408406703233659755e+03 1.426472667125365660e+03 -8.373878732786104592e+03 -6.071619365306065674e+02 2.077855685174125483e+03 -2.187368210500910664e+03 -2.559602848777690838e+02 1.433697111077872250e+03 -1.034846337054708101e+03 -1.177430098066720490e+02 4.392283376507199932e+02
-2.116024405658405522e+04 1.468940753914793640e+04 1.548503951182052879e+04 1.051857201512113170e+04 -1.943979885325017449e+03 -1.408592520251930182e+03 -6.718929501658544723e+02 5.401209836032510793e+03 1.345311915559550016e+03 -8.822787659682766389e+03 1.704566811194580441e+04 -2.020543885050383324e+03 -5.799765621476714159e+02 7.318951968574830289e+02 -1.032327294392340491e+03 -2.048858471863377417e+03 1.526801693819950515e+03 -2.993795896041571041e+02 8.087689125056423336e+02 -7.213410933232559046e+02
-1.179036553585514775e+04 7.564156639193039155e+03 4.679995519657882141e+02 3.736710416489413183e+04 -4.356171593813650361e+03 -3.566643718173822890e+03 -1.985312904003084498e+02 1.311214607981648669e+03 1.639658617575535118e+03 2.101088517569056364e+02 -1.497073077669643226e+03 -3.008818655092621611e+03 3.446279319096802851e+02 1.243332740617163154e+03 -8.948756368681412141e+02 1.497783967725774346e+03 -1.681589705721808514e+03 -1.491672018499236401e+03 1.554335796267511398e+02 1.292278130929279598e+02
-4.170324232268446940e+04 3.592800288983647624e+04 -2.631111025582168804e+04 -5.215194680268989032e+03 9.961860748760464048e+02 5.561228440108311588e+02 1.341938083209331353e+03 -4.304916567621631884e+02 4.213094467389594229e+02 1.276632886864748002e+02 1.716021576201648713e+03 -2.214880664581806684e+02 -6.278360627224361679e+02 -2.600806059232396592e+02 -5.757933517513069432e+01 -2.423856012809914660e+02 -3.644378215321171410e+01 -8.380023343760742591e+02 1.149647840141556259e+02 2.120631091592619850e+04
-4.230074632648596162e+04 3.173283367173568331e+04 -1.181595865101451818e+04 7.022798172212296049e+04 3.528531896716216579e+03 7.898680008489934153e+03 -5.763680276387690355e+03 7.020235113786105649e+04 -8.040181862613800331e+04 -3.238103336256204420e+04 -8.247568561438926554e+04 2.313521132912283356e+05 -1.214324406624735100e+06 3.285774123662659258e+04 3.262960412621330761e+04 7.592509437942585464e+03 -2.003601040810386849e+03 -9.984261045926943552e+03 1.619860374059043897e+04 -3.105760709461279839e+04
-2.542813170292926225e+04 5.264018979236548330e+04 -2.684643253146652569e+03 -9.911907657220452165e+03 -1.291064361691763906e+03 2.047457121349256397e+02 -9.121852810924088772e+03 -2.570785223356513598e+03 4.101198027127091450e+02 -2.701488355824576502e+02 2.817228821868909563e+03 2.740472598578631732e+03 1.865226062682626775e+02 1.661482182563575179e+03 -1.335984560740017969e+03 8.615797151775142311e+02 -6.013537733767736881e+02 -5.997160140493637073e+02 1.386853127196532398e+02 6.960461073427655947e+02
-2.587087243678577579e+04 4.401939553404066100e+04 7.439723737115232507e+04 1.665405171341740352e+05 1.346735590380586291e+04 1.451166014084067428e+06 1.121746926158435599e+03 -2.245878459565848971e+04 -2.119038007077645034e+03 3.324608669815990288e+04 3.518750523898276879e+04 -1.474051988018895099e+04 -3.456414662055777143e+01 9.615888609420612920e+04 6.239742792682105210e+04 7.992900490427906334e+03 -2.272365976005639095e+04 1.633023048959229345e+04 -9.121377017570519820e+04 -8.308793646160602293e+03
-6.716441755637224560e+03 6.614812436083683679e+03 9.094444297933230700e+03 1.653904025800111776e+04 -2.818783591825708299e+03 -2.432189553783933206e+03 5.481201593585117280e+02 -2.034765309172444904e+04 -3.214072466250663638e+03 2.424835011295474942e+03 -6.035834831509892865e+03 -3.880115013193387767e+03 -5.590644843180465386e+02 -7.503415014980650085e+03 6.007684725549084760e+03 -3.647397743981332042e+03 1.985636724490341749e+03 3.589801109035485297e+03 1.018748608085457818e+03 -1.181692992546995083e+04
-1.610941073560614132e+04 1.156123069481411949e+04 1.573583417761863893e+04 5.837334400462806116e+03 2.326162199564838673e+01 1.650356198031034000e+04 -4.068037780515422128e+03 1.035661891079437555e+04 -3.729946746071982489e+04 1.404683879832789717e+04 1.710821710588714495e+03 -1.469335473076033395e+03 -5.597787596941033144e+02 -2.283082617523991576e+04 -2.645860809259167218e+04 -1.277880213074028006e+03 1.312436667495431038e+03 -6.498096393245607771e+01 3.873039812661754240e+03 4.163829232774905904e+02
-6.002870133188966429e+04 7.963637954807252754e+03 -1.882405581519409679e+04 3.466019061909581796e+04 -3.041608268433359171e+03 -3.087173493802947178e+03 -1.448004431868172787e+03 1.424781637516983028e+04 5.417082929934256754e+03 -3.880225772526880519e+03 5.380432759013410760e+03 -1.184014495989425996e+04 -7.750215466091733560e+02 3.380304293936967042e+03 -2.964359730128077899e+03 -1.356018641716790626e+03 3.310226246143807657e+03 -1.572909732266917672e+03 5.956452672481713080e+02 1.016981465609611064e+03
-3.974917303996800911e+04 2.992474114119260776e+04 7.071599825384917494e+04 2.119786576615697704e+05 2.921329843516815163e+04 2.260459814969441388e+06 -1.914860276708381571e+04 -1.197141876558182703e+05 3.777748173153723474e+05 -2.296517968083749874e+05 -1.297108764629842626e+05 6.304044928217919369e+04 5.534690031535938942e+03 -1.422523746465898002e+05 -6.509183787714028585e+04 -5.075145329514676996e+04 9.022648044844013930e+04 -1.260102463768135494e+05 5.543411406090674427e+04 7.031130045779574175e+03
-1.889303407974265065e+04 1.293554379355502715e+04 1.451627739088532689e+04 4.318320929730131866e+03 -1.199266109315548874e+03 -7.606323293874368119e+02 -1.106411363619599797e+04 7.119567506056992897e+03 2.875761846363977384e+03 -7.754339390915314425e+02 -8.904814334694307263e+02 -1.464790672880923921e+04 -1.761124178091161411e+03 -3.488097790433240789e+03 1.179248925859314568e+03 -9.365672463243179664e+03 1.351190692910051257e+04 5.608612266694346545e+03 2.075217166976039607e+03 -4.531836293348915206e+02
-4.880240263526801573e+04 -1.576540423772465329e+04 -1.027250303196204300e+02 -1.415731013216841120e+03 -2.633258041449286324e+01 1.008698488491642564e+02 -3.921731548967769072e+02 -2.477018028821712292e+01 2.605464445641587758e+02 3.976510563138897396e+02 -1.495677192695036695e+01 3.541242798947632764e+02 6.713277156691106029e+01 1.313031363831809699e+02 -9.004953541307381215e+01 1.379519374041138349e+02 -4.771981618787334156e+01 7.451774538196542608e+01 -1.866106107178443096e+01 -6.497442438606217365e+02
-3.885754238286243344e+04 3.844015346544401837e+04 -1.820402894868576914e+04 3.710542575426932672e+03 6.524432475835753576e+04 -3.876395604497004115e+02 -1.671777369203816988e+03 1.056917082525432761e+03 -3.129947152805522637e+04 -4.010621162932412699e+04 -1.809691994047061235e+04 -3.857216842723535137e+03 2.063647862063735374e+03 3.857529202163734226e+03 1.467494285133613857e+03 2.206912003982021815e+03 -3.207175426645682705e+02 -2.984997100814320561e+02 -3.287676974585270386e+02 -1.296538244802725330e+03
-4.151782203281873080e+03 1.847397357944572650e+04 2.647997773216207133e+04 -2.934120014908501616e+03 -1.694827382654155144e+03 -5.389033240136485574e+02 -1.995384566855464527e+03 2.711353850321934544e+00 4.726712188329995001e+02 -1.400727785763129987e+03 2.629524640345660373e+03 1.724232894608478546e+03 1.552449925886135418e+02 1.532626420603964561e+03 -1.046618455332803933e+03 3.412075397547365014e+02 6.462858594888564845e+00 -2.168499241596127263e+02 3.187513888915190137e+02 3.764977690120935563e+02
-1.553467967972324732e+04 1.140746496447717618e+04 9.398204079552626354e+03 2.344020753333039465e+04 -4.213987567454618329e+03 -3.385324395450061729e+03 -3.247790674415355625e+03 -2.022895576480185628e+04 -1.837676127598429503e+03 -2.494264910128519659e+03 4.518383762402861066e+03 -3.479561647091822124e+03 -9.604324775367476832e+02 -1.963459287450741897e+02 1.515712787810592488e+02 -3.009415602060585115e+03 4.806628676318331600e+03 4.624301680652726532e+02 3.141633627839889868e+02 3.455435005711011854e+03
-2.022549093271149468e+04 1.526942270031676526e+04 2.921136151323275408e+04 5.507880309828115423e+04 8.999798318157116228e+03 4.356133871884601540e+05 -1.451109402030030424e+03 1.796295186705507876e+04 -1.410549529105239199e+05 1.022022961591441854e+05 4.110506085300846462e+04 -2.336636013185978663e+04 3.086640185380545063e+02 4.203581462465024379e+04 2.762177842152163430e+04 -2.796034172743091403e+03 2.255797787206041903e+03 -9.822551484473677192e+03 -3.383751353252294939e+04 -3.432756311972678986e+02
-4.650102982893297303e+04 6.066818856215381675e+04 -8.738643874617597248e+03 1.978918934380067412e+03 -3.064907159162016796e+03 -3.739390700768498164e+02 -4.235846532364519226e+04 7.271396262787638079e+03 2.404606662606568534e+03 4.819147362512152540e+03 -8.493346405768284967e+03 -3.517255069518452274e+03 1.424973572224434122e+02 5.241854578131806193e+02 -1.478411996822011929e+02 1.577785417278215618e+03 -1.483559338547566767e+03 -1.552235796779236352e+03 2.822817075771217219e+02 1.972950470076975080e+03
3.746973160122689023e+03 2.652317954581521553e+04 2.346029159606683606e+04 -6.646511466511172330e+03 -4.183702214710055159e+03 -1.169805102144090228e+02 -7.641903516135503014e+04 4.097604150077600934e+03 1.974543662456343782e+03 7.117420238977972986e+03 -1.312492838026994832e+04 -3.537538239449903358e+03 1.718887399583472870e+02 1.194608219258948338e+03 -1.170364369711317778e+02 5.174013177668914977e+03 3.447529355432905959e+03 8.582267939536390031e+02 -1.714933119850373942e+03 -9.714949353375648116e+02
-2.142296379749858534e+04 1.041763452194973070e+04 2.081903354883680731e+04 9.463889251301742433e+02 -2.021471384070288764e+02 3.780841407464974964e+03 1.269368186513015189e+03 1.459802745676940685e+04 -2.806640317478587167e+04 5.089625832834615721e+03 6.098118569305655910e+03 2.280313857896737682e+04 2.641740493399207026e+03 -6.858081959790144174e+04 -6.816523213534760544e+03 -2.935391458730933664e+04 2.976369592426181771e+04 8.545975715258410492e+04 2.587739757612833346e+05 1.352833369631474625e+02
1.020414119817597748e+04 1.827118255951869514e+03 2.578017258799264710e+03 6.099677361434809200e+02 -1.558317153534177635e+02 -1.446071068172855121e+02 -1.095712575517850382e+03 6.946127096710705473e+01 -5.538277160630136642e+00 9.279283576779508991e+00 -1.604496791496430319e+02 -1.540372208770763507e+02 -1.172426864024603432e+01 -5.217434830459889099e+02 3.836291105050475494e+02 -1.143506120665587957e+02 7.294047955611101486e+01 1.103911014445181706e+02 1.895223703066588428e+02 -4.540301203375191790e+02
-3.771315434967391047e+04 4.238908057711128640e+04 -2.853801297099385920e+04 3.704656502632443153e+04 -3.314501203949099818e+03 -2.502345855454220327e+03 9.126710452516171017e+02 2.366173676923341918e+04 1.533847844150578339e+03 1.434145722859728266e+03 -6.376811645720795241e+03 2.880700884749126271e+04 7.910478501275012604e+03 1.935974947744938163e+03 8.840564354322053987e+03 -1.975183679708217596e+03 7.030829980414177953e+02 6.221176710683871534e+03 3.433523332272582593e+03 2.010680806103792975e+02
-3.906815770100232385e+03 1.403438548824541977e+04 2.093307681830897127e+04 -2.755467409354877418e+03 -8.533385422793697899e+02 -2.710113955329082955e+02 2.709591489870351324e+03 1.864601119676022108e+03 8.190702803404433325e+02 1.107214476680249618e+03 -2.781898907291516480e+03 -7.663610000312378361e+02 -1.258029346119768377e+01 7.873602875339225875e+02 -7.284061164566975322e+02 1.543058489583429171e+01 2.215065845602468926e+02 3.491417103446222825e+01 6.228671695540309372e+01 7.480505906096179558e+01
-2.111685414071565901e+04 1.993926453304658207e+04 2.430321941589598646e+04 4.700952937875981297e+04 1.479968532800378671e+04 5.144291294519392250e+04 -4.303504567324961499e+03 5.429900240175112413e+04 -1.684068943805219897e+05 8.781019050409310148e+04 3.272552775806868885e+04 3.009595619368392363e+04 -5.197160429426249721e+03 -1.480836094793418597e+05 -1.580628759959135205e+05 2.465425682107278408e+04 -3.679944942972307763e+04 4.434058744353182556e+04 -1.142194414987317141e+05 -3.423253392702722522e+03
-1.904152822935847144e+04 5.923599925919560519e+03 7.906429800847245133e+02 1.751203690347785960e+04 -2.165513141913666459e+03 -2.010358905627189415e+03 8.942524894560518760e+02 -2.620521548143840846e+03 1.223589532173646148e+03 -5.580595377259215866e+02 1.211025149215822012e+03 -5.338117352392606335e+03 -6.954663125504297341e+02 3.504771560808383697e+02 -7.821196625867693228e+02 -1.252357293268106105e+03 2.261406754096768054e+03 9.265398999453357476e+01 -2.904137753930167420e+01 -3.767735495797210774e+02
-2.366792454615135648e+04 2.907397370509452958e+04 5.034978439648859785e+04 1.114487937789266143e+05 9.672010808309751155e+03 9.071317559809953673e+05 3.968558259062845650e+02 8.282720766192151132e+03 -1.415763040196209622e+05 1.252183535875015077e+05 6.061692949010421580e+04 -4.170680264473184070e+04 1.587190319929397674e+03 1.484493317874805361e+05 1.125699553204481927e+05 -3.994564720115715772e+03 -2.245287636145752458e+03 -9.878690911287589188e+03 -4.789361268064135947e+04 -3.407206560245805576e+03
-2.442495712053427633e+04 4.522586799567659909e+04 -9.448631745636419510e+03 -8.908386643802774415e+03 -9.103476606193740395e+01 4.639548701094076364e+02 -7.726043198008165973e+02 -4.215611979030092016e+02 7.983365220288208093e+02 2.408424215110638670e+03 -3.083602266803349721e+03 -1.073578520411462591e+02 -1.310866975050284466e+01 7.262781893426812303e+02 -9.159015791475156902e+02 4.517927812742784113e+02 -3.488000763247159171e+02 -3.273160037793331867e+02 -6.939986279139766623e+01 3.649714116332948493e+02
-8.193259332439016362e+03 2.411475499386473166e+04 1.723724406503040518e+04 -4.565981418487896917e+03 -8.452392202070614076e+02 -1.063150892407128794e+02 -1.981264139528059331e+03 2.156532944353130006e+03 8.152231849152947234e+02 1.501783958993465603e+03 -3.416228259676257949e+03 -2.496496794982672327e+02 1.168990331938219782e+02 8.365785029675628266e+02 -6.232671292043480662e+02 1.467222911706595596e+02 1.437067706814036967e+02 7.957329647491245339e+01 4.886640934154507931e+01 9.956782982145915639e+01
-2.081491529800353601e+04 2.536192500879427826e+04 4.180535227300407314e+03 1.058841491485599909e+04 -6.083650581761662579e+02 5.134653224016005879e+02 3.229287961229107168e+03 2.940504650858150126e+04 -2.199605304515414900e+04 -7.173503918167864867e+03 -3.149502502192467364e+04 1.129996622069243167e+05 2.546375768909037288e+04 -1.242796357310104941e+04 5.068274152195959323e+04 -5.148634246487871133e+04 6.603048786401413963e+04 2.013479243543765915e+04 4.224748431478848033e+03 -4.690543400010044934e+03
-1.618038646031573444e+04 1.786054183565922722e+04 3.434756825287893298e+04 3.065946711427194896e+04 2.564064080203492776e+05 -6.826301691690197913e+03 -5.191576703119841113e+03 -4.907672312125116150e+03 3.368259599152956071e+03 2.642670408754950131e+03 7.485958612369163347e+02 1.344000801592452945e+03 7.474131624353922234e+02 1.268421288116970572e+03 1.435111091525027689e+02 5.055913994151077873e+02 -6.117895667600616889e+02 2.114567217726133777e+02 -2.083527464022071854e+03 1.536533107106747309e+02
-4.497560914768552902e+04 -1.201604209123886358e+04 5.309826484159038955e+03 1.043054283205260191e+02 -3.748424338867728238e+02 1.119628517855334309e+02 -1.248291171715571721e+02 3.567363206870639260e+03 2.175775992060211763e+02 -4.081280349976337902e+02 6.180110491064101552e+02 -4.960572751337494083e+03 -8.285484604035054872e+02 -1.363918249631086110e+04 1.185007122673222693e+04 3.586646625777939789e+03 -5.047427174203558025e+02 8.135508620338127628e+01 9.193478737572451109e+02 8.169647232449573266e+02
-1.481595150345340153e+04 1.242803385237396469e+04 1.570190999130454475e+04 1.332070778568964124e+04 7.331774773974005075e+04 2.303748805841373905e+04 -4.776697990587163986e+03 8.826555493126554211e+03 -8.769083453062108310e+04 1.623034366748756656e+04 -1.979901638079014219e+03 -1.235571809333492820e+04 2.497292714653250187e+03 -3.209301768533385984e+04 -6.532737381000786991e+04 -1.050471927483525360e+04 1.397416992311689683e+04 2.449318132345656704e+04 1.970052021911061893e+05 6.292012046977737555e+03
-1.803659204808449431e+04 1.413186239090244635e+04 1.658388319447790491e+04 1.498227971217263303e+03 -1.048059963405087046e+03 3.113372720515815573e+01 -1.420463517351650989e+04 6.619832001969358316e+03 -8.528910394442658799e+03 -1.164918897193419980e+04 -1.062392898854572195e+04 -1.031953337412986002e+04 9.556849815663688332e+02 3.251857802160303891e+03 7.019833672944233513e+03 -7.179287908519546013e-01 4.155178604672050824e+03 -9.457775213223038691e+02 -6.496515093227528268e+03 -6.704293504957347977e+03
-3.524441425842699391e+04 1.178637168715062398e+04 1.445507316343285493e+04 9.359982800882295123e+03 6.119413399034775694e+02 1.304539132590885492e+04 2.595996027179665816e+03 3.831054843540570437e+04 -4.155330466308815085e+04 1.914664494520594235e+04 -2.673154172047445900e+04 1.314564334532577195e+05 3.070207882282851642e+04 -3.772814138030936738e+04 6.163505172778567066e+04 -9.765686909562136861e+04 1.384372998719698517e+05 -9.459192757047677878e+04 -1.584150550664950970e+04 -5.557602230400664666e+03
-3.418160803258778742e+03 1.210214149336844275e+04 1.891871883184613762e+04 -2.191192644695907347e+03 -8.891451157059466368e+02 -3.059013520456166475e+02 3.666107235549303823e+03 9.637995032073663424e+02 6.284400106906463179e+02 5.250436905178387406e+02 -1.509563661508528185e+03 -2.489124493048790612e+02 1.985815692903351248e+01 1.077374676549527976e+03 -8.737567126344224562e+02 2.553420428577057777e+01 1.977570098069105597e+02 5.718396045151453677e+01 -1.928735979274114953e+01 1.355574732169655476e+02
-1.004845061476237788e+04 1.210084048928187440e+04 1.813783605379164874e+04 1.711675379852184506e+03 -7.388891810036172956e+02 1.845142686777849974e+02 2.695209623204514173e+02 4.489021645042512318e+03 2.587589903904155335e+02 -4.714643799643036459e+02 6.116232843067515432e+02 -5.029986394057647885e+03 -8.862977479315900382e+02 -1.477844845130287467e+04 1.216501859717103980e+04 3.721632714924965967e+03 -9.651536715369946933e+02 8.772720557789990892e+01 1.049059712874487332e+03 2.868359226747523962e+02
-1.792564718963803898e+04 1.867326140844728070e+04 2.964766928509963327e+04 5.123700933941324183e+04 8.670866189417332862e+03 3.647423599859862006e+05 -7.084917457497375835e+03 4.590400510671852680e+04 -4.396937866792267305e+05 3.530329688495713635e+05 1.520624149758229614e+05 -1.724290875408199208e+05 5.733210854809984085e+03 4.938149533702675835e+05 3.841543657864021952e+05 -1.486594004922091881e+04 -2.323256034307213213e+03 6.009412612440636440e+04 4.194725621765013202e+05 2.808365613295190997e+04
-3.885188543786620721e+04 3.614554735393062583e+04 -1.928431437533533244e+04 -1.280410324934097446e+02 3.362278403425074885e+03 1.755579447067759611e+04 -2.080799369136945643e+03 1.022364857648575162e+04 -6.862281947477858921e+04 -2.563567161726557242e+04 -1.514341436542062002e+04 -5.569973965455726102e+03 1.649428191045172753e+03 -1.870035693211021135e+04 -2.507868034628783425e+04 7.861500935109968395e+02 1.263293472028774659e+03 -7.942321736600964641e+02 3.267838858233412793e+03 -7.707681745238853637e+02
-2.457744251865191109e+04 1.530893051868360271e+04 1.153190987534217493e+04 1.448267493384374939e+04 1.399417345557244698e+04 7.112299949353739794e+04 -6.030681781865502671e+03 3.084036637738283025e+04 -1.979761390591052186e+05 4.531608347496682836e+04 -5.300760559432221726e+02 -1.150011702800141211e+04 5.510622629169155516e+03 -9.928829226683244633e+04 -1.478155656307420868e+05 -2.584365848847516099e+04 3.202354698151607954e+04 6.578572636019650963e+04 4.099484699345895788e+05 1.174978570995376322e+04
-4.319488219543803280e+04 6.242898185686151555e+04 -2.814625898710912952e+04 1.023536748487168079e+05 -1.055835917226787569e+04 1.252674907145240468e+04 7.640337030690906431e+03 1.286150684878382017e+05 -4.581929676430006657e+04 6.699828528121227282e+04 -9.706870537884772057e+04 3.569976381445627194e+05 5.658024740362143348e+04 -3.579412319912680687e+04 7.724263761223779738e+02 1.728781271775501227e+04 -5.843533120013753069e+04 4.947576003282786696e+05 -2.498909080253474167e+04 4.660401905915700627e+04
-1.708636728398345440e+04 2.835189174431264109e+04 6.586308687313713563e+03 -4.901950806097447639e+03 1.834501097847514984e+03 1.047673046542376142e+03 1.521118082522548093e+03 3.529827770442486326e+03 -3.096794889893596701e+04 -4.028766569875829009e+04 -1.560307267959708588e+04 -2.689018817350478002e+03 2.364681543432397575e+03 4.393882550741889645e+03 7.508663857060431610e+02 2.230344054615501136e+03 -6.242688887996139329e+02 -4.744686105552486310e+02 -7.202272152496884701e+02 -1.552508230545669221e+03
-1.040347719585436425e+04 8.303472130396996363e+03 1.182739807342524182e+04 -4.314689626672502527e+02 -2.131307159748705260e+02 -2.190761622503761998e+02 -5.709213780050530431e+02 1.904202813966991243e+03 -1.148557123636227152e+04 -1.792151157592813252e+04 -1.020042049684903031e+04 -2.860645201046853799e+03 -5.270830702461919373e+02 1.224832161412357891e+03 3.749661111306192652e+03 3.145390055670891343e+03 -5.733970538335528317e+02 -1.011336640412094880e+03 9.787006244726853765e+03 -8.564424945125604154e+02
-4.010004572454785830e+03 1.632630924524706279e+04 2.372583806471942444e+04 -2.987976147740019314e+03 -1.238575588282734998e+03 -3.731153095331334271e+02 3.258610526973115498e+02 1.296975513239772908e+03 7.219374534733528890e+02 2.192591039815072520e+02 -8.616941442835582166e+02 1.465001520679279565e+02 5.084717881567465980e+01 1.047896099431918856e+03 -8.376120555444366573e+02 1.562336847506183517e+02 1.375154448060857533e+02 -7.759815172870732169e+01 1.844680983466989517e+02 1.906259470128799762e+02
-2.412647635451165843e+04 2.316714950992390004e+04 2.333352254694063231e+04 4.790332916607972584e+04 1.221375562485432056e+04 2.916460506110698916e+05 -4.502457203066738657e+03 3.609907012343542738e+04 -2.351274249901232542e+05 1.014916618438192818e+05 3.013721942247717379e+04 -2.553406377066425557e+04 3.747520604304990229e+03 -1.419921146159151795e+04 -6.994669837901096616e+04 -1.712184528847148249e+04 2.070202258184582024e+04 1.515925748492997445e+04 1.959357223691292747e+05 5.995614014622841751e+03
-8.704290390537316853e+03 1.423274175954925158e+04 2.243856732200836268e+04 1.661923255888948461e+03 -1.242466521532172919e+03 1.137911714290119107e+03 -5.950050477437931704e+02 2.971136953724417253e+03 -7.962569100063154110e+03 -3.054902413845635238e+03 1.606707279954763362e+04 5.335431555158707852e+03 -6.904766034398591046e+00 -7.350612679832091999e+03 -7.550994278000383929e+03 1.044007512093413425e+03 -3.394492679599000894e+03 1.980533934579274955e+03 -5.664707204778378582e+03 -1.135632233989785391e+03
-2.223525871558094514e+04 2.518230195544693925e+04 2.689467098360735690e+04 5.359277821226011292e+04 2.413639438124532899e+04 4.094989951661151135e+05 -9.401515557694892777e+03 5.010823083850658440e+04 -4.535329043919385877e+05 2.231797088067580189e+05 7.457681061425611551e+04 -1.055733067783546430e+05 9.291094608243840412e+03 1.289746412067784113e+05 -7.990754289373542633e+03 -3.434390382122268056e+04 3.607073403305748798e+04 7.424827533950997167e+04 6.115162466315157944e+05 2.405476712689747728e+04
-1.796564183407655582e+04 1.416536463670041849e+04 9.573164648238631344e+03 5.271567534849916228e+03 -5.911500651686019410e+02 1.008822259990533894e+02 3.239996251780798048e+03 6.674103169258969501e+03 -1.769927287507920255e+03 1.205961761533652862e+03 1.323473009105641040e+03 1.499482221025776028e+02 -2.443610763422934178e+04 -2.893628392368377718e+03 1.219406926536243554e+04 -1.700304116570880433e+04 2.419280560340997908e+04 -5.141848025089805742e+04 -7.727279143571268833e+03 -1.330974776082315657e+04
-5.162521310910073953e+04 -1.271343261231841097e+04 -3.120208428400496246e+02 5.737515460154101675e+03 -7.443238315291017670e+02 -6.210889296219452262e+02 -1.841313214072346454e+03 3.611071801048181442e+03 1.788051130713903149e+03 -8.109693491821423095e+02 1.203868339405701818e+03 -5.560959425549955995e+03 -6.505225038791032830e+02 1.846288932637966695e+02 -6.525170133771391647e+02 -2.497993559059098061e+03 4.070714929814057996e+03 1.176847226268067743e+03 3.356057886337804916e+02 -1.102938076777046632e+02
-1.798842538146696825e+04 4.954870057952361094e+04 6.624427122062076523e+04 1.691498248945044761e+05 3.257345805549751822e+04 1.649393917458940065e+06 -4.989629612342580367e+04 -3.554240069386406685e+04 -9.466300144692294998e+04 2.129001645318601732e+04 -3.333268620656186977e+04 -5.057967760211412678e+04 6.858889694239965138e+03 2.927014878705757292e+04 -5.219288908171098592e+04 -2.847925344146874340e+04 3.904351533213146467e+04 4.968354969310510933e+04 5.149812770130569115e+05 2.295569178063119034e+04
