2.099517227206172174e+04 -3.093365626633389184e+03 -3.395692128720170331e+03 -4.312916660996791620e+02 1.632687580261146536e+02 9.576812977346820333e+01 -9.449590264749791402e+01 2.137858611003352109e+02 5.141712554029987281e+00 -4.420226870350428783e+01 1.123769929852932705e+02 4.006634398725842772e+01 4.025077960358433238e+00 8.525868802024493931e+00 -8.427411613788963862e+00 8.718424700183271980e+00 -3.282687587772252158e+01 -2.476361744391571307e+01 5.119339731619224843e+00 1.808589391292363846e+00
-4.991867017936742923e+04 -1.533763828211134933e+04 3.650046723172330871e+02 -1.077891026753491587e+03 -7.656070390514146595e+01 5.589271921459497605e+01 -3.880556588897581491e+02 -3.398527294524108555e+01 2.830179691456386877e+02 3.857910622915772478e+02 -1.351748970555802210e+01 2.456449575141222397e+02 5.383339338449871292e+01 1.091918413634167564e+02 -7.634084489897884396e+01 9.256490719855153770e+01 1.910354577770546669e+01 9.736802909052973121e+01 -1.262884124390394369e+01 -6.656705398553814348e+02
-3.699027628504177301e+03 1.283992545193723527e+04 1.965593723864082858e+04 -2.368434693888209040e+03 -8.691241015942733839e+02 -2.978431427319674754e+02 3.253326590213152485e+03 1.240616844228065929e+03 6.867319031762214081e+02 6.811177087298425477e+02 -1.852324168478309502e+03 -3.871908809711531489e+02 1.134113995542967324e+01 9.860826063754009283e+02 -8.260110983142053556e+02 2.641670992090562109e+01 2.016202303580020043e+02 4.640240316180720015e+01 1.242377782607047365e+01 1.186322518371929107e+02
-4.260928235489301733e+04 3.583853128279739030e+04 -2.622771658393868711e+04 -5.116614821904780001e+03 9.131832506077525977e+02 4.989380167390543193e+02 1.728014129149119299e+03 -2.218401125516607408e+03 3.046107548394215314e+02 8.541789907611055241e+02 1.106420469592063000e+03 -7.819331551867776398e+01 -1.459112258975926295e+02 -5.320168413016368731e+02 9.990316365419985800e+00 1.459600009474101512e+02 -3.416990430103780341e+02 -6.890166990552859261e+01 -1.414426217665385366e+02 -7.898860740366226310e+02
-1.298208093234588887e+04 8.369508168466301868e+03 -5.341560463021121450e+02 4.461539649994096544e+04 -5.077923590650182632e+03 -3.674209824612924422e+03 -3.631423902663524927e+02 4.102950329595095354e+03 1.484448317456828363e+03 8.407113604923163166e+02 -2.301388002980224883e+03 -1.339739709178015573e+03 3.355155735573274001e+02 1.436245579321184096e+03 -1.350244255074385137e+03 2.115711487847328044e+03 -2.480971762793989456e+03 -1.288797162251781174e+03 -3.201727474023488185e+02 1.836063116609847441e+02
-1.641608874086480137e+04 1.781503969921320095e+04 3.391932557508655736e+04 3.004647648016687526e+04 2.499917312753506412e+05 -6.692097632385707584e+03 -5.099177230338959816e+03 -4.633045393007048915e+03 3.300533643941048922e+03 2.482476980786642798e+03 7.369656543700307338e+02 1.217177745181498267e+03 7.091833332843809785e+02 1.185158462462909256e+03 1.749086552626278603e+02 3.980901744452095272e+02 -4.526640136990729957e+02 5.478677905212878585e+01 -1.976800365014091540e+03 1.416439360140809072e+02
-4.216154885857288718e+03 3.733239010659270662e+03 6.104769281450821836e+03 8.681591934426471198e+03 -1.810450059384634642e+03 -1.332309693362930147e+03 1.776632617491264455e+03 -8.861280161010236043e+03 -7.123907884798489931e+02 1.518952336852124972e+03 -2.101230666709358047e+03 3.619614279807100843e+01 -7.321491394974310118e+00 -2.534887448952969180e+02 1.449077274963201489e+02 1.720975342924705842e+01 -2.145183287401642769e+00 1.562198645182401151e+02 -8.402641169699782608e+01 -1.133382763853260030e+03
-8.267242880682297255e+03 1.212194623147263155e+04 1.945386505934870002e+04 6.775356469698824640e+02 -9.837198412185758798e+02 -4.176629465267222940e+02 1.470867914102089117e+03 2.022632015686365321e+03 -4.759904057130949582e+02 -5.677695289842095917e+03 1.122380502414863076e+04 2.783084690965238224e+03 1.451267561120523055e+02 -4.467651347185790200e+02 6.154194714224086482e+01 -4.127675306245567413e+02 -1.352614624369331978e+03 -2.601523106176316560e+02 5.567401662199152952e+02 -1.061453427323833694e+03
-2.551528848497736544e+04 5.265481796267718164e+04 -2.790578589928768906e+03 -9.944200155676824579e+03 -1.281044394782886229e+03 2.172156876254985320e+02 -9.392473312314123177e+03 -2.460630792021810976e+03 4.309507581321770999e+02 -1.400147869265594238e+02 2.548164077483803794e+03 2.624472138692609860e+03 1.803772252853936209e+02 1.629907513846370648e+03 -1.320101811926318760e+03 8.570595702777543465e+02 -5.955925567768310884e+02 -5.907194940949361808e+02 1.237732234694793334e+02 6.823442138372831778e+02
-2.419930139149323077e+04 3.152233424477717199e+04 5.124555876358888054e+04 1.184201979667037813e+05 9.877560096764087575e+03 9.567599549351951573e+05 1.132063993504563541e+03 5.859831763124256213e+03 -1.293479013616237353e+05 1.145487664669373189e+05 5.762644714507655590e+04 -3.982553217175224563e+04 1.183293180891941802e+03 1.456256207372578210e+05 1.073890969390686078e+05 3.815899510461618149e+01 -8.641450114907389434e+03 -6.532393341808386822e+02 -5.168300337250918528e+04 -3.893080040785372148e+03
5.906625090631243438e+03 2.244378603518495947e+04 2.422598314303820734e+04 -4.004137492180898789e+03 -4.056508325399463502e+03 -6.199152757266243725e+02 -6.022144670987378777e+04 -2.630794266499915466e+02 1.014021235464094048e+03 1.512865329384959068e+03 -1.699485504794184635e+03 1.115284497254631333e+03 3.977179802204413477e+02 2.047592080128308680e+03 -4.567170565383834742e+02 5.237373176436987706e+03 3.178621241428154462e+03 5.388663886979921926e+02 -1.028107932040280730e+03 -4.828224172839753692e+02
-3.771315434967391047e+04 4.238908057711128640e+04 -2.853801297099385920e+04 3.704656502632443153e+04 -3.314501203949099818e+03 -2.502345855454220782e+03 9.126710452516172154e+02 2.366173676923341918e+04 1.533847844150578567e+03 1.434145722859728266e+03 -6.376811645720795241e+03 2.880700884749126271e+04 7.910478501275012604e+03 1.935974947744938163e+03 8.840564354322055806e+03 -1.975183679708217142e+03 7.030829980414177953e+02 6.221176710683871534e+03 3.433523332272582593e+03 2.010680806103792975e+02
-3.390361032988087391e+04 7.461490853905177210e+04 1.565464070198635163e+05 6.688038500037605409e+05 9.269461209923577553e+04 7.429178814210163429e+06 -7.226347487304396054e+04 -6.452495208701075753e+05 2.697222315995696001e+06 -1.839428319571936736e+06 -9.099011106334049255e+05 4.952719504703676794e+05 -1.449154183666315657e+04 -1.352397542225514771e+06 -1.006791201424730825e+06 1.677897437323605482e+04 5.029670213864884863e+04 3.157114726211919697e+04 3.748489633779013529e+05 3.634773474928404903e+04
-1.563360480309106424e+04 1.496085156551233922e+04 2.630129647140495581e+04 1.984905078287511424e+04 1.560511772892937006e+05 -4.772554956539534032e+03 -2.810459811534920846e+03 -2.046563993186940934e+03 2.250597081058773711e+03 4.850003028675901362e+01 1.465705627972967875e+02 2.751122740204709203e+02 2.155494045568246975e+02 5.696760930554859215e+02 3.653821015610342329e+02 5.708977152275089395e+01 -6.906811676006017819e+01 -7.912500867548281747e+01 -2.077771860339607599e+02 -9.281570467278571712e+00
-4.142454675950141245e+04 3.523850570149485429e+04 -2.515506530893176750e+04 -4.466433699781152427e+03 3.209028064838177670e+03 1.699567357136365217e+03 1.763476369302904459e+03 4.092785316881571816e+03 -4.750326482840350218e+04 -6.440203181907712860e+04 -2.928720186911207929e+04 -7.725173647918448296e+03 3.226093495274218185e+03 8.890972319773056370e+03 5.042511881140103469e+03 6.726269444693120931e+03 6.023368736693599885e+02 -1.096511664455956407e+03 -5.759330611979780770e+03 -1.424599122030882427e+03
2.907725231708524660e+01 9.695566329612274785e+03 1.456356029193636277e+04 1.421839662886022052e+04 -3.849480917608520031e+03 -2.582741307624974070e+03 -2.287690932507846810e+03 -2.547680230017157010e+04 -4.063571844127830900e+03 -8.581832856395269573e+02 2.003429451601765777e+03 4.048356559146499876e+03 1.069633024723785439e+02 -5.166937904364689302e+02 1.031011140539611233e+03 -7.331456906719922699e+02 1.106403676012839242e+03 1.170186278603936643e+02 2.545152779751435901e+02 3.369768089313739893e+03
-5.569963073253937182e+04 4.000524081454399857e+04 -3.540128080195653456e+04 3.386319163456542447e+04 -2.646326352393198704e+03 -2.978421476435594286e+03 -1.702351305725791235e+02 1.327873263919393503e+04 5.935383108813371109e+03 -3.183994423268694391e+03 6.244542103277306524e+03 -1.249485013510049248e+04 -9.808736907070554025e+02 3.113819815720319184e+03 -3.199804087729558887e+03 -1.210436065684011282e+03 2.932243729220827390e+03 -1.852565111011800127e+03 4.739180552032482296e+02 9.570104494953681069e+02
-4.679770990793898818e+04 1.215091367005377469e+04 -1.520415546602802351e+04 1.343445135677665530e+04 4.547817147043622867e+02 -1.254920919419478196e+02 -8.076833067681862985e+02 1.634449518992396224e+04 -9.798865599246739293e+03 -1.063435613024535269e+04 -9.655854007901918521e+03 4.640001193447296828e+04 -3.351305652708171401e+05 1.387256927966908916e+04 9.702717371192869905e+03 -1.708779389661585810e+02 1.221205099208779575e+04 -3.601216893248257293e+03 1.025727638613317686e+04 9.702828519210299874e+02
-1.605336477769360499e+04 1.331043834907711425e+04 1.402755547027175271e+04 1.594042865647852295e+03 -1.456469620907164881e+03 -5.294679682683794226e+02 -1.994233294914008366e+04 3.617968934194076610e+03 -1.825287547069695393e+03 -2.187469099398597336e+03 -8.641117866166674503e+03 -7.719014107172001786e+03 -1.846568517674744726e+03 -5.521704907560462743e+03 6.111396464723622557e+03 -3.506047527534024994e+04 -2.385412636429329359e+04 -1.525006994068779136e+02 -6.838277196968149383e+02 -3.339615679349507786e+02
-7.111197277660262444e+03 1.671613074717771451e+04 2.602109262061929985e+04 1.310054089593108802e+04 7.365534336439306571e+03 1.370746437451006495e+05 1.172620556274542878e+03 1.061552744165450349e+04 -8.422719176823232556e+04 7.104301355158184015e+04 2.854730283107777359e+04 -3.038438444722905115e+04 8.256222786621430032e+02 7.471807996751842438e+04 7.327942644449393265e+04 9.231895531006852025e+02 1.069634190199608156e+03 -5.937606871569456416e+03 -9.532356437714999629e+03 9.137684147351307047e+02
-9.045574359854303111e+03 2.509472781560665226e+03 6.052602049672834710e+02 8.564211321167173082e+03 -5.749691222825025534e+02 -1.042737895624301018e+03 -5.479558260491886585e+02 2.337874444150977070e+03 2.716819043223619701e+03 -5.838273971440328751e+03 9.895888114277091518e+03 -2.375673958914054310e+04 -4.361648984331934116e+03 -3.282483414749742224e+03 -9.360360308197105041e+02 -2.595746211705441601e+04 3.979367801747012709e+04 2.336766508746085674e+04 -3.981866910769650531e+03 -2.856470254596074483e+03
-1.481595150345340335e+04 1.242803385237396469e+04 1.570190999130454475e+04 1.332070778568963942e+04 7.331774773974005075e+04 2.303748805841373905e+04 -4.776697990587164895e+03 8.826555493126554211e+03 -8.769083453062108310e+04 1.623034366748756656e+04 -1.979901638079014219e+03 -1.235571809333492456e+04 2.497292714653250187e+03 -3.209301768533386348e+04 -6.532737381000786991e+04 -1.050471927483525542e+04 1.397416992311689683e+04 2.449318132345656340e+04 1.970052021911061893e+05 6.292012046977737555e+03
-3.937153958005669847e+04 9.400567375560969595e+03 2.847170868239001720e+04 -7.704187854615644937e+03 -4.774978464673319650e+03 6.019810164568498294e+02 -9.283654984462929133e+04 9.804378563949621821e+03 -1.180067871268931231e+04 -9.444628457886306933e+03 -3.087097540681488681e+04 -2.959314100704528391e+04 -1.036357618702884065e+04 -4.091347559392799303e+04 4.181658393500301463e+04 -5.402395853004804812e+05 -4.130519698641551659e+05 -2.224136468164363396e+04 -2.088010960122931283e+04 2.494672799212529571e+04
-2.014504633504052617e+04 1.062716118458732308e+04 2.187704603092172692e+04 -4.004992194874643729e+01 3.034039012240794364e+03 1.463018706878956800e+04 6.418620641592956417e+02 1.249289990751800906e+04 -3.150278965936683744e+04 1.978632355256642040e+04 6.865371924112107536e+02 1.736591445204674164e+04 5.441890239574638144e+03 -2.966854747822355057e+04 8.864651243631264151e+03 -4.525492308549599693e+04 7.173357789663574658e+04 -1.147044286590801348e+05 -2.054939385332366146e+04 -1.202087136806821036e+03
-4.845963014898239635e+04 -1.541570544048269221e+04 9.484239234665997742e+01 -1.433326655135140527e+03 3.801555477882268264e+01 1.424529441474404337e+02 -7.656487647675451171e+02 1.711225375156304835e+03 3.725176719076168297e+02 -3.168186584693014538e+02 5.590535728672609821e+02 1.677176792397174836e+02 -4.114007897165317331e+02 3.639853548981849940e+02 -1.299490310205508479e+02 -2.736757961005951074e+02 2.945139405312567078e+02 -6.726279036900566553e+02 2.380974075089480664e+02 2.133488693548829906e+04
-1.610941073560613950e+04 1.156123069481411767e+04 1.573583417761863893e+04 5.837334400462806116e+03 2.326162199564835831e+01 1.650356198031033637e+04 -4.068037780515422583e+03 1.035661891079437555e+04 -3.729946746071982489e+04 1.404683879832789717e+04 1.710821710588714950e+03 -1.469335473076033168e+03 -5.597787596941033144e+02 -2.283082617523991212e+04 -2.645860809259167218e+04 -1.277880213074027779e+03 1.312436667495430584e+03 -6.498096393245606350e+01 3.873039812661754695e+03 4.163829232774905904e+02
-3.437694586748853908e+04 4.363935132112445717e+04 -1.058773209746131761e+04 3.759636389478600904e+04 -3.302473007203103862e+03 5.203090023757314384e+02 3.528001198580456276e+03 5.042707398958568956e+04 -1.763883332873938707e+04 6.285165184307043091e+03 -3.733013923886459088e+04 1.506654891795795993e+05 3.155786175545132210e+04 -1.263532975927212101e+04 5.799432393035824498e+04 -5.395504696814206545e+04 6.698289269311168755e+04 2.988614248480086462e+04 4.635650887536801747e+03 -4.033098752045394576e+03
-4.731020123496637825e+04 -1.469433159866551432e+04 1.354962821077710714e+03 -1.193943594655014977e+03 1.100029698844677029e+02 1.460637165353327589e+02 -9.334658415028044374e+02 2.457766672635176747e+03 -1.145151765288820752e+04 -1.825357201454501046e+04 -9.578514503809794405e+03 -2.574953551101198627e+03 -5.297710195786888789e+02 2.224345673094473568e+03 3.291357762523211932e+03 3.142907837700691744e+03 -2.485214770036868686e+02 -5.281840166780744994e+02 9.222504977473798135e+03 -6.732064319768613814e+02
-1.005055247801269252e+04 1.211127819949621153e+04 1.814806301319877821e+04 1.713104002098737510e+03 -7.384986516290947520e+02 1.849638903954301270e+02 2.631827620346493291e+02 4.492503321194731143e+03 2.585103978492023771e+02 -4.717076363491819961e+02 6.117236778623023383e+02 -5.029857117865157306e+03 -8.856321477401608036e+02 -1.477847177811509027e+04 1.216100251721411405e+04 3.724071931467566628e+03 -9.685669186907522317e+02 7.993526594025175314e+01 1.055579779323264802e+03 2.895594359488291616e+02
-6.118336392702911326e+03 1.452206687512630015e+04 2.340050961585958066e+04 1.199350341036896225e+03 -1.123241511912967098e+03 2.269370024592397385e+04 5.795489780464055912e+03 3.888810507206580951e+03 -1.023432068559430445e+04 6.493218951238087357e+03 1.208137926587759284e+04 -1.161099909373802802e+03 -9.477187574415286520e+01 8.841339043272519120e+03 3.430627229176386209e+03 2.299591145979504745e+03 -5.724401449383263753e+03 5.060910923070789977e+03 -2.027118132546699417e+04 -2.315717861225050001e+03
-4.673913713979130989e+04 -8.853704084947181400e+03 -1.324565717245835685e+03 2.174307085133191140e+04 -2.102600165915474463e+03 -2.011175907480983142e+03 -3.624408771151230667e+03 1.541652334835160400e+04 5.487938217911870197e+03 -2.391375712818432476e+03 2.051586932961602542e+03 -2.509506597473141483e+03 3.774468334439976388e+03 5.162799853388232805e+03 1.707006349575900913e+03 1.643605523803813412e+04 -2.328701136595157368e+04 -5.592925736830999813e+04 4.844322060885660903e+04 -1.025449494974027766e+04
-2.235486604198661371e+04 2.416618014640865658e+04 3.543543075524071901e+04 5.851090217953130195e+04 3.042747491571457431e+03 1.027573094784686837e+05 -1.545225160012829519e+03 8.473671837969534681e+04 -2.834340067104515620e+05 1.528325215690184268e+05 7.295172196053875086e+04 4.584430656133819139e+04 -8.686675688953489953e+03 -2.396390756303377566e+05 -2.578815349616229360e+05 4.549441773519771232e+04 -7.038444680056499783e+04 8.313739693864823494e+04 -2.266985218417840370e+05 -9.124035227075943112e+03
-2.633813130551665745e+04 4.655510175957761385e+04 7.792048202930274419e+04 1.705298760866868251e+05 1.350462203067128212e+04 1.490700884144200711e+06 6.954827535520939819e+02 -2.285911798945570627e+04 1.345799503622560451e+03 3.141471316059404853e+04 3.761397262943021633e+04 -1.391868318183369593e+04 -1.305982697548724900e+02 9.673595200752626988e+04 6.108608017389279121e+04 9.446909616927090610e+03 -2.587245014216454365e+04 1.938343713341616967e+04 -1.019158748384186620e+05 -9.482817074284603223e+03
-1.088619993337642154e+04 1.317526386142097181e+04 2.117236603755645046e+04 4.041711014244255239e+03 -5.259441840792405856e+02 6.075108892591435506e+03 3.246665308080391696e+03 1.386471470263610172e+04 -1.657775357397400148e+04 1.271832615328546672e+04 8.999109552614088898e+03 -3.711002903894227347e+04 -5.679937055062571744e+03 -1.089361498368091707e+05 1.247252232001722587e+05 5.592142791276628122e+04 -1.657627994533282981e+04 7.314047632459643864e+03 -4.732871350326957327e+03 1.832988135824754863e+04
-4.332376167140884354e+04 4.873417784566304908e+04 -1.491819379816078981e+04 1.183625997982947010e+05 3.774330498322490166e+04 3.272267325405126940e+03 -6.657788197464812583e+03 1.238686921783806029e+05 -1.073264803249460820e+05 -3.239254324847713360e+04 -1.485637644755731453e+05 4.946661070626931614e+05 -2.562450987102032639e+06 7.993945496745551645e+04 8.424003479697836156e+04 3.541244295918357238e+04 9.498511284400306977e+03 -2.362886442389662261e+04 3.937337699184878875e+04 -6.968172246985540551e+04
-8.928628713382120623e+03 1.674665901302653947e+04 2.577736683744611946e+04 6.102321687053599817e+02 -2.040679600883138846e+03 -7.518980930897862436e+02 -3.325280287823032722e+03 -5.049572418194421743e+02 -9.428342345223016991e+02 -8.867999516089568715e+03 1.807307056304746948e+04 5.866361750680209298e+03 3.452353995058368810e+02 5.017564726951801504e+02 -3.392016767650722500e+02 -7.505352183040329805e+01 -1.591004922325466850e+03 -5.296485687052359026e+02 8.300680884719346295e+02 -7.082173830847629006e+02
-3.770983126473466837e+04 5.487385780222576614e+03 1.397230955163091676e+04 2.078126879706950422e+04 7.888132223667610560e+03 5.041418500662119914e+04 -7.442846384545428009e+02 4.519229222614926402e+04 -1.758634299516984902e+05 8.380269460526382318e+04 2.220801421463676525e+04 2.007865925857896218e+04 1.205491776937907707e+04 -3.255078927226952510e+05 -2.339856602635043964e+05 -4.201601559623531066e+05 7.102285857723297086e+05 -2.104463607909047045e+06 -2.177633794808288221e+05 5.090580878107423814e+03
4.685731885697822690e+03 1.645385799410105756e+04 1.847743884313136732e+04 -2.368317709157819991e+03 -2.941039489283806688e+03 -5.222038321021046841e+02 -4.811809681644837838e+04 5.612711544764637210e+02 9.007510983781915002e+02 1.835491233356485736e+03 -3.322030537835184532e+03 -2.173982898222562028e+02 2.871290417342190153e+02 1.328564523229241786e+03 3.941280651480136754e+01 4.633668672023366526e+03 3.371396108511399234e+03 6.992741954567874245e+02 -1.016397923783411329e+03 -7.531294689898212482e+02
-2.075950754673821211e+04 1.735574884642895995e+04 2.065751150790251995e+04 3.807590349972728291e+04 6.663274109959659654e+03 4.456209492156018678e+04 -2.684955819928812616e+03 4.307311844786351139e+04 -1.324336787665481970e+05 6.853786190284219629e+04 2.318381514679079191e+04 2.247177259818721359e+04 -3.503653585848988314e+03 -1.090735297742958355e+05 -1.157568316832285345e+05 1.540087067622882023e+04 -2.283473653027709224e+04 2.692763873905591390e+04 -7.894766871936942334e+04 -2.089159672239928113e+03
-1.335784412477532715e+04 5.392653224570922248e+03 2.971616937562581825e+03 1.905387220489508400e+04 -2.967550780421677700e+03 -2.583561633666754005e+03 7.440411009900009276e+02 -2.025390919334139471e+04 -1.802770929451634174e+03 4.385586316204737159e+03 -5.493329614280697569e+03 -1.757388606066574312e+03 4.256477700449544841e+02 -5.472627718535204622e+03 5.260608814052414345e+03 2.075946158333256335e+03 -5.314070374452280703e+03 -3.959156515725744157e+03 6.026868224275362081e+03 -8.006412039263304905e+04
-1.686647629273000712e+04 1.164040206756672706e+04 -2.284411681821279217e+03 7.211366774051026732e+04 -7.977096638459711357e+03 -3.034195560038077929e+03 -7.520162289066174708e+02 1.532269036065277032e+04 -8.580206545603065251e+02 5.074808605333980267e+03 -7.502917590836965246e+03 8.306835531253618683e+03 -4.936339768602603044e+02 1.731225306269017437e+03 -4.227407900848860663e+03 4.365979783290364139e+03 -5.125535056711829384e+03 1.727169237790720217e+03 -4.341024392292422817e+03 7.239588291368260116e+02
-2.643763552898166745e+04 3.733526593055090052e+04 6.763889405942482699e+04 1.420863090887261205e+05 4.313969502724552149e+04 1.271015833814267302e+06 -1.308669935687625548e+04 9.499174306960003742e+04 -1.141569845409028232e+06 9.370813689726606244e+05 4.408323173746695393e+05 -4.719446091059840401e+05 1.800154699702349899e+04 1.400029016413799254e+06 1.067892005748613970e+06 -4.399176234783912514e+04 -1.709472291622325429e+04 1.811669281306827033e+05 1.144675960023254156e+06 7.039145206546309055e+04
-2.559770164477151775e+04 2.979880065247676248e+04 2.783031670673666304e+04 7.198208337743113225e+04 1.755597248272430443e+04 5.550650983394089853e+05 -5.766317823965138814e+03 4.836097810299220146e+04 -4.152345177662551869e+05 2.759351938769780099e+05 1.096951162147596333e+05 -1.077999903661747958e+05 7.853058602260419320e+03 2.581209765133506444e+05 1.592626371362774225e+05 -2.002331139616813016e+04 1.390839027940308733e+04 4.059077216078974016e+04 3.216271707936712774e+05 1.560514005322995217e+04
-4.170569853012431849e+04 3.566951537767198897e+04 -2.472702541049672800e+04 -2.150676723236975249e+03 2.602402843072049109e+03 1.262196716088009680e+03 2.139134386596199874e+03 2.137510567544471542e+03 -3.100423441862583786e+04 -3.972437739399601560e+04 -1.564639807826947072e+04 -3.859406186008812256e+03 2.197405870810351644e+03 3.486697873221015016e+03 1.421154706905535932e+03 2.164999739239672635e+03 -4.907765030914619615e+02 -2.921943385272501814e+02 -1.049295390231101010e+03 -1.918220264845780775e+03
-2.385462484451163618e+04 2.486420997840817654e+04 1.985899062703092932e+04 2.606566015606248766e+04 6.524290081974828354e+04 1.197540857949026977e+05 -2.522104053184604345e+04 5.138320005340837815e+04 -4.068107338129751734e+05 8.717485765783698298e+04 -3.440020882090481336e+03 -5.435636039916195296e+04 1.055315242262187348e+04 -1.586191986537564371e+05 -3.060571469498720253e+05 -4.426287458800330933e+04 5.977519011678752577e+04 1.055942142556195031e+05 8.310966173137951409e+05 2.717668291618834337e+04
-4.170324232268446212e+04 3.592800288983647624e+04 -2.631111025582168440e+04 -5.215194680268988122e+03 9.961860748760462911e+02 5.561228440108310451e+02 1.341938083209331353e+03 -4.304916567621631884e+02 4.213094467389594229e+02 1.276632886864748002e+02 1.716021576201648713e+03 -2.214880664581806684e+02 -6.278360627224361679e+02 -2.600806059232396592e+02 -5.757933517513070854e+01 -2.423856012809914944e+02 -3.644378215321171410e+01 -8.380023343760741454e+02 1.149647840141556117e+02 2.120631091592619850e+04
-4.589368464421355020e+04 -1.203300022316408831e+04 6.078931012906598880e+03 6.449570804826877975e+03 6.258107180087364395e+04 -1.690336489392046133e+03 -2.466131763986879832e+03 -5.761857160954555184e+02 2.130652173283453266e+01 -9.065215702016051864e+02 -4.412910171075057519e+02 3.337734950169694343e+02 -1.240196484897655580e+02 5.811739553175121955e+02 -3.358678130788852627e+02 1.142204032571900001e+02 8.788563715340113447e+01 3.897369094780198395e+01 5.515875041685844735e+02 4.181866744270756158e+02
-4.230074632648596162e+04 3.173283367173568331e+04 -1.181595865101451818e+04 7.022798172212296049e+04 3.528531896716216579e+03 7.898680008489934153e+03 -5.763680276387690355e+03 7.020235113786105649e+04 -8.040181862613800331e+04 -3.238103336256204420e+04 -8.247568561438926554e+04 2.313521132912283356e+05 -1.214324406624735100e+06 3.285774123662659258e+04 3.262960412621330761e+04 7.592509437942585464e+03 -2.003601040810386849e+03 -9.984261045926943552e+03 1.619860374059043897e+04 -3.105760709461279839e+04
-4.602943147526719986e+04 -1.264689863789241281e+04 3.977983541881245856e+03 -4.699698354103416875e+01 -4.530022228453654520e+02 -1.513452401315360305e+02 -8.306502588745566754e+03 2.768450996686508006e+03 -2.053515310426852466e+03 -3.485854513877726276e+03 -5.982718044148912668e+03 -6.529510876289482439e+03 -1.815652155286429434e+03 -4.565033017427119375e+03 5.397040189435899265e+03 -3.505207940036319633e+04 -2.350753317250120745e+04 -1.858441280671968343e+02 -7.520672148716734000e+02 2.543486747477951155e+02
-8.210818637169291833e+03 2.413718294979352504e+04 1.716373105820492128e+04 -4.567443199105820895e+03 -8.367644401783372814e+02 -1.053849634233054786e+02 -1.919941282794092785e+03 2.147506058338887215e+03 8.134684401209972293e+02 1.498072231123204347e+03 -3.406282996612865645e+03 -2.376433657839240254e+02 1.184789006705072012e+02 8.384256554084106483e+02 -6.229358071836537647e+02 1.457485476565771023e+02 1.436549425533525266e+02 8.070335997058337796e+01 4.964403304567463238e+01 1.006397940737170131e+02
-4.161313609180256753e+04 4.485833937187746051e+04 -2.857399822060958104e+04 7.342522059856487613e+04 -7.147547635326703130e+03 3.787462652981037081e+02 7.165916196461229219e+02 3.945571135009588761e+04 -5.615497919158735385e+03 1.074772644658362333e+04 -1.791488276287733970e+04 5.279061122559754585e+04 6.456094998618345016e+03 7.608573222836162131e+02 4.821134528279585538e+03 2.517853316918646669e+03 -5.197553683742189605e+03 1.329530895538381446e+04 -4.473857509560351900e+03 9.885516550589499047e+02
-6.005801382693804044e+04 7.946957366457776516e+03 -1.882853392514747247e+04 3.468070563150446833e+04 -3.047179817751596147e+03 -3.089231438969155533e+03 -1.451263637073842119e+03 1.425096716454330453e+04 5.448194512222854428e+03 -3.834411894249708894e+03 5.399624714817246968e+03 -1.183631818792950253e+04 -7.794421267489299225e+02 3.373585408317559995e+03 -2.971284965208081303e+03 -1.364007072798135141e+03 3.309333519427076681e+03 -1.570916348790380425e+03 6.055355516523071628e+02 1.014540196315255798e+03
-3.554026767851319619e+03 1.499590021851034908e+04 2.195303027923183618e+04 -3.014796808597582640e+03 -9.362850679112053740e+02 -2.695928555614422635e+02 1.853124799730459017e+03 2.146456410872578090e+03 8.866893216584236370e+02 1.237294048095335029e+03 -3.053757941709901843e+03 -8.386367172640008221e+02 -1.319981023820169597e+01 7.407219022362764917e+02 -7.028919393411709962e+02 4.664750375206605071e+01 2.149904296326902795e+02 6.697823672133885076e+00 9.968490814892652452e+01 6.854563117346212664e+01
-1.899173229656412877e+04 1.302264136289020462e+04 1.453720027140481398e+04 4.351623389599451002e+03 -1.212337820620023422e+03 -7.611313950173860121e+02 -1.123264152841411851e+04 7.165881112316358667e+03 2.818342504021009518e+03 -8.529656580740079335e+02 -9.537691119093592533e+02 -1.467717332398533290e+04 -1.750110610703719203e+03 -3.428793701722664082e+03 1.206455775732885741e+03 -9.310539762629445249e+03 1.346926530645637104e+04 5.560460007143740768e+03 2.011312246257540437e+03 -4.948378306273406793e+02
-5.546119298651985446e+04 3.804472669580615911e+04 -3.275563738231145180e+04 1.625516144212416293e+04 -7.987058034341426946e+02 -1.416083918428052584e+03 9.379621780746411730e+01 7.096371587050633025e+03 4.055630058253592324e+03 -2.334524437464613129e+03 6.265412748652393020e+03 -9.276827293513177210e+03 -1.143420311903015772e+03 1.063000791825436181e+03 -1.496643316399691685e+03 -2.072633125466175443e+03 3.644683421991551768e+03 -7.076062114956390587e+02 6.102212604987062150e+02 1.081607420375244857e+02
-2.830960972060845961e+04 2.094940910174394594e+04 3.948851229995648464e+04 7.609571213603494107e+04 1.078616593434635070e+04 6.343546336269358872e+05 -5.086296318517659529e+03 2.556159017436513750e+04 -2.264619022354751069e+05 1.809366831967913313e+05 7.731502973803209898e+04 -5.511533573551445443e+04 4.117080875205255325e+03 1.676618768784260319e+05 1.399516073956373148e+05 -2.269842896488274710e+04 2.778655930406478001e+04 -5.318505593648167996e+04 -2.852896866593321101e+04 -1.173283202514548520e+03
-2.469161469459124783e+04 4.790136397542685881e+04 -9.084763030579737460e+03 -9.727573929073711042e+03 -2.420514050154646100e+02 5.251192128514551314e+02 -4.078095725758863409e+03 -7.668087787148093071e+01 8.836520030307206071e+02 2.850376069602787538e+03 -3.912779352183637911e+03 -3.081250488928181994e+02 -1.091426103737648212e+01 7.380371179802305051e+02 -9.282813303143461781e+02 5.242154609366180011e+02 -3.640604583941338319e+02 -3.389060951029642297e+02 -1.179545489244987095e+02 3.485967702867882281e+02
-2.250580452549349866e+04 8.375156200019884636e+03 -4.439151345675237280e+03 4.574505153948778025e+04 -4.942737933643205906e+03 -4.214062259382239063e+03 -7.593385731301681290e+02 5.385091978870405910e+03 3.356230159628070396e+03 -1.475604609588371432e+03 1.515428148117685623e+03 -8.539279823660255715e+03 -6.030717733814234407e+02 2.078593376578714015e+03 -2.157473038342057862e+03 -2.992254949691766797e+02 1.491834374454457247e+03 -1.070639927758732483e+03 -6.660233465712768464e+01 4.342173851275234711e+02
-3.985854470205736106e+03 1.626737268648403733e+04 2.358006378409234821e+04 -3.042997147972142102e+03 -1.192327869813424741e+03 -3.518316319021581080e+02 3.964249861523143750e+02 1.517923639413455703e+03 7.652764827384811497e+02 4.434387648639896042e+02 -1.342788800346706466e+03 -6.483870696103889486e+01 3.759152807730907853e+01 9.734636632015244686e+02 -8.028833640742254829e+02 1.390217604506810858e+02 1.514890149564050432e+02 -6.539761899071137918e+01 1.749786673035120828e+02 1.653690799658207027e+02
-4.604627741940411943e+04 -1.259906075228155714e+04 4.576054832466073094e+03 1.937791861520115390e+03 4.289908033490660273e+02 1.602205318481282666e+04 -3.010843108189032137e+03 8.336419234093518753e+03 -3.707189018879443756e+04 1.345619431214451470e+04 2.521004675497531935e+03 -1.771540826357301512e+03 -5.522307809826711491e+02 -2.169653438903723509e+04 -2.672028257042165205e+04 -1.423384993807663477e+03 1.885098753698848668e+03 -5.605461733229212768e+02 4.342865661380819802e+03 9.581481931211824303e+02
-2.142296379749858897e+04 1.041763452194973070e+04 2.081903354883680731e+04 9.463889251301739023e+02 -2.021471384070288195e+02 3.780841407464974054e+03 1.269368186513014962e+03 1.459802745676941049e+04 -2.806640317478587531e+04 5.089625832834615721e+03 6.098118569305655001e+03 2.280313857896738409e+04 2.641740493399207480e+03 -6.858081959790144174e+04 -6.816523213534759634e+03 -2.935391458730932936e+04 2.976369592426181771e+04 8.545975715258409036e+04 2.587739757612833346e+05 1.352833369631474909e+02
-1.634734480272500696e+04 1.689519701039140273e+04 3.100873103696448015e+04 2.601264623958627635e+04 2.110497511267174850e+05 -5.905270478579877818e+03 -4.248878554481485480e+03 -3.423451831658474021e+03 2.835954355154500263e+03 1.480972562610847262e+03 4.957891204323231591e+02 8.482351965876323447e+02 5.002372427578213774e+02 8.690897002965563161e+02 1.944527582295013701e+02 3.281772234728944113e+02 -4.003895635515268623e+02 8.425132268611480413e+01 -1.216642419325168930e+03 8.708482554572530887e+01
1.468612605003938143e+03 6.360094835348251763e+03 1.009070672620227197e+04 1.413285729582504428e+04 -3.177951877920158040e+03 -2.356446831336069408e+03 7.405901741349581471e+02 -2.396499786613540709e+04 -3.775987935979716440e+03 1.051301344740092645e+03 -2.091233887424808927e+03 2.184653422391384993e+03 -1.607737235534344933e+01 -1.025427064449024328e+03 1.235328183099971056e+03 -9.424296267205533013e+02 1.256278153289277043e+03 2.724525633585727178e+02 7.601069163628149283e+01 3.169811563699458475e+03
-4.603656939205362869e+04 6.038667040273424209e+04 -8.443038476440071463e+03 1.819720923602802941e+03 -3.049573448227739846e+03 -3.630752441140593305e+02 -4.218670181054138084e+04 7.236363770099110297e+03 2.278857103565853777e+03 4.648335578771001565e+03 -8.600993113988528421e+03 -3.531174230585871555e+03 1.366015887482049322e+02 5.427320463229368670e+02 -1.209392400804117216e+02 1.594691418204827187e+03 -1.467599807196443180e+03 -1.535973827377284579e+03 3.609158174215575627e+02 1.910222595395739290e+03
-3.069267778372864541e+03 1.074809579870077869e+04 1.733889103075148887e+04 -2.025430908452960011e+03 -6.877988784184351516e+02 -2.555555121597658683e+02 4.837602113323865524e+03 1.210450948097465925e+03 6.711108164497476309e+02 9.460937487739917060e+02 -2.413168429634519725e+03 -6.761362127685246151e+02 -8.572658538537799799e+00 9.751407177062457095e+02 -8.331855805139051654e+02 -3.536508468025517260e+01 2.347548396106662096e+02 1.103880163480415746e+02 -8.693174780146425462e+01 8.363098209543318262e+01
-6.693004950686182383e+03 6.609524085583758279e+03 9.100409208474344268e+03 1.652474942807321349e+04 -2.817821834485060663e+03 -2.430720997198343412e+03 5.503951217081182676e+02 -2.035592578535259599e+04 -3.218263108393903167e+03 2.428992784680086061e+03 -6.042945736843829764e+03 -3.865921004175457256e+03 -5.568065406408966282e+02 -7.504800211615535773e+03 6.010098645392392427e+03 -3.642625091953964784e+03 1.977577153463665809e+03 3.588901314781805468e+03 1.018788226311165772e+03 -1.181759418696336070e+04
1.020466692481445170e+04 1.826724739075810476e+03 2.576817778640503548e+03 6.098784723558389942e+02 -1.557568190918597963e+02 -1.445699823826637953e+02 -1.095591142935036032e+03 6.950723556822944715e+01 -5.549118644627020203e+00 9.231518758643327160e+00 -1.603355840006254880e+02 -1.540237869990497472e+02 -1.172223562339311620e+01 -5.217164467256810667e+02 3.836054861383244088e+02 -1.143450676056332611e+02 7.291108241019050240e+01 1.103730590264053006e+02 1.894990366504131600e+02 -4.539660005475726621e+02
-2.114605577887500840e+04 1.468664175745764442e+04 1.549001863717143715e+04 1.051868572828182550e+04 -1.943147111469007996e+03 -1.404097632119862510e+03 -6.654763990392226560e+02 5.402212284486389763e+03 1.324918904720894034e+03 -8.810118561078663333e+03 1.704424240040517907e+04 -2.003738423665591881e+03 -5.778164139035977769e+02 7.130518847948667371e+02 -1.046989918101849526e+03 -2.040393306873791516e+03 1.512939451992022214e+03 -2.958445085500565028e+02 7.948733082341020690e+02 -7.227401949623704240e+02
-4.042270839833164064e+04 3.790526278638518852e+04 -2.697182097312936457e+04 1.907056595702906998e+04 -1.256398650870259871e+03 -1.060927000112190171e+03 1.223006628831157059e+03 1.776737413711446061e+04 -5.665659459062241154e+01 1.360677998662256641e+03 -5.582048255163730573e+03 3.066334923661582070e+04 7.676818489016569401e+03 3.452515892717041766e+02 1.037861782378534917e+04 -3.169326550489249712e+03 1.898287322294795331e+03 7.107361876465457499e+03 3.720568409066732784e+03 -3.002866525419844379e+02
-3.885188543786622176e+04 3.614554735393063311e+04 -1.928431437533532880e+04 -1.280410324934097162e+02 3.362278403425074430e+03 1.755579447067759611e+04 -2.080799369136945643e+03 1.022364857648575344e+04 -6.862281947477858921e+04 -2.563567161726557242e+04 -1.514341436542062002e+04 -5.569973965455727011e+03 1.649428191045172753e+03 -1.870035693211021498e+04 -2.507868034628782698e+04 7.861500935109967259e+02 1.263293472028774659e+03 -7.942321736600966915e+02 3.267838858233412793e+03 -7.707681745238852500e+02
-4.586502836607577592e+03 8.488510284470283295e+03 1.165154366737522832e+04 1.534541688945886017e+04 -3.253756046806628547e+03 -2.476968582949659321e+03 -8.744186264888368214e+02 -2.315219052688476586e+04 -3.672314937410210860e+03 7.219346934213241411e+02 -1.535639048854955945e+03 1.944186671604729554e+03 -4.280145972048394754e+01 -1.457890124649977224e+03 1.545558412831472879e+03 -1.001945475293728691e+03 1.265880070366229575e+03 2.371751723375970755e+02 2.384349359408787166e+02 3.104735418129783739e+03
3.749558053808758814e+03 2.652323914233173491e+04 2.345675984804666950e+04 -6.648578568814038590e+03 -4.183270083533191610e+03 -1.164785018458423167e+02 -7.642554506508655322e+04 4.101615622006890590e+03 1.975487295723471789e+03 7.122825402596139611e+03 -1.313612769508205565e+04 -3.542092329328891537e+03 1.716485928551269922e+02 1.193855563441033155e+03 -1.168212736684039044e+02 5.173827759661508026e+03 3.447860358106839612e+03 8.585222476082865342e+02 -1.715509127154778298e+03 -9.719371644115707340e+02
-2.081491529800353965e+04 2.536192500879427826e+04 4.180535227300409133e+03 1.058841491485599727e+04 -6.083650581761662579e+02 5.134653224016008153e+02 3.229287961229107623e+03 2.940504650858150490e+04 -2.199605304515414900e+04 -7.173503918167863958e+03 -3.149502502192467364e+04 1.129996622069243313e+05 2.546375768909037288e+04 -1.242796357310104941e+04 5.068274152195960050e+04 -5.148634246487871133e+04 6.603048786401413963e+04 2.013479243543765915e+04 4.224748431478848033e+03 -4.690543400010044934e+03
-3.885754238286243344e+04 3.844015346544401837e+04 -1.820402894868577278e+04 3.710542575426932672e+03 6.524432475835754303e+04 -3.876395604497004115e+02 -1.671777369203816988e+03 1.056917082525432761e+03 -3.129947152805522637e+04 -4.010621162932412699e+04 -1.809691994047061235e+04 -3.857216842723535137e+03 2.063647862063735829e+03 3.857529202163734226e+03 1.467494285133613403e+03 2.206912003982021815e+03 -3.207175426645683274e+02 -2.984997100814321129e+02 -3.287676974585270386e+02 -1.296538244802725330e+03
-9.694115553253037433e+03 8.498331117361738507e+03 1.340979707790653993e+04 1.943932677380495079e+03 -5.771356590550936971e+02 -4.227292134367203857e+01 1.477771271646309970e+03 3.430668436862628369e+03 1.229207171863581891e+02 -3.890647570989339670e+02 4.090399009551115341e+02 -5.104945471072885994e+03 -8.859690798926768593e+02 -1.458427486999473695e+04 1.238185480395576269e+04 3.542163088678006716e+03 -8.696972615280493528e+02 1.656736600419639274e+02 1.049710939008353989e+03 2.957068019875061395e+02
-1.708636728398345440e+04 2.835189174431263746e+04 6.586308687313713563e+03 -4.901950806097447639e+03 1.834501097847514984e+03 1.047673046542375914e+03 1.521118082522548093e+03 3.529827770442487235e+03 -3.096794889893596701e+04 -4.028766569875829009e+04 -1.560307267959708406e+04 -2.689018817350478457e+03 2.364681543432397575e+03 4.393882550741890554e+03 7.508663857060430473e+02 2.230344054615500681e+03 -6.242688887996140465e+02 -4.744686105552485742e+02 -7.202272152496885838e+02 -1.552508230545669448e+03
-1.906133798403401670e+04 5.929686040688092362e+03 7.950987437780891014e+02 1.751554533172423544e+04 -2.164743925255562772e+03 -2.009722034734079671e+03 8.877345768713689722e+02 -2.599225476543303103e+03 1.214136495749991354e+03 -5.792790490622247717e+02 1.204963065550132342e+03 -5.356482304430191107e+03 -6.946990364526002395e+02 3.566520873994959970e+02 -7.735002646214209108e+02 -1.254342862553531177e+03 2.270071314961387543e+03 9.101984918856459217e+01 -3.758602987834846232e+01 -3.851327682795522946e+02
-4.861925358469529601e+04 -1.529122355248909116e+04 3.919631579043586953e+02 -1.313554834091398106e+03 2.646905443256840726e+02 2.708334404544664835e+02 -4.017495442988223999e+02 2.769166628498525370e+03 -1.704728812606236534e+04 -2.703502972260870229e+04 -1.266407902671324700e+04 -3.363667376246995445e+03 1.209436609269024757e+03 6.325624154297576752e+03 3.038673012404754900e+03 5.305891173411149794e+03 7.844525373313683758e+02 -9.058141720356732094e+02 -5.976987565580395312e+03 1.023607467423242497e+03
-4.497560914768552902e+04 -1.201604209123886358e+04 5.309826484159038955e+03 1.043054283205260191e+02 -3.748424338867728238e+02 1.119628517855334167e+02 -1.248291171715571579e+02 3.567363206870639260e+03 2.175775992060211763e+02 -4.081280349976337902e+02 6.180110491064101552e+02 -4.960572751337494083e+03 -8.285484604035052598e+02 -1.363918249631085928e+04 1.185007122673222511e+04 3.586646625777939789e+03 -5.047427174203558025e+02 8.135508620338127628e+01 9.193478737572451109e+02 8.169647232449573266e+02
1.737660067703311142e+03 6.842223146085689223e+03 8.530473056279113734e+03 1.084222877328795903e+03 -1.670530243031221289e+03 -5.675291493409074519e+02 -3.329805261301442806e+04 3.961407558644798428e+02 1.017677214322915802e+03 1.699831260311221286e+03 -2.908428557874774469e+03 -1.415943081672034623e+03 5.693009349797829088e+01 7.947993439029471574e+02 1.251380388060880904e+02 4.070616838382342848e+03 3.768535579864506417e+03 9.169985697735766053e+02 -9.394395479644862235e+02 -1.375225983487904614e+03
-2.052077178298959916e+04 1.660445905542360197e+04 2.879499857316013367e+04 5.835947051512953476e+04 9.273331474815551701e+03 4.280261819462065469e+05 -2.010907309082511119e+03 2.165491414647410420e+04 -1.567524556811203947e+05 1.054399511423039221e+05 4.013965190847685153e+04 -2.344780617543647531e+04 5.249393993683896724e+02 3.442656397561045742e+04 1.320083604415836271e+04 -3.233084803397930045e+03 2.593060172749635058e+03 -2.943761578096969970e+03 -1.982721462025697974e+03 7.377554888684237540e+02
-3.974917303996800911e+04 2.992474114119260776e+04 7.071599825384917494e+04 2.119786576615697704e+05 2.921329843516815163e+04 2.260459814969441388e+06 -1.914860276708381571e+04 -1.197141876558182703e+05 3.777748173153723474e+05 -2.296517968083749874e+05 -1.297108764629842626e+05 6.304044928217919369e+04 5.534690031535938942e+03 -1.422523746465898002e+05 -6.509183787714028585e+04 -5.075145329514676996e+04 9.022648044844013930e+04 -1.260102463768135494e+05 5.543411406090674427e+04 7.031130045779574175e+03
-5.162521310910074681e+04 -1.271343261231841097e+04 -3.120208428400496246e+02 5.737515460154101675e+03 -7.443238315291016534e+02 -6.210889296219453399e+02 -1.841313214072346227e+03 3.611071801048181442e+03 1.788051130713903149e+03 -8.109693491821423095e+02 1.203868339405702045e+03 -5.560959425549955995e+03 -6.505225038791033967e+02 1.846288932637966695e+02 -6.525170133771390510e+02 -2.497993559059098061e+03 4.070714929814056177e+03 1.176847226268067743e+03 3.356057886337805485e+02 -1.102938076777046774e+02
-1.798842538146696825e+04 4.954870057952361094e+04 6.624427122062076523e+04 1.691498248945044761e+05 3.257345805549751822e+04 1.649393917458940065e+06 -4.989629612342580367e+04 -3.554240069386406685e+04 -9.466300144692294998e+04 2.129001645318601732e+04 -3.333268620656186977e+04 -5.057967760211412678e+04 6.858889694239965138e+03 2.927014878705757292e+04 -5.219288908171098592e+04 -2.847925344146874340e+04 3.904351533213146467e+04 4.968354969310510933e+04 5.149812770130569115e+05 2.295569178063119034e+04
-4.138610156462338637e+03 1.835379637483607803e+04 2.633218303254920465e+04 -2.948171802246607058e+03 -1.669322068028032163e+03 -5.273811829977371417e+02 -1.863511166587654088e+03 1.018441649497872561e+02 4.924437410036195502e+02 -1.281285095137166081e+03 2.372420399700348298e+03 1.609517805958760164e+03 1.477316163064161572e+02 1.497320108777359565e+03 -1.031531636698329748e+03 3.286834364435956104e+02 1.610397125117775374e+01 -2.075937726223241668e+02 3.101850708627263771e+02 3.632102240400253095e+02
-2.842612371602406711e+04 3.394389595640606422e+04 -2.573271546517373281e+03 7.211999903506254668e+03 1.255506239221506621e+04 5.556649504995746975e+04 -4.329060295747643067e+03 2.113714561046274321e+04 -1.497393291668822931e+05 1.060573247618822461e+04 -9.070290599819409181e+03 -1.317290322630110677e+04 4.083001031238995438e+03 -5.113309756212335924e+04 -8.927017516897580936e+04 -1.085564768095692853e+04 1.557976980717755578e+04 2.405901330626225899e+04 1.979462224351863260e+05 5.789189069896457113e+03
-1.796564183407655582e+04 1.416536463670041485e+04 9.573164648238633163e+03 5.271567534849916228e+03 -5.911500651686019410e+02 1.008822259990533894e+02 3.239996251780798048e+03 6.674103169258970411e+03 -1.769927287507920710e+03 1.205961761533652634e+03 1.323473009105640813e+03 1.499482221025775175e+02 -2.443610763422934178e+04 -2.893628392368377718e+03 1.219406926536243736e+04 -1.700304116570880797e+04 2.419280560340997908e+04 -5.141848025089805014e+04 -7.727279143571268833e+03 -1.330974776082315657e+04
-3.524441425842699391e+04 1.178637168715062580e+04 1.445507316343285675e+04 9.359982800882291485e+03 6.119413399034775694e+02 1.304539132590885492e+04 2.595996027179665361e+03 3.831054843540570437e+04 -4.155330466308815085e+04 1.914664494520594235e+04 -2.673154172047446264e+04 1.314564334532577195e+05 3.070207882282851642e+04 -3.772814138030936738e+04 6.163505172778565611e+04 -9.765686909562136861e+04 1.384372998719698226e+05 -9.459192757047677878e+04 -1.584150550664950970e+04 -5.557602230400664666e+03
-1.474737250935791599e+04 9.706790779316372209e+03 -1.218594709639549819e+03 5.599930569932251092e+04 -6.283141816194591229e+03 -3.341933106765709908e+03 -5.128673321155887379e+02 8.815809103676439918e+03 4.268465919429743849e+02 2.674647473243412605e+03 -4.522010047861407656e+03 2.727845054611718297e+03 -8.913186735737644995e+01 1.539581617962056271e+03 -2.644752682270767764e+03 2.981942507201863009e+03 -3.451106569617490095e+03 1.337521056895216702e+02 -2.145087459099830994e+03 4.373664169836131350e+02
-1.173089808114931475e+04 7.538796945373979725e+03 5.183438238657755619e+02 3.705925480450007308e+04 -4.326162513427017075e+03 -3.563652706338182725e+03 -1.936247120250668274e+02 1.193444718176186598e+03 1.648885708157940599e+03 1.820722158870654255e+02 -1.462401867605056168e+03 -3.081786065109945866e+03 3.465470112068286994e+02 1.236311176837968787e+03 -8.742217695285930859e+02 1.472964104532310785e+03 -1.649803147356838963e+03 -1.504188061340830245e+03 1.792286224789186520e+02 1.265158621437067126e+02
-1.525443992487793003e+04 7.077623064644822080e+03 9.512291142218751702e+03 3.118144729186643872e+03 -7.086784582558278771e+02 -5.911942364834347927e+02 -7.931795223836072182e+03 2.279317623415576236e+03 -2.163708608195961460e+03 -3.601951062749214543e+03 -5.938619848477859705e+03 -7.066364853734558892e+03 -1.890636402099750057e+03 -5.574262677188982707e+03 6.121128113676387329e+03 -3.533263166964429547e+04 -2.371934061963531349e+04 -7.632343087787162972e+01 -5.621747357555450435e+02 -2.617263423194282268e+02
-1.486846883517580136e+04 1.136821949262741146e+04 1.458457829270720867e+04 7.033999543196741797e+02 -6.744738411174938619e+02 -4.883817028142534866e+01 -7.964290242511269753e+03 4.637691785026358957e+03 -9.723932350456241693e+03 -1.413783559918414903e+04 -1.029544250325665053e+04 -7.372599780189180819e+03 4.070152933111554034e+02 2.539994586898459602e+03 5.882840403279200473e+03 1.104959508006957094e+03 2.453036734629988587e+03 -7.729986859748585175e+02 -6.248476670535079620e+02 -4.629712239243001932e+03
-4.880349053835404629e+04 -1.576622816152421183e+04 -1.040495102792968964e+02 -1.415571778734311238e+03 -2.625711720901910340e+01 1.008855045647721198e+02 -3.922786444213014079e+02 -2.468287309379668315e+01 2.605991167348727799e+02 3.977556105627728016e+02 -1.510840174534471103e+01 3.539440584010856128e+02 6.711450593961298239e+01 1.312677884807988278e+02 -9.003171426881678485e+01 1.379678248498570952e+02 -4.768025549353293258e+01 7.451284961845256305e+01 -1.867457463795763317e+01 -6.497709707814757394e+02
-3.910819667834944994e+04 3.635711850487681659e+04 -2.221929234384713345e+04 -3.315298859977242500e+03 2.599641030019798109e+03 1.304544047363745904e+03 -5.611903468576043451e+03 3.991677738283229701e+03 -3.372209692798650212e+04 -4.277484244078306074e+04 -2.325975603749015136e+04 -1.025429043704729702e+04 4.026306506200048148e+02 -1.524834652175862857e+03 7.162790460024280037e+03 -3.288505210012617317e+04 -2.411315516544608909e+04 -4.502570374609667851e+02 -1.754374631850071182e+03 -1.460548585888313255e+03
-2.438168735087937239e+04 1.971595916517002479e+04 1.229323121655588147e+04 1.902428822153570945e+04 1.742421789129761601e+04 1.020112234668273886e+05 -7.373510181847733293e+03 3.605563494360994810e+04 -2.561003511363090074e+05 6.317327094125978329e+04 4.215266147272779563e+03 -2.745157843361069899e+04 6.459212346842058651e+03 -8.348108758615814440e+04 -1.575040963200665137e+05 -2.678796364291038481e+04 3.339837897773013538e+04 6.932316416428929369e+04 4.745511045009249938e+05 1.497856889621226219e+04
-1.623667630351926164e+04 1.143582305720481600e+04 9.035557672551800351e+03 2.374644574968465531e+04 -4.221482659327930378e+03 -3.420456512252624179e+03 -3.246701413941373630e+03 -2.000927007570397109e+04 -1.686513886384442230e+03 -2.662233702574138988e+03 4.813012793719722140e+03 -4.135640363888366664e+03 -1.078382732405181059e+03 -1.657005067609678974e+02 5.369264840539045025e+01 -3.265720730527606975e+03 5.214832059501814001e+03 5.624890097840867611e+02 2.829381462452729465e+02 3.402162838571274733e+03
-1.975279732357382818e+04 1.188896676397127885e+04 1.111619161521476235e+04 1.026547776009725931e+04 -1.230277706200320836e+03 -4.889341961081767636e+02 8.468010766779689220e+02 7.342521935907755505e+03 1.804033169218152807e+03 -1.973082836182892834e+03 2.919771365860566220e+03 -9.017182091690283414e+03 -1.342837847044487944e+03 -1.396346573268299653e+04 1.160959129600610140e+04 2.582753342512626205e+03 8.747951525559014954e+02 -7.818023262406877905e+01 1.366325193159149194e+03 4.422388689908414108e+02
-2.476029596204999689e+04 3.632401082147636043e+04 6.497840744970778178e+04 1.449388408518014767e+05 1.238282876076669345e+04 1.248392132826576009e+06 4.842346769624013177e+03 -1.196355488747168238e+04 -5.440350265927212604e+04 6.710946936223628290e+04 4.639504054879951582e+04 -2.552647861647497120e+04 4.477684988424879862e+02 1.167802367634338589e+05 8.129403758334662416e+04 4.502344148423728257e+03 -1.689030751550530840e+04 9.411938831219253188e+03 -7.550771284210836166e+04 -6.569709674630652444e+03
-2.265731297519812142e+04 2.234695506153512542e+04 2.559682736975718944e+04 5.362120212191770406e+04 1.458460980958009895e+04 6.044944385342163878e+04 -4.453231651738233268e+03 6.305195722278525500e+04 -1.940937828125434462e+05 1.020666306425275106e+05 3.933751052598217939e+04 3.646691799788355274e+04 -5.706856136956735099e+03 -1.703766007929254556e+05 -1.815877400914494647e+05 2.927582123503397452e+04 -4.394864496256424172e+04 5.316929100505715905e+04 -1.373997762314494757e+05 -4.356420208948935397e+03
-4.319488219543803280e+04 6.242898185686151555e+04 -2.814625898710912952e+04 1.023536748487168079e+05 -1.055835917226787569e+04 1.252674907145240468e+04 7.640337030690906431e+03 1.286150684878382017e+05 -4.581929676430006657e+04 6.699828528121227282e+04 -9.706870537884772057e+04 3.569976381445627194e+05 5.658024740362143348e+04 -3.579412319912680687e+04 7.724263761223779738e+02 1.728781271775501227e+04 -5.843533120013753069e+04 4.947576003282786696e+05 -2.498909080253474167e+04 4.660401905915700627e+04
-4.724272331867728644e+04 -1.390748431346883262e+04 2.404928069404420967e+03 -6.711544867863242416e+02 -1.194046188672545270e+02 5.061108723405947671e+02 -6.084883538922646039e+03 4.466677852018684462e+03 -9.126383498283215886e+03 -1.231110916518921113e+04 -8.914799478025737699e+03 -8.181292272726836018e+03 1.167155749956358477e+03 4.054642787853440041e+03 6.631528372984205816e+03 2.621555068108697242e+02 3.906496695234650360e+03 -1.066195858933878071e+03 -6.717573407363710430e+03 -6.185899567028831370e+03
-7.512696008776874805e+03 1.263760526393068903e+04 1.703824055911217147e+04 1.573126620054047453e+04 -4.143250074840376328e+03 -2.775071670199210985e+03 -5.980214710293484131e+03 -2.496379458047300795e+04 -4.070577547931028221e+03 -1.811614340734349753e+03 3.898606420076176619e+03 4.468533012412626704e+03 1.560583353214165925e+02 -8.814052897743873700e+02 1.385642708076289864e+03 -6.649809427556631363e+02 9.128771012925642481e+02 -1.363041766652125197e+01 4.890934179446066423e+02 3.335828108681316735e+03
