-4.176319683182665358e+03 3.735965951647936890e+03 6.121674474623063361e+03 8.665418455583567265e+03 -1.809801295288727943e+03 -1.330926091616079475e+03 1.778710957592273871e+03 -8.869110444611753337e+03 -7.162626482165132984e+02 1.523548081796434417e+03 -2.109354590031357020e+03 4.957543486989143133e+01 -5.204989040958494684e+00 -2.551677582675549729e+02 1.473901630493307380e+02 2.107769347955235162e+01 -9.188816428020896154e+00 1.557924822016738347e+02 -8.330386553346275491e+01 -1.134697390313456253e+03
2.099516953713400653e+04 -3.093364704694577995e+03 -3.395692535204427259e+03 -4.312914836620520873e+02 1.632688026197753004e+02 9.576812257691351249e+01 -9.449600280651341677e+01 2.137859068282538431e+02 5.141685828031418382e+00 -4.420235061702754109e+01 1.123771369403965821e+02 4.006630320107284859e+01 4.025076644560063421e+00 8.525736949665247977e+00 -8.427321812719332783e+00 8.718392554902452574e+00 -3.282690032475998265e+01 -2.476360741192647552e+01 5.119356131717524683e+00 1.808562464475250930e+00
-5.161586976470709487e+04 -1.269930629772641987e+04 -3.222702140280352410e+02 5.788396488025391591e+03 -7.493981618053346665e+02 -6.251909744228896670e+02 -1.864716361109553418e+03 3.644038846304515118e+03 1.788166432508236085e+03 -8.298392752799496748e+02 1.196667277277281528e+03 -5.609259817345448937e+03 -6.530711356259522518e+02 1.850857486674002530e+02 -6.468940377885669477e+02 -2.518459109503827221e+03 4.105892897525262015e+03 1.186757861568805083e+03 3.337285813940520143e+02 -1.108444707955651296e+02
-4.260948431411076308e+04 3.583855509581115621e+04 -2.622797651666525417e+04 -5.116649880567123546e+03 9.131961599864262098e+02 4.989456331225946428e+02 1.728144262842204625e+03 -2.218498231378158835e+03 3.045779122336502951e+02 8.541935419314213505e+02 1.106450894734567100e+03 -7.796438708707576382e+01 -1.458836760046524432e+02 -5.319505716565829516e+02 9.963067892269386050e+00 1.461385001137608413e+02 -3.419524236107096726e+02 -6.901205402121807708e+01 -1.414862374861591547e+02 -7.898995258054789019e+02
-1.563880337839357344e+04 1.496201799177275279e+04 2.630321937833740230e+04 1.985721819108813361e+04 1.561054282103281876e+05 -4.773985141533918068e+03 -2.811650997978850228e+03 -2.046804056155406442e+03 2.252289246385410934e+03 4.891562651619211266e+01 1.487029486423932099e+02 2.720150136069458995e+02 2.152115574121421275e+02 5.704489673318254290e+02 3.646951985274384924e+02 5.599574072981514661e+01 -6.717159325581748419e+01 -7.852210714450802698e+01 -2.088720227343979161e+02 -9.038638729546017103e+00
-3.819086010636159244e+03 1.328784838557529110e+04 2.012618793835296310e+04 -2.497211259874779444e+03 -8.528195284562685856e+02 -2.902236688709413102e+02 3.022369201910786160e+03 1.435889878465847460e+03 7.283479368441358019e+02 8.031565556098447587e+02 -2.119720763145243382e+03 -4.943229471789916261e+02 4.533081618253901546e+00 9.233435691420449984e+02 -7.944725998924213854e+02 2.592278271095723596e+01 2.060197826910711001e+02 3.955392856355446440e+01 3.365245402004675412e+01 1.078211465071844373e+02
-3.390361032988087391e+04 7.461490853905177210e+04 1.565464070198635163e+05 6.688038500037605409e+05 9.269461209923577553e+04 7.429178814210163429e+06 -7.226347487304396054e+04 -6.452495208701075753e+05 2.697222315995696001e+06 -1.839428319571936736e+06 -9.099011106334049255e+05 4.952719504703676794e+05 -1.449154183666315657e+04 -1.352397542225514771e+06 -1.006791201424730825e+06 1.677897437323605482e+04 5.029670213864884863e+04 3.157114726211919697e+04 3.748489633779013529e+05 3.634773474928404903e+04
-2.249073494071899768e+04 8.365876315700974374e+03 -4.456664118694864555e+03 4.579895885815997462e+04 -4.948847239836683912e+03 -4.217444522078758382e+03 -7.626962593740133798e+02 5.381307980609532024e+03 3.354074637595261720e+03 -1.471666169538654685e+03 1.509034420795989718e+03 -8.529615778678411516e+03 -6.016198801564643190e+02 2.079685418316882533e+03 -2.157755903326100452e+03 -2.942867930797952454e+02 1.484915137951024917e+03 -1.072345664436496008e+03 -6.713447770620562949e+01 4.345010801958457591e+02
-5.546119298651985446e+04 3.804472669580615184e+04 -3.275563738231145180e+04 1.625516144212416111e+04 -7.987058034341428083e+02 -1.416083918428052584e+03 9.379621780746411730e+01 7.096371587050633934e+03 4.055630058253591415e+03 -2.334524437464613129e+03 6.265412748652393020e+03 -9.276827293513179029e+03 -1.143420311903015772e+03 1.063000791825436181e+03 -1.496643316399691685e+03 -2.072633125466175443e+03 3.644683421991551768e+03 -7.076062114956390587e+02 6.102212604987062150e+02 1.081607420375244857e+02
-2.516306191507626500e+04 3.364928701971432019e+04 5.667608663591428922e+04 1.296082849828258040e+05 1.094596507402368479e+04 1.079277343748195330e+06 2.750287945664145809e+03 -1.290779368621389494e+03 -9.959438614885778225e+04 9.455989907412629691e+04 5.322351473900814744e+04 -3.405441091477330338e+04 9.263244357733776724e+02 1.343422361497482925e+05 9.680323863228666596e+04 2.099348346707683049e+03 -1.244385628095963148e+04 3.837286509402665160e+03 -6.291952391668855125e+04 -5.169012551376619740e+03
-1.963674784424942845e+04 1.187818973439079127e+04 1.117804386523422727e+04 1.018375287441545333e+04 -1.226256875874121306e+03 -4.791743134855960307e+02 8.192561747815085482e+02 7.299547893393639242e+03 1.783540477634107901e+03 -1.956458192687884093e+03 2.887312440918858556e+03 -8.943137934181153469e+03 -1.329340260509932932e+03 -1.397303296814785790e+04 1.162100561199325603e+04 2.614332705066873586e+03 8.274725252747446120e+02 -1.011330661367838530e+02 1.387260515235515641e+03 4.491958240078596418e+02
-2.497128987159223470e+04 4.991431756103259249e+04 -8.698274000487816011e+03 -1.032709643602140932e+04 -3.760711762099168141e+02 5.697352681928068705e+02 -6.919378248670886933e+03 2.163052909468522387e+02 9.532608122212202488e+02 3.202087351355909504e+03 -4.572015395826073473e+03 -4.822639968714665315e+02 -9.872735240971854509e+00 7.395082497691254275e+02 -9.306619312538992972e+02 5.813109497727574535e+02 -3.748593103277520981e+02 -3.454955297892722683e+02 -1.595154148919013153e+02 3.328752730404160047e+02
-1.610941073560614495e+04 1.156123069481411949e+04 1.573583417761863893e+04 5.837334400462807025e+03 2.326162199564836186e+01 1.650356198031033637e+04 -4.068037780515421673e+03 1.035661891079437555e+04 -3.729946746071982489e+04 1.404683879832789717e+04 1.710821710588714268e+03 -1.469335473076033395e+03 -5.597787596941034280e+02 -2.283082617523991212e+04 -2.645860809259167581e+04 -1.277880213074027779e+03 1.312436667495430811e+03 -6.498096393245607771e+01 3.873039812661752876e+03 4.163829232774905336e+02
5.843897944695641854e+03 2.181806057122805942e+04 2.371255022930194173e+04 -3.807772538227310179e+03 -3.956822204251000130e+03 -6.222234278048784972e+02 -5.892746965760764579e+04 -2.915861067138228009e+02 9.950057789539338273e+02 1.446656338548253643e+03 -1.597247025982439027e+03 1.118897170678319071e+03 3.931710171145438153e+02 1.999450127747997612e+03 -4.276354390043001104e+02 5.208714335077780561e+03 3.180962161156081493e+03 5.454113160963169094e+02 -1.009656736318318963e+03 -4.883211261810639598e+02
-4.695973981114256458e+04 1.194445065011804581e+04 -1.530432689224885326e+04 1.289080514983710782e+04 5.020060061264113642e+02 -1.438480374085845597e+02 -7.944221470569218582e+02 1.602393209574427965e+04 -9.609168178236479434e+03 -1.064874809285066294e+04 -9.441530507993722495e+03 4.551974128100641246e+04 -3.319040827033228124e+05 1.377586973633220987e+04 9.635841226988772178e+03 -2.728524605081826735e+02 1.229318858023507164e+04 -3.615267632284096635e+03 1.027524570695252623e+04 1.083159678998608342e+03
-4.170587323475137237e+04 3.568095269194974389e+04 -2.473796659065772474e+04 -2.162838451348631679e+03 2.604538090189770173e+03 1.263866223777013829e+03 2.139268686962769607e+03 2.132181932836943361e+03 -3.101443213554644535e+04 -3.973010668543655629e+04 -1.565188987708706736e+04 -3.853053730695455670e+03 2.197703823538944562e+03 3.483344351578281930e+03 1.419975937599373992e+03 2.164803718320966254e+03 -4.940297926262983879e+02 -2.932248527942805367e+02 -1.051548700041124903e+03 -1.919990278365265567e+03
-8.101840740693034604e+03 1.324915713130790755e+04 2.067061819879440372e+04 6.380610513615025639e+02 -1.056872514679947244e+03 -4.419478786586326464e+02 9.481392024026707759e+02 2.319318777285515807e+03 -3.989147234320074062e+02 -5.626867448811700342e+03 1.110724745785937012e+04 2.748861100982242533e+03 1.510971523745807019e+02 -4.725464041880984496e+02 6.484648374076067512e+01 -3.780028107401847137e+02 -1.369877930953089844e+03 -3.115824982106664152e+02 6.187461095717087574e+02 -1.061571788935435734e+03
-4.041682704772890429e+04 3.790480861416200787e+04 -2.695958532765179916e+04 1.906615754994966119e+04 -1.255892572666806018e+03 -1.060734797819115329e+03 1.215485852177158222e+03 1.776780513156793677e+04 -5.714778355135888432e+01 1.361142969201207507e+03 -5.585714397539826678e+03 3.066150245850925057e+04 7.676294154338782391e+03 3.442297488822471792e+02 1.037962450487858769e+04 -3.177315815596893117e+03 1.893264721702516226e+03 7.107640676549087402e+03 3.720064091195793026e+03 -3.002592297900991980e+02
-3.937153958005669847e+04 9.400567375560969595e+03 2.847170868239001720e+04 -7.704187854615644937e+03 -4.774978464673319650e+03 6.019810164568499431e+02 -9.283654984462926222e+04 9.804378563949623640e+03 -1.180067871268931049e+04 -9.444628457886305114e+03 -3.087097540681489045e+04 -2.959314100704528391e+04 -1.036357618702884065e+04 -4.091347559392800031e+04 4.181658393500300735e+04 -5.402395853004804812e+05 -4.130519698641552241e+05 -2.224136468164364123e+04 -2.088010960122931283e+04 2.494672799212529208e+04
-4.839537123284068366e+04 -1.513212853080041168e+04 6.411169425364114431e+02 -1.254400837084401019e+03 2.197773543283593085e+02 2.806517571416708279e+02 -9.224807001740956593e+02 2.882950310294446354e+03 -1.591673518317815797e+04 -2.506551191495643434e+04 -1.209351116065208953e+04 -3.698879943942954924e+03 1.061666019492176702e+03 5.791790680018720195e+03 3.361839657942532540e+03 4.702624860524689211e+03 9.583485754593001502e+02 -8.865884055136183406e+02 -4.768995050790231289e+03 2.763644201762672310e+02
-4.906482263346395484e+04 -1.513700968199969611e+04 7.661728143963067623e+02 -1.269068614788298419e+03 -8.768460150330800218e+01 6.532013113726185338e+01 -3.480039938765975194e+02 -1.004645697723738635e+02 2.528950083273989264e+02 4.085233575638901016e+02 -6.139097592971776862e+01 3.613100430717238964e+02 6.959661010246156820e+01 1.204789202778303689e+02 -7.704689452914502112e+01 1.129377737173574587e+02 -2.524499449235636561e+01 9.329622075982042873e+01 -8.988821894924042155e+00 -6.583423421552837453e+02
-1.027255372121914661e+03 8.136147546464612788e+03 1.193902742594929441e+04 1.454433722333055812e+04 -3.361076305611575208e+03 -2.451577620074321658e+03 -6.042222011730827944e+02 -2.394603685253369986e+04 -3.790078359879739310e+03 5.562784742124986224e+02 -1.085713357220370426e+03 2.498441475843245371e+03 2.745970006972262123e+00 -1.101492644024232959e+03 1.325867845543031081e+03 -9.052261317972041752e+02 1.220770742653658544e+03 2.213396787643400785e+02 1.881296182458034139e+02 3.184039017466764562e+03
-6.970971568677952746e+03 1.664082898006760297e+04 2.587655350197975349e+04 1.313023892482989140e+04 7.227434201049236435e+03 1.375578091731290042e+05 1.230872724118415590e+03 1.012826541473984798e+04 -8.235868248192110332e+04 6.984702938409350463e+04 2.792259419403614811e+04 -2.948025786733418136e+04 9.437713882998448298e+02 7.673788760377629660e+04 7.096032030501576082e+04 -2.703275651065226270e+02 1.539606421037095970e+03 -6.265461561318349595e+03 -9.160290868540876545e+03 5.314000316517896181e+02
-4.845963014898239635e+04 -1.541570544048269039e+04 9.484239234665999163e+01 -1.433326655135140527e+03 3.801555477882267553e+01 1.424529441474404337e+02 -7.656487647675451171e+02 1.711225375156304608e+03 3.725176719076168297e+02 -3.168186584693014538e+02 5.590535728672609821e+02 1.677176792397174836e+02 -4.114007897165317331e+02 3.639853548981849372e+02 -1.299490310205508479e+02 -2.736757961005951074e+02 2.945139405312567646e+02 -6.726279036900567689e+02 2.380974075089481232e+02 2.133488693548830270e+04
-2.265731297519812506e+04 2.234695506153512542e+04 2.559682736975719308e+04 5.362120212191769679e+04 1.458460980958009895e+04 6.044944385342164605e+04 -4.453231651738233268e+03 6.305195722278525500e+04 -1.940937828125434462e+05 1.020666306425274961e+05 3.933751052598218666e+04 3.646691799788355274e+04 -5.706856136956736918e+03 -1.703766007929255138e+05 -1.815877400914494647e+05 2.927582123503397816e+04 -4.394864496256424172e+04 5.316929100505715178e+04 -1.373997762314494757e+05 -4.356420208948934487e+03
-1.845852481091324080e+04 2.115344486248094836e+04 2.104884884142882220e+04 2.340753848050124475e+02 -2.039603445642723500e+03 -1.197678510807567420e+02 -2.781448641797642267e+04 7.975683105901246563e+03 -4.100485965817199030e+03 -5.659723938572945372e+03 -1.060132417555822576e+04 -1.151613772423648516e+04 1.149119441622744660e+02 9.322543434044890773e+02 4.868939504348705668e+03 -2.162893699919663050e+03 6.142293487612909303e+03 8.678589828174423246e+02 -3.535771865341477223e+03 -4.053954563228597181e+03
-3.770983126473466837e+04 5.487385780222576614e+03 1.397230955163091676e+04 2.078126879706950422e+04 7.888132223667610560e+03 5.041418500662119914e+04 -7.442846384545428009e+02 4.519229222614926402e+04 -1.758634299516984902e+05 8.380269460526382318e+04 2.220801421463676525e+04 2.007865925857896218e+04 1.205491776937907707e+04 -3.255078927226952510e+05 -2.339856602635043964e+05 -4.201601559623531066e+05 7.102285857723297086e+05 -2.104463607909047045e+06 -2.177633794808288221e+05 5.090580878107423814e+03
-9.045574359854303111e+03 2.509472781560665226e+03 6.052602049672834710e+02 8.564211321167173082e+03 -5.749691222825024397e+02 -1.042737895624301473e+03 -5.479558260491886585e+02 2.337874444150977070e+03 2.716819043223620156e+03 -5.838273971440328751e+03 9.895888114277091518e+03 -2.375673958914054674e+04 -4.361648984331933207e+03 -3.282483414749742224e+03 -9.360360308197105041e+02 -2.595746211705441601e+04 3.979367801747011981e+04 2.336766508746085674e+04 -3.981866910769650985e+03 -2.856470254596074483e+03
-1.298290038862708025e+04 8.369731237176329159e+03 -5.349268744676925280e+02 4.461845633082282438e+04 -5.078205171543453616e+03 -3.674336188219183441e+03 -3.631724839909614388e+02 4.104064594371836392e+03 1.484536945417880816e+03 8.407950877749416350e+02 -2.301484501649925733e+03 -1.339430425494182600e+03 3.355424244002541059e+02 1.436380245908291499e+03 -1.350382460925952046e+03 2.115916263114088451e+03 -2.481237901332499860e+03 -1.288853770320723470e+03 -3.202245238151408557e+02 1.836127298744461314e+02
-4.673913713979131717e+04 -8.853704084947181400e+03 -1.324565717245835685e+03 2.174307085133191140e+04 -2.102600165915474463e+03 -2.011175907480983142e+03 -3.624408771151230667e+03 1.541652334835160400e+04 5.487938217911870197e+03 -2.391375712818432476e+03 2.051586932961602542e+03 -2.509506597473141483e+03 3.774468334439976388e+03 5.162799853388232805e+03 1.707006349575900913e+03 1.643605523803813412e+04 -2.328701136595157368e+04 -5.592925736830999813e+04 4.844322060885660903e+04 -1.025449494974027948e+04
-1.565431860897010483e+04 1.021999815884061900e+04 1.179740651223026725e+04 2.346213713229607038e+03 -1.086107606658902114e+03 -5.599716063191060584e+02 -1.399614024867304943e+04 2.952116945742138796e+03 -1.992692129882280824e+03 -2.888164469709503919e+03 -7.301874075604535392e+03 -7.402089494802117770e+03 -1.869880277507742221e+03 -5.547891574685118030e+03 6.114283808092419349e+03 -3.519455290090428025e+04 -2.378787923844265242e+04 -1.162953781752269435e+02 -6.242019605014401122e+02 -2.981934544794703470e+02
-2.443590508729572684e+04 2.764562726016920715e+04 2.953061650322810692e+03 9.597311744516850013e+03 3.004366270549216279e+04 4.931213160487252753e+04 -4.474619833935868883e+03 1.760546573858970078e+04 -1.317436623304992099e+05 1.264038194269636369e+04 -6.904044458360222961e+03 -1.290499164065212244e+04 3.606470608988413460e+03 -4.535831515630902140e+04 -8.219663332260421885e+04 -1.075803447216089262e+04 1.508936140102590798e+04 2.418885408591651139e+04 1.976546505590378947e+05 5.946790384541275671e+03
-3.440633898858170141e+04 4.370198342291024892e+04 -1.064626052042681113e+04 3.781222159796579217e+04 -3.326659294419986963e+03 5.603304692726538860e+02 3.541708984687491011e+03 5.068770063791318535e+04 -1.773276820685792336e+04 6.487542251296728864e+03 -3.752926779266454832e+04 1.513532630094628839e+05 3.164126970761188932e+04 -1.271252573740497246e+04 5.780358427184413449e+04 -5.371757076918907114e+04 6.656483194680087036e+04 3.143571401094579778e+04 4.536901748569896881e+03 -3.864308359341385767e+03
-4.332376167140884354e+04 4.873417784566304908e+04 -1.491819379816078981e+04 1.183625997982947010e+05 3.774330498322490166e+04 3.272267325405126940e+03 -6.657788197464812583e+03 1.238686921783806029e+05 -1.073264803249460820e+05 -3.239254324847713360e+04 -1.485637644755731453e+05 4.946661070626931614e+05 -2.562450987102032639e+06 7.993945496745551645e+04 8.424003479697836156e+04 3.541244295918357238e+04 9.498511284400306977e+03 -2.362886442389662261e+04 3.937337699184878875e+04 -6.968172246985540551e+04
-1.796564183407655582e+04 1.416536463670041485e+04 9.573164648238636801e+03 5.271567534849915319e+03 -5.911500651686018273e+02 1.008822259990534036e+02 3.239996251780797593e+03 6.674103169258970411e+03 -1.769927287507920710e+03 1.205961761533652862e+03 1.323473009105641040e+03 1.499482221025775175e+02 -2.443610763422934542e+04 -2.893628392368378172e+03 1.219406926536243736e+04 -1.700304116570880797e+04 2.419280560340997908e+04 -5.141848025089805742e+04 -7.727279143571267923e+03 -1.330974776082315657e+04
-1.085920375403121579e+04 1.307296181514396267e+04 2.098139479013857635e+04 3.813224548891689210e+03 -6.877767673705360494e+02 4.140565509036178810e+03 3.288779178016751757e+03 1.354234792500429467e+04 -1.481321359566234423e+04 1.147797889160729210e+04 8.472478065959423475e+03 -3.651370692576099827e+04 -5.629075951953972435e+03 -1.083810986183628847e+05 1.233341660602059710e+05 5.532367128966004384e+04 -1.634244594809510272e+04 7.207423893429441705e+03 -4.248126563769073073e+03 1.813302489245689867e+04
-1.335784412477532533e+04 5.392653224570922248e+03 2.971616937562581825e+03 1.905387220489508400e+04 -2.967550780421677246e+03 -2.583561633666754005e+03 7.440411009900009276e+02 -2.025390919334139471e+04 -1.802770929451634402e+03 4.385586316204738068e+03 -5.493329614280697569e+03 -1.757388606066574312e+03 4.256477700449545409e+02 -5.472627718535204622e+03 5.260608814052413436e+03 2.075946158333255880e+03 -5.314070374452280703e+03 -3.959156515725744157e+03 6.026868224275362081e+03 -8.006412039263303450e+04
-6.007844403980536299e+04 7.932704870752393617e+03 -1.884049886919532582e+04 3.469547998289387760e+04 -3.048707321679062261e+03 -3.090410715790777431e+03 -1.454498039287637312e+03 1.425509323303846031e+04 5.450087233432744142e+03 -3.831262182836209831e+03 5.391885139862358301e+03 -1.183992155893829840e+04 -7.791751518471317013e+02 3.375858823421307534e+03 -2.972905129353428038e+03 -1.362585539833302164e+03 3.309130380685689033e+03 -1.571933453999732137e+03 6.051354572236498370e+02 1.016512111791554958e+03
-1.645088875616123187e+04 1.704819727580363542e+04 3.137438465052452739e+04 2.650163202453151098e+04 2.155912381405302731e+05 -5.994673772856852338e+03 -4.368367216336891943e+03 -3.534770514861028914e+03 2.891902352879016235e+03 1.601339258990943563e+03 5.326794161989337226e+02 8.699061824954994790e+02 5.239976712826309040e+02 8.921392047872393505e+02 2.044054693286300335e+02 2.991703484916633897e+02 -3.483368298310521141e+02 1.384741751926783238e+01 -1.312664990203306388e+03 9.199530766916603852e+01
-5.037963260833575077e+03 1.394982229978603755e+04 2.244798792910776683e+04 4.634998159917356588e+02 -9.838126121540668692e+02 2.188307547688912382e+04 6.680720436196557785e+03 3.809991727582295425e+03 -9.558108704148895413e+03 7.906882260409972332e+03 8.159448338816693649e+03 -2.073601198377928085e+03 -1.364645570610686320e+02 8.590233936270682534e+03 3.286602452524392447e+03 2.330846010659214699e+03 -5.195510105972293786e+03 4.960663501080720380e+03 -1.963008325622725897e+04 -2.008033939217332090e+03
-2.587087243678577579e+04 4.401939553404067556e+04 7.439723737115233962e+04 1.665405171341740643e+05 1.346735590380586291e+04 1.451166014084067428e+06 1.121746926158435372e+03 -2.245878459565848971e+04 -2.119038007077645489e+03 3.324608669815990288e+04 3.518750523898276879e+04 -1.474051988018895099e+04 -3.456414662055777853e+01 9.615888609420612920e+04 6.239742792682105210e+04 7.992900490427906334e+03 -2.272365976005639459e+04 1.633023048959229345e+04 -9.121377017570521275e+04 -8.308793646160602293e+03
-2.014504633504052981e+04 1.062716118458732490e+04 2.187704603092173056e+04 -4.004992194874638045e+01 3.034039012240794818e+03 1.463018706878956436e+04 6.418620641592956417e+02 1.249289990751801270e+04 -3.150278965936684835e+04 1.978632355256641313e+04 6.865371924112108672e+02 1.736591445204674164e+04 5.441890239574638144e+03 -2.966854747822355421e+04 8.864651243631262332e+03 -4.525492308549598965e+04 7.173357789663574658e+04 -1.147044286590801348e+05 -2.054939385332365782e+04 -1.202087136806821263e+03
-2.643763552898166745e+04 3.733526593055090052e+04 6.763889405942482699e+04 1.420863090887261205e+05 4.313969502724552149e+04 1.271015833814267302e+06 -1.308669935687625548e+04 9.499174306960003742e+04 -1.141569845409028232e+06 9.370813689726606244e+05 4.408323173746695393e+05 -4.719446091059840401e+05 1.800154699702349899e+04 1.400029016413799254e+06 1.067892005748613970e+06 -4.399176234783912514e+04 -1.709472291622325429e+04 1.811669281306827033e+05 1.144675960023254156e+06 7.039145206546309055e+04
-4.142454675950141245e+04 3.523850570149485429e+04 -2.515506530893176750e+04 -4.466433699781152427e+03 3.209028064838178125e+03 1.699567357136365445e+03 1.763476369302904004e+03 4.092785316881571816e+03 -4.750326482840349490e+04 -6.440203181907714315e+04 -2.928720186911208657e+04 -7.725173647918445567e+03 3.226093495274218185e+03 8.890972319773056370e+03 5.042511881140103469e+03 6.726269444693121841e+03 6.023368736693599885e+02 -1.096511664455956407e+03 -5.759330611979780770e+03 -1.424599122030882199e+03
-2.079872154026664066e+04 2.301262177311371488e+04 2.781233708410477993e+04 5.280752192131114862e+04 1.898121831730266422e+04 3.945801167727387510e+05 -8.629316190962386827e+03 4.870682226124389854e+04 -4.489198651543679298e+05 2.664641288210290950e+05 1.004053454014450544e+05 -1.278585670325097308e+05 8.105133357099221939e+03 2.505880785946081160e+05 1.227242857358850306e+05 -2.785124923055542240e+04 2.327273734393592531e+04 6.953022560114209773e+04 5.475016851465109503e+05 2.539773012891562030e+04
-3.083031701925671314e+03 1.080489805759019509e+04 1.740763415496456219e+04 -2.030754640112630341e+03 -6.992567969661216694e+02 -2.582474532371226701e+02 4.786134789707222808e+03 1.194588672467516744e+03 6.681729091511873548e+02 9.231208949689585097e+02 -2.363782876543698876e+03 -6.533764277574609878e+02 -7.073023806052587403e+00 9.812425721993625984e+02 -8.357103385916849447e+02 -3.252804978150768989e+01 2.329545282420306194e+02 1.081884304963531207e+02 -8.428539450814538725e+01 8.597504337570855171e+01
-4.161313609180256753e+04 4.485833937187746051e+04 -2.857399822060958104e+04 7.342522059856487613e+04 -7.147547635326703130e+03 3.787462652981037081e+02 7.165916196461229219e+02 3.945571135009588761e+04 -5.615497919158735385e+03 1.074772644658362333e+04 -1.791488276287733970e+04 5.279061122559754585e+04 6.456094998618345016e+03 7.608573222836162131e+02 4.821134528279585538e+03 2.517853316918646669e+03 -5.197553683742189605e+03 1.329530895538381446e+04 -4.473857509560351900e+03 9.885516550589499047e+02
-8.720983627847383104e+03 1.788171889435440971e+04 2.701093634013405608e+04 5.967537783191943390e+02 -2.125279714408341533e+03 -7.876431554707635314e+02 -3.865515738255555334e+03 -2.246096646358273006e+02 -8.358879151063536028e+02 -8.855053755018967422e+03 1.799486911588321891e+04 5.848970114171338537e+03 3.549537664207043122e+02 5.202592381708154790e+02 -3.144728968284555890e+02 -3.845162118005971763e+01 -1.605473859501027391e+03 -5.999629855840337314e+02 9.256597936373124185e+02 -7.001913127107569608e+02
-2.142296379749858534e+04 1.041763452194973070e+04 2.081903354883680731e+04 9.463889251301739023e+02 -2.021471384070287911e+02 3.780841407464974964e+03 1.269368186513015189e+03 1.459802745676941049e+04 -2.806640317478587531e+04 5.089625832834613902e+03 6.098118569305655910e+03 2.280313857896738409e+04 2.641740493399207480e+03 -6.858081959790144174e+04 -6.816523213534760544e+03 -2.935391458730932936e+04 2.976369592426181043e+04 8.545975715258411947e+04 2.587739757612833055e+05 1.352833369631474625e+02
-2.587569236665458811e+04 1.820671024145695628e+04 3.281614228852981614e+04 6.494608531644272443e+04 1.076223167871572514e+04 5.181406696455125348e+05 -2.080690655829334446e+03 3.012783647435006787e+04 -2.368115482867600804e+05 1.776413525548198959e+05 7.436352778388267325e+04 -5.059745636116393871e+04 3.192567693929935103e+03 1.348804605474623677e+05 1.052596010985633475e+05 -1.540830673810317239e+04 1.769124161404244296e+04 -3.136492791489642696e+04 -1.097061448761504653e+04 2.255850390340548302e+02
-4.602943147526719258e+04 -1.264689863789240917e+04 3.977983541881246310e+03 -4.699698354103416165e+01 -4.530022228453653383e+02 -1.513452401315360305e+02 -8.306502588745566754e+03 2.768450996686507551e+03 -2.053515310426852011e+03 -3.485854513877726276e+03 -5.982718044148910849e+03 -6.529510876289483349e+03 -1.815652155286429206e+03 -4.565033017427120285e+03 5.397040189435899265e+03 -3.505207940036319633e+04 -2.350753317250120745e+04 -1.858441280671968059e+02 -7.520672148716735137e+02 2.543486747477951724e+02
2.479180609792249925e+03 8.092827026570278576e+03 9.755691841053827375e+03 4.799563501611053198e+02 -1.808183117297393892e+03 -5.374153251542574026e+02 -3.550523182467023435e+04 5.575254559618267649e+02 1.048446239835922142e+03 1.990892256165292110e+03 -3.451365060166643161e+03 -1.356755796396096002e+03 8.591772869752273323e+01 8.182697297552276723e+02 1.234885241384300230e+02 4.193803990687368241e+03 3.693827712137091112e+03 8.931724249944688836e+02 -9.598941001522513261e+02 -1.272934370411390319e+03
-4.101907794480734992e+03 1.768153437809781099e+04 2.548682093172634268e+04 -2.972963673798977197e+03 -1.527391951561454107e+03 -4.737454053805384433e+02 -1.136447182002398677e+03 5.329492102653407528e+02 5.758455394690682851e+02 -7.513920012835390025e+02 1.229342419354785989e+03 1.094007164777303387e+03 1.137077971058118635e+02 1.337140146210211014e+03 -9.619173313833159682e+02 2.702913288933552280e+02 5.852385871020398156e+01 -1.645739963480397421e+02 2.708375872502987249e+02 3.042811562365085933e+02
-4.589368464421355748e+04 -1.203300022316408649e+04 6.078931012906599790e+03 6.449570804826877065e+03 6.258107180087365123e+04 -1.690336489392045905e+03 -2.466131763986879832e+03 -5.761857160954552910e+02 2.130652173283455042e+01 -9.065215702016051864e+02 -4.412910171075056951e+02 3.337734950169694912e+02 -1.240196484897655438e+02 5.811739553175121955e+02 -3.358678130788852627e+02 1.142204032571900001e+02 8.788563715340113447e+01 3.897369094780199106e+01 5.515875041685844735e+02 4.181866744270755589e+02
-9.141231455769275271e+03 1.521937967595685950e+04 2.416491304412021054e+04 5.659883255921486125e+02 -1.922875996092117475e+03 -6.994244021377784293e+02 -2.597606593773429267e+03 -8.945732323503043517e+02 -1.088918835786854970e+03 -8.876661275923894209e+03 1.816066213436940961e+04 5.889434562909892520e+03 3.304548072736845370e+02 4.748922633096192385e+02 -3.718341953233156119e+02 -1.267623739070078983e+02 -1.566780847731688709e+03 -4.310529305061070318e+02 6.998255026770755194e+02 -7.184032328941761989e+02
-1.686647629273000712e+04 1.164040206756672887e+04 -2.284411681821279217e+03 7.211366774051025277e+04 -7.977096638459711357e+03 -3.034195560038078384e+03 -7.520162289066172434e+02 1.532269036065277032e+04 -8.580206545603065251e+02 5.074808605333980267e+03 -7.502917590836965246e+03 8.306835531253616864e+03 -4.936339768602604181e+02 1.731225306269017210e+03 -4.227407900848859754e+03 4.365979783290364139e+03 -5.125535056711829384e+03 1.727169237790720217e+03 -4.341024392292422817e+03 7.239588291368260116e+02
-4.428273011723770469e+04 2.835777495768670997e+04 -1.249820962363164108e+04 6.197034535468228569e+04 6.322461540624270128e+03 2.605247310383077092e+03 -6.359470052987288000e+03 6.919734983440813085e+04 -8.027692382005532272e+04 -5.137047787723016518e+04 -9.412615244105744932e+04 2.474699164532501891e+05 -1.320862918929570122e+06 4.366192615055989154e+04 4.809653579688460741e+04 4.199970017624548746e+03 -6.169262635961118576e+03 -1.221516184277481079e+04 1.586541871877433732e+04 -3.669599344783027482e+04
-5.569963073253937182e+04 4.000524081454399857e+04 -3.540128080195652728e+04 3.386319163456542447e+04 -2.646326352393198704e+03 -2.978421476435593831e+03 -1.702351305725791235e+02 1.327873263919393503e+04 5.935383108813371109e+03 -3.183994423268694391e+03 6.244542103277305614e+03 -1.249485013510049248e+04 -9.808736907070554025e+02 3.113819815720319639e+03 -3.199804087729558887e+03 -1.210436065684011055e+03 2.932243729220827390e+03 -1.852565111011800127e+03 4.739180552032481160e+02 9.570104494953679932e+02
-4.685513072666930384e+04 6.119643875016856327e+04 -9.191402291619479001e+03 1.844413702244467686e+03 -3.047666192524940470e+03 -3.599041456733235691e+02 -4.234561505712324288e+04 7.202996983034812729e+03 2.415859512510348395e+03 4.872073525530962797e+03 -8.480156204359829644e+03 -3.488204833301886538e+03 1.667143581434879138e+02 5.177382093268523704e+02 -1.587715229087074817e+02 1.586101756076240235e+03 -1.498495635986598245e+03 -1.543897456056973851e+03 2.635964408233784866e+02 1.672930959801961080e+03
-4.604627741940412670e+04 -1.259906075228156078e+04 4.576054832466073094e+03 1.937791861520115162e+03 4.289908033490660841e+02 1.602205318481283030e+04 -3.010843108189032137e+03 8.336419234093516934e+03 -3.707189018879443756e+04 1.345619431214451470e+04 2.521004675497531480e+03 -1.771540826357301512e+03 -5.522307809826711491e+02 -2.169653438903723509e+04 -2.672028257042165205e+04 -1.423384993807664159e+03 1.885098753698848668e+03 -5.605461733229212768e+02 4.342865661380819802e+03 9.581481931211825440e+02
-5.012179861025370337e+04 -1.538057531079891851e+04 2.793323445105696123e+02 -1.037801962622477049e+03 -7.411826970701207529e+01 5.394943185640926231e+01 -3.946300075821153541e+02 -1.821635389219047596e+01 2.892618354184191958e+02 3.775985737561028373e+02 1.580993147268690002e+00 2.192300814585555315e+02 4.996992465859405996e+01 1.073779029792556940e+02 -7.702174770211777854e+01 8.708870675199165134e+01 2.965005603034617465e+01 9.878947499228232232e+01 -1.402867388393300274e+01 -6.659477258373152608e+02
-2.075950754673820848e+04 1.735574884642895995e+04 2.065751150790251995e+04 3.807590349972729018e+04 6.663274109959659654e+03 4.456209492156020133e+04 -2.684955819928812616e+03 4.307311844786351139e+04 -1.324336787665481679e+05 6.853786190284218173e+04 2.318381514679079191e+04 2.247177259818720995e+04 -3.503653585848988314e+03 -1.090735297742958501e+05 -1.157568316832285200e+05 1.540087067622882023e+04 -2.283473653027709224e+04 2.692763873905592118e+04 -7.894766871936939424e+04 -2.089159672239927659e+03
-2.548556352618326491e+04 5.279708029678493040e+04 -2.735829507853119594e+03 -9.940698278020523503e+03 -1.293416769619636625e+03 2.070183447311474936e+02 -9.188582411417952244e+03 -2.569339619562891585e+03 4.098949714092747172e+02 -2.674735857027446286e+02 2.814338525887109427e+03 2.744867121849683826e+03 1.873726395366043107e+02 1.662001064995686647e+03 -1.335896313091744560e+03 8.646821821778908088e+02 -6.035650849791368273e+02 -6.009328649422229773e+02 1.386607428885309901e+02 6.964567674177811796e+02
-4.170324232268446212e+04 3.592800288983647624e+04 -2.631111025582168804e+04 -5.215194680268989032e+03 9.961860748760462911e+02 5.561228440108310451e+02 1.341938083209331353e+03 -4.304916567621630747e+02 4.213094467389594797e+02 1.276632886864748002e+02 1.716021576201648713e+03 -2.214880664581806684e+02 -6.278360627224360542e+02 -2.600806059232396024e+02 -5.757933517513069432e+01 -2.423856012809914375e+02 -3.644378215321172831e+01 -8.380023343760742591e+02 1.149647840141556259e+02 2.120631091592619487e+04
3.746973160122689023e+03 2.652317954581521553e+04 2.346029159606683243e+04 -6.646511466511171420e+03 -4.183702214710055159e+03 -1.169805102144090228e+02 -7.641903516135503014e+04 4.097604150077601844e+03 1.974543662456343782e+03 7.117420238977971167e+03 -1.312492838026995014e+04 -3.537538239449903358e+03 1.718887399583472870e+02 1.194608219258948111e+03 -1.170364369711317778e+02 5.174013177668915887e+03 3.447529355432905959e+03 8.582267939536392305e+02 -1.714933119850373942e+03 -9.714949353375645842e+02
1.020414119817597566e+04 1.827118255951869287e+03 2.578017258799264710e+03 6.099677361434810337e+02 -1.558317153534177635e+02 -1.446071068172855405e+02 -1.095712575517850610e+03 6.946127096710706894e+01 -5.538277160630137530e+00 9.279283576779508991e+00 -1.604496791496430603e+02 -1.540372208770763223e+02 -1.172426864024603788e+01 -5.217434830459889099e+02 3.836291105050476631e+02 -1.143506120665588242e+02 7.294047955611101486e+01 1.103911014445181848e+02 1.895223703066588712e+02 -4.540301203375191790e+02
-1.708636728398345440e+04 2.835189174431263746e+04 6.586308687313713563e+03 -4.901950806097450368e+03 1.834501097847515211e+03 1.047673046542375914e+03 1.521118082522548093e+03 3.529827770442486781e+03 -3.096794889893596701e+04 -4.028766569875828282e+04 -1.560307267959708588e+04 -2.689018817350478457e+03 2.364681543432397575e+03 4.393882550741890554e+03 7.508663857060431610e+02 2.230344054615500681e+03 -6.242688887996139329e+02 -4.744686105552485742e+02 -7.202272152496884701e+02 -1.552508230545669221e+03
-9.884138716759583986e+03 1.050083785554343922e+04 1.604323747665502560e+04 1.808488747447994911e+03 -6.657095203016007190e+02 8.429799869912353927e+01 8.126275329338379834e+02 4.017536340541158552e+03 1.967487731433993190e+02 -4.341751703983603079e+02 5.212243700216699835e+02 -5.061706414619746283e+03 -8.860354318656836767e+02 -1.469373613010064037e+04 1.226029227458207606e+04 3.643327013937755964e+03 -9.248709797499727756e+02 1.195345915649151038e+02 1.049705571414281394e+03 2.925942059461366966e+02
-3.974917303996800911e+04 2.992474114119260776e+04 7.071599825384917494e+04 2.119786576615697704e+05 2.921329843516815163e+04 2.260459814969441388e+06 -1.914860276708381571e+04 -1.197141876558182703e+05 3.777748173153723474e+05 -2.296517968083749874e+05 -1.297108764629842626e+05 6.304044928217919369e+04 5.534690031535938942e+03 -1.422523746465898002e+05 -6.509183787714028585e+04 -5.075145329514676996e+04 9.022648044844013930e+04 -1.260102463768135494e+05 5.543411406090674427e+04 7.031130045779574175e+03
-6.634189689779647779e+03 6.622363905999510280e+03 9.144066668290646703e+03 1.649074291893989721e+04 -2.817838867208485226e+03 -2.427994394913209817e+03 5.426130672287811194e+02 -2.037159459158586105e+04 -3.227493042756534578e+03 2.437677901386247868e+03 -6.057499632148032106e+03 -3.826971063876478638e+03 -5.504609464329963657e+02 -7.508181434991510287e+03 6.016534660648170757e+03 -3.628795103638906767e+03 1.955467751622822334e+03 3.584710568139335010e+03 1.020975420435606225e+03 -1.181903045232865952e+04
-2.452626440382371220e+04 9.529300991402136788e+03 1.496618525510690688e+03 2.316986307355951067e+04 -2.518863863977991059e+03 -2.359469985941041159e+03 5.404015336145462243e+02 2.793570944126249287e+03 1.950898486322061672e+03 -1.289969252196959360e+03 1.636452944046725634e+03 -5.941788843302920213e+03 -4.401444881888270402e+02 6.542927333467500830e+02 -1.042379240765055101e+03 -5.156408827667746664e+02 1.287837012504182894e+03 -5.374862886220598739e+02 5.800278160259625082e+01 1.342416096443172080e+01
-3.585960843652383573e+03 1.533421183862606449e+04 2.235832493801768214e+04 -3.054500364224113582e+03 -9.942885936848580286e+02 -2.831703128749629741e+02 1.491544879180795306e+03 2.078493007910896722e+03 8.751250852381664345e+02 1.123118047768859242e+03 -2.806121946152507462e+03 -7.204314808497740614e+02 -4.899019715231045957e+00 7.732387244458087707e+02 -7.161937881572342803e+02 6.542276014101756232e+01 2.038317052741726627e+02 -8.199876542152157555e+00 1.156880715067390923e+02 8.297905617425136882e+01
-3.885754238286244072e+04 3.844015346544403292e+04 -1.820402894868576914e+04 3.710542575426932217e+03 6.524432475835753576e+04 -3.876395604497004115e+02 -1.671777369203816988e+03 1.056917082525432761e+03 -3.129947152805522273e+04 -4.010621162932414154e+04 -1.809691994047060871e+04 -3.857216842723535137e+03 2.063647862063735829e+03 3.857529202163733771e+03 1.467494285133613175e+03 2.206912003982021815e+03 -3.207175426645683842e+02 -2.984997100814321129e+02 -3.287676974585270386e+02 -1.296538244802724648e+03
-1.741102180139364646e+04 1.426408131938542465e+04 1.663527278896672942e+04 9.336121702919142990e+03 -1.819847560457367308e+03 -1.186505786810140080e+03 -2.368518300659727913e+02 4.206622130556696902e+03 2.188925755574841787e+02 -7.306689634172822480e+03 1.422918084916689622e+04 2.916305276843947922e+03 3.985014337486158524e+02 1.603713391280166149e+02 3.147470303184181262e+01 -6.282156397648742008e+00 -1.912564103950388244e+03 -1.090654693145247620e+03 1.226721406807340145e+03 -9.955264684707840388e+02
-1.618038646031573626e+04 1.786054183565922722e+04 3.434756825287893298e+04 3.065946711427194896e+04 2.564064080203492194e+05 -6.826301691690199732e+03 -5.191576703119842023e+03 -4.907672312125115241e+03 3.368259599152956071e+03 2.642670408754950131e+03 7.485958612369163347e+02 1.344000801592452945e+03 7.474131624353921097e+02 1.268421288116970800e+03 1.435111091525027405e+02 5.055913994151076736e+02 -6.117895667600615752e+02 2.114567217726134345e+02 -2.083527464022072309e+03 1.536533107106747593e+02
-2.546321305102575570e+04 2.748212019725026039e+04 4.652734578219143441e+04 9.610378725463822775e+04 9.830332722251418090e+03 7.862454640528832097e+05 -4.464701206217534491e+03 1.658079214534048515e+04 -1.784619949583820999e+05 1.492962435087313934e+05 6.705096627426265331e+04 -4.676285304038471077e+04 2.719388404171352704e+03 1.532548747973956051e+05 1.217654228163497755e+05 -1.212212440484260696e+04 1.099655000177226430e+04 -2.920874227296277604e+04 -3.964063321740467654e+04 -2.417376668642346431e+03
-2.413574834580094466e+04 1.615413807664076376e+04 1.335808360119995814e+04 1.881693870846424761e+04 1.480432960536523751e+04 9.447289904462604318e+04 -6.253588451471418921e+03 3.305378685247679823e+04 -2.117997073953030049e+05 5.439939522818040132e+04 3.398870794599439705e+03 -1.348725453124401429e+04 5.333469178057664067e+03 -9.669979835705303412e+04 -1.498050181821524748e+05 -2.465731323078200512e+04 3.019071291087395730e+04 6.533436935958218237e+04 4.029698492349046865e+05 1.167858697726261562e+04
-9.350635710755945183e+03 1.229522942644802606e+04 1.570857652404031069e+04 1.697711279289771483e+04 -4.133696435044909776e+03 -2.862189713847163148e+03 -5.630992905292739124e+03 -2.424006189258860104e+04 -3.759330351975667782e+03 -1.861318189162200952e+03 3.880203643246161846e+03 3.299155934817330035e+03 1.122485309408310483e+00 -8.269530301561583201e+02 1.244833552092313312e+03 -9.976325524362954411e+02 1.436814674672972842e+03 5.617346606767403472e+01 4.561929497161068525e+02 3.346390786594333804e+03
-4.886067233710099390e+04 -1.585412746433778375e+04 -2.408306102725450160e+02 -1.406784391907118106e+03 -1.873315284142397985e+01 1.032985264957293907e+02 -4.032482220313449375e+02 -1.010263409048572392e+01 2.652558560133873016e+02 3.966630051568822637e+02 -8.626932752445499730e+00 3.404747576638558826e+02 6.534322807023249879e+01 1.305927703928064432e+02 -9.066102434603060090e+01 1.389126047002840210e+02 -4.537032607185816602e+01 7.263269379014947447e+01 -1.957336761966048400e+01 -6.508214448154217280e+02
-4.497560914768553630e+04 -1.201604209123886176e+04 5.309826484159040774e+03 1.043054283205260191e+02 -3.748424338867727670e+02 1.119628517855333882e+02 -1.248291171715571721e+02 3.567363206870639260e+03 2.175775992060211763e+02 -4.081280349976338471e+02 6.180110491064101552e+02 -4.960572751337494083e+03 -8.285484604035052598e+02 -1.363918249631086292e+04 1.185007122673222511e+04 3.586646625777939335e+03 -5.047427174203558025e+02 8.135508620338127628e+01 9.193478737572451109e+02 8.169647232449574403e+02
-2.498077186318731765e+04 2.631406486892719113e+04 1.344071925778906552e+04 2.127311319339059992e+04 4.416544705451139453e+04 1.061912859416343708e+05 -1.723220074456119255e+04 4.577454139849750936e+04 -3.619698877772307605e+05 6.661055775790552434e+04 -7.400150531655300256e+03 -4.627292921978038066e+04 9.580569618015855667e+03 -1.375425073673045263e+05 -2.645146302816238021e+05 -3.758171222240931093e+04 5.122431712113193498e+04 8.928945180183403136e+04 7.115093977176988265e+05 2.303182656337289154e+04
-8.131003254222828218e+03 2.398332314414429493e+04 1.733794116539504103e+04 -4.536258835406415528e+03 -8.382055392838631178e+02 -1.098274790243375634e+02 -1.890951160855739772e+03 2.148961214879255294e+03 8.119781237586779525e+02 1.480632340058393311e+03 -3.382345726501084300e+03 -2.446053155208610974e+02 1.159776269705441081e+02 8.363471806698497630e+02 -6.235274735251052789e+02 1.449254588384374074e+02 1.450137255304158259e+02 7.951755565481776955e+01 5.096309904539925384e+01 9.974458566102801171e+01
-5.147175844995163061e+02 1.070587524435803789e+04 1.575388120359125060e+04 1.426349211086956529e+04 -3.998492884444925039e+03 -2.635655963335461365e+03 -3.234483169969972096e+03 -2.567517097223027667e+04 -4.112958580653614263e+03 -1.312253561155890793e+03 2.965862512802597848e+03 4.462469143739590436e+03 1.347503433859376969e+02 -4.617725612460926072e+02 1.028093752086444510e+03 -6.768165550959778329e+02 1.057374460587644990e+03 6.729248092959332439e+01 3.222983295972774158e+02 3.408752419853096399e+03
-2.081491529800353965e+04 2.536192500879427098e+04 4.180535227300408224e+03 1.058841491485599727e+04 -6.083650581761662579e+02 5.134653224016005879e+02 3.229287961229107623e+03 2.940504650858150126e+04 -2.199605304515415628e+04 -7.173503918167863958e+03 -3.149502502192467364e+04 1.129996622069243313e+05 2.546375768909037652e+04 -1.242796357310104941e+04 5.068274152195959323e+04 -5.148634246487871133e+04 6.603048786401413963e+04 2.013479243543765915e+04 4.224748431478848033e+03 -4.690543400010044934e+03
-1.169978643742059285e+04 7.539774404035914813e+03 5.250795646403489627e+02 3.708221317330441525e+04 -4.328997443684820610e+03 -3.564322812231026091e+03 -1.952965461852939200e+02 1.199494565834551850e+03 1.646611931735706321e+03 1.870588997604947679e+02 -1.470882952276034985e+03 -3.063961837654457213e+03 3.496582825529890783e+02 1.236442338883602361e+03 -8.726661749673545501e+02 1.480828837584406301e+03 -1.661806234717099642e+03 -1.507291135380281503e+03 1.800736549719736672e+02 1.269408135527221475e+02
-3.885188543786621449e+04 3.614554735393064038e+04 -1.928431437533532517e+04 -1.280410324934098298e+02 3.362278403425074430e+03 1.755579447067759975e+04 -2.080799369136945643e+03 1.022364857648575162e+04 -6.862281947477858921e+04 -2.563567161726557606e+04 -1.514341436542061820e+04 -5.569973965455726102e+03 1.649428191045172753e+03 -1.870035693211021498e+04 -2.507868034628783062e+04 7.861500935109966122e+02 1.263293472028774659e+03 -7.942321736600965778e+02 3.267838858233412793e+03 -7.707681745238852500e+02
-2.150232113521534120e+04 4.056197727305662556e+04 -5.479191013397911775e+03 -8.360559050413907244e+03 -2.996491089364656659e+02 3.669011765504487812e+02 -1.220657931806203578e+03 -5.266147407817638850e+02 8.217516385683212548e+02 2.231810523154023031e+03 -2.745523359279486158e+03 -8.758158820135271583e+01 -2.807394541210293326e+01 8.173093453277565459e+02 -9.668264107202194282e+02 4.099887226897357664e+02 -2.621438632911140303e+02 -3.071667945808752620e+02 -6.473407916863598643e+01 3.812274634412087835e+02
-3.771315434967391047e+04 4.238908057711128640e+04 -2.853801297099386284e+04 3.704656502632443880e+04 -3.314501203949099818e+03 -2.502345855454220327e+03 9.126710452516171017e+02 2.366173676923341918e+04 1.533847844150578567e+03 1.434145722859728266e+03 -6.376811645720796150e+03 2.880700884749126271e+04 7.910478501275012604e+03 1.935974947744938163e+03 8.840564354322053987e+03 -1.975183679708217596e+03 7.030829980414177953e+02 6.221176710683871534e+03 3.433523332272582593e+03 2.010680806103792690e+02
-1.565111822506011049e+04 2.048667036234676198e+04 3.396677851449735317e+04 2.398550051632946270e+04 1.408213290311832679e+04 1.836175292621102417e+05 -1.704268109117535687e+03 3.491513027222832898e+04 -1.615029954930181266e+05 1.151685675039693451e+05 5.206802212307550508e+04 -7.379682704931290937e+04 -6.919087457710166746e+03 -8.549426763691932138e+04 1.905267469036896073e+05 7.532553606116860465e+04 -2.666221582010770362e+04 1.253163045331532339e+04 -3.154822544632164863e+04 2.506338009007180517e+04
-1.474220250334744378e+04 9.707095598137606430e+03 -1.216311607088358869e+03 5.600050404539593728e+04 -6.283423674408871193e+03 -3.341510051336456399e+03 -5.126894446954555633e+02 8.815926561990625487e+03 4.255246673576467629e+02 2.676352559966845092e+03 -4.524632089728873325e+03 2.732717139071102338e+03 -8.873223722589577278e+01 1.539204802568461218e+03 -2.644584511587338056e+03 2.983414977879058824e+03 -3.453440383769740038e+03 1.340090111632836454e+02 -2.145664852256583345e+03 4.372894263860023329e+02
-3.910819667834944994e+04 3.635711850487681659e+04 -2.221929234384713345e+04 -3.315298859977243410e+03 2.599641030019798109e+03 1.304544047363745904e+03 -5.611903468576045270e+03 3.991677738283229701e+03 -3.372209692798650212e+04 -4.277484244078306074e+04 -2.325975603749015136e+04 -1.025429043704729884e+04 4.026306506200048716e+02 -1.524834652175863084e+03 7.162790460024280947e+03 -3.288505210012616590e+04 -2.411315516544608909e+04 -4.502570374609667851e+02 -1.754374631850071637e+03 -1.460548585888313482e+03
-3.308849498905159999e+04 3.739501905118379364e+04 -6.967777651985716147e+03 8.189215601285402954e+04 -3.564893886387632847e+03 1.025384946617910100e+04 -3.465669858087316697e+03 6.303136547685693949e+04 -5.632253604787530639e+04 -1.676320419325043758e+03 -4.695322772910691128e+04 1.742540926786221389e+05 -8.569382038413640112e+05 1.821789362942206208e+04 9.611483513971568755e+03 1.306886468001465801e+04 4.523337664173863232e+03 -3.739869939143142346e+03 1.250991981724607831e+04 -1.600857015216674881e+04
-2.235486604198661371e+04 2.416618014640865294e+04 3.543543075524071173e+04 5.851090217953130195e+04 3.042747491571457431e+03 1.027573094784686837e+05 -1.545225160012829974e+03 8.473671837969533226e+04 -2.834340067104516202e+05 1.528325215690183977e+05 7.295172196053873631e+04 4.584430656133818411e+04 -8.686675688953488134e+03 -2.396390756303377566e+05 -2.578815349616229942e+05 4.549441773519771232e+04 -7.038444680056498328e+04 8.313739693864824949e+04 -2.266985218417840370e+05 -9.124035227075941293e+03
-1.356593274263146486e+04 8.750741927363385912e+03 1.256951026023553277e+04 9.600397832779949567e+02 -3.375528828342264092e+02 -1.128937151170062805e+02 -2.268414310576430125e+03 3.585669871769432575e+03 -1.027573214036491117e+04 -1.554720483264175891e+04 -9.428052662167812741e+03 -6.035544451718617893e+03 1.795413899903474544e+02 2.262308481981060595e+03 5.424137092834212126e+03 1.489764274438519124e+03 1.805821415047211985e+03 -7.080752060164081740e+02 1.749069549777214888e+03 -3.761603704995399767e+03
-1.891015098465027040e+04 1.227147049965087535e+04 1.394326192816399816e+04 4.607394645214276352e+03 -1.106715154858471806e+03 -7.813399767897744823e+02 -9.443178899101132629e+03 7.007586342826171858e+03 2.862087898905628208e+03 -9.888770192930563780e+02 -4.911160539951661121e+02 -1.460650055454218091e+04 -1.776456044169098959e+03 -3.426432652839545426e+03 1.129413271399690302e+03 -9.372613774279750942e+03 1.349879959252849403e+04 5.577517823484848122e+03 2.068680556927482030e+03 -4.418405284113250104e+02
-2.301497020361277828e+04 1.487918500275799670e+04 1.502091575848622415e+04 1.066674052657595166e+04 -1.965465422626390591e+03 -1.499510514508162714e+03 -9.385421368431140081e+02 5.996277726487840482e+03 1.970653536581083472e+03 -9.678231303512118757e+03 1.865187063907557967e+04 -5.047592342398935216e+03 -1.198746736844166890e+03 1.034502702312156998e+03 -1.725522000228363595e+03 -3.309232182604016998e+03 3.679581253199702132e+03 2.121274543503095629e+02 5.442311008132027155e+02 -5.158708593884191487e+02
-2.508512725141840929e+04 4.695551184397478210e+04 -1.020920297939742886e+04 -9.252307101818507363e+03 -8.101747453376246710e+01 4.979532613730654020e+02 -1.315136082608167271e+03 -3.662583299637910841e+02 8.053266708022204057e+02 2.510601982089239755e+03 -3.267856949337582137e+03 -1.134852622564129376e+02 -6.975292596578244186e+00 7.259833692444025246e+02 -9.185703796181954885e+02 4.788591292709081131e+02 -3.722139657149659797e+02 -3.376260655465216587e+02 -7.671188151597993965e+01 3.634585975465024035e+02
-3.524441425842699391e+04 1.178637168715062398e+04 1.445507316343285493e+04 9.359982800882291485e+03 6.119413399034775694e+02 1.304539132590885492e+04 2.595996027179665361e+03 3.831054843540570437e+04 -4.155330466308815085e+04 1.914664494520594235e+04 -2.673154172047446264e+04 1.314564334532577195e+05 3.070207882282852006e+04 -3.772814138030936010e+04 6.163505172778567066e+04 -9.765686909562136861e+04 1.384372998719698226e+05 -9.459192757047679333e+04 -1.584150550664951152e+04 -5.557602230400664666e+03
-9.906024173391100703e+03 1.651491514675655708e+04 2.670715643698551503e+04 3.782677458907302480e+03 -1.609962031171879062e+03 2.551474216259529203e+04 2.710400752652353731e+03 4.171319934776121954e+03 -1.258676831635131020e+04 1.560720077909843894e+03 2.575722263090215711e+04 2.010140764455177759e+03 4.933314105897876800e+01 9.716549842656666442e+03 3.930891778569598046e+03 2.187313584280714167e+03 -7.562876713596562695e+03 5.409642482879636191e+03 -2.250276004281622590e+04 -3.387998798970625558e+03
-8.332300260473199160e+03 1.066894327538856123e+04 1.795903168752675992e+04 6.015877361633295095e+02 -8.810481191714352462e+02 -3.761321831787210499e+02 2.156776057438343287e+03 1.607151703927884228e+03 -5.847139722320998771e+02 -5.720239165209740349e+03 1.133394788798487207e+04 2.825415714864649090e+03 1.334287735614399821e+02 -4.214197017031061137e+02 5.630727301177390842e+01 -4.649022937018910397e+02 -1.319571655230825399e+03 -1.795195162219733334e+02 4.626466877577209971e+02 -1.062551035241526051e+03
-1.798842538146696825e+04 4.954870057952361094e+04 6.624427122062076523e+04 1.691498248945044761e+05 3.257345805549751822e+04 1.649393917458940065e+06 -4.989629612342580367e+04 -3.554240069386406685e+04 -9.466300144692294998e+04 2.129001645318601732e+04 -3.333268620656186977e+04 -5.057967760211412678e+04 6.858889694239965138e+03 2.927014878705757292e+04 -5.219288908171098592e+04 -2.847925344146874340e+04 3.904351533213146467e+04 4.968354969310510933e+04 5.149812770130569115e+05 2.295569178063119034e+04
1.642111057834830490e+03 6.024555952854478164e+03 9.706718769204469936e+03 1.411925440796571820e+04 -3.138401114503506506e+03 -2.341707136931087007e+03 9.893130490964879300e+02 -2.394030922188651311e+04 -3.770179566417014030e+03 1.135408397335918835e+03 -2.267820363037476454e+03 2.098640365476063835e+03 -2.295681236651245527e+01 -1.027199300631545384e+03 1.227551234505239108e+03 -9.595255220521289630e+02 1.268767791674248429e+03 2.847786074736387150e+02 5.607645231168575606e+01 3.163962947105027979e+03
-1.608438136054491224e+04 4.758232764647625118e+03 1.268654976276154002e+03 1.609157666865328792e+04 -2.264522479575390662e+03 -2.041389983963768600e+03 7.757673517313764933e+02 -7.020679746181128394e+03 5.297154778133972286e+02 -3.454259162091728967e+02 1.011454216600795803e+03 -5.077286318152375316e+03 -8.394588435632853134e+02 7.697735795471359665e+01 -4.903074960709391235e+02 -1.790750125248408722e+03 2.987326890811077647e+03 4.431581270856109995e+02 -6.532831562338407139e+01 -2.700734122622992004e+02
