-4.937106386087147257e+04 -1.554831713423181827e+04 1.349217291416881892e+02 -1.244302968845100622e+03 -5.181320973441557953e+01 7.804611157141097522e+01 -3.900871933282437567e+02 -2.977824183897688570e+01 2.718329384069329535e+02 3.918328299652307578e+02 -1.457807600044727003e+01 2.993847296596060232e+02 6.044119847659310807e+01 1.199405729132305964e+02 -8.294469278015569103e+01 1.150534449821798830e+02 -1.401363402000990455e+01 8.611901103669998747e+01 -1.559886600947944224e+01 -6.579045028450028667e+02
2.099517227206172174e+04 -3.093365626633389184e+03 -3.395692128720169421e+03 -4.312916660996790483e+02 1.632687580261146820e+02 9.576812977346820333e+01 -9.449590264749789981e+01 2.137858611003352109e+02 5.141712554029986393e+00 -4.420226870350428783e+01 1.123769929852932421e+02 4.006634398725842772e+01 4.025077960358433238e+00 8.525868802024495707e+00 -8.427411613788963862e+00 8.718424700183271980e+00 -3.282687587772252868e+01 -2.476361744391570952e+01 5.119339731619224843e+00 1.808589391292363402e+00
-3.324399497557778432e+03 1.188564629148043059e+04 1.879525013002947526e+04 -2.076310797219869528e+03 -9.396613777653639090e+02 -3.269694824218785811e+02 3.729072764968058436e+03 6.868771984665301034e+02 5.718653254210967134e+02 2.801897558645033541e+02 -9.810454175584731047e+02 -2.479870966690511480e+01 3.372302558259482197e+01 1.168706259251955771e+03 -9.172772414433439963e+02 3.875434670165670070e+01 1.846976223354443789e+02 5.200533544984662626e+01 -2.482441867092068222e+01 1.601699209357860809e+02
-4.260948431411075580e+04 3.583855509581115621e+04 -2.622797651666525417e+04 -5.116649880567123546e+03 9.131961599864262098e+02 4.989456331225946428e+02 1.728144262842204625e+03 -2.218498231378158380e+03 3.045779122336502951e+02 8.541935419314213505e+02 1.106450894734567100e+03 -7.796438708707576382e+01 -1.458836760046524148e+02 -5.319505716565829516e+02 9.963067892269386050e+00 1.461385001137608128e+02 -3.419524236107096726e+02 -6.901205402121807708e+01 -1.414862374861591547e+02 -7.898995258054789019e+02
-1.303446378347080827e+04 8.465624074607254443e+03 -5.522170815791484983e+02 4.541430786308955430e+04 -5.164392491242273536e+03 -3.647458050720895699e+03 -3.705843086787809852e+02 4.426805668115517619e+03 1.396414519318562725e+03 9.873488891095422559e+02 -2.487110646185244605e+03 -9.974998554535129642e+02 3.136345250045043827e+02 1.438951524908745341e+03 -1.434573600313800171e+03 2.196353524274135907e+03 -2.581712882916579474e+03 -1.191875514354515644e+03 -4.493883309569386029e+02 1.992324551674157362e+02
-1.650666982890504005e+04 1.774149940408444309e+04 3.354194217966894939e+04 2.950019933723993017e+04 2.445404479301905667e+05 -6.592987705253837703e+03 -4.996337265476840003e+03 -4.437134037346885634e+03 3.271684621877502195e+03 2.327225036297278621e+03 7.192095948217834120e+02 1.107512370020260732e+03 6.724402912618126038e+02 1.151739383039563791e+03 1.858193690529452056e+02 3.745353200078664031e+02 -4.245219336441813880e+02 7.460463922584183649e+01 -1.860304572619632609e+03 1.331164923114179430e+02
-2.516306191507626500e+04 3.364928701971431292e+04 5.667608663591430377e+04 1.296082849828257895e+05 1.094596507402368479e+04 1.079277343748195330e+06 2.750287945664145809e+03 -1.290779368621389722e+03 -9.959438614885778225e+04 9.455989907412629691e+04 5.322351473900814744e+04 -3.405441091477330338e+04 9.263244357733774450e+02 1.343422361497482925e+05 9.680323863228665141e+04 2.099348346707683049e+03 -1.244385628095962966e+04 3.837286509402664251e+03 -6.291952391668855125e+04 -5.169012551376620650e+03
5.906625090631243438e+03 2.244378603518495947e+04 2.422598314303820734e+04 -4.004137492180899244e+03 -4.056508325399463047e+03 -6.199152757266244862e+02 -6.022144670987378777e+04 -2.630794266499915466e+02 1.014021235464094048e+03 1.512865329384959296e+03 -1.699485504794184635e+03 1.115284497254631333e+03 3.977179802204414045e+02 2.047592080128308680e+03 -4.567170565383835310e+02 5.237373176436988615e+03 3.178621241428154008e+03 5.388663886979921926e+02 -1.028107932040280502e+03 -4.828224172839753692e+02
-1.902483545834059623e+04 6.641966324728592554e+03 1.613221444089450188e+03 1.874459100983518147e+04 -2.464704326686067816e+03 -2.241352955060629029e+03 3.955168586636470422e+02 -5.074957038157162970e+03 8.695720148436726049e+02 -8.362587389907787383e+02 1.650737364731339767e+03 -5.573186443171640349e+03 -8.063320136914979912e+02 2.052432526983959349e+02 -6.482677447336211571e+02 -1.691865582471519019e+03 2.883167722193044028e+03 2.353255102755778125e+02 5.233894809305968288e+00 -2.017333990571599145e+01
-2.497849590287696628e+04 4.992693599590911617e+04 -8.698754755493073390e+03 -1.032975126152028497e+04 -3.766670737556246422e+02 5.699698070777679959e+02 -6.934604433433036320e+03 2.176512879399172107e+02 9.534828913570978557e+02 3.203667691485775322e+03 -4.574946602005655222e+03 -4.830990774070893963e+02 -9.874371082935379462e+00 7.393000178803280278e+02 -9.304931204309225450e+02 5.815432602203505894e+02 -3.749374557245820938e+02 -3.454565189867729487e+02 -1.597695264491140392e+02 3.327760850513072910e+02
8.620960112629892365e+02 6.792516234243930739e+03 1.057511948698302695e+04 1.423089073807222667e+04 -3.236796270532256585e+03 -2.383788269099814897e+03 3.925757526436211151e+02 -2.402921353015651766e+04 -3.791837169401468145e+03 8.755694625378525870e+02 -1.726053238013623741e+03 2.311915416254382762e+03 -9.186269878012794265e+00 -1.018605538013163709e+03 1.242430458684949144e+03 -9.324550062725639918e+02 1.248040222681452860e+03 2.595961325302312162e+02 1.014303548832557880e+02 3.180595618139585440e+03
-3.390361032988087391e+04 7.461490853905177210e+04 1.565464070198635163e+05 6.688038500037605409e+05 9.269461209923577553e+04 7.429178814210163429e+06 -7.226347487304396054e+04 -6.452495208701075753e+05 2.697222315995696001e+06 -1.839428319571936736e+06 -9.099011106334049255e+05 4.952719504703676794e+05 -1.449154183666315657e+04 -1.352397542225514771e+06 -1.006791201424730825e+06 1.677897437323605482e+04 5.029670213864884863e+04 3.157114726211919697e+04 3.748489633779013529e+05 3.634773474928404903e+04
-8.265792315706130466e+03 1.212226748618988313e+04 1.945407772115564512e+04 6.776498581479949053e+02 -9.836396516371671623e+02 -4.176454098601407168e+02 1.471342886749473791e+03 2.022771376117402497e+03 -4.761068721269326716e+02 -5.678183023393040457e+03 1.122479870871729690e+04 2.783197569906323679e+03 1.451098872568627201e+02 -4.469763003257261289e+02 6.163771191235992575e+01 -4.128574577820893410e+02 -1.352723569383475251e+03 -2.601282770110173601e+02 5.567473419020165011e+02 -1.061612238143655304e+03
-4.042270839833164791e+04 3.790526278638518852e+04 -2.697182097312936094e+04 1.907056595702906998e+04 -1.256398650870259871e+03 -1.060927000112190171e+03 1.223006628831157059e+03 1.776737413711445697e+04 -5.665659459062242576e+01 1.360677998662256641e+03 -5.582048255163729664e+03 3.066334923661582070e+04 7.676818489016571220e+03 3.452515892717042334e+02 1.037861782378534917e+04 -3.169326550489250167e+03 1.898287322294795786e+03 7.107361876465457499e+03 3.720568409066732329e+03 -3.002866525419843811e+02
-4.216982181440592285e+03 3.734021179667706747e+03 6.103981079158626926e+03 8.685738902516661256e+03 -1.810815137853919850e+03 -1.332660689619754521e+03 1.775870635607934446e+03 -8.859520091417809454e+03 -7.119321302059762502e+02 1.518637082761846841e+03 -2.101010664694737443e+03 3.531952232274576886e+01 -7.323976790698195849e+00 -2.532907974900369084e+02 1.447288263335293550e+02 1.736976651719184517e+01 -2.226014385582858246e+00 1.559744300737839353e+02 -8.399769430503033618e+01 -1.133095299458936552e+03
-5.569963073253937182e+04 4.000524081454399857e+04 -3.540128080195652728e+04 3.386319163456542447e+04 -2.646326352393198704e+03 -2.978421476435594741e+03 -1.702351305725791235e+02 1.327873263919393503e+04 5.935383108813371109e+03 -3.183994423268693481e+03 6.244542103277305614e+03 -1.249485013510049248e+04 -9.808736907070555162e+02 3.113819815720318729e+03 -3.199804087729557978e+03 -1.210436065684011510e+03 2.932243729220827390e+03 -1.852565111011800127e+03 4.739180552032482865e+02 9.570104494953679932e+02
-4.142454675950141245e+04 3.523850570149486157e+04 -2.515506530893177114e+04 -4.466433699781151518e+03 3.209028064838178125e+03 1.699567357136365445e+03 1.763476369302904004e+03 4.092785316881571816e+03 -4.750326482840349490e+04 -6.440203181907712860e+04 -2.928720186911207929e+04 -7.725173647918447386e+03 3.226093495274218185e+03 8.890972319773056370e+03 5.042511881140103469e+03 6.726269444693120931e+03 6.023368736693599885e+02 -1.096511664455956407e+03 -5.759330611979779860e+03 -1.424599122030882199e+03
-2.355501195781554270e+04 2.426984973255989826e+04 3.045530167303908092e+04 5.912451571240433987e+04 8.350890648660182705e+03 8.631646067246637540e+04 -1.990197281742230189e+03 7.837111987679245067e+04 -2.531767388323281775e+05 1.347787085001167434e+05 5.998019736836873199e+04 4.462488080936217011e+04 -7.427769283151556010e+03 -2.174164048649182951e+05 -2.326986299964478821e+05 3.998201027050674747e+04 -6.119156957917978434e+04 7.300509332303369592e+04 -1.949312601985632791e+05 -7.287238835909098270e+03
-4.332376167140884354e+04 4.873417784566304908e+04 -1.491819379816078981e+04 1.183625997982947010e+05 3.774330498322490166e+04 3.272267325405126940e+03 -6.657788197464812583e+03 1.238686921783806029e+05 -1.073264803249460820e+05 -3.239254324847713360e+04 -1.485637644755731453e+05 4.946661070626931614e+05 -2.562450987102032639e+06 7.993945496745551645e+04 8.424003479697836156e+04 3.541244295918357238e+04 9.498511284400306977e+03 -2.362886442389662261e+04 3.937337699184878875e+04 -6.968172246985540551e+04
-9.045574359854301292e+03 2.509472781560665226e+03 6.052602049672834710e+02 8.564211321167174901e+03 -5.749691222825023260e+02 -1.042737895624301245e+03 -5.479558260491886585e+02 2.337874444150977070e+03 2.716819043223620156e+03 -5.838273971440328751e+03 9.895888114277095156e+03 -2.375673958914054310e+04 -4.361648984331933207e+03 -3.282483414749741769e+03 -9.360360308197105041e+02 -2.595746211705441965e+04 3.979367801747012709e+04 2.336766508746086038e+04 -3.981866910769650531e+03 -2.856470254596074028e+03
-4.679770990793898818e+04 1.215091367005377469e+04 -1.520415546602802351e+04 1.343445135677665530e+04 4.547817147043622867e+02 -1.254920919419478196e+02 -8.076833067681862985e+02 1.634449518992396224e+04 -9.798865599246739293e+03 -1.063435613024535269e+04 -9.655854007901918521e+03 4.640001193447296828e+04 -3.351305652708171401e+05 1.387256927966908916e+04 9.702717371192869905e+03 -1.708779389661585810e+02 1.221205099208779575e+04 -3.601216893248257293e+03 1.025727638613317686e+04 9.702828519210299874e+02
-1.525443992487792821e+04 7.077623064644823899e+03 9.512291142218753521e+03 3.118144729186643872e+03 -7.086784582558279908e+02 -5.911942364834346790e+02 -7.931795223836074001e+03 2.279317623415576236e+03 -2.163708608195961460e+03 -3.601951062749214543e+03 -5.938619848477859705e+03 -7.066364853734557073e+03 -1.890636402099750057e+03 -5.574262677188981797e+03 6.121128113676388239e+03 -3.533263166964429547e+04 -2.371934061963531713e+04 -7.632343087787162972e+01 -5.621747357555450435e+02 -2.617263423194282268e+02
-1.004872617859088132e+04 1.210170834902824754e+04 1.813871243822514589e+04 1.711899792486213755e+03 -7.389550933657643554e+02 1.846692927948666920e+02 2.688308943542127736e+02 4.489364847420592923e+03 2.580499095896515769e+02 -4.711447368490849499e+02 6.119972697188215989e+02 -5.029777298293374770e+03 -8.863305677413352441e+02 -1.477919164509463735e+04 1.216424934829143604e+04 3.721806682672272018e+03 -9.653831076693375053e+02 8.792083159834174921e+01 1.048460960534763899e+03 2.868232564254947192e+02
-4.845963014898240363e+04 -1.541570544048269039e+04 9.484239234665999163e+01 -1.433326655135140527e+03 3.801555477882268264e+01 1.424529441474404337e+02 -7.656487647675451171e+02 1.711225375156304835e+03 3.725176719076167160e+02 -3.168186584693014538e+02 5.590535728672609821e+02 1.677176792397174836e+02 -4.114007897165317331e+02 3.639853548981849940e+02 -1.299490310205508763e+02 -2.736757961005950506e+02 2.945139405312567646e+02 -6.726279036900567689e+02 2.380974075089480948e+02 2.133488693548829906e+04
-1.085920375403121216e+04 1.307296181514396449e+04 2.098139479013857272e+04 3.813224548891688755e+03 -6.877767673705359357e+02 4.140565509036176991e+03 3.288779178016751757e+03 1.354234792500429285e+04 -1.481321359566234423e+04 1.147797889160729210e+04 8.472478065959423475e+03 -3.651370692576099100e+04 -5.629075951953971526e+03 -1.083810986183628847e+05 1.233341660602059419e+05 5.532367128966004384e+04 -1.634244594809509908e+04 7.207423893429444433e+03 -4.248126563769072163e+03 1.813302489245689503e+04
-6.885724935957829985e+03 1.665625871182941410e+04 2.590182299127783699e+04 1.285852926881003077e+04 7.209044232068186830e+03 1.359106757683623291e+05 1.255462500916595445e+03 1.018036716806816730e+04 -8.264374236973559891e+04 7.014792801531746227e+04 2.806728217481349930e+04 -2.964695692814120412e+04 9.503420380840810822e+02 7.721361212155291287e+04 7.149716320108278887e+04 -2.450084105213037446e+02 1.533066703255069797e+03 -6.287510835684981430e+03 -9.272427919467159882e+03 5.318100502226118351e+02
-2.014504633504052617e+04 1.062716118458732308e+04 2.187704603092172329e+04 -4.004992194874640887e+01 3.034039012240794818e+03 1.463018706878956618e+04 6.418620641592955280e+02 1.249289990751800906e+04 -3.150278965936684108e+04 1.978632355256641677e+04 6.865371924112106399e+02 1.736591445204673801e+04 5.441890239574639054e+03 -2.966854747822355057e+04 8.864651243631262332e+03 -4.525492308549599693e+04 7.173357789663574658e+04 -1.147044286590801348e+05 -2.054939385332365782e+04 -1.202087136806821718e+03
-3.770983126473466837e+04 5.487385780222576614e+03 1.397230955163091676e+04 2.078126879706950422e+04 7.888132223667610560e+03 5.041418500662119914e+04 -7.442846384545428009e+02 4.519229222614926402e+04 -1.758634299516984902e+05 8.380269460526382318e+04 2.220801421463676525e+04 2.007865925857896218e+04 1.205491776937907707e+04 -3.255078927226952510e+05 -2.339856602635043964e+05 -4.201601559623531066e+05 7.102285857723297086e+05 -2.104463607909047045e+06 -2.177633794808288221e+05 5.090580878107423814e+03
-3.495777835367571697e+03 1.517873025901294204e+04 2.215373173809065338e+04 -3.055539083616583866e+03 -9.590750572295328311e+02 -2.718865300171907506e+02 1.674961676078055461e+03 2.170796842056271544e+03 8.936192104367912634e+02 1.233773932567146858e+03 -3.044488251638611473e+03 -8.261261772541259916e+02 -1.162882321309546008e+01 7.419512158180734787e+02 -7.028080137464672816e+02 5.462402346072317982e+01 2.119295675764223006e+02 -3.136352646604366468e-02 1.073813705782562238e+02 7.061370584484407686e+01
-3.937153958005670574e+04 9.400567375560969595e+03 2.847170868239002084e+04 -7.704187854615644937e+03 -4.774978464673319650e+03 6.019810164568499431e+02 -9.283654984462929133e+04 9.804378563949621821e+03 -1.180067871268931412e+04 -9.444628457886306933e+03 -3.087097540681488681e+04 -2.959314100704528391e+04 -1.036357618702884065e+04 -4.091347559392800031e+04 4.181658393500300735e+04 -5.402395853004803648e+05 -4.130519698641552241e+05 -2.224136468164363396e+04 -2.088010960122930919e+04 2.494672799212529208e+04
-1.582059099449427231e+04 1.492192487349526891e+04 2.588578135810271851e+04 1.941324535293418376e+04 1.516438996462169453e+05 -4.659904071626448967e+03 -2.763240674722748736e+03 -1.867906524234787184e+03 2.154204465357073786e+03 -1.433690763348192547e+02 2.194970686163532037e+02 4.967959482594168463e+01 1.736812954917697596e+02 5.391010591355513952e+02 3.014346892208821487e+02 1.802630974248483753e+01 -5.158450568611585574e+00 -1.348470158088520776e+01 -1.641991804324645443e+02 -1.651603562363556676e+01
-1.598661436184700688e+04 1.000596458415038614e+04 1.472055475025372289e+04 6.393013688646876290e+03 2.277874356452943516e+02 1.656639842158215833e+04 -5.838747039464814179e+02 1.008421571902375035e+04 -3.750037387782463338e+04 1.372667896594596095e+04 2.435641918909002925e+03 -1.031158058553415913e+03 -5.433410196633091118e+02 -2.291545177790422167e+04 -2.648615344853701026e+04 -1.296789010705528199e+03 1.249084469327127636e+03 5.266240492328861045e+00 3.830215505864214265e+03 4.337089185281128039e+02
-4.861441859825862775e+04 -1.528162621223797396e+04 3.917621545025828595e+02 -1.308593691419354400e+03 2.644006053109612253e+02 2.703206272594952679e+02 -4.009051462307775751e+02 2.771347223015768577e+03 -1.704629155360351069e+04 -2.703615614563210329e+04 -1.266208977135606074e+04 -3.367413189318752302e+03 1.209527647782864278e+03 6.325917874319437942e+03 3.038356593065097513e+03 5.304783974422847677e+03 7.861133201546937244e+02 -9.053321555862669356e+02 -5.976121260067397088e+03 1.023679187387900242e+03
-2.856258324376708333e+04 3.456825273116506287e+04 -3.909994776386904050e+03 5.712599317356084612e+03 1.266073679098032881e+04 4.458382885931331839e+04 -4.379142560364049132e+03 2.059867739768259707e+04 -1.460572064841251413e+05 6.291292452537674762e+03 -1.112516072135621107e+04 -1.246344806477037491e+04 4.042830510529241110e+03 -5.386308503509941511e+04 -9.145832302841896308e+04 -1.012482015613241128e+04 1.473182351301033486e+04 2.572198635108516100e+04 1.991340223565658380e+05 5.855598888321866070e+03
-8.928628713382120623e+03 1.674665901302653583e+04 2.577736683744611946e+04 6.102321687053599817e+02 -2.040679600883138392e+03 -7.518980930897863573e+02 -3.325280287823032722e+03 -5.049572418194421743e+02 -9.428342345223013581e+02 -8.867999516089568715e+03 1.807307056304747312e+04 5.866361750680210207e+03 3.452353995058368810e+02 5.017564726951800935e+02 -3.392016767650722500e+02 -7.505352183040331226e+01 -1.591004922325466850e+03 -5.296485687052359026e+02 8.300680884719344022e+02 -7.082173830847629006e+02
-1.584416244184460447e+04 1.073221235969767440e+04 -1.778066845640180418e+03 6.457677200089977850e+04 -7.185520311305466748e+03 -3.174705864544583164e+03 -6.389255616471764370e+02 1.227789627708350054e+04 -2.653979756918211592e+02 3.961617315120607145e+03 -6.122220089661694146e+03 5.723143375557574473e+03 -3.034850956988839243e+02 1.639173282363099815e+03 -3.487282220513875018e+03 3.725080804743452063e+03 -4.352248698141885143e+03 9.856392665166326879e+02 -3.319036184914991281e+03 5.899574114283998370e+02
-2.858929491037652770e+04 1.893980557517969646e+04 3.405371723076987109e+04 6.757705443386529805e+04 1.150091040550549587e+04 5.598368025385461515e+05 -2.401727743421232844e+03 3.074769387819859185e+04 -2.544906169038986263e+05 1.959632086689698626e+05 8.273100953765967279e+04 -5.876288980436392012e+04 4.585632110677583114e+03 1.706682879102765874e+05 1.397316195313828066e+05 -2.301022254027807503e+04 2.795755017908549053e+04 -4.787892664875045011e+04 -6.876134930815857842e+03 2.436233088216245051e+02
-3.239689739384685527e+04 4.301297847951567383e+04 -1.125525224239191084e+04 1.094421329461044843e+04 1.094274954363646657e+03 1.940255646873621345e+03 3.729594123349667370e+03 3.239751447210262268e+04 -4.712941784765048942e+04 -3.657812324136531970e+04 -4.673916489652315795e+04 1.127966932577267435e+05 2.720786071334711960e+04 -9.438025920257967300e+03 5.125077771123480488e+04 -4.909611129681604507e+04 6.497616568610936520e+04 2.036920982151268981e+04 2.722652979955771116e+03 -5.630758489192107845e+03
-4.589368464421355748e+04 -1.203300022316408831e+04 6.078931012906598880e+03 6.449570804826877065e+03 6.258107180087364395e+04 -1.690336489392046133e+03 -2.466131763986879832e+03 -5.761857160954552910e+02 2.130652173283454331e+01 -9.065215702016053001e+02 -4.412910171075058088e+02 3.337734950169694343e+02 -1.240196484897655154e+02 5.811739553175123092e+02 -3.358678130788852627e+02 1.142204032571900001e+02 8.788563715340114868e+01 3.897369094780199106e+01 5.515875041685844735e+02 4.181866744270756726e+02
-1.335784412477532533e+04 5.392653224570921338e+03 2.971616937562581370e+03 1.905387220489508400e+04 -2.967550780421677700e+03 -2.583561633666754460e+03 7.440411009900007002e+02 -2.025390919334139107e+04 -1.802770929451634629e+03 4.385586316204738068e+03 -5.493329614280696660e+03 -1.757388606066574539e+03 4.256477700449545409e+02 -5.472627718535205531e+03 5.260608814052414345e+03 2.075946158333256335e+03 -5.314070374452280703e+03 -3.959156515725744612e+03 6.026868224275362991e+03 -8.006412039263304905e+04
-4.677452260288512480e+04 -8.891797796966659007e+03 -1.324639611162700930e+03 2.175294566116495480e+04 -2.111813977059402987e+03 -2.012954900243028078e+03 -3.629136535878314589e+03 1.542098548503336679e+04 5.534610355422695648e+03 -2.340942790617088576e+03 2.074091243969442985e+03 -2.496120373209503214e+03 3.771319123387598665e+03 5.185196941168887861e+03 1.711892767929959746e+03 1.643053262375268605e+04 -2.329824766190701848e+04 -5.595897440419515624e+04 4.848177685411692801e+04 -1.030224505686982229e+04
-5.037963260833574168e+03 1.394982229978603391e+04 2.244798792910777047e+04 4.634998159917356020e+02 -9.838126121540667555e+02 2.188307547688912746e+04 6.680720436196559604e+03 3.809991727582294516e+03 -9.558108704148895413e+03 7.906882260409968694e+03 8.159448338816693649e+03 -2.073601198377928540e+03 -1.364645570610686320e+02 8.590233936270682534e+03 3.286602452524393357e+03 2.330846010659214699e+03 -5.195510105972294696e+03 4.960663501080719470e+03 -1.963008325622725897e+04 -2.008033939217332772e+03
-2.643763552898166745e+04 3.733526593055090052e+04 6.763889405942482699e+04 1.420863090887261205e+05 4.313969502724552149e+04 1.271015833814267302e+06 -1.308669935687625548e+04 9.499174306960003742e+04 -1.141569845409028232e+06 9.370813689726606244e+05 4.408323173746695393e+05 -4.719446091059840401e+05 1.800154699702349899e+04 1.400029016413799254e+06 1.067892005748613970e+06 -4.399176234783912514e+04 -1.709472291622325429e+04 1.811669281306827033e+05 1.144675960023254156e+06 7.039145206546309055e+04
-4.230074632648596162e+04 3.173283367173568331e+04 -1.181595865101451818e+04 7.022798172212296049e+04 3.528531896716216579e+03 7.898680008489934153e+03 -5.763680276387690355e+03 7.020235113786105649e+04 -8.040181862613800331e+04 -3.238103336256204420e+04 -8.247568561438926554e+04 2.313521132912283356e+05 -1.214324406624735100e+06 3.285774123662659258e+04 3.262960412621330761e+04 7.592509437942585464e+03 -2.003601040810386849e+03 -9.984261045926943552e+03 1.619860374059043897e+04 -3.105760709461279839e+04
-2.696516015562861503e+04 2.894751966558534332e+04 1.195837982612678570e+04 2.107060194182688792e+04 5.174707519750155188e+04 1.109300356040638144e+05 -2.007033159428018189e+04 4.736566570034220786e+04 -3.820551462341442239e+05 6.680166177239731769e+04 -8.861535348923140191e+03 -4.996218874146461894e+04 1.031935559464466678e+04 -1.439398753825854510e+05 -2.780244467520566541e+05 -3.954688010126327572e+04 5.415229679102393129e+04 9.452896496047708206e+04 7.513918041840322549e+05 2.418385804091750106e+04
1.737660067703311142e+03 6.842223146085688313e+03 8.530473056279115553e+03 1.084222877328796130e+03 -1.670530243031221517e+03 -5.675291493409074519e+02 -3.329805261301442079e+04 3.961407558644798428e+02 1.017677214322915574e+03 1.699831260311220831e+03 -2.908428557874774015e+03 -1.415943081672034623e+03 5.693009349797829799e+01 7.947993439029471574e+02 1.251380388060880904e+02 4.070616838382343303e+03 3.768535579864506417e+03 9.169985697735767189e+02 -9.394395479644862235e+02 -1.375225983487904841e+03
-4.170324232268446212e+04 3.592800288983647624e+04 -2.631111025582168804e+04 -5.215194680268989032e+03 9.961860748760464048e+02 5.561228440108310451e+02 1.341938083209331353e+03 -4.304916567621631884e+02 4.213094467389594797e+02 1.276632886864748002e+02 1.716021576201648713e+03 -2.214880664581806684e+02 -6.278360627224361679e+02 -2.600806059232396024e+02 -5.757933517513069432e+01 -2.423856012809914660e+02 -3.644378215321171410e+01 -8.380023343760742591e+02 1.149647840141556259e+02 2.120631091592619487e+04
-3.771453907122791861e+04 4.239404333257312101e+04 -2.854700153592386778e+04 3.704628725535429112e+04 -3.316393710585974077e+03 -2.510453706432524996e+03 9.126143981143924293e+02 2.365807199557768399e+04 1.550544493752253175e+03 1.426951667688876341e+03 -6.375588529046475742e+03 2.880246411306951268e+04 7.911136177279653566e+03 1.945627827483937381e+03 8.851709090752174234e+03 -1.974946195797050677e+03 7.029155806465971636e+02 6.219532795140714370e+03 3.433447560651568438e+03 2.007823992215706141e+02
-2.081303823523509709e+04 1.817157416201244996e+04 2.201060758109213202e+04 4.077177566681604367e+04 8.554490850500491433e+03 4.733763754826346121e+04 -3.403484791888219206e+03 4.652069384642329533e+04 -1.432079830899474618e+05 7.464975937167488155e+04 2.615881343345425557e+04 2.465849558045705635e+04 -3.992497341237764886e+03 -1.201239800959516870e+05 -1.277858689853067335e+05 1.798070703808469261e+04 -2.675841434647992719e+04 3.179403125142636782e+04 -8.951835829721752089e+04 -2.500594444517755619e+03
-2.587087243678577579e+04 4.401939553404066100e+04 7.439723737115232507e+04 1.665405171341740352e+05 1.346735590380586291e+04 1.451166014084067428e+06 1.121746926158435826e+03 -2.245878459565849334e+04 -2.119038007077645034e+03 3.324608669815990288e+04 3.518750523898276879e+04 -1.474051988018895099e+04 -3.456414662055777143e+01 9.615888609420612920e+04 6.239742792682106665e+04 7.992900490427906334e+03 -2.272365976005639459e+04 1.633023048959229345e+04 -9.121377017570519820e+04 -8.308793646160602293e+03
-6.002870133188966429e+04 7.963637954807252754e+03 -1.882405581519409679e+04 3.466019061909581796e+04 -3.041608268433359171e+03 -3.087173493802947178e+03 -1.448004431868172787e+03 1.424781637516983028e+04 5.417082929934256754e+03 -3.880225772526880519e+03 5.380432759013410760e+03 -1.184014495989425996e+04 -7.750215466091733560e+02 3.380304293936967042e+03 -2.964359730128077899e+03 -1.356018641716790626e+03 3.310226246143807657e+03 -1.572909732266917672e+03 5.956452672481713080e+02 1.016981465609611064e+03
-4.604446547773989005e+04 -1.262364005940350035e+04 4.560885374779635640e+03 1.940821919670578382e+03 4.317845024686537840e+02 1.602213110561979556e+04 -2.968695774840175545e+03 8.330601557194198904e+03 -3.707399058917172079e+04 1.345221796679972249e+04 2.528743188586112410e+03 -1.765259894647967712e+03 -5.516557672358113678e+02 -2.169698902425312554e+04 -2.671956415169627144e+04 -1.422846640825818668e+03 1.883099144622456151e+03 -5.607611065858336588e+02 4.343482302856692513e+03 9.582676483637116007e+02
-4.081530799150409166e+03 1.885052190362404872e+04 2.702816300480665814e+04 -3.061244973424080854e+03 -1.723170117312502271e+03 -5.344385865082429063e+02 -2.356250818452756448e+03 2.023929872637450842e+02 5.166721450164849330e+02 -1.282699355865473080e+03 2.375720491035940086e+03 1.624866205724924839e+03 1.500791046325376215e+02 1.479306641508625034e+03 -1.019116280547449492e+03 3.467462918563055041e+02 9.116287532667209703e+00 -2.263642857325338298e+02 3.376556314685802818e+02 3.653546399737971342e+02
-4.602943147526719258e+04 -1.264689863789241281e+04 3.977983541881245856e+03 -4.699698354103414744e+01 -4.530022228453653383e+02 -1.513452401315360021e+02 -8.306502588745566754e+03 2.768450996686508006e+03 -2.053515310426852011e+03 -3.485854513877726276e+03 -5.982718044148910849e+03 -6.529510876289482439e+03 -1.815652155286429206e+03 -4.565033017427119375e+03 5.397040189435899265e+03 -3.505207940036319633e+04 -2.350753317250120745e+04 -1.858441280671968343e+02 -7.520672148716735137e+02 2.543486747477951724e+02
-5.421069240602596437e+03 1.168373017531661753e+04 1.589896642171977328e+04 1.564778600765245938e+04 -4.051018755903304282e+03 -2.746243960021613020e+03 -4.594365517326101326e+03 -2.484982244469735087e+04 -3.942463958207713404e+03 -1.539197471310017136e+03 3.315088264718721803e+03 3.909034045507619794e+03 8.031447858853664457e+01 -7.291607933739319378e+02 1.204955383410552258e+03 -8.086167520037990926e+02 1.183664904274396577e+03 4.869617127111020949e+01 4.111698049251129419e+02 3.358386508917083120e+03
-1.888824901870756730e+04 1.293903878158870066e+04 1.451872815366400573e+04 4.315211519131134992e+03 -1.199785318934214729e+03 -7.604133576831798109e+02 -1.107441179945675867e+04 7.119533093124972766e+03 2.875678981298751751e+03 -7.738210159586162717e+02 -8.934315923772055612e+02 -1.464751353858664334e+04 -1.760985826284618042e+03 -3.488107578658210059e+03 1.179346554360096434e+03 -9.365182001879122254e+03 1.351139911710766319e+04 5.608547673173789917e+03 2.075061493914481616e+03 -4.532122624278919147e+02
-4.650102982893297303e+04 6.066818856215382402e+04 -8.738643874617595429e+03 1.978918934380067412e+03 -3.064907159162016796e+03 -3.739390700768497595e+02 -4.235846532364519226e+04 7.271396262787638079e+03 2.404606662606568534e+03 4.819147362512152540e+03 -8.493346405768284967e+03 -3.517255069518452729e+03 1.424973572224434406e+02 5.241854578131806193e+02 -1.478411996822011929e+02 1.577785417278215618e+03 -1.483559338547566767e+03 -1.552235796779237035e+03 2.822817075771217787e+02 1.972950470076975535e+03
-2.142296379749858534e+04 1.041763452194973070e+04 2.081903354883680731e+04 9.463889251301739023e+02 -2.021471384070288195e+02 3.780841407464974054e+03 1.269368186513014962e+03 1.459802745676941049e+04 -2.806640317478587167e+04 5.089625832834616631e+03 6.098118569305655001e+03 2.280313857896737682e+04 2.641740493399207026e+03 -6.858081959790144174e+04 -6.816523213534760544e+03 -2.935391458730934028e+04 2.976369592426181771e+04 8.545975715258410492e+04 2.587739757612833346e+05 1.352833369631474625e+02
-4.140985007607437728e+04 3.578637604821207788e+04 -2.446633808414151281e+04 -2.333260933340390238e+03 2.607783802910891154e+03 1.273529798957116782e+03 1.263595057168875655e+03 2.326372915013753300e+03 -3.135038504411276881e+04 -4.008934316372132162e+04 -1.652964872025600198e+04 -4.561929286535963911e+03 1.994875311066967697e+03 2.909601560404516476e+03 2.071226853358359222e+03 -1.808932389963789547e+03 -3.177503663770177809e+03 -3.070629019740777039e+02 -1.124444537913431077e+03 -1.874979410894962484e+03
-4.161313609180256753e+04 4.485833937187746051e+04 -2.857399822060958104e+04 7.342522059856487613e+04 -7.147547635326703130e+03 3.787462652981036513e+02 7.165916196461229219e+02 3.945571135009588761e+04 -5.615497919158735385e+03 1.074772644658362333e+04 -1.791488276287733970e+04 5.279061122559754585e+04 6.456094998618345016e+03 7.608573222836162131e+02 4.821134528279585538e+03 2.517853316918646669e+03 -5.197553683742189605e+03 1.329530895538381446e+04 -4.473857509560350991e+03 9.885516550589499047e+02
-8.158535542926305425e+03 2.410745161232773535e+04 1.723964757267259120e+04 -4.557937283361148729e+03 -8.423313603998803956e+02 -1.068707539955437085e+02 -1.911673945895658790e+03 2.161923343495233439e+03 8.131264249852267767e+02 1.496211316073829948e+03 -3.413178333254664722e+03 -2.367796907693845014e+02 1.196290057844108929e+02 8.378955737019484786e+02 -6.204039518606437014e+02 1.445784093458382529e+02 1.454924028830023417e+02 8.278214790716143057e+01 5.073976869109132792e+01 9.937069978104773327e+01
-6.590779916431461061e+03 6.614137698002751677e+03 9.158483927634566498e+03 1.646361062012261755e+04 -2.816141118056958021e+03 -2.425423981137370902e+03 5.457053584566787094e+02 -2.038842861450740747e+04 -3.235205230669380398e+03 2.444704539193362507e+03 -6.070202600591825103e+03 -3.804680637561154526e+03 -5.471593869261357668e+02 -7.512098922467746888e+03 6.021510406545688056e+03 -3.622493894049004666e+03 1.943897882410014518e+03 3.584948257398010355e+03 1.020554776040482011e+03 -1.181593545244229608e+04
-3.447805323950693128e+04 4.370648954346933169e+04 -1.072840816343017650e+04 3.777857158594113571e+04 -3.321057372062857667e+03 5.548665753839121635e+02 3.536858449687223128e+03 5.063817657178904483e+04 -1.771034339691271816e+04 6.460533669717386147e+03 -3.747271058954539330e+04 1.511954943013440643e+05 3.161559007499997460e+04 -1.270692951883217029e+04 5.777179996494690567e+04 -5.371877893713457161e+04 6.657599254507082514e+04 3.139446581516527294e+04 4.538613370514891358e+03 -3.863904607713862333e+03
-2.548575770887211911e+04 5.279662728822961799e+04 -2.736252731715637765e+03 -9.940526503767139729e+03 -1.293374295105741567e+03 2.070119793206764029e+02 -9.187920296174685063e+03 -2.569436818963142741e+03 4.098669710113042015e+02 -2.675593966489876152e+02 2.814504103955052415e+03 2.744909121013864933e+03 1.873727985239562486e+02 1.662000670750478321e+03 -1.335892644910056561e+03 8.646651348097203709e+02 -6.035648840609565013e+02 -6.009249112930040155e+02 1.386598763347371346e+02 6.964581611823840603e+02
-3.069896938383193628e+03 1.071176193922372295e+04 1.728040002882989938e+04 -2.027746635800409649e+03 -6.707395413113629274e+02 -2.512982216663662030e+02 4.880743488731565776e+03 1.247631928407947953e+03 6.784922750430233691e+02 9.879072777083074470e+02 -2.503149227397642790e+03 -7.163640726660443079e+02 -1.123705244764409450e+01 9.619221431607777504e+02 -8.272341119171145465e+02 -3.928349030153652421e+01 2.376619493357805482e+02 1.132097690119433224e+02 -8.940066588910057988e+01 7.999733837438557771e+01
1.020466692481445170e+04 1.826724739075810703e+03 2.576817778640503548e+03 6.098784723558389942e+02 -1.557568190918598248e+02 -1.445699823826637953e+02 -1.095591142935036032e+03 6.950723556822944715e+01 -5.549118644627021091e+00 9.231518758643328937e+00 -1.603355840006254880e+02 -1.540237869990497472e+02 -1.172223562339311620e+01 -5.217164467256809530e+02 3.836054861383244088e+02 -1.143450676056332611e+02 7.291108241019050240e+01 1.103730590264053291e+02 1.894990366504131032e+02 -4.539660005475726621e+02
-5.546119298651985446e+04 3.804472669580615911e+04 -3.275563738231145180e+04 1.625516144212416293e+04 -7.987058034341428083e+02 -1.416083918428052584e+03 9.379621780746413151e+01 7.096371587050633934e+03 4.055630058253591869e+03 -2.334524437464613129e+03 6.265412748652393020e+03 -9.276827293513179029e+03 -1.143420311903015772e+03 1.063000791825436181e+03 -1.496643316399691685e+03 -2.072633125466175443e+03 3.644683421991551768e+03 -7.076062114956390587e+02 6.102212604987062150e+02 1.081607420375244857e+02
-3.974917303996800911e+04 2.992474114119260776e+04 7.071599825384917494e+04 2.119786576615697704e+05 2.921329843516815163e+04 2.260459814969441388e+06 -1.914860276708381571e+04 -1.197141876558182703e+05 3.777748173153723474e+05 -2.296517968083749874e+05 -1.297108764629842626e+05 6.304044928217919369e+04 5.534690031535938942e+03 -1.422523746465898002e+05 -6.509183787714028585e+04 -5.075145329514676996e+04 9.022648044844013930e+04 -1.260102463768135494e+05 5.543411406090674427e+04 7.031130045779574175e+03
-2.546321305102575570e+04 2.748212019725026403e+04 4.652734578219144169e+04 9.610378725463821320e+04 9.830332722251419909e+03 7.862454640528833261e+05 -4.464701206217533581e+03 1.658079214534048515e+04 -1.784619949583820708e+05 1.492962435087313934e+05 6.705096627426266787e+04 -4.676285304038471804e+04 2.719388404171352704e+03 1.532548747973956051e+05 1.217654228163497464e+05 -1.212212440484260878e+04 1.099655000177226611e+04 -2.920874227296277604e+04 -3.964063321740466927e+04 -2.417376668642346885e+03
-4.497560914768552902e+04 -1.201604209123886358e+04 5.309826484159040774e+03 1.043054283205260191e+02 -3.748424338867728238e+02 1.119628517855333882e+02 -1.248291171715571721e+02 3.567363206870639260e+03 2.175775992060211195e+02 -4.081280349976337334e+02 6.180110491064101552e+02 -4.960572751337493173e+03 -8.285484604035052598e+02 -1.363918249631086110e+04 1.185007122673222511e+04 3.586646625777939335e+03 -5.047427174203558025e+02 8.135508620338127628e+01 9.193478737572452246e+02 8.169647232449573266e+02
-4.449182320587753566e+03 1.502033731936182267e+04 2.214337208891877162e+04 -2.258674689291657160e+03 -1.201666554594234412e+03 -4.694254596468160230e+02 1.057325781770284948e+03 -3.257886284804592947e+02 3.864691718083875571e+02 -1.126930473409011711e+03 2.036450131185591999e+03 1.382520129225875280e+03 1.266460011603840456e+02 1.557325079796287127e+03 -1.081888854425529189e+03 2.265327842988367593e+02 5.960016651929929310e+01 -1.093386340802825600e+02 1.710440760364548396e+02 3.540247837485317177e+02
3.749558053808759723e+03 2.652323914233172763e+04 2.345675984804666950e+04 -6.648578568814040409e+03 -4.183270083533191610e+03 -1.164785018458423025e+02 -7.642554506508655322e+04 4.101615622006892409e+03 1.975487295723471334e+03 7.122825402596137792e+03 -1.313612769508205565e+04 -3.542092329328891537e+03 1.716485928551269922e+02 1.193855563441032928e+03 -1.168212736684039044e+02 5.173827759661508935e+03 3.447860358106839612e+03 8.585222476082865342e+02 -1.715509127154778298e+03 -9.719371644115709614e+02
-2.507327567253235975e+04 4.695952476380133157e+04 -1.019625905509670702e+04 -9.256765823465255380e+03 -8.242696490507988472e+01 4.981752370683216213e+02 -1.336599501859049951e+03 -3.634410402657313170e+02 8.062118906684487456e+02 2.513897070963924307e+03 -3.274206767174997367e+03 -1.153643091717434999e+02 -7.009614628962402172e+00 7.263272853126122754e+02 -9.188838289035277285e+02 4.793032010792343840e+02 -3.721019329176053816e+02 -3.377373072703271077e+02 -7.698854478314193273e+01 3.633411979500907023e+02
-1.792564718963803898e+04 1.867326140844728070e+04 2.964766928509963327e+04 5.123700933941324183e+04 8.670866189417332862e+03 3.647423599859862006e+05 -7.084917457497375835e+03 4.590400510671852680e+04 -4.396937866792267305e+05 3.530329688495713635e+05 1.520624149758229614e+05 -1.724290875408199208e+05 5.733210854809984085e+03 4.938149533702675835e+05 3.841543657864021952e+05 -1.486594004922091881e+04 -2.323256034307213213e+03 6.009412612440636440e+04 4.194725621765013202e+05 2.808365613295190997e+04
-9.694117845120703350e+03 8.488671371398142583e+03 1.339425436835488654e+04 1.946294903844961482e+03 -5.772023103719274104e+02 -4.306299007900449993e+01 1.477792218254141972e+03 3.427242058782412187e+03 1.237774104994070257e+02 -3.892318415023160014e+02 4.082026163346811813e+02 -5.105286921987444657e+03 -8.860927173591317114e+02 -1.458316324269975485e+04 1.238444139149124385e+04 3.540936922685663831e+03 -8.683850898480301339e+02 1.677574460384946633e+02 1.048681461874253273e+03 2.949599891022243128e+02
-1.040347719585436425e+04 8.303472130396994544e+03 1.182739807342524000e+04 -4.314689626672501959e+02 -2.131307159748705544e+02 -2.190761622503761714e+02 -5.709213780050529294e+02 1.904202813966991016e+03 -1.148557123636227334e+04 -1.792151157592813252e+04 -1.020042049684903213e+04 -2.860645201046854254e+03 -5.270830702461919373e+02 1.224832161412357891e+03 3.749661111306192197e+03 3.145390055670891797e+03 -5.733970538335528317e+02 -1.011336640412094880e+03 9.787006244726855584e+03 -8.564424945125604154e+02
-2.114569859331046973e+04 1.468415243416556586e+04 1.548636728005448276e+04 1.051287250740377749e+04 -1.938897253691390688e+03 -1.408161765817581909e+03 -6.677436736376783983e+02 5.402649107593790177e+03 1.328565443331742927e+03 -8.802694859393301158e+03 1.702340622201389488e+04 -2.007808886301865869e+03 -5.779578601787870866e+02 7.133020994500453753e+02 -1.049033701206380556e+03 -2.039056386290868431e+03 1.515150694425838083e+03 -2.980763457385244237e+02 8.008296667796948896e+02 -7.190015709466114231e+02
-1.177842154121426574e+04 7.559965217566008505e+03 4.811168087002724292e+02 3.730271428017482685e+04 -4.350094038743920464e+03 -3.565299704187475072e+03 -1.976014739796449362e+02 1.286995819673562210e+03 1.640363482524787969e+03 2.054225151388494055e+02 -1.491022745706563228e+03 -3.021426295945467245e+03 3.444767142217731362e+02 1.242012185917050374e+03 -8.917553777634894914e+02 1.492667833715116785e+03 -1.674627436602892431e+03 -1.492939322904048367e+03 1.587811206758443916e+02 1.300983014178376607e+02
-1.728377196462383654e+04 2.020502633367229282e+04 8.838098786826963988e+03 1.037388191225247647e+04 -1.086387607397783313e+03 1.177420307548676277e+02 3.094416603881016272e+03 2.851066218634725738e+04 -1.491180447644197193e+04 1.163364742649408527e+03 -2.722675655013916912e+04 1.131179565457105928e+05 2.497737111527994057e+04 -1.328867363070609099e+04 5.053718309472346300e+04 -5.214981963951969374e+04 6.630493931757612154e+04 2.007542050002842370e+04 4.647018318187176192e+03 -4.429076614882393187e+03
-3.524441425842699391e+04 1.178637168715062580e+04 1.445507316343285493e+04 9.359982800882293304e+03 6.119413399034776830e+02 1.304539132590885492e+04 2.595996027179665361e+03 3.831054843540570437e+04 -4.155330466308814357e+04 1.914664494520594235e+04 -2.673154172047446627e+04 1.314564334532577195e+05 3.070207882282851642e+04 -3.772814138030936010e+04 6.163505172778565611e+04 -9.765686909562136861e+04 1.384372998719698226e+05 -9.459192757047677878e+04 -1.584150550664951152e+04 -5.557602230400664666e+03
-2.249006088571569853e+04 8.414787516637172303e+03 -4.431188954669564737e+03 4.606509145528513181e+04 -4.978617006894623046e+03 -4.202305965887369894e+03 -7.627410134228817924e+02 5.507139914400094312e+03 3.314108224712359515e+03 -1.409327010742521679e+03 1.428353280740020637e+03 -8.373586516443363507e+03 -6.073220375278518759e+02 2.077452347129608825e+03 -2.186888887321098991e+03 -2.568802865756179017e+02 1.434950563861458704e+03 -1.034650733275067751e+03 -1.173928911090914085e+02 4.400748894858440394e+02
-9.906024173391100703e+03 1.651491514675655708e+04 2.670715643698551867e+04 3.782677458907302480e+03 -1.609962031171879062e+03 2.551474216259528839e+04 2.710400752652354186e+03 4.171319934776122864e+03 -1.258676831635131202e+04 1.560720077909843894e+03 2.575722263090214983e+04 2.010140764455177987e+03 4.933314105897877511e+01 9.716549842656666442e+03 3.930891778569599410e+03 2.187313584280714167e+03 -7.562876713596562695e+03 5.409642482879636191e+03 -2.250276004281622590e+04 -3.387998798970626012e+03
-1.975279732357382818e+04 1.188896676397127885e+04 1.111619161521476053e+04 1.026547776009726113e+04 -1.230277706200320608e+03 -4.889341961081767636e+02 8.468010766779689220e+02 7.342521935907755505e+03 1.804033169218152807e+03 -1.973082836182892834e+03 2.919771365860565766e+03 -9.017182091690283414e+03 -1.342837847044487944e+03 -1.396346573268299653e+04 1.160959129600610140e+04 2.582753342512626659e+03 8.747951525559014954e+02 -7.818023262406873641e+01 1.366325193159148739e+03 4.422388689908414108e+02
-1.805423694357931527e+04 1.412820029856293513e+04 1.656975101343668939e+04 1.520767027516340249e+03 -1.048898779409139252e+03 2.921028987350691963e+01 -1.419347591386245404e+04 6.627342233581718574e+03 -8.525444093178270123e+03 -1.165385379786180602e+04 -1.061567509354980757e+04 -1.032865523001996189e+04 9.545625837453505937e+02 3.253690502209910392e+03 7.018067986595480761e+03 -3.502511510484992208e+00 4.159725765240660621e+03 -9.461670383379372424e+02 -6.496008863190798365e+03 -6.703974883973411124e+03
-1.605336477769360499e+04 1.331043834907711425e+04 1.402755547027175453e+04 1.594042865647852295e+03 -1.456469620907164881e+03 -5.294679682683791953e+02 -1.994233294914008366e+04 3.617968934194076610e+03 -1.825287547069695393e+03 -2.187469099398597336e+03 -8.641117866166674503e+03 -7.719014107171999967e+03 -1.846568517674745181e+03 -5.521704907560461834e+03 6.111396464723622557e+03 -3.506047527534024994e+04 -2.385412636429329359e+04 -1.525006994068778852e+02 -6.838277196968145972e+02 -3.339615679349507786e+02
-3.885188543786621449e+04 3.614554735393064038e+04 -1.928431437533532880e+04 -1.280410324934098014e+02 3.362278403425073975e+03 1.755579447067759247e+04 -2.080799369136945643e+03 1.022364857648575344e+04 -6.862281947477857466e+04 -2.563567161726557606e+04 -1.514341436542061820e+04 -5.569973965455726102e+03 1.649428191045172753e+03 -1.870035693211021135e+04 -2.507868034628782698e+04 7.861500935109967259e+02 1.263293472028774659e+03 -7.942321736600966915e+02 3.267838858233412338e+03 -7.707681745238853637e+02
-2.128531981788020857e+04 1.865676874552482695e+04 2.567537988287396729e+04 5.098914586824501748e+04 9.543992430279089604e+03 3.570746371308572707e+05 -2.370241766829346943e+03 2.510066917609239317e+04 -1.741111761298963684e+05 9.886139821939983813e+04 3.600638953554601176e+04 -2.434223333350981557e+04 1.427014484023948853e+03 2.306278112842827977e+04 -9.302743520410456767e+03 -6.505987248893547985e+03 6.266360567947168420e+03 4.331013645310034917e+03 5.508828699555939238e+04 1.992432501770219233e+03
-5.165638855816193973e+04 -1.274172150239719122e+04 -2.795808718539746565e+02 5.581203570073324954e+03 -7.275517300636415712e+02 -6.069137685734503975e+02 -1.783402831665813665e+03 3.517442843709900444e+03 1.757171077894946166e+03 -7.906227219530125012e+02 1.202770147107125695e+03 -5.420604466355302065e+03 -6.369799590104682920e+02 1.968977058470884742e+02 -6.485213449658920126e+02 -2.424216696895017321e+03 3.958939155293286603e+03 1.136035876347309568e+03 3.208960874672330306e+02 -1.284413965666992681e+02
-1.549037153824771485e+04 1.499066979511161480e+04 2.661958514193943483e+04 2.018288203585943120e+04 1.594271953853449959e+05 -4.858846644243892115e+03 -2.846630135546215115e+03 -2.183417374576398743e+03 2.324434774367218779e+03 1.954736562949137806e+02 9.070814085215754119e+01 4.477959272950980676e+02 2.476207885943421729e+02 5.930968702700171207e+02 4.143664494373575735e+02 8.701276810812710494e+01 -1.180235507145934548e+02 -1.294061306124775399e+02 -2.411583676646636434e+02 -3.739898881990332491e+00
-3.885754238286244072e+04 3.844015346544403292e+04 -1.820402894868576914e+04 3.710542575426932217e+03 6.524432475835753576e+04 -3.876395604497004115e+02 -1.671777369203816988e+03 1.056917082525432761e+03 -3.129947152805522273e+04 -4.010621162932414154e+04 -1.809691994047061235e+04 -3.857216842723535137e+03 2.063647862063735829e+03 3.857529202163733771e+03 1.467494285133613175e+03 2.206912003982021815e+03 -3.207175426645683274e+02 -2.984997100814320561e+02 -3.287676974585270386e+02 -1.296538244802724648e+03
5.072072885128594862e+03 1.626321019165101097e+04 1.834359149350245207e+04 -2.350613110063265594e+03 -2.941560451848545654e+03 -5.359394041410607770e+02 -4.815010500534917810e+04 4.207203552795280643e+02 1.040523777945953043e+03 1.986180158046229280e+03 -3.085504095396071534e+03 -2.873032616336827871e+01 2.746719474576224229e+02 1.295107246675682973e+03 -7.189946686433879108e+01 4.696655300781026199e+03 3.364640499925705626e+03 7.267815234567322022e+02 -9.175535681130528474e+02 -6.535003419927323876e+02
-2.320699537126685391e+04 1.656496760433384770e+04 1.418165704694103624e+04 1.937397657021288251e+04 1.600728106357899742e+04 9.401874230093875667e+04 -6.701628404913748454e+03 3.449876533256526454e+04 -2.281477810337007104e+05 5.651536804386218137e+04 2.232531362881037694e+03 -1.743596291733195176e+04 5.702695088979800857e+03 -1.006362719869455323e+05 -1.632923204890929919e+05 -2.593529420443025811e+04 3.241792476552523658e+04 6.683192262618632230e+04 4.373139090683215763e+05 1.311443155062196820e+04
-3.973206578668813563e+03 1.647137109365944343e+04 2.382771071907802616e+04 -3.084509695192254640e+03 -1.230950750311347065e+03 -3.559819047528551437e+02 2.160252068322056971e+02 1.535625820675616069e+03 7.699430361694070371e+02 4.298206525132826528e+02 -1.312638553696106555e+03 -4.617327607932134015e+01 3.921859334666906705e+01 9.723751803225150070e+02 -8.010748758638412710e+02 1.449086998390566521e+02 1.489319583268860754e+02 -7.026565967829426995e+01 1.812023314505552776e+02 1.653726016542728985e+02
-2.223525871558094514e+04 2.518230195544693925e+04 2.689467098360735690e+04 5.359277821226011292e+04 2.413639438124532899e+04 4.094989951661151135e+05 -9.401515557694892777e+03 5.010823083850658440e+04 -4.535329043919385877e+05 2.231797088067580189e+05 7.457681061425611551e+04 -1.055733067783546430e+05 9.291094608243840412e+03 1.289746412067784113e+05 -7.990754289373542633e+03 -3.434390382122268056e+04 3.607073403305748798e+04 7.424827533950997167e+04 6.115162466315157944e+05 2.405476712689747728e+04
-1.755750249036652531e+04 2.465946300197527307e+04 2.416761361509706330e+04 1.347226636612360153e+03 -1.701714669924275086e+03 1.603106539774577868e+04 -3.357311921499283926e+04 1.286216942004993689e+04 -3.585144188564868091e+04 1.691919381434176466e+04 -4.421251110355096898e+03 -4.924607435810166862e+03 -6.764629261772062137e+02 -2.233892107164239496e+04 -2.644326024041784694e+04 -1.085336667720612240e+03 1.796896670678589771e+03 -5.234799596074241208e+02 4.020197215810208490e+03 2.720431497921410369e+02
-1.565111822506011049e+04 2.048667036234676925e+04 3.396677851449735317e+04 2.398550051632946634e+04 1.408213290311832679e+04 1.836175292621102708e+05 -1.704268109117535232e+03 3.491513027222832898e+04 -1.615029954930180975e+05 1.151685675039693451e+05 5.206802212307549780e+04 -7.379682704931292392e+04 -6.919087457710166746e+03 -8.549426763691930682e+04 1.905267469036896655e+05 7.532553606116860465e+04 -2.666221582010770362e+04 1.253163045331531976e+04 -3.154822544632164863e+04 2.506338009007180881e+04
-2.150298060508022536e+04 4.055589984790849849e+04 -5.478359993532485532e+03 -8.358966612348287526e+03 -2.996606497044917319e+02 3.667511318348787199e+02 -1.217883134795711840e+03 -5.277678988182714193e+02 8.214576543536433064e+02 2.230687727370731864e+03 -2.743298812573951182e+03 -8.695206241480886433e+01 -2.808621844112549581e+01 8.173949350168454657e+02 -9.668001340421546956e+02 4.098120114682495796e+02 -2.620134968966305564e+02 -3.070352014398619076e+02 -6.475573880847090891e+01 3.813032563481859825e+02
-1.798842538146696825e+04 4.954870057952361094e+04 6.624427122062076523e+04 1.691498248945044761e+05 3.257345805549751822e+04 1.649393917458940065e+06 -4.989629612342580367e+04 -3.554240069386406685e+04 -9.466300144692294998e+04 2.129001645318601732e+04 -3.333268620656186977e+04 -5.057967760211412678e+04 6.858889694239965138e+03 2.927014878705757292e+04 -5.219288908171098592e+04 -2.847925344146874340e+04 3.904351533213146467e+04 4.968354969310510933e+04 5.149812770130569115e+05 2.295569178063119034e+04
-1.708636728398345076e+04 2.835189174431263746e+04 6.586308687313713563e+03 -4.901950806097448549e+03 1.834501097847515211e+03 1.047673046542375914e+03 1.521118082522548093e+03 3.529827770442486781e+03 -3.096794889893596701e+04 -4.028766569875828282e+04 -1.560307267959708406e+04 -2.689018817350478002e+03 2.364681543432397575e+03 4.393882550741889645e+03 7.508663857060430473e+02 2.230344054615500681e+03 -6.242688887996139329e+02 -4.744686105552486879e+02 -7.202272152496884701e+02 -1.552508230545669448e+03
-1.481595150345340335e+04 1.242803385237396469e+04 1.570190999130454293e+04 1.332070778568963760e+04 7.331774773974005075e+04 2.303748805841373905e+04 -4.776697990587164895e+03 8.826555493126554211e+03 -8.769083453062108310e+04 1.623034366748756656e+04 -1.979901638079014219e+03 -1.235571809333492820e+04 2.497292714653250187e+03 -3.209301768533386712e+04 -6.532737381000786991e+04 -1.050471927483525360e+04 1.397416992311689864e+04 2.449318132345656340e+04 1.970052021911061893e+05 6.292012046977738464e+03
-1.796564183407655219e+04 1.416536463670041667e+04 9.573164648238634982e+03 5.271567534849915319e+03 -5.911500651686018273e+02 1.008822259990534036e+02 3.239996251780797593e+03 6.674103169258970411e+03 -1.769927287507920482e+03 1.205961761533652634e+03 1.323473009105641268e+03 1.499482221025775175e+02 -2.443610763422934542e+04 -2.893628392368377718e+03 1.219406926536243736e+04 -1.700304116570880797e+04 2.419280560340997545e+04 -5.141848025089806470e+04 -7.727279143571268833e+03 -1.330974776082315657e+04
-1.621563402925637820e+04 1.671563674605774577e+04 3.061869901781620865e+04 2.550072979578250306e+04 2.063264607276915631e+05 -5.796250796879026893e+03 -4.125813466516583503e+03 -3.309473599514585203e+03 2.735053857057268942e+03 1.378037532165206130e+03 4.468311595059714705e+02 8.749198407539635127e+02 4.841205176252078104e+02 8.174247916209598088e+02 1.867582980756261293e+02 3.366489349512785907e+02 -4.196885287780966678e+02 6.850331459134953604e+01 -1.136859645562293736e+03 8.156310703055041245e+01
-4.728824940603465075e+04 -1.430966043195198836e+04 1.873231300495086998e+03 -9.301749862709275476e+02 -5.971836265009383027e+00 3.269321570387313045e+02 -3.518141723939902022e+03 3.464094542000721503e+03 -1.028552514995207275e+04 -1.527063952559631798e+04 -9.245584360149419808e+03 -5.389705270277638192e+03 3.213888460680867070e+02 3.140056888332243034e+03 4.968948099168415865e+03 1.693915729826573852e+03 1.837452250509890973e+03 -7.927914754486521360e+02 1.214907964505210657e+03 -3.445662742028666344e+03
-3.873555981699721087e+03 1.351205198405185001e+04 2.030979727279000508e+04 -2.627102695999324624e+03 -8.176695144848951031e+02 -2.673837026064670681e+02 3.006199095397449582e+03 1.763550269681217515e+03 7.941776649729021074e+02 1.085802187665066413e+03 -2.731649697202447442e+03 -7.594264952176833958e+02 -1.238497776956362451e+01 8.113727163152485673e+02 -7.406890888231987446e+02 6.419609644358948763e+00 2.230087737746302992e+02 4.869367199472434038e+01 3.675892256199319519e+01 7.460645472875762607e+01
