-4.991518092814438569e+04 -1.533921922227105824e+04 3.643059236370327767e+02 -1.080197775273079742e+03 -7.632281789681800888e+01 5.615384688752723719e+01 -3.879346883563288770e+02 -3.467627455126786629e+01 2.825891945387051578e+02 3.862690525400133765e+02 -1.432955378634038546e+01 2.471488343825032530e+02 5.406440663010326375e+01 1.090955809516834876e+02 -7.614659643779286569e+01 9.313493715628776215e+01 1.820507586992223636e+01 9.723598012588264794e+01 -1.265298434109504377e+01 -6.656683584046138549e+02
2.099516953713400653e+04 -3.093364704694578450e+03 -3.395692535204425894e+03 -4.312914836620520873e+02 1.632688026197752720e+02 9.576812257691351249e+01 -9.449600280651340256e+01 2.137859068282538146e+02 5.141685828031418382e+00 -4.420235061702754109e+01 1.123771369403965963e+02 4.006630320107284859e+01 4.025076644560061645e+00 8.525736949665251529e+00 -8.427321812719334559e+00 8.718392554902449021e+00 -3.282690032475997555e+01 -2.476360741192646842e+01 5.119356131717524683e+00 1.808562464475250264e+00
-3.074054763502973856e+03 1.077159195295068457e+04 1.736849118655274651e+04 -2.027229638488864794e+03 -6.933637243034302173e+02 -2.568572965095470977e+02 4.815574865332091576e+03 1.202051528671900769e+03 6.695342610461241293e+02 9.347166752484467906e+02 -2.388710381960990617e+03 -6.650323454548286009e+02 -7.851633988946058906e+00 9.783386964636598577e+02 -8.345567511729121861e+02 -3.407015160622825078e+01 2.339384882860066455e+02 1.094604269800255736e+02 -8.582919754457959982e+01 8.469481766352866714e+01
-4.205650684799093142e+04 3.561701398667443573e+04 -2.649720091441795012e+04 -5.256136871810318553e+03 9.372300810514415161e+02 5.191089910647888246e+02 1.731155737070077294e+03 -2.206520001987569231e+03 2.985723672611763391e+02 8.578230678135912513e+02 1.113277294940758566e+03 -2.746134408650268099e+01 -1.395386852822039145e+02 -5.075556912271838428e+02 -7.484440765285112818e+00 1.712366401183322182e+02 -3.790888754508505940e+02 -8.651780414375394912e+01 -1.462202670495684060e+02 -7.831268927072065935e+02
-1.641608874086480137e+04 1.781503969921320095e+04 3.391932557508655009e+04 3.004647648016687526e+04 2.499917312753506412e+05 -6.692097632385707584e+03 -5.099177230338958907e+03 -4.633045393007048915e+03 3.300533643941049377e+03 2.482476980786641889e+03 7.369656543700307338e+02 1.217177745181498267e+03 7.091833332843809785e+02 1.185158462462909256e+03 1.749086552626279456e+02 3.980901744452095841e+02 -4.526640136990729388e+02 5.478677905212874322e+01 -1.976800365014091540e+03 1.416439360140808787e+02
-2.613709308319865158e+04 4.600562848850603041e+04 7.732201183473046694e+04 1.693096811890932440e+05 1.343932673217582851e+04 1.478079326701637125e+06 1.434532740099285547e+03 -2.208079327731488956e+04 -2.576194581204071255e+03 3.395483596414172644e+04 3.873836259871705988e+04 -1.453031427093350067e+04 -1.148610437924740495e+02 9.840757325070162187e+04 6.244839333567624271e+04 9.305975800342415823e+03 -2.570738997283343997e+04 1.915984071374959967e+04 -1.016624482812688657e+05 -9.439384627325041947e+03
-4.216708341264156843e+03 3.732874224575340122e+03 6.104766031110993026e+03 8.679837216708634514e+03 -1.810217435864301706e+03 -1.332137898871405923e+03 1.776589026668053975e+03 -8.861380920257062826e+03 -7.124971962187112240e+02 1.518904856127758194e+03 -2.101099563009197027e+03 3.625363027952578676e+01 -7.363565215499812133e+00 -2.540071399059868327e+02 1.453204644499078597e+02 1.688984384576801290e+01 -1.831708107162363541e+00 1.566579499520698562e+02 -8.349863945203529170e+01 -1.134076481383287273e+03
-3.390361032988087391e+04 7.461490853905177210e+04 1.565464070198635163e+05 6.688038500037605409e+05 9.269461209923577553e+04 7.429178814210163429e+06 -7.226347487304396054e+04 -6.452495208701075753e+05 2.697222315995696001e+06 -1.839428319571936736e+06 -9.099011106334049255e+05 4.952719504703676794e+05 -1.449154183666315657e+04 -1.352397542225514771e+06 -1.006791201424730825e+06 1.677897437323605482e+04 5.029670213864884863e+04 3.157114726211919697e+04 3.748489633779013529e+05 3.634773474928404903e+04
-2.250879438283783384e+04 8.372111976282847536e+03 -4.441542371310065391e+03 4.571755752814687003e+04 -4.939535778610240413e+03 -4.216054334925150215e+03 -7.595843648014969176e+02 5.374042421893932442e+03 3.361570352502715650e+03 -1.483230886122393031e+03 1.525354913311524342e+03 -8.557200556137941021e+03 -6.021470382281306684e+02 2.079132327798763981e+03 -2.154026588489002279e+03 -3.031106240458909724e+02 1.496945134799161451e+03 -1.075660520329865449e+03 -6.024216719378043905e+01 4.335341805158114425e+02
-2.490209792515536901e+04 4.967092590158322128e+04 -8.804046135416878315e+03 -1.026464405716789588e+04 -3.486932266965037002e+02 5.646485958094031048e+02 -6.362619932316403720e+03 1.537077363657182332e+02 9.401576970305086434e+02 3.141354667292486283e+03 -4.457020026949846397e+03 -4.426891181839317255e+02 -9.507666765901136685e+00 7.449935107394791203e+02 -9.351891470663560995e+02 5.717796121831395340e+02 -3.727532685837562099e+02 -3.454011914544877868e+02 -1.510385603327457886e+02 3.373198310482681563e+02
5.656151207927688120e+03 2.187679825241013168e+04 2.374030268035074550e+04 -3.797823165853043520e+03 -3.950467335141242074e+03 -6.170279708533768144e+02 -5.882004699740628712e+04 -2.147508670833534552e+02 9.716399879441013354e+02 1.425599073228448788e+03 -1.693495090959771233e+03 1.014099608384774115e+03 3.896697546140617874e+02 1.984759552187367717e+03 -3.938353595012091546e+02 5.146386216819850233e+03 3.206888985537212648e+03 5.533118126162091812e+02 -1.023207809094355753e+03 -5.125832745011157385e+02
-4.142454675950141245e+04 3.523850570149484702e+04 -2.515506530893176750e+04 -4.466433699781153337e+03 3.209028064838178125e+03 1.699567357136364990e+03 1.763476369302904459e+03 4.092785316881571816e+03 -4.750326482840349490e+04 -6.440203181907714315e+04 -2.928720186911208657e+04 -7.725173647918448296e+03 3.226093495274218640e+03 8.890972319773056370e+03 5.042511881140103469e+03 6.726269444693120931e+03 6.023368736693598748e+02 -1.096511664455956407e+03 -5.759330611979780770e+03 -1.424599122030882427e+03
-8.498012684138258919e+03 1.065516229689650754e+04 1.787622983006108916e+04 6.969445063543745391e+02 -8.840089282303631535e+02 -3.831812367938825901e+02 2.148557368287781173e+03 1.634326908324749866e+03 -5.765480637034756910e+02 -5.731210350947296320e+03 1.134918611296521522e+04 2.819969490705218959e+03 1.359868748333973372e+02 -4.181430182863799132e+02 6.035805544221520336e+01 -4.605540964696691617e+02 -1.326548968267026339e+03 -1.905047042911185429e+02 4.739345705852502419e+02 -1.060471358483692939e+03
-5.569963073253937182e+04 4.000524081454399857e+04 -3.540128080195653456e+04 3.386319163456542447e+04 -2.646326352393198704e+03 -2.978421476435594741e+03 -1.702351305725791235e+02 1.327873263919393503e+04 5.935383108813371109e+03 -3.183994423268694391e+03 6.244542103277306524e+03 -1.249485013510049248e+04 -9.808736907070554025e+02 3.113819815720318729e+03 -3.199804087729558887e+03 -1.210436065684011282e+03 2.932243729220827390e+03 -1.852565111011800127e+03 4.739180552032482296e+02 9.570104494953681069e+02
-4.845963014898240363e+04 -1.541570544048269221e+04 9.484239234665999163e+01 -1.433326655135140527e+03 3.801555477882267553e+01 1.424529441474404337e+02 -7.656487647675452308e+02 1.711225375156305063e+03 3.725176719076167160e+02 -3.168186584693014538e+02 5.590535728672609821e+02 1.677176792397174836e+02 -4.114007897165317331e+02 3.639853548981849372e+02 -1.299490310205508763e+02 -2.736757961005950506e+02 2.945139405312567646e+02 -6.726279036900567689e+02 2.380974075089480664e+02 2.133488693548829906e+04
1.176818044941242306e+03 6.407836193564367022e+03 1.009455764813204769e+04 1.419215190664890542e+04 -3.170581694834445898e+03 -2.358470834615833155e+03 7.072699096544265558e+02 -2.390498266132873323e+04 -3.768827568390813212e+03 1.058018072782869694e+03 -2.112808207977453094e+03 2.148543361279515466e+03 -2.002534719257220885e+01 -1.056626846558062425e+03 1.254682901666444877e+03 -9.495523813246712734e+02 1.260250763638122180e+03 2.749032489040985183e+02 8.044626319770898704e+01 3.163858660834021521e+03
-3.937153958005670574e+04 9.400567375560967776e+03 2.847170868239002084e+04 -7.704187854615644028e+03 -4.774978464673319650e+03 6.019810164568499431e+02 -9.283654984462929133e+04 9.804378563949621821e+03 -1.180067871268931231e+04 -9.444628457886306933e+03 -3.087097540681488681e+04 -2.959314100704528391e+04 -1.036357618702884065e+04 -4.091347559392800031e+04 4.181658393500300735e+04 -5.402395853004804812e+05 -4.130519698641552241e+05 -2.224136468164363396e+04 -2.088010960122930919e+04 2.494672799212529571e+04
-3.440633898858170141e+04 4.370198342291024892e+04 -1.064626052042681113e+04 3.781222159796579217e+04 -3.326659294419986963e+03 5.603304692726537724e+02 3.541708984687491011e+03 5.068770063791319262e+04 -1.773276820685792700e+04 6.487542251296728864e+03 -3.752926779266454105e+04 1.513532630094628839e+05 3.164126970761189295e+04 -1.271252573740496882e+04 5.780358427184414904e+04 -5.371757076918907114e+04 6.656483194680088491e+04 3.143571401094579778e+04 4.536901748569895972e+03 -3.864308359341386677e+03
-2.463526882581885002e+04 3.149619626644823802e+04 5.174575081838840561e+04 1.213963107492995332e+05 1.015632803616950150e+04 9.850871827116456116e+05 1.462783187594850688e+03 3.935676545955306210e+03 -1.212124854841924243e+05 1.084859704239127022e+05 5.524430176935689815e+04 -3.806189231948307133e+04 1.139177717048746672e+03 1.419793458441082912e+05 1.043384829915677692e+05 3.878990621963441185e+02 -9.085680776978122594e+03 2.277918358256426856e+01 -5.252727274862750346e+04 -3.990434509018412882e+03
-9.045574359854303111e+03 2.509472781560665226e+03 6.052602049672833573e+02 8.564211321167174901e+03 -5.749691222825024397e+02 -1.042737895624301245e+03 -5.479558260491886585e+02 2.337874444150976615e+03 2.716819043223619701e+03 -5.838273971440328751e+03 9.895888114277093337e+03 -2.375673958914054310e+04 -4.361648984331933207e+03 -3.282483414749741769e+03 -9.360360308197102768e+02 -2.595746211705441601e+04 3.979367801747011981e+04 2.336766508746086038e+04 -3.981866910769649621e+03 -2.856470254596074483e+03
-1.966023869723301686e+04 1.187529730073140308e+04 1.117533504421476209e+04 1.019379782005486777e+04 -1.227412870279489653e+03 -4.794257825639190287e+02 8.053374819102161837e+02 7.303643133833324100e+03 1.785817216462692386e+03 -1.958865643927187648e+03 2.889971630190338146e+03 -8.944775664005452199e+03 -1.329214025363750807e+03 -1.396964020450440330e+04 1.161890325795153149e+04 2.616278253532226699e+03 8.277789691666223462e+02 -1.053566137570627745e+02 1.393810607027232891e+03 4.539231119775508319e+02
-4.041682704772891157e+04 3.790480861416200787e+04 -2.695958532765179552e+04 1.906615754994966119e+04 -1.255892572666806245e+03 -1.060734797819115101e+03 1.215485852177157994e+03 1.776780513156793313e+04 -5.714778355135887722e+01 1.361142969201207734e+03 -5.585714397539827587e+03 3.066150245850925057e+04 7.676294154338782391e+03 3.442297488822472360e+02 1.037962450487858769e+04 -3.177315815596893117e+03 1.893264721702516681e+03 7.107640676549086493e+03 3.720064091195793480e+03 -3.002592297900991980e+02
-3.523199954083976991e+03 1.508424628501689949e+04 2.204730624585853366e+04 -3.037511029287473320e+03 -9.484115874642461677e+02 -2.704024518823852645e+02 1.763076934631627637e+03 2.157913508197222200e+03 8.902524027408826441e+02 1.238302847956987989e+03 -3.054633091894532299e+03 -8.344718670940477523e+02 -1.254133231705804796e+01 7.422116736747492496e+02 -7.036768892643289064e+02 5.026484179490834947e+01 2.139073426620555551e+02 3.731306673435021537e+00 1.026864359444696078e+02 6.953001466102809047e+01
-1.563360480309106424e+04 1.496085156551233922e+04 2.630129647140495581e+04 1.984905078287511060e+04 1.560511772892937006e+05 -4.772554956539532213e+03 -2.810459811534920846e+03 -2.046563993186940934e+03 2.250597081058774165e+03 4.850003028675899941e+01 1.465705627972967875e+02 2.751122740204709203e+02 2.155494045568246975e+02 5.696760930554859215e+02 3.653821015610341760e+02 5.708977152275088685e+01 -6.906811676006019241e+01 -7.912500867548280326e+01 -2.077771860339607883e+02 -9.281570467278573489e+00
-4.332376167140884354e+04 4.873417784566304908e+04 -1.491819379816078981e+04 1.183625997982947010e+05 3.774330498322490166e+04 3.272267325405126940e+03 -6.657788197464812583e+03 1.238686921783806029e+05 -1.073264803249460820e+05 -3.239254324847713360e+04 -1.485637644755731453e+05 4.946661070626931614e+05 -2.562450987102032639e+06 7.993945496745551645e+04 8.424003479697836156e+04 3.541244295918357238e+04 9.498511284400306977e+03 -2.362886442389662261e+04 3.937337699184878875e+04 -6.968172246985540551e+04
-1.481595150345340153e+04 1.242803385237396469e+04 1.570190999130454293e+04 1.332070778568963942e+04 7.331774773974005075e+04 2.303748805841373905e+04 -4.776697990587164895e+03 8.826555493126554211e+03 -8.769083453062106855e+04 1.623034366748756656e+04 -1.979901638079014447e+03 -1.235571809333492820e+04 2.497292714653250187e+03 -3.209301768533386348e+04 -6.532737381000786991e+04 -1.050471927483525360e+04 1.397416992311689683e+04 2.449318132345656340e+04 1.970052021911061893e+05 6.292012046977738464e+03
-4.679770990793898818e+04 1.215091367005377469e+04 -1.520415546602802351e+04 1.343445135677665530e+04 4.547817147043622867e+02 -1.254920919419478196e+02 -8.076833067681862985e+02 1.634449518992396224e+04 -9.798865599246741112e+03 -1.063435613024535269e+04 -9.655854007901918521e+03 4.640001193447296828e+04 -3.351305652708171401e+05 1.387256927966909097e+04 9.702717371192869905e+03 -1.708779389661585810e+02 1.221205099208779575e+04 -3.601216893248256838e+03 1.025727638613317686e+04 9.702828519210299874e+02
-2.069026792526672943e+04 1.628256430180272582e+04 2.001731859190148680e+04 3.569581439540407155e+04 3.691948846256857905e+03 4.422686968595410872e+04 -2.297399327313257800e+03 4.011903520645479148e+04 -1.227932477615125390e+05 6.420857833893378120e+04 2.097916062575723845e+04 2.019955553371899077e+04 -2.957358405324824162e+03 -9.702930657871866424e+04 -1.026220195433083718e+05 1.229042136568196656e+04 -1.819877736606803228e+04 2.101737658888176520e+04 -6.912645726141144405e+04 -1.723504856950603198e+03
-1.171481377320807769e+04 7.526024576604835602e+03 5.328162608341883697e+02 3.691984517450580461e+04 -4.312017662045665929e+03 -3.564320407480646736e+03 -1.917958152362911051e+02 1.139872155661395482e+03 1.657492979772215904e+03 1.642240982477908915e+02 -1.439499130487546608e+03 -3.127217907530917728e+03 3.475936899669367790e+02 1.234464774230358216e+03 -8.640053054938002788e+02 1.459312703511557629e+03 -1.631793088194256143e+03 -1.512899311129058333e+03 1.934858162977906204e+02 1.250606462763056328e+02
-6.970971568677952746e+03 1.664082898006760297e+04 2.587655350197975349e+04 1.313023892482989322e+04 7.227434201049237345e+03 1.375578091731290333e+05 1.230872724118415363e+03 1.012826541473984980e+04 -8.235868248192110332e+04 6.984702938409350463e+04 2.792259419403614811e+04 -2.948025786733418136e+04 9.437713882998447161e+02 7.673788760377628205e+04 7.096032030501574627e+04 -2.703275651065226270e+02 1.539606421037096197e+03 -6.265461561318350505e+03 -9.160290868540876545e+03 5.314000316517896181e+02
-3.770983126473466837e+04 5.487385780222576614e+03 1.397230955163091676e+04 2.078126879706950422e+04 7.888132223667610560e+03 5.041418500662119914e+04 -7.442846384545428009e+02 4.519229222614926402e+04 -1.758634299516984902e+05 8.380269460526382318e+04 2.220801421463676525e+04 2.007865925857896218e+04 1.205491776937907707e+04 -3.255078927226952510e+05 -2.339856602635043964e+05 -4.201601559623531066e+05 7.102285857723297086e+05 -2.104463607909047045e+06 -2.177633794808288221e+05 5.090580878107423814e+03
-1.565431860897010483e+04 1.021999815884061354e+04 1.179740651223026543e+04 2.346213713229607038e+03 -1.086107606658901659e+03 -5.599716063191061721e+02 -1.399614024867305307e+04 2.952116945742137887e+03 -1.992692129882280597e+03 -2.888164469709503919e+03 -7.301874075604537211e+03 -7.402089494802120498e+03 -1.869880277507742221e+03 -5.547891574685118030e+03 6.114283808092419349e+03 -3.519455290090429480e+04 -2.378787923844265606e+04 -1.162953781752269578e+02 -6.242019605014401122e+02 -2.981934544794704038e+02
-2.014504633504052617e+04 1.062716118458732490e+04 2.187704603092172692e+04 -4.004992194874646572e+01 3.034039012240794364e+03 1.463018706878956800e+04 6.418620641592956417e+02 1.249289990751801088e+04 -3.150278965936683744e+04 1.978632355256641313e+04 6.865371924112107536e+02 1.736591445204673801e+04 5.441890239574639054e+03 -2.966854747822355785e+04 8.864651243631262332e+03 -4.525492308549598965e+04 7.173357789663574658e+04 -1.147044286590801494e+05 -2.054939385332365782e+04 -1.202087136806821718e+03
-1.085920375403121216e+04 1.307296181514396449e+04 2.098139479013857272e+04 3.813224548891688755e+03 -6.877767673705359357e+02 4.140565509036177900e+03 3.288779178016751757e+03 1.354234792500429467e+04 -1.481321359566234423e+04 1.147797889160729210e+04 8.472478065959421656e+03 -3.651370692576099827e+04 -5.629075951953972435e+03 -1.083810986183628847e+05 1.233341660602059856e+05 5.532367128966004384e+04 -1.634244594809509363e+04 7.207423893429444433e+03 -4.248126563769072163e+03 1.813302489245689867e+04
-6.118336392702911326e+03 1.452206687512630378e+04 2.340050961585958066e+04 1.199350341036895998e+03 -1.123241511912967098e+03 2.269370024592397385e+04 5.795489780464055912e+03 3.888810507206579132e+03 -1.023432068559430627e+04 6.493218951238088266e+03 1.208137926587759284e+04 -1.161099909373802802e+03 -9.477187574415287941e+01 8.841339043272519120e+03 3.430627229176386209e+03 2.299591145979504290e+03 -5.724401449383263753e+03 5.060910923070790886e+03 -2.027118132546699417e+04 -2.315717861225049546e+03
-1.610941073560614495e+04 1.156123069481411585e+04 1.573583417761863893e+04 5.837334400462807025e+03 2.326162199564836897e+01 1.650356198031033637e+04 -4.068037780515422128e+03 1.035661891079437737e+04 -3.729946746071982489e+04 1.404683879832789717e+04 1.710821710588714268e+03 -1.469335473076032940e+03 -5.597787596941033144e+02 -2.283082617523990848e+04 -2.645860809259167581e+04 -1.277880213074028006e+03 1.312436667495431038e+03 -6.498096393245606350e+01 3.873039812661754240e+03 4.163829232774906473e+02
-1.792564718963803898e+04 1.867326140844728070e+04 2.964766928509963327e+04 5.123700933941324183e+04 8.670866189417332862e+03 3.647423599859862006e+05 -7.084917457497375835e+03 4.590400510671852680e+04 -4.396937866792267305e+05 3.530329688495713635e+05 1.520624149758229614e+05 -1.724290875408199208e+05 5.733210854809984085e+03 4.938149533702675835e+05 3.841543657864021952e+05 -1.486594004922091881e+04 -2.323256034307213213e+03 6.009412612440636440e+04 4.194725621765013202e+05 2.808365613295190997e+04
-4.850026490222489520e+04 -1.523556347334275961e+04 4.777350059898063250e+02 -1.301347409391343263e+03 2.503821127764367702e+02 2.594143265935751401e+02 -4.498615862779616350e+02 2.740877314055591796e+03 -1.653733672588246918e+04 -2.623450700755818616e+04 -1.238266648492651257e+04 -3.292353172226800325e+03 1.051054923081719608e+03 5.951509397074354638e+03 3.062186776624098002e+03 5.108124425474695272e+03 6.904078026398293559e+02 -8.702296988223496328e+02 -4.592361531084567105e+03 8.677594345913148572e+02
-2.643763552898166745e+04 3.733526593055090052e+04 6.763889405942482699e+04 1.420863090887261205e+05 4.313969502724552149e+04 1.271015833814267302e+06 -1.308669935687625548e+04 9.499174306960003742e+04 -1.141569845409028232e+06 9.370813689726606244e+05 4.408323173746695393e+05 -4.719446091059840401e+05 1.800154699702349899e+04 1.400029016413799254e+06 1.067892005748613970e+06 -4.399176234783912514e+04 -1.709472291622325429e+04 1.811669281306827033e+05 1.144675960023254156e+06 7.039145206546309055e+04
-1.335784412477532533e+04 5.392653224570921338e+03 2.971616937562581825e+03 1.905387220489508400e+04 -2.967550780421677700e+03 -2.583561633666754460e+03 7.440411009900009276e+02 -2.025390919334140199e+04 -1.802770929451634174e+03 4.385586316204738068e+03 -5.493329614280697569e+03 -1.757388606066574539e+03 4.256477700449543704e+02 -5.472627718535205531e+03 5.260608814052413436e+03 2.075946158333256335e+03 -5.314070374452279793e+03 -3.959156515725744612e+03 6.026868224275362081e+03 -8.006412039263304905e+04
-2.613062953885384923e+04 1.810400679998111082e+04 3.254946636819723062e+04 6.415743173896781809e+04 1.048060359688412791e+04 5.105571554018144379e+05 -2.016711551140919028e+03 2.955818593264517767e+04 -2.297201376450813550e+05 1.719357906694145640e+05 7.154720827637989714e+04 -4.793756312364639598e+04 3.214961129750107830e+03 1.280643392019986204e+05 1.005974344500799198e+05 -1.590143337936879288e+04 1.892688612338427993e+04 -3.397417954223731795e+04 -1.620376343853380786e+04 -1.560982217923105679e+02
2.479180609792249925e+03 8.092827026570276757e+03 9.755691841053829194e+03 4.799563501611052061e+02 -1.808183117297393892e+03 -5.374153251542574026e+02 -3.550523182467023435e+04 5.575254559618266512e+02 1.048446239835922370e+03 1.990892256165293020e+03 -3.451365060166642706e+03 -1.356755796396096230e+03 8.591772869752273323e+01 8.182697297552277860e+02 1.234885241384299945e+02 4.193803990687368241e+03 3.693827712137090202e+03 8.931724249944692247e+02 -9.598941001522513261e+02 -1.272934370411390546e+03
-1.669792982060403301e+04 1.178890352312893083e+04 -2.220327436407457753e+03 7.329243549370474648e+04 -8.110515847324685637e+03 -2.989716615316641764e+03 -7.560429668079160592e+02 1.576972958534100326e+04 -1.025416891500540032e+03 5.342181945009778246e+03 -7.868071333761454298e+03 8.991733977245721690e+03 -4.924147195552507128e+02 1.721904137271955733e+03 -4.320562419472632428e+03 4.556322584686706250e+03 -5.392637106642210711e+03 1.844303268885318857e+03 -4.520365775808762010e+03 7.377475566070959303e+02
-4.161313609180256753e+04 4.485833937187746051e+04 -2.857399822060958104e+04 7.342522059856487613e+04 -7.147547635326703130e+03 3.787462652981036513e+02 7.165916196461229219e+02 3.945571135009588761e+04 -5.615497919158735385e+03 1.074772644658362333e+04 -1.791488276287733970e+04 5.279061122559754585e+04 6.456094998618345016e+03 7.608573222836162131e+02 4.821134528279585538e+03 2.517853316918646669e+03 -5.197553683742189605e+03 1.329530895538381446e+04 -4.473857509560350991e+03 9.885516550589499047e+02
-2.385462484451163618e+04 2.486420997840818018e+04 1.985899062703092932e+04 2.606566015606248766e+04 6.524290081974828354e+04 1.197540857949026831e+05 -2.522104053184604345e+04 5.138320005340837088e+04 -4.068107338129751734e+05 8.717485765783698298e+04 -3.440020882090481336e+03 -5.435636039916195296e+04 1.055315242262187348e+04 -1.586191986537564371e+05 -3.060571469498720253e+05 -4.426287458800330933e+04 5.977519011678751849e+04 1.055942142556195031e+05 8.310966173137951409e+05 2.717668291618834337e+04
-4.673913713979131717e+04 -8.853704084947181400e+03 -1.324565717245835685e+03 2.174307085133191140e+04 -2.102600165915474463e+03 -2.011175907480983142e+03 -3.624408771151230667e+03 1.541652334835160400e+04 5.487938217911870197e+03 -2.391375712818432476e+03 2.051586932961602542e+03 -2.509506597473141483e+03 3.774468334439976388e+03 5.162799853388232805e+03 1.707006349575900913e+03 1.643605523803813412e+04 -2.328701136595157368e+04 -5.592925736830999813e+04 4.844322060885660903e+04 -1.025449494974027948e+04
-2.373232634113857421e+04 2.545174517646176901e+04 3.145445566317757766e+04 5.969730220815588837e+04 4.837175127612523283e+03 9.214874778745054209e+04 -1.965769748217117694e+03 8.140936949441190518e+04 -2.641993632214411045e+05 1.407047412161123357e+05 6.379595859571190522e+04 4.619150342207750509e+04 -7.675535307237159941e+03 -2.252513094446283649e+05 -2.413851140647819266e+05 4.192379119557025115e+04 -6.441544747658091364e+04 7.681706582806195365e+04 -2.059616906220751698e+05 -7.920421285768097732e+03
-4.170324232268446940e+04 3.592800288983647624e+04 -2.631111025582168440e+04 -5.215194680268988122e+03 9.961860748760464048e+02 5.561228440108310451e+02 1.341938083209331353e+03 -4.304916567621630747e+02 4.213094467389594229e+02 1.276632886864747718e+02 1.716021576201648713e+03 -2.214880664581806684e+02 -6.278360627224360542e+02 -2.600806059232396592e+02 -5.757933517513070143e+01 -2.423856012809914375e+02 -3.644378215321171410e+01 -8.380023343760741454e+02 1.149647840141556401e+02 2.120631091592619487e+04
-7.307938523552491461e+03 1.773584656156949131e+04 2.714775714426794366e+04 -2.330667720304093748e+01 -2.109590584238387237e+03 -7.504904863470896998e+02 -3.666730184239620939e+03 -4.758461727591337080e+02 -8.419865468900585483e+02 -8.798582052751016818e+03 1.787094849575147236e+04 5.902647464016982667e+03 3.467032493763112484e+02 6.174860952574983912e+02 -3.440117499613055543e+02 -5.318318613328982281e+01 -1.554378520297767864e+03 -5.717626906605210024e+02 9.063716936861321756e+02 -6.836191514863022576e+02
-4.170587323475137237e+04 3.568095269194975117e+04 -2.473796659065772474e+04 -2.162838451348631679e+03 2.604538090189769264e+03 1.263866223777013829e+03 2.139268686962769607e+03 2.132181932836942906e+03 -3.101443213554644171e+04 -3.973010668543655629e+04 -1.565188987708706554e+04 -3.853053730695455215e+03 2.197703823538944562e+03 3.483344351578281930e+03 1.419975937599373992e+03 2.164803718320965800e+03 -4.940297926262984447e+02 -2.932248527942805367e+02 -1.051548700041124675e+03 -1.919990278365265567e+03
-4.602943147526719986e+04 -1.264689863789241281e+04 3.977983541881246310e+03 -4.699698354103416165e+01 -4.530022228453654520e+02 -1.513452401315360021e+02 -8.306502588745566754e+03 2.768450996686507551e+03 -2.053515310426852011e+03 -3.485854513877725822e+03 -5.982718044148910849e+03 -6.529510876289482439e+03 -1.815652155286429206e+03 -4.565033017427120285e+03 5.397040189435899265e+03 -3.505207940036319633e+04 -2.350753317250120745e+04 -1.858441280671968059e+02 -7.520672148716735137e+02 2.543486747477951724e+02
-4.230074632648596162e+04 3.173283367173568331e+04 -1.181595865101451818e+04 7.022798172212296049e+04 3.528531896716216579e+03 7.898680008489934153e+03 -5.763680276387690355e+03 7.020235113786105649e+04 -8.040181862613800331e+04 -3.238103336256204420e+04 -8.247568561438926554e+04 2.313521132912283356e+05 -1.214324406624735100e+06 3.285774123662659258e+04 3.262960412621330761e+04 7.592509437942585464e+03 -2.003601040810386849e+03 -9.984261045926943552e+03 1.619860374059043897e+04 -3.105760709461279839e+04
-4.589368464421355748e+04 -1.203300022316408649e+04 6.078931012906599790e+03 6.449570804826877975e+03 6.258107180087363668e+04 -1.690336489392045905e+03 -2.466131763986878923e+03 -5.761857160954552910e+02 2.130652173283454331e+01 -9.065215702016053001e+02 -4.412910171075058088e+02 3.337734950169694343e+02 -1.240196484897655580e+02 5.811739553175121955e+02 -3.358678130788852059e+02 1.142204032571899859e+02 8.788563715340113447e+01 3.897369094780198395e+01 5.515875041685844735e+02 4.181866744270756726e+02
-1.086850521194483008e+03 9.457442099017680448e+03 1.394015588278988798e+04 1.446925860715836461e+04 -3.711030009656832135e+03 -2.558715560295290743e+03 -1.947725477622027483e+03 -2.493371655402362740e+04 -3.971226879460048167e+03 -4.684429056300494381e+02 1.131907211840912851e+03 3.558004873277805018e+03 7.576601531570653947e+01 -7.387957935251062054e+02 1.155071765270852438e+03 -7.906988939497713318e+02 1.132896544180501223e+03 1.409220729005716635e+02 2.540242409940175889e+02 3.305217383079824231e+03
-6.006928185046598810e+04 7.938799480844561003e+03 -1.883531481807969976e+04 3.468730691490988829e+04 -3.047764495323785468e+03 -3.089752878227608107e+03 -1.452676502623555962e+03 1.425227288096374650e+04 5.449291651148139863e+03 -3.831013111731673689e+03 5.392355702641168136e+03 -1.183891274472655277e+04 -7.793714644867771995e+02 3.374622510952513494e+03 -2.972044763946838884e+03 -1.363218274767293224e+03 3.309640174732680862e+03 -1.571224271502723241e+03 6.051680720631965187e+02 1.015493252184792937e+03
-4.147033085768718593e+03 1.842506805908052775e+04 2.641769964219046233e+04 -2.942843762301924471e+03 -1.683398079368086883e+03 -5.335721422361290252e+02 -1.948426631429274721e+03 4.843109606025279845e+01 4.819304546713507875e+02 -1.344674566969696798e+03 2.509447901365005691e+03 1.671027910472312442e+03 1.517671206270314599e+02 1.515920708802705576e+03 -1.039167476411709686e+03 3.358934764621724867e+02 1.101325547326610277e+01 -2.124445200971437941e+02 3.144126693845956879e+02 3.704451300579891608e+02
-1.634734480272500332e+04 1.689519701039140273e+04 3.100873103696447288e+04 2.601264623958627999e+04 2.110497511267174850e+05 -5.905270478579879637e+03 -4.248878554481484571e+03 -3.423451831658473566e+03 2.835954355154500263e+03 1.480972562610847035e+03 4.957891204323230454e+02 8.482351965876322311e+02 5.002372427578214911e+02 8.690897002965563161e+02 1.944527582295014270e+02 3.281772234728943545e+02 -4.003895635515268623e+02 8.425132268611481834e+01 -1.216642419325169158e+03 8.708482554572532308e+01
-4.604627741940412670e+04 -1.259906075228156078e+04 4.576054832466073094e+03 1.937791861520115390e+03 4.289908033490660841e+02 1.602205318481283030e+04 -3.010843108189032137e+03 8.336419234093516934e+03 -3.707189018879443756e+04 1.345619431214451288e+04 2.521004675497531480e+03 -1.771540826357301512e+03 -5.522307809826711491e+02 -2.169653438903723509e+04 -2.672028257042165205e+04 -1.423384993807663477e+03 1.885098753698848668e+03 -5.605461733229213905e+02 4.342865661380818892e+03 9.581481931211824303e+02
-1.597287228604363008e+04 1.011393541061697033e+04 -1.799585647855692514e+03 5.961044444619655405e+04 -6.640424296199598757e+03 -3.326654797560377574e+03 -5.973858880555627593e+02 1.033312159982975209e+04 3.112429021878237450e+02 2.996708929038159567e+03 -4.846849417163897670e+03 3.338700573127926418e+03 -2.466599658203487309e+02 1.637600048825794147e+03 -3.046446500232812468e+03 3.090707359077409365e+03 -3.499730013319557202e+03 4.809521583876799014e+02 -2.586613327790417770e+03 5.174509624691631871e+02
-2.542885491249854749e+04 5.264194756757769937e+04 -2.684911545282699080e+03 -9.912215188399033650e+03 -1.291102890595787585e+03 2.047634872682242815e+02 -9.122755174435988010e+03 -2.570766273334623747e+03 4.101159739720821449e+02 -2.701530669397324118e+02 2.817263880649503335e+03 2.740549599005834352e+03 1.865321470153272685e+02 1.661486643721251994e+03 -1.335979286596549855e+03 8.616146881284586243e+02 -6.013776594427971531e+02 -5.997310280321084974e+02 1.386921155458794317e+02 6.960542760599349776e+02
-2.138394729959263350e+04 1.465188638808946416e+04 1.528869594881814373e+04 1.056363481312146905e+04 -1.929823958694206340e+03 -1.408882543525212668e+03 -6.042904475764491963e+02 5.494606581739109060e+03 1.390821180450572228e+03 -8.838263101650092722e+03 1.707805848782879184e+04 -2.307675751098481214e+03 -6.317353619879390862e+02 7.303784896290158031e+02 -1.093132942261853032e+03 -2.151161652170399520e+03 1.695573985420913004e+03 -2.522470987684077386e+02 7.735677557506503490e+02 -7.109449048628501941e+02
-4.603656939205362869e+04 6.038667040273424936e+04 -8.443038476440071463e+03 1.819720923602803168e+03 -3.049573448227739846e+03 -3.630752441140593305e+02 -4.218670181054138811e+04 7.236363770099110297e+03 2.278857103565853777e+03 4.648335578771001565e+03 -8.600993113988528421e+03 -3.531174230585871555e+03 1.366015887482049322e+02 5.427320463229367533e+02 -1.209392400804117216e+02 1.594691418204827414e+03 -1.467599807196443408e+03 -1.535973827377284351e+03 3.609158174215577333e+02 1.910222595395738836e+03
-1.899029183988151999e+04 1.302646673423960056e+04 1.453975840180528212e+04 4.351247710266388822e+03 -1.212762354001471749e+03 -7.610578160742600176e+02 -1.123657340890642809e+04 7.166938374265560014e+03 2.818255809501774820e+03 -8.524481509190347879e+02 -9.539026548287167770e+02 -1.467633179670473874e+04 -1.750156204600330057e+03 -3.433216345637960330e+03 1.210773111437639727e+03 -9.305686446675650586e+03 1.346463392709338041e+04 5.558275535124318594e+03 2.010760373242448622e+03 -4.944159552590016915e+02
-1.083815068727036487e+04 1.794260494790905068e+04 2.647692769180779214e+04 1.633046192003450642e+03 -2.143607768828442204e+03 -8.419050160484293883e+02 -4.044284995588685888e+03 1.399260684050223915e+02 -8.447794041501654192e+02 -8.933662947756738504e+03 1.819282230746880305e+04 5.761949274183381931e+03 3.684609451202228456e+02 3.755282677527282544e+02 -2.964315363333830078e+02 -1.448689824378635116e+01 -1.688732426545565886e+03 -6.359845268508993286e+02 9.293151491952272636e+02 -7.277439849585623506e+02
-3.974917303996800911e+04 2.992474114119260776e+04 7.071599825384917494e+04 2.119786576615697704e+05 2.921329843516815163e+04 2.260459814969441388e+06 -1.914860276708381571e+04 -1.197141876558182703e+05 3.777748173153723474e+05 -2.296517968083749874e+05 -1.297108764629842626e+05 6.304044928217919369e+04 5.534690031535938942e+03 -1.422523746465898002e+05 -6.509183787714028585e+04 -5.075145329514676996e+04 9.022648044844013930e+04 -1.260102463768135494e+05 5.543411406090674427e+04 7.031130045779574175e+03
-9.883759307068507042e+03 1.050341508228320527e+04 1.604502870759949292e+04 1.807755898801998683e+03 -6.660073719937336136e+02 8.424866235613184529e+01 8.077303361004134103e+02 4.018230848332780624e+03 1.969637097131647749e+02 -4.335944179975451789e+02 5.201032182136131041e+02 -5.062215208515874110e+03 -8.860431992584393583e+02 -1.469363458713471482e+04 1.226028763262020766e+04 3.643384077408907615e+03 -9.247875976810259999e+02 1.195101543255261163e+02 1.049666135818694784e+03 2.925739088553864349e+02
-8.187419975078632888e+03 2.409632264966310322e+04 1.723864599489228567e+04 -4.563539386199920045e+03 -8.390021624415389851e+02 -1.062074608947165331e+02 -1.963297462755228480e+03 2.154146545194719693e+03 8.151087430934527447e+02 1.501319494582075549e+03 -3.415582373230903158e+03 -2.509142010315132723e+02 1.164391459365732118e+02 8.362604381564703999e+02 -6.236138176008977325e+02 1.464399476978711903e+02 1.440601730965475156e+02 7.961080012084612179e+01 4.868093301908927373e+01 9.973012562795994995e+01
-6.708722029446289525e+03 6.612827067580188668e+03 9.096257045956481306e+03 1.653413900320747052e+04 -2.818435973928246312e+03 -2.431683618690704407e+03 5.489815816573121765e+02 -2.035052787015910144e+04 -3.215501847343651662e+03 2.426219740873810224e+03 -6.038193762942042667e+03 -3.875376491383467055e+03 -5.583188955528735278e+02 -7.503882947329067974e+03 6.008488074291171870e+03 -3.645827106160528274e+03 1.982968180046557336e+03 3.589529272157122250e+03 1.018736297205756159e+03 -1.181715114402618929e+04
-3.771315434967391047e+04 4.238908057711128640e+04 -2.853801297099385920e+04 3.704656502632443880e+04 -3.314501203949099818e+03 -2.502345855454220327e+03 9.126710452516171017e+02 2.366173676923341918e+04 1.533847844150578794e+03 1.434145722859728266e+03 -6.376811645720795241e+03 2.880700884749126271e+04 7.910478501275012604e+03 1.935974947744938163e+03 8.840564354322055806e+03 -1.975183679708217596e+03 7.030829980414177953e+02 6.221176710683871534e+03 3.433523332272582593e+03 2.010680806103792975e+02
-1.708636728398345076e+04 2.835189174431264109e+04 6.586308687313713563e+03 -4.901950806097448549e+03 1.834501097847515211e+03 1.047673046542375914e+03 1.521118082522547866e+03 3.529827770442486781e+03 -3.096794889893597428e+04 -4.028766569875829009e+04 -1.560307267959708770e+04 -2.689018817350478002e+03 2.364681543432397575e+03 4.393882550741889645e+03 7.508663857060430473e+02 2.230344054615501136e+03 -6.242688887996139329e+02 -4.744686105552486879e+02 -7.202272152496884701e+02 -1.552508230545669448e+03
-2.833588626993450453e+04 3.381492188495105074e+04 -2.215390379804920485e+03 8.087826862960312610e+03 1.250011471863491352e+04 5.996401412370718026e+04 -4.352155716374533768e+03 2.116448340566936167e+04 -1.496029168439632922e+05 1.118499205426749722e+04 -8.900318574690441892e+03 -1.312767010578071677e+04 4.056137322908074111e+03 -5.073613845535300061e+04 -8.903552231419734017e+04 -1.086072982242804210e+04 1.554146605423225628e+04 2.406547817880567163e+04 1.979179404379290936e+05 5.806835656526493949e+03
1.020414119817597748e+04 1.827118255951869287e+03 2.578017258799264710e+03 6.099677361434809200e+02 -1.558317153534177635e+02 -1.446071068172855405e+02 -1.095712575517850610e+03 6.946127096710705473e+01 -5.538277160630136642e+00 9.279283576779505438e+00 -1.604496791496430603e+02 -1.540372208770763223e+02 -1.172426864024603788e+01 -5.217434830459889099e+02 3.836291105050475494e+02 -1.143506120665588099e+02 7.294047955611101486e+01 1.103911014445181848e+02 1.895223703066588712e+02 -4.540301203375190653e+02
3.746973160122689023e+03 2.652317954581521553e+04 2.346029159606683606e+04 -6.646511466511172330e+03 -4.183702214710055159e+03 -1.169805102144090228e+02 -7.641903516135503014e+04 4.097604150077600934e+03 1.974543662456343782e+03 7.117420238977972986e+03 -1.312492838026994832e+04 -3.537538239449903358e+03 1.718887399583472870e+02 1.194608219258948338e+03 -1.170364369711317778e+02 5.174013177668914977e+03 3.447529355432905959e+03 8.582267939536390031e+02 -1.714933119850373942e+03 -9.714949353375648116e+02
-5.546726373593312746e+04 3.804840390030249546e+04 -3.276093254237663859e+04 1.626454956491870689e+04 -7.994639946591109947e+02 -1.416849535883317685e+03 9.325643853028415720e+01 7.100264338137832965e+03 4.056866984609611791e+03 -2.335367908313314274e+03 6.266634610931919269e+03 -9.278533243713893171e+03 -1.143341014243788322e+03 1.063622988450570119e+03 -1.496894842396839294e+03 -2.072470252971988884e+03 3.644647029947389910e+03 -7.084380291902072031e+02 6.107819134286811504e+02 1.086974393150216684e+02
-2.142296379749858534e+04 1.041763452194973070e+04 2.081903354883680731e+04 9.463889251301737886e+02 -2.021471384070287911e+02 3.780841407464974054e+03 1.269368186513015189e+03 1.459802745676940685e+04 -2.806640317478587531e+04 5.089625832834614812e+03 6.098118569305655910e+03 2.280313857896737682e+04 2.641740493399207480e+03 -6.858081959790144174e+04 -6.816523213534760544e+03 -2.935391458730934028e+04 2.976369592426181771e+04 8.545975715258411947e+04 2.587739757612833928e+05 1.352833369631474341e+02
-3.885754238286243344e+04 3.844015346544404019e+04 -1.820402894868577278e+04 3.710542575426932672e+03 6.524432475835752848e+04 -3.876395604497004683e+02 -1.671777369203816988e+03 1.056917082525432761e+03 -3.129947152805522273e+04 -4.010621162932413426e+04 -1.809691994047061235e+04 -3.857216842723535137e+03 2.063647862063735829e+03 3.857529202163734226e+03 1.467494285133613175e+03 2.206912003982021361e+03 -3.207175426645682705e+02 -2.984997100814320561e+02 -3.287676974585270955e+02 -1.296538244802725330e+03
-1.328087795542229651e+04 9.018711274214430887e+03 -5.688483993155600729e+02 5.002469023151817964e+04 -5.670624915905435955e+03 -3.444983934171884812e+03 -4.039785329284241584e+02 6.319435574731186534e+03 8.061994751448867191e+02 1.918803477077996604e+03 -3.658809890956208164e+03 1.135130248921014072e+03 1.524162925497520291e+02 1.433058809897670699e+03 -1.971325727921430143e+03 2.659429655406472648e+03 -3.148656535169443487e+03 -5.307657069415080286e+02 -1.295660769336069507e+03 3.049977617753425534e+02
-4.309266065080480621e+04 3.603200388297298196e+04 -2.599282527171775655e+04 -4.994512151876468124e+03 8.921793972815670486e+02 4.813040670756175246e+02 1.725484839612282258e+03 -2.228823493579678143e+03 3.098901773539524243e+02 8.509595628648949059e+02 1.100596123030625449e+03 -1.222859006779779918e+02 -1.514574599503090155e+02 -5.532337937927915164e+02 2.516789010183308406e+01 1.241461184468963665e+02 -3.093979814181558368e+02 -5.371144440626174799e+01 -1.373484994084305697e+02 -7.958074840979392093e+02
-1.488915963390242177e+04 1.137535261756129512e+04 1.459174984784103253e+04 7.034224336335971657e+02 -6.749701258928996594e+02 -4.924875726515023899e+01 -7.987909836143639950e+03 4.644678221852003844e+03 -9.721621383979860184e+03 -1.413865120908413519e+04 -1.029853329996143293e+04 -7.374096513938691714e+03 4.067478568127257290e+02 2.544321924037175904e+03 5.879157828334645274e+03 1.109518519571257912e+03 2.452420909806152395e+03 -7.796753550523269496e+02 -6.109673248811577650e+02 -4.620630889546130675e+03
-4.880135825065511017e+04 -1.576680371268362978e+04 -1.045984118945236645e+02 -1.416231530920792466e+03 -2.618280602160072590e+01 1.009630824294734595e+02 -3.922737650961188933e+02 -2.467854463647700314e+01 2.605513362590499469e+02 3.977140665159062678e+02 -1.500236867819774922e+01 3.541429011253918020e+02 6.713213623676389830e+01 1.313175251258402909e+02 -9.006972394973919904e+01 1.380237735628768121e+02 -4.777861153999213428e+01 7.448173689682316478e+01 -1.868656245314929265e+01 -6.497333791427994356e+02
-4.497560914768552902e+04 -1.201604209123886358e+04 5.309826484159040774e+03 1.043054283205260191e+02 -3.748424338867728238e+02 1.119628517855334167e+02 -1.248291171715571579e+02 3.567363206870639260e+03 2.175775992060211763e+02 -4.081280349976337902e+02 6.180110491064101552e+02 -4.960572751337493173e+03 -8.285484604035053735e+02 -1.363918249631086110e+04 1.185007122673222511e+04 3.586646625777939335e+03 -5.047427174203558025e+02 8.135508620338129049e+01 9.193478737572452246e+02 8.169647232449573266e+02
-2.591293591241892500e+04 2.677683688241342315e+04 4.521512491462821345e+04 9.125164868127087539e+04 1.045660913431423432e+04 7.548901954751923913e+05 -6.136089553991502726e+03 1.976115629741895464e+04 -1.996159307931246294e+05 1.639771402388419956e+05 7.226109481581934961e+04 -5.166569248824595707e+04 3.098527642100464163e+03 1.615333315014254767e+05 1.291788639173424599e+05 -1.446334047944516169e+04 1.434364683326027262e+04 -3.242205055732559413e+04 -2.761528454149674872e+04 -1.394398276362562910e+03
-1.796564183407655582e+04 1.416536463670041485e+04 9.573164648238633163e+03 5.271567534849916228e+03 -5.911500651686019410e+02 1.008822259990533894e+02 3.239996251780798048e+03 6.674103169258970411e+03 -1.769927287507920482e+03 1.205961761533652634e+03 1.323473009105641268e+03 1.499482221025775459e+02 -2.443610763422934542e+04 -2.893628392368377718e+03 1.219406926536243554e+04 -1.700304116570880797e+04 2.419280560340997545e+04 -5.141848025089805014e+04 -7.727279143571267923e+03 -1.330974776082315657e+04
-2.081491529800353601e+04 2.536192500879427098e+04 4.180535227300408224e+03 1.058841491485599727e+04 -6.083650581761662579e+02 5.134653224016005879e+02 3.229287961229107623e+03 2.940504650858149762e+04 -2.199605304515414900e+04 -7.173503918167863958e+03 -3.149502502192466636e+04 1.129996622069243313e+05 2.546375768909037288e+04 -1.242796357310104941e+04 5.068274152195960050e+04 -5.148634246487870405e+04 6.603048786401413963e+04 2.013479243543765915e+04 4.224748431478848033e+03 -4.690543400010045843e+03
-1.578649424096795519e+04 1.133696536517614732e+04 9.151412537153883022e+03 2.351243328363878391e+04 -4.197558186214117086e+03 -3.391814802503024566e+03 -3.153390851511572237e+03 -2.012467545906355735e+04 -1.767076541023336176e+03 -2.532195515579466246e+03 4.572213662517393459e+03 -3.821325109430354132e+03 -1.021060653994427412e+03 -1.881153875289756741e+02 1.033143960643969876e+02 -3.137342063219117790e+03 5.010366204889344772e+03 5.172282883037349848e+02 2.900433448390671742e+02 3.440591408346113440e+03
-1.294759570874683959e+04 8.284903101007463192e+03 -5.228574520240450738e+02 4.390803496612473828e+04 -5.000962724699950741e+03 -3.699338053031005529e+03 -3.571255274417127339e+02 3.817873925784971561e+03 1.566127802742766562e+03 7.068502859672806835e+02 -2.131205860848432167e+03 -1.653438144793961555e+03 3.546595982528845639e+02 1.434962047506128329e+03 -1.275466052870324802e+03 2.042005631730992263e+03 -2.388200806963997820e+03 -1.376448309409859803e+03 -2.035218464878229270e+02 1.694713632294011347e+02
-3.885188543786622176e+04 3.614554735393062583e+04 -1.928431437533532517e+04 -1.280410324934098583e+02 3.362278403425074430e+03 1.755579447067759247e+04 -2.080799369136945643e+03 1.022364857648575162e+04 -6.862281947477856011e+04 -2.563567161726557242e+04 -1.514341436542061638e+04 -5.569973965455727011e+03 1.649428191045172753e+03 -1.870035693211021498e+04 -2.507868034628783425e+04 7.861500935109967259e+02 1.263293472028774886e+03 -7.942321736600968052e+02 3.267838858233413248e+03 -7.707681745238852500e+02
-1.906152724595986001e+04 5.926214075192445307e+03 7.922700937561296541e+02 1.751929853303527125e+04 -2.165052391684158010e+03 -2.010029471614254135e+03 8.866928163196304240e+02 -2.602126894001484288e+03 1.213447957645684255e+03 -5.787603181557219614e+02 1.204358188454716810e+03 -5.355042254540674548e+03 -6.944312794647629516e+02 3.560252658399515440e+02 -7.728761393674254805e+02 -1.253690458918644481e+03 2.268942286324906490e+03 9.078795815883933074e+01 -3.751414621267332450e+01 -3.854609399064334525e+02
-1.798842538146696825e+04 4.954870057952361094e+04 6.624427122062076523e+04 1.691498248945044761e+05 3.257345805549751822e+04 1.649393917458940065e+06 -4.989629612342580367e+04 -3.554240069386406685e+04 -9.466300144692294998e+04 2.129001645318601732e+04 -3.333268620656186977e+04 -5.057967760211412678e+04 6.858889694239965138e+03 2.927014878705757292e+04 -5.219288908171098592e+04 -2.847925344146874340e+04 3.904351533213146467e+04 4.968354969310510933e+04 5.149812770130569115e+05 2.295569178063119034e+04
-2.443247796222840770e+04 4.516665983651939314e+04 -9.452067071168206894e+03 -8.887776814474596904e+03 -8.880189679990452589e+01 4.624430276372623894e+02 -7.201789814788934336e+02 -4.276497694375311767e+02 7.965488255286710455e+02 2.399393153764393446e+03 -3.066615600296905086e+03 -1.042543851377371880e+02 -1.321843416671520011e+01 7.253270344836076902e+02 -9.150033567755453987e+02 4.502320604370399337e+02 -3.485007202606657870e+02 -3.268241338934809619e+02 -6.874765966494632607e+01 3.651123399177815827e+02
-9.104364650376104692e+03 1.512721784004153960e+04 2.411070441692679015e+04 5.639972489173024996e+02 -1.919000756365449661e+03 -7.004289140243140537e+02 -2.558903146734410711e+03 -9.172722236753213565e+02 -1.083033334748961579e+03 -8.884079352526328876e+03 1.816252274099934584e+04 5.891396793712000544e+03 3.305222185365330461e+02 4.889747169073870623e+02 -3.628817950301876749e+02 -1.303487593344069921e+02 -1.562720738656782032e+03 -4.312774555911111065e+02 7.048698941471479884e+02 -7.177163767284929463e+02
-2.480835672646259627e+04 3.579774879621132277e+04 6.420536604594420351e+04 1.434511646008070675e+05 1.233073539577224619e+04 1.235492890949688386e+06 4.481942786357347359e+03 -1.161774200074102919e+04 -5.624009836089748569e+04 6.825319471403244825e+04 4.612139257396627363e+04 -2.613664356576866339e+04 4.945456665061963690e+02 1.171500225772287522e+05 8.202568489352654433e+04 4.109541114795219073e+03 -1.607569185624440433e+04 8.552435041715785701e+03 -7.285505768379586516e+04 -6.294289349068616502e+03
-2.223525871558094514e+04 2.518230195544693925e+04 2.689467098360735690e+04 5.359277821226011292e+04 2.413639438124532899e+04 4.094989951661151135e+05 -9.401515557694892777e+03 5.010823083850658440e+04 -4.535329043919385877e+05 2.231797088067580189e+05 7.457681061425611551e+04 -1.055733067783546430e+05 9.291094608243840412e+03 1.289746412067784113e+05 -7.990754289373542633e+03 -3.434390382122268056e+04 3.607073403305748798e+04 7.424827533950997167e+04 6.115162466315157944e+05 2.405476712689747728e+04
-2.474226235689696841e+04 1.972637859442705667e+04 1.140865722807603197e+04 1.809805486915793153e+04 1.735314920041424193e+04 9.390538736577681266e+04 -7.173518453257550391e+03 3.524212404974136734e+04 -2.442087333479748340e+05 5.182919911427076295e+04 -1.142406428729654408e+03 -2.108794484175318212e+04 6.341013065858332993e+03 -1.027816499643760035e+05 -1.723179706225288683e+05 -2.657830911571532852e+04 3.403155328459777229e+04 6.768831397141799971e+04 4.611090273538885522e+05 1.389655104904563814e+04
-3.910819667834944994e+04 3.635711850487681659e+04 -2.221929234384712981e+04 -3.315298859977243410e+03 2.599641030019797654e+03 1.304544047363745904e+03 -5.611903468576043451e+03 3.991677738283230610e+03 -3.372209692798649485e+04 -4.277484244078306074e+04 -2.325975603749015136e+04 -1.025429043704729702e+04 4.026306506200048148e+02 -1.524834652175862857e+03 7.162790460024280947e+03 -3.288505210012617317e+04 -2.411315516544609272e+04 -4.502570374609667851e+02 -1.754374631850071637e+03 -1.460548585888313255e+03
-3.787998419383480268e+03 1.302505303620541599e+04 1.984032089954506591e+04 -2.430319724305799809e+03 -8.486440965315199492e+02 -2.903824939626172750e+02 3.179495691958768020e+03 1.375842555286629477e+03 7.137364760833346509e+02 7.790261020982530908e+02 -2.066323087607182060e+03 -4.790022506647864020e+02 5.355486289691461899e+00 9.380486768262671831e+02 -8.015776522114271074e+02 2.174805102818069713e+01 2.061993833741525748e+02 4.618305566788158956e+01 2.102996786530759366e+01 1.078281722429258451e+02
-3.524441425842699391e+04 1.178637168715062580e+04 1.445507316343285493e+04 9.359982800882293304e+03 6.119413399034776830e+02 1.304539132590885492e+04 2.595996027179665361e+03 3.831054843540570437e+04 -4.155330466308814357e+04 1.914664494520594235e+04 -2.673154172047446627e+04 1.314564334532577195e+05 3.070207882282851642e+04 -3.772814138030936738e+04 6.163505172778565611e+04 -9.765686909562139772e+04 1.384372998719698226e+05 -9.459192757047677878e+04 -1.584150550664951152e+04 -5.557602230400664666e+03
-1.565111822506011049e+04 2.048667036234676925e+04 3.396677851449735317e+04 2.398550051632946270e+04 1.408213290311832679e+04 1.836175292621102417e+05 -1.704268109117535687e+03 3.491513027222832898e+04 -1.615029954930181266e+05 1.151685675039693451e+05 5.206802212307549780e+04 -7.379682704931292392e+04 -6.919087457710166746e+03 -8.549426763691932138e+04 1.905267469036896655e+05 7.532553606116860465e+04 -2.666221582010770362e+04 1.253163045331531794e+04 -3.154822544632164863e+04 2.506338009007180881e+04
-3.988811043604216138e+03 1.625693666363507509e+04 2.360885605152967037e+04 -3.004191220690363025e+03 -1.215780341263612627e+03 -3.628870169634841432e+02 3.932844557694312471e+02 1.393371570999978985e+03 7.403978075691629783e+02 3.233755100699755189e+02 -1.084982704776735318e+03 4.715615521115057618e+01 4.454456695040753544e+01 1.014402722300445930e+03 -8.221420818806839179e+02 1.469777881797735404e+02 1.444182208684426314e+02 -7.043465345344098694e+01 1.776475464484597069e+02 1.782800759709534759e+02
-5.290046299437345442e+04 -1.265525516310270359e+04 -1.112520455133267205e+03 6.856282759194222308e+03 -8.087445879340622241e+02 -7.130717482396984224e+02 -7.178381444027146472e+02 3.171303572578334752e+03 1.691228485416085960e+03 -8.136193993370777662e+02 1.665317165054012094e+03 -3.937580254910706117e+03 -4.605316998222349412e+02 9.092328557173718764e+02 -1.019623950685326008e+03 -9.408283038671927443e+02 1.894423424233789319e+03 1.093601803488566873e+02 -6.834442806601883547e+01 -1.919073259433708074e+02
-4.670803930297287297e+04 -1.331400582491061323e+04 3.042989703465956154e+03 1.325397455258352295e+02 -3.660388179805395339e+02 -1.470081578274419201e+02 -6.232822967190087184e+03 4.842649535179165468e+03 1.992493715268205733e+03 -6.801892947504318272e+02 -7.013961137362998670e+02 -1.148273314450763428e+04 -1.360781468849723979e+03 -2.810699103846010985e+03 9.374017351794175283e+02 -8.569519601647985837e+03 1.249641150957229729e+04 5.405614340076002918e+03 1.943450580900668228e+03 9.158503149339566107e+01
-7.281277666795932419e+03 1.254625472152968723e+04 1.692958748096124691e+04 1.567968320589649920e+04 -4.122688189345617502e+03 -2.765657355111699871e+03 -5.857696824454527814e+03 -2.492823597610276556e+04 -4.060375375491153136e+03 -1.750875350296000533e+03 3.770692813636218489e+03 4.413014124907104815e+03 1.506727878603155375e+02 -8.889203660791965831e+02 1.384345022935738371e+03 -6.715505218809087182e+02 9.255487208609495156e+02 -7.692716170141880916e+00 4.829866290611522572e+02 3.332741458885918291e+03
-8.116202568105715727e+03 1.324529006826202749e+04 2.065105283900552604e+04 6.845009286943985671e+02 -1.060260783140777448e+03 -4.454531937514376523e+02 9.515996630659830089e+02 2.335215075581586007e+03 -3.947772855477590497e+02 -5.629837880039985066e+03 1.111197603749175505e+04 2.746092852599706021e+03 1.523744718200202044e+02 -4.695278373453991776e+02 6.336647469806358401e+01 -3.754197527546025981e+02 -1.373245151074336718e+03 -3.162146111513525852e+02 6.220066084143168155e+02 -1.061276833739298809e+03
-4.725446835776157241e+04 -1.390447982705424874e+04 2.400082257144389132e+03 -6.603473653499127067e+02 -1.199858468455327767e+02 5.045164410372883026e+02 -6.079521559900010288e+03 4.469561139870080297e+03 -9.126234025696239769e+03 -1.232104362470457818e+04 -8.910515196234544419e+03 -8.184641868312915904e+03 1.163583013829717629e+03 4.053586248797261305e+03 6.625858934030313321e+03 2.620080689028798702e+02 3.907430724374723468e+03 -1.064830802771429035e+03 -6.698849844504818975e+03 -6.179042141476307734e+03
-2.111685414071565538e+04 1.993926453304658207e+04 2.430321941589598646e+04 4.700952937875980570e+04 1.479968532800378671e+04 5.144291294519393705e+04 -4.303504567324961499e+03 5.429900240175113868e+04 -1.684068943805219897e+05 8.781019050409310148e+04 3.272552775806868522e+04 3.009595619368392363e+04 -5.197160429426250630e+03 -1.480836094793418306e+05 -1.580628759959135787e+05 2.465425682107278772e+04 -3.679944942972308490e+04 4.434058744353181100e+04 -1.142194414987317141e+05 -3.423253392702722977e+03
