2.099517227206172174e+04 -3.093365626633389638e+03 -3.395692128720170331e+03 -4.312916660996790483e+02 1.632687580261146820e+02 9.576812977346820333e+01 -9.449590264749788560e+01 2.137858611003351541e+02 5.141712554029987281e+00 -4.420226870350428072e+01 1.123769929852932421e+02 4.006634398725843482e+01 4.025077960358432350e+00 8.525868802024493931e+00 -8.427411613788963862e+00 8.718424700183275533e+00 -3.282687587772252158e+01 -2.476361744391570952e+01 5.119339731619225731e+00 1.808589391292363846e+00
-4.998365588681456575e+04 -1.529926463271336070e+04 3.655372304008019455e+02 -9.909709566334216788e+02 -8.514998993684275774e+01 4.706781262563610824e+01 -4.042543377590018281e+02 6.949093152437546550e+00 3.005318157386871007e+02 3.712144589458965811e+02 2.209895948020050405e+00 1.780140450003065951e+02 4.554468658602804254e+01 1.095119552034365995e+02 -8.240593014800167282e+01 6.302720529764118140e+01 6.524640501406169335e+01 1.094487784173248315e+02 -8.749648916973285395e+00 -6.601461060593883303e+02
-3.854069867770426754e+03 1.338345302696335966e+04 2.015743994067043604e+04 -2.600281862214032572e+03 -8.048861054595647602e+02 -2.651910044207422743e+02 3.087069961729382158e+03 1.753179889005618179e+03 7.910150989670601120e+02 1.094026305830104548e+03 -2.748067493414727323e+03 -7.701269696019428466e+02 -1.316305552492206488e+01 8.119838825182727078e+02 -7.412270222592217124e+02 2.721799758642992284e+00 2.242445238142073833e+02 5.339902981772146973e+01 2.888926790705676595e+01 7.193525217885135703e+01
-4.260948431411076308e+04 3.583855509581116348e+04 -2.622797651666524689e+04 -5.116649880567122636e+03 9.131961599864264372e+02 4.989456331225945291e+02 1.728144262842204625e+03 -2.218498231378158380e+03 3.045779122336502951e+02 8.541935419314213505e+02 1.106450894734567100e+03 -7.796438708707576382e+01 -1.458836760046524432e+02 -5.319505716565829516e+02 9.963067892269386050e+00 1.461385001137608413e+02 -3.419524236107096726e+02 -6.901205402121807708e+01 -1.414862374861591547e+02 -7.898995258054789019e+02
-1.298208093234588887e+04 8.369508168466301868e+03 -5.341560463021122587e+02 4.461539649994096544e+04 -5.077923590650182632e+03 -3.674209824612924876e+03 -3.631423902663524927e+02 4.102950329595096264e+03 1.484448317456828363e+03 8.407113604923163166e+02 -2.301388002980224883e+03 -1.339739709178015573e+03 3.355155735573274001e+02 1.436245579321184096e+03 -1.350244255074385137e+03 2.115711487847328044e+03 -2.480971762793989456e+03 -1.288797162251781174e+03 -3.201727474023488185e+02 1.836063116609847725e+02
-1.583022159269227996e+04 1.631024416006067440e+04 2.965087018312638247e+04 2.370641063895096158e+04 1.933632441917748074e+05 -5.447829983579836153e+03 -3.765324876573681195e+03 -3.067989937507751620e+03 2.310570014259650634e+03 1.096897457302150315e+03 2.881004523898682237e+02 8.391546462859485018e+02 4.444867124678518167e+02 5.640746032507822747e+02 9.785690892934769636e+01 3.261172838602973343e+02 -4.358215665346570518e+02 8.669831345798964151e+01 -9.972064498736240239e+02 2.718160178082419876e+01
-3.390361032988087391e+04 7.461490853905177210e+04 1.565464070198635163e+05 6.688038500037605409e+05 9.269461209923577553e+04 7.429178814210163429e+06 -7.226347487304396054e+04 -6.452495208701075753e+05 2.697222315995696001e+06 -1.839428319571936736e+06 -9.099011106334049255e+05 4.952719504703676794e+05 -1.449154183666315657e+04 -1.352397542225514771e+06 -1.006791201424730825e+06 1.677897437323605482e+04 5.029670213864884863e+04 3.157114726211919697e+04 3.748489633779013529e+05 3.634773474928404903e+04
-2.592836166508898896e+04 4.489571777559498150e+04 7.560678517983650090e+04 1.682664205134041549e+05 1.344582463321685645e+04 1.465087101804690668e+06 1.303311602301214634e+03 -2.234127874870529558e+04 -1.767256285737639928e+03 3.322086424410602922e+04 3.651204452476602455e+04 -1.436459442051046972e+04 -8.613652453754984606e+01 9.688744406943846843e+04 6.216349611840478610e+04 8.625871688165148953e+03 -2.411140785878136739e+04 1.767973441868671216e+04 -9.595046777514930000e+04 -8.807482461357316424e+03
9.467567572201874100e+02 6.543616832303004230e+03 1.022739065678245242e+04 1.423038348558017969e+04 -3.183553931175970320e+03 -2.366169889503253671e+03 6.113013335909987518e+02 -2.390146776925502490e+04 -3.769371676961726735e+03 1.021937615150891247e+03 -2.040676846635259380e+03 2.168648993665520265e+03 -1.840459101673863174e+01 -1.063784485082923084e+03 1.262702439107114742e+03 -9.474315971442557611e+02 1.256822403078390607e+03 2.706506765493771240e+02 8.935296861945975877e+01 3.164233373882125761e+03
-5.569963073253937182e+04 4.000524081454399857e+04 -3.540128080195652728e+04 3.386319163456542447e+04 -2.646326352393198704e+03 -2.978421476435594741e+03 -1.702351305725791235e+02 1.327873263919393503e+04 5.935383108813371109e+03 -3.183994423268694845e+03 6.244542103277305614e+03 -1.249485013510049248e+04 -9.808736907070551752e+02 3.113819815720318729e+03 -3.199804087729558887e+03 -1.210436065684011055e+03 2.932243729220827390e+03 -1.852565111011800127e+03 4.739180552032481160e+02 9.570104494953679932e+02
-2.149708541667226746e+04 4.052072582099576539e+04 -5.459324759795979844e+03 -8.351694480004940488e+03 -3.001961476866899261e+02 3.659227145422684657e+02 -1.209150979227262042e+03 -5.303606654287291349e+02 8.209695109406277425e+02 2.227508910444692901e+03 -2.737238722523579327e+03 -8.614761388764569006e+01 -2.822884499291746607e+01 8.174625790772267919e+02 -9.667230741817558055e+02 4.090301002564407327e+02 -2.613473001787499470e+02 -3.066301621312376255e+02 -6.468935533876164357e+01 3.814164659030452071e+02
-4.216056195198897512e+03 3.733257164883003952e+03 6.104835159716768430e+03 8.681513374226500673e+03 -1.810449033124207062e+03 -1.332304820182642970e+03 1.776651249700674271e+03 -8.861313322326877824e+03 -7.123978574774062054e+02 1.518963955558283260e+03 -2.101250807914470897e+03 3.621237323141610176e+01 -7.320681365361091153e+00 -2.534834638571853986e+02 1.449027335762214364e+02 1.721124056659410684e+01 -2.146728841948077005e+00 1.562231263085519686e+02 -8.402979639463204364e+01 -1.133381870878503378e+03
-8.125606639091089164e+03 2.411919833242674576e+04 1.726654076890010765e+04 -4.558551120682996952e+03 -8.418170090767732745e+02 -1.072287979986059128e+02 -1.925631255239423126e+03 2.159407715765521061e+03 8.133900283299003604e+02 1.494406752869465890e+03 -3.409300172941419532e+03 -2.426642771480722729e+02 1.181444764829303438e+02 8.376473274883594513e+02 -6.220912738904165735e+02 1.452095397373136336e+02 1.452249541506154742e+02 8.159832259891427952e+01 5.003574795675113762e+01 9.901917465037396937e+01
-4.041682704772891157e+04 3.790480861416200059e+04 -2.695958532765179916e+04 1.906615754994966119e+04 -1.255892572666806473e+03 -1.060734797819115329e+03 1.215485852177157767e+03 1.776780513156793313e+04 -5.714778355135889143e+01 1.361142969201207734e+03 -5.585714397539827587e+03 3.066150245850925057e+04 7.676294154338782391e+03 3.442297488822471792e+02 1.037962450487858951e+04 -3.177315815596893117e+03 1.893264721702516226e+03 7.107640676549086493e+03 3.720064091195793026e+03 -3.002592297900991412e+02
5.906625090631241619e+03 2.244378603518495947e+04 2.422598314303820734e+04 -4.004137492180899699e+03 -4.056508325399463502e+03 -6.199152757266244862e+02 -6.022144670987379504e+04 -2.630794266499914897e+02 1.014021235464093934e+03 1.512865329384959068e+03 -1.699485504794184862e+03 1.115284497254631106e+03 3.977179802204413477e+02 2.047592080128308908e+03 -4.567170565383835310e+02 5.237373176436986796e+03 3.178621241428153553e+03 5.388663886979921926e+02 -1.028107932040280730e+03 -4.828224172839753692e+02
-4.142454675950141245e+04 3.523850570149484702e+04 -2.515506530893176750e+04 -4.466433699781152427e+03 3.209028064838177670e+03 1.699567357136365217e+03 1.763476369302904459e+03 4.092785316881571816e+03 -4.750326482840349490e+04 -6.440203181907712860e+04 -2.928720186911208657e+04 -7.725173647918447386e+03 3.226093495274218640e+03 8.890972319773056370e+03 5.042511881140103469e+03 6.726269444693120931e+03 6.023368736693601022e+02 -1.096511664455956407e+03 -5.759330611979779860e+03 -1.424599122030882199e+03
-2.056971678662710838e+04 1.702555855435663398e+04 2.045649171014644526e+04 3.740814682978675410e+04 4.541791249386498748e+03 4.469572968837908411e+04 -2.352739791646744379e+03 4.244209567748149129e+04 -1.304777905288098700e+05 6.738371272935564048e+04 2.263772298003108517e+04 2.193214536960747137e+04 -3.388877225657051895e+03 -1.062388178635332151e+05 -1.127981821204400476e+05 1.471166672576062774e+04 -2.182835740864170657e+04 2.567555675515198163e+04 -7.662994788404024439e+04 -2.015071085562205553e+03
-6.885724935957828166e+03 1.665625871182941773e+04 2.590182299127784063e+04 1.285852926881003077e+04 7.209044232068186830e+03 1.359106757683623291e+05 1.255462500916595445e+03 1.018036716806816730e+04 -8.264374236973559891e+04 7.014792801531749137e+04 2.806728217481349566e+04 -2.964695692814120412e+04 9.503420380840810822e+02 7.721361212155292742e+04 7.149716320108275977e+04 -2.450084105213037446e+02 1.533066703255069797e+03 -6.287510835684982339e+03 -9.272427919467159882e+03 5.318100502226118351e+02
-8.900915554467623224e+03 1.674058359421040950e+04 2.579239265046916262e+04 5.814734323839695662e+02 -2.038873775391866047e+03 -7.497748571055914226e+02 -3.323651551901421044e+03 -5.148790781187996117e+02 -9.451161989579209148e+02 -8.866097529831031352e+03 1.806991895343000215e+04 5.868522963738865656e+03 3.445303895638501785e+02 5.012424380294924049e+02 -3.392403584200411615e+02 -7.623969157127557139e+01 -1.588978029472822755e+03 -5.273885502199481152e+02 8.286990585045821263e+02 -7.078121489155379322e+02
-1.131836626066276403e+04 8.705678129674339289e+03 1.254622364911590921e+04 3.244143267145859681e+03 -6.716694473219419024e+02 -1.534774584203512404e+02 1.307421467438300851e+03 3.887033732857382802e+03 3.539035619145443547e+02 -6.031067944221193784e+02 7.394506373926720926e+02 -5.672099059519734510e+03 -9.520023099884721205e+02 -1.447743628374032050e+04 1.231096535519530880e+04 3.386723037815808766e+03 -6.188658413997915204e+02 1.291537920684241669e+02 1.108748611187647384e+03 3.168854483143203424e+02
-9.045574359854303111e+03 2.509472781560665226e+03 6.052602049672834710e+02 8.564211321167171263e+03 -5.749691222825024397e+02 -1.042737895624301245e+03 -5.479558260491886585e+02 2.337874444150976615e+03 2.716819043223619246e+03 -5.838273971440327841e+03 9.895888114277091518e+03 -2.375673958914054674e+04 -4.361648984331934116e+03 -3.282483414749742224e+03 -9.360360308197102768e+02 -2.595746211705441965e+04 3.979367801747012709e+04 2.336766508746085674e+04 -3.981866910769649621e+03 -2.856470254596074483e+03
-4.845963014898241090e+04 -1.541570544048268857e+04 9.484239234665997742e+01 -1.433326655135140527e+03 3.801555477882268264e+01 1.424529441474404337e+02 -7.656487647675451171e+02 1.711225375156305063e+03 3.725176719076168297e+02 -3.168186584693015106e+02 5.590535728672609821e+02 1.677176792397174836e+02 -4.114007897165316194e+02 3.639853548981849940e+02 -1.299490310205508479e+02 -2.736757961005950506e+02 2.945139405312568215e+02 -6.726279036900567689e+02 2.380974075089480664e+02 2.133488693548829906e+04
-4.332376167140884354e+04 4.873417784566304908e+04 -1.491819379816078981e+04 1.183625997982947010e+05 3.774330498322490166e+04 3.272267325405126940e+03 -6.657788197464812583e+03 1.238686921783806029e+05 -1.073264803249460820e+05 -3.239254324847713360e+04 -1.485637644755731453e+05 4.946661070626931614e+05 -2.562450987102032639e+06 7.993945496745551645e+04 8.424003479697836156e+04 3.541244295918357238e+04 9.498511284400306977e+03 -2.362886442389662261e+04 3.937337699184878875e+04 -6.968172246985540551e+04
-3.440633898858170141e+04 4.370198342291024892e+04 -1.064626052042681113e+04 3.781222159796578489e+04 -3.326659294419986509e+03 5.603304692726537724e+02 3.541708984687490101e+03 5.068770063791319262e+04 -1.773276820685792700e+04 6.487542251296727954e+03 -3.752926779266454105e+04 1.513532630094628839e+05 3.164126970761189295e+04 -1.271252573740497064e+04 5.780358427184413449e+04 -5.371757076918907114e+04 6.656483194680087036e+04 3.143571401094579778e+04 4.536901748569895972e+03 -3.864308359341386677e+03
-2.499172434408032495e+04 3.177995007668923790e+04 5.142890624108235352e+04 1.232215926871949923e+05 1.041832708799141074e+04 1.004386041886978783e+06 7.980719474505159496e+02 1.888755421864561640e+03 -1.125748545607703563e+05 1.019655786302428896e+05 5.135237439357850235e+04 -3.652303163092188333e+04 1.135671314274804217e+03 1.373789054204991844e+05 1.012050121201980655e+05 2.599147862392154593e+02 -8.420013343077249374e+03 -3.895641138739992471e+02 -4.947856876819871104e+04 -3.688600813123163789e+03
-4.695973981114256458e+04 1.194445065011804581e+04 -1.530432689224885326e+04 1.289080514983710782e+04 5.020060061264113642e+02 -1.438480374085845597e+02 -7.944221470569218582e+02 1.602393209574427965e+04 -9.609168178236479434e+03 -1.064874809285066294e+04 -9.441530507993722495e+03 4.551974128100641246e+04 -3.319040827033228124e+05 1.377586973633220987e+04 9.635841226988772178e+03 -2.728524605081826735e+02 1.229318858023507164e+04 -3.615267632284096635e+03 1.027524570695252623e+04 1.083159678998608342e+03
-1.565431860897010665e+04 1.021999815884061718e+04 1.179740651223026725e+04 2.346213713229607038e+03 -1.086107606658901659e+03 -5.599716063191059447e+02 -1.399614024867304943e+04 2.952116945742138796e+03 -1.992692129882281279e+03 -2.888164469709503919e+03 -7.301874075604535392e+03 -7.402089494802118679e+03 -1.869880277507741766e+03 -5.547891574685118030e+03 6.114283808092419349e+03 -3.519455290090429480e+04 -2.378787923844265606e+04 -1.162953781752269862e+02 -6.242019605014399986e+02 -2.981934544794702902e+02
-1.610941073560614495e+04 1.156123069481411403e+04 1.573583417761863711e+04 5.837334400462807935e+03 2.326162199564836541e+01 1.650356198031033637e+04 -4.068037780515421673e+03 1.035661891079437373e+04 -3.729946746071982489e+04 1.404683879832789353e+04 1.710821710588714268e+03 -1.469335473076033622e+03 -5.597787596941033144e+02 -2.283082617523990848e+04 -2.645860809259167945e+04 -1.277880213074028006e+03 1.312436667495430811e+03 -6.498096393245607771e+01 3.873039812661754240e+03 4.163829232774905336e+02
-3.770983126473466837e+04 5.487385780222576614e+03 1.397230955163091676e+04 2.078126879706950422e+04 7.888132223667610560e+03 5.041418500662119914e+04 -7.442846384545428009e+02 4.519229222614926402e+04 -1.758634299516984902e+05 8.380269460526382318e+04 2.220801421463676525e+04 2.007865925857896218e+04 1.205491776937907707e+04 -3.255078927226952510e+05 -2.339856602635043964e+05 -4.201601559623531066e+05 7.102285857723297086e+05 -2.104463607909047045e+06 -2.177633794808288221e+05 5.090580878107423814e+03
-4.861925358469528874e+04 -1.529122355248909116e+04 3.919631579043587521e+02 -1.313554834091398106e+03 2.646905443256841295e+02 2.708334404544664835e+02 -4.017495442988224568e+02 2.769166628498524915e+03 -1.704728812606236897e+04 -2.703502972260870229e+04 -1.266407902671324700e+04 -3.363667376246995445e+03 1.209436609269024530e+03 6.325624154297575842e+03 3.038673012404754900e+03 5.305891173411149794e+03 7.844525373313683758e+02 -9.058141720356730957e+02 -5.976987565580396222e+03 1.023607467423242497e+03
-2.014504633504052981e+04 1.062716118458732308e+04 2.187704603092172329e+04 -4.004992194874645151e+01 3.034039012240794364e+03 1.463018706878956800e+04 6.418620641592956417e+02 1.249289990751800906e+04 -3.150278965936683744e+04 1.978632355256641677e+04 6.865371924112107536e+02 1.736591445204674164e+04 5.441890239574638144e+03 -2.966854747822355785e+04 8.864651243631262332e+03 -4.525492308549598965e+04 7.173357789663576114e+04 -1.147044286590801203e+05 -2.054939385332365418e+04 -1.202087136806821718e+03
-8.151175873410134955e+03 1.212763743581585550e+04 1.951207828995545060e+04 6.157555066806875175e+02 -9.824521761653965086e+02 -4.131394395335210561e+02 1.476724059906053981e+03 2.003454523519809982e+03 -4.820951027830300291e+02 -5.672363038854643492e+03 1.121730649840929436e+04 2.787305596649752715e+03 1.433161488257039764e+02 -4.502376097167763760e+02 6.001644846008480272e+01 -4.164815702808096489e+02 -1.348329788273944132e+03 -2.520859966049501963e+02 5.487875639053124814e+02 -1.064556998869838708e+03
-1.335784412477532533e+04 5.392653224570921338e+03 2.971616937562581370e+03 1.905387220489508400e+04 -2.967550780421677700e+03 -2.583561633666754005e+03 7.440411009900007002e+02 -2.025390919334139471e+04 -1.802770929451634402e+03 4.385586316204738068e+03 -5.493329614280697569e+03 -1.757388606066574312e+03 4.256477700449544841e+02 -5.472627718535205531e+03 5.260608814052413436e+03 2.075946158333256335e+03 -5.314070374452279793e+03 -3.959156515725744157e+03 6.026868224275362081e+03 -8.006412039263304905e+04
-2.439693726185384730e+04 2.785909549516777042e+04 2.033006668368079545e+03 8.018086732002615463e+03 3.104164919969539915e+04 3.805463467722253699e+04 -4.499613902855902779e+03 1.703136772963531621e+04 -1.283704271042754262e+05 9.303126154037643573e+03 -8.353870090060092480e+03 -1.243080261888084533e+04 3.574485723900153062e+03 -4.726609492910986592e+04 -8.353985356829439115e+04 -1.023994110119387915e+04 1.450223151607293403e+04 2.534962119119771160e+04 1.984889253367295896e+05 5.987845300035765831e+03
-1.085920375403121216e+04 1.307296181514396449e+04 2.098139479013857635e+04 3.813224548891688755e+03 -6.877767673705359357e+02 4.140565509036177900e+03 3.288779178016751757e+03 1.354234792500429285e+04 -1.481321359566234059e+04 1.147797889160729210e+04 8.472478065959421656e+03 -3.651370692576100555e+04 -5.629075951953972435e+03 -1.083810986183628847e+05 1.233341660602059710e+05 5.532367128966005112e+04 -1.634244594809509726e+04 7.207423893429446252e+03 -4.248126563769073073e+03 1.813302489245689867e+04
-4.671644323815371172e+04 -8.833421144162351993e+03 -1.316056677328759406e+03 2.173438275559758767e+04 -2.098462895800227670e+03 -2.010084638459700500e+03 -3.622622482187003243e+03 1.541245215691823978e+04 5.479739826316340441e+03 -2.392003593591393837e+03 2.052666039841050861e+03 -2.516322868954956903e+03 3.772502049914236977e+03 5.133511418345481616e+03 1.713029432046041165e+03 1.643663608952853610e+04 -2.328164593565207906e+04 -5.591206601450366725e+04 4.843004162574758084e+04 -1.023217144902201107e+04
-2.643763552898166745e+04 3.733526593055090052e+04 6.763889405942482699e+04 1.420863090887261205e+05 4.313969502724552149e+04 1.271015833814267302e+06 -1.308669935687625548e+04 9.499174306960003742e+04 -1.141569845409028232e+06 9.370813689726606244e+05 4.408323173746695393e+05 -4.719446091059840401e+05 1.800154699702349899e+04 1.400029016413799254e+06 1.067892005748613970e+06 -4.399176234783912514e+04 -1.709472291622325429e+04 1.811669281306827033e+05 1.144675960023254156e+06 7.039145206546309055e+04
-2.548561330810720392e+04 5.279444695112013869e+04 -2.736772939060693716e+03 -9.940100802314906105e+03 -1.293237932681261782e+03 2.070166246322870052e+02 -9.186534333304260144e+03 -2.569305601289147035e+03 4.098931105623957478e+02 -2.673351253511934260e+02 2.813994921007807534e+03 2.744582187245694968e+03 1.873474645490271087e+02 1.661910298848025604e+03 -1.335856333136847525e+03 8.645889061241273339e+02 -6.035236599014054946e+02 -6.008803695008967907e+02 1.386230480009789687e+02 6.964163594315901946e+02
-3.937153958005669847e+04 9.400567375560967776e+03 2.847170868239001720e+04 -7.704187854615644028e+03 -4.774978464673319650e+03 6.019810164568498294e+02 -9.283654984462929133e+04 9.804378563949621821e+03 -1.180067871268931231e+04 -9.444628457886306933e+03 -3.087097540681488681e+04 -2.959314100704528028e+04 -1.036357618702884065e+04 -4.091347559392800031e+04 4.181658393500300735e+04 -5.402395853004803648e+05 -4.130519698641551659e+05 -2.224136468164364123e+04 -2.088010960122930919e+04 2.494672799212529571e+04
-3.998916314342533497e+03 1.637296193305713496e+04 2.372328593860906403e+04 -3.057355814560786712e+03 -1.219683988502965349e+03 -3.563159181266715336e+02 2.986582519051659119e+02 1.506745745249512765e+03 7.633176152990893115e+02 4.140420849872750182e+02 -1.280140386130483193e+03 -3.521258760265549626e+01 3.972019979685297386e+01 9.795929329921907538e+02 -8.048731148429583300e+02 1.441137420622837624e+02 1.486429415184967695e+02 -7.009666414636301113e+01 1.813609891586912681e+02 1.690816433839891886e+02
-5.037963260833575077e+03 1.394982229978603755e+04 2.244798792910777047e+04 4.634998159917356020e+02 -9.838126121540668692e+02 2.188307547688912746e+04 6.680720436196556875e+03 3.809991727582294061e+03 -9.558108704148897232e+03 7.906882260409970513e+03 8.159448338816694559e+03 -2.073601198377928540e+03 -1.364645570610686036e+02 8.590233936270682534e+03 3.286602452524392902e+03 2.330846010659214699e+03 -5.195510105972293786e+03 4.960663501080720380e+03 -1.963008325622725897e+04 -2.008033939217332772e+03
-9.902698563052141253e+03 1.179053240973429092e+04 1.781238661420069184e+04 1.699260669641720369e+03 -7.166784542800601230e+02 1.808854537234779514e+02 4.946472494549755083e+02 4.421663369260147192e+03 2.475728104000480982e+02 -4.652368609268083901e+02 5.957943693977134672e+02 -5.038103088006081634e+03 -8.841139860046407648e+02 -1.476263772128457094e+04 1.216753255680464827e+04 3.711518351147801695e+03 -9.585190874970115829e+02 9.249194684327564175e+01 1.044827225456951510e+03 2.880766844332727601e+02
-1.592655953188387684e+04 7.535889575051754036e+03 2.965350812035715535e+03 8.159364469552455375e+03 -1.996124753437319896e+03 -1.168681431263840523e+03 -3.391421259121781623e+04 3.870454517076506363e+03 2.239775949767176371e+03 -8.196240123206654289e+02 -3.621510712776837693e+01 -8.008571162647872370e+03 -9.497135392950129926e+02 1.458348692134863541e+03 -6.771781664254903035e+02 1.669399043569638934e+03 7.242353630014981718e+03 1.418422768004169939e+03 -1.126795743049145358e+03 -2.348634130641275704e+02
-1.652085796529502113e+04 1.709149771272249563e+04 3.147429339941485887e+04 2.679689562743730130e+04 2.171001297448084806e+05 -6.062608871829218515e+03 -4.413516091191680971e+03 -3.547583003413516508e+03 3.019947150314182636e+03 1.612566239282651168e+03 5.660836315834475272e+02 8.513197295920465422e+02 5.191328476817654973e+02 9.758947170415725623e+02 2.306879853221010990e+02 3.282580828689895611e+02 -3.874627890253699434e+02 8.309040291781083454e+01 -1.290143680151072203e+03 1.077556953499616839e+02
-2.858929491037652770e+04 1.893980557517969646e+04 3.405371723076987109e+04 6.757705443386531260e+04 1.150091040550549224e+04 5.598368025385461515e+05 -2.401727743421232390e+03 3.074769387819859912e+04 -2.544906169038986263e+05 1.959632086689698626e+05 8.273100953765967279e+04 -5.876288980436392012e+04 4.585632110677582205e+03 1.706682879102765874e+05 1.397316195313828357e+05 -2.301022254027807503e+04 2.795755017908549053e+04 -4.787892664875044284e+04 -6.876134930815856933e+03 2.436233088216243345e+02
-2.235486604198661371e+04 2.416618014640865294e+04 3.543543075524071173e+04 5.851090217953130923e+04 3.042747491571457431e+03 1.027573094784686982e+05 -1.545225160012829974e+03 8.473671837969533226e+04 -2.834340067104515620e+05 1.528325215690184559e+05 7.295172196053875086e+04 4.584430656133818411e+04 -8.686675688953488134e+03 -2.396390756303377857e+05 -2.578815349616229942e+05 4.549441773519771232e+04 -7.038444680056499783e+04 8.313739693864824949e+04 -2.266985218417839496e+05 -9.124035227075943112e+03
-1.686647629273000348e+04 1.164040206756672887e+04 -2.284411681821279672e+03 7.211366774051026732e+04 -7.977096638459711357e+03 -3.034195560038078384e+03 -7.520162289066172434e+02 1.532269036065277032e+04 -8.580206545603065251e+02 5.074808605333980267e+03 -7.502917590836967065e+03 8.306835531253618683e+03 -4.936339768602604181e+02 1.731225306269017210e+03 -4.227407900848860663e+03 4.365979783290364139e+03 -5.125535056711829384e+03 1.727169237790719990e+03 -4.341024392292422817e+03 7.239588291368260116e+02
-4.589368464421356475e+04 -1.203300022316408831e+04 6.078931012906599790e+03 6.449570804826877065e+03 6.258107180087364395e+04 -1.690336489392045905e+03 -2.466131763986878923e+03 -5.761857160954552910e+02 2.130652173283453976e+01 -9.065215702016053001e+02 -4.412910171075057519e+02 3.337734950169694343e+02 -1.240196484897655154e+02 5.811739553175123092e+02 -3.358678130788852627e+02 1.142204032571900143e+02 8.788563715340113447e+01 3.897369094780199816e+01 5.515875041685844735e+02 4.181866744270756726e+02
-1.708636728398345076e+04 2.835189174431263746e+04 6.586308687313713563e+03 -4.901950806097448549e+03 1.834501097847514984e+03 1.047673046542375914e+03 1.521118082522548093e+03 3.529827770442487235e+03 -3.096794889893596701e+04 -4.028766569875828282e+04 -1.560307267959708406e+04 -2.689018817350478457e+03 2.364681543432397575e+03 4.393882550741889645e+03 7.508663857060429336e+02 2.230344054615500681e+03 -6.242688887996140465e+02 -4.744686105552486310e+02 -7.202272152496885838e+02 -1.552508230545669221e+03
-3.885188543786621449e+04 3.614554735393063311e+04 -1.928431437533532880e+04 -1.280410324934096025e+02 3.362278403425073975e+03 1.755579447067759611e+04 -2.080799369136946552e+03 1.022364857648575526e+04 -6.862281947477857466e+04 -2.563567161726557606e+04 -1.514341436542061820e+04 -5.569973965455727011e+03 1.649428191045172980e+03 -1.870035693211021862e+04 -2.507868034628782698e+04 7.861500935109968395e+02 1.263293472028774886e+03 -7.942321736600965778e+02 3.267838858233412793e+03 -7.707681745238853637e+02
-4.602943147526719986e+04 -1.264689863789240917e+04 3.977983541881246310e+03 -4.699698354103416875e+01 -4.530022228453654520e+02 -1.513452401315360021e+02 -8.306502588745566754e+03 2.768450996686507551e+03 -2.053515310426852466e+03 -3.485854513877725822e+03 -5.982718044148910849e+03 -6.529510876289482439e+03 -1.815652155286429206e+03 -4.565033017427120285e+03 5.397040189435899265e+03 -3.505207940036319633e+04 -2.350753317250121108e+04 -1.858441280671967775e+02 -7.520672148716735137e+02 2.543486747477951724e+02
-4.170324232268446212e+04 3.592800288983647624e+04 -2.631111025582168440e+04 -5.215194680268989941e+03 9.961860748760464048e+02 5.561228440108310451e+02 1.341938083209331353e+03 -4.304916567621631884e+02 4.213094467389594797e+02 1.276632886864747860e+02 1.716021576201648713e+03 -2.214880664581806684e+02 -6.278360627224360542e+02 -2.600806059232396592e+02 -5.757933517513069432e+01 -2.423856012809914375e+02 -3.644378215321172121e+01 -8.380023343760741454e+02 1.149647840141556259e+02 2.120631091592619850e+04
-4.161313609180256753e+04 4.485833937187746051e+04 -2.857399822060958104e+04 7.342522059856487613e+04 -7.147547635326703130e+03 3.787462652981036513e+02 7.165916196461229219e+02 3.945571135009588761e+04 -5.615497919158735385e+03 1.074772644658362333e+04 -1.791488276287733970e+04 5.279061122559754585e+04 6.456094998618345016e+03 7.608573222836162131e+02 4.821134528279585538e+03 2.517853316918646669e+03 -5.197553683742189605e+03 1.329530895538381446e+04 -4.473857509560350991e+03 9.885516550589499047e+02
-2.498077186318731401e+04 2.631406486892719113e+04 1.344071925778906370e+04 2.127311319339059992e+04 4.416544705451138725e+04 1.061912859416343563e+05 -1.723220074456118891e+04 4.577454139849750209e+04 -3.619698877772307605e+05 6.661055775790552434e+04 -7.400150531655300256e+03 -4.627292921978038066e+04 9.580569618015855667e+03 -1.375425073673045263e+05 -2.645146302816238021e+05 -3.758171222240931093e+04 5.122431712113193498e+04 8.928945180183404591e+04 7.115093977176988265e+05 2.303182656337289154e+04
-7.905667893853396890e+03 1.220585089103542668e+04 1.639774824367199471e+04 1.589178829468108779e+04 -4.059387680806757999e+03 -2.758672714400323912e+03 -5.573241258559675771e+03 -2.472585113553465635e+04 -4.020309965352375002e+03 -1.569950063527493512e+03 3.367033957988594466e+03 4.161629673968303905e+03 1.346294459919288897e+02 -9.593277093923848042e+02 1.418595217368633939e+03 -7.107064483291801480e+02 9.483984196053031610e+02 1.045030082490259105e+01 4.655885056360515932e+02 3.304343221697916761e+03
-2.498611919361512628e+04 4.994125053009348630e+04 -8.700986556942158131e+03 -1.033270310768802665e+04 -3.772415427307750520e+02 5.702682821982544965e+02 -6.951286829557588135e+03 2.192577262231910993e+02 9.537342451848282963e+02 3.205530730556142771e+03 -4.578412441828496412e+03 -4.840825687183366881e+02 -9.872869471924143880e+00 7.390411087905639533e+02 -9.302783480153751725e+02 5.818287734615425961e+02 -3.750507254508184474e+02 -3.454170267965391190e+02 -1.600693501425185161e+02 3.326540449961831882e+02
-4.604627741940412670e+04 -1.259906075228155714e+04 4.576054832466073094e+03 1.937791861520115390e+03 4.289908033490660273e+02 1.602205318481282848e+04 -3.010843108189032137e+03 8.336419234093516934e+03 -3.707189018879443756e+04 1.345619431214451470e+04 2.521004675497531480e+03 -1.771540826357301512e+03 -5.522307809826711491e+02 -2.169653438903723509e+04 -2.672028257042165205e+04 -1.423384993807663477e+03 1.885098753698848441e+03 -5.605461733229212768e+02 4.342865661380819802e+03 9.581481931211824303e+02
-2.250494525149892070e+04 8.374769253890637629e+03 -4.440036139391693723e+03 4.574669960558853927e+04 -4.942935767188952013e+03 -4.214187298473924784e+03 -7.594510207001937943e+02 5.384517148132995317e+03 3.356100221668741142e+03 -1.475434568014925389e+03 1.515146886897711966e+03 -8.538924903261478903e+03 -6.030059969168376028e+02 2.078603384013757022e+03 -2.157438806200661020e+03 -2.990526929148592217e+02 1.491576041840437483e+03 -1.070709619899928384e+03 -6.660715432140224834e+01 4.342007763765376467e+02
-3.868561255314465234e+04 3.287639700443525362e+04 -9.732993637808676795e+03 7.193125068376815761e+04 1.378783827118318641e+03 6.429548388281088592e+03 -4.912569955537302121e+03 6.611435765563252789e+04 -6.829972993396531092e+04 -2.652339914827760731e+04 -7.053969008508218394e+04 2.108620045659361931e+05 -1.088900561385466950e+06 3.093990988999097317e+04 2.885400965542808262e+04 8.634417348819602921e+03 -8.229624858936269902e+02 -7.977515890958977252e+03 1.418766926801020782e+04 -2.635228179999850909e+04
-2.131618558823771673e+04 1.760422588472479401e+04 1.968710015467674384e+04 1.047407324475914174e+04 -2.626444106627797282e+03 -1.619546614507389222e+03 -3.742790474440793332e+03 3.752708774980140788e+03 9.910573351869774115e+02 -1.087218484473567514e+04 2.149761909749552797e+04 3.218668003654219234e+01 -4.444355799531773528e+02 1.292360372426385766e+03 -1.314495623739536313e+03 -1.811871702473888490e+03 1.331152136569039840e+03 -4.611898341783299884e+02 9.497972849016879309e+02 -5.075062994015486879e+02
-4.497560914768552902e+04 -1.201604209123886358e+04 5.309826484159040774e+03 1.043054283205260191e+02 -3.748424338867728238e+02 1.119628517855334309e+02 -1.248291171715571721e+02 3.567363206870639260e+03 2.175775992060211763e+02 -4.081280349976337902e+02 6.180110491064101552e+02 -4.960572751337493173e+03 -8.285484604035053735e+02 -1.363918249631086110e+04 1.185007122673222511e+04 3.586646625777939335e+03 -5.047427174203558025e+02 8.135508620338129049e+01 9.193478737572452246e+02 8.169647232449573266e+02
4.777804582600315371e+03 1.642483622853671477e+04 1.849112343565507399e+04 -2.412704493442263356e+03 -2.939386924406958315e+03 -5.200062712020202298e+02 -4.814779253557250922e+04 5.182275724832069272e+02 8.920789795048141286e+02 1.831536129421329179e+03 -3.293343792520473471e+03 -1.545884552667256457e+02 2.926434801666978842e+02 1.341734306262016162e+03 3.311562243760496926e+01 4.674895175688838208e+03 3.347704776411336752e+03 6.907618262717817288e+02 -1.024460286341617120e+03 -7.272989827827509544e+02
-4.170569853012431122e+04 3.566951537767198170e+04 -2.472702541049672436e+04 -2.150676723236975249e+03 2.602402843072049109e+03 1.262196716088009680e+03 2.139134386596199874e+03 2.137510567544471542e+03 -3.100423441862583786e+04 -3.972437739399601560e+04 -1.564639807826947253e+04 -3.859406186008813165e+03 2.197405870810352098e+03 3.486697873221015016e+03 1.421154706905536159e+03 2.164999739239672635e+03 -4.907765030914619615e+02 -2.921943385272501814e+02 -1.049295390231101010e+03 -1.918220264845780775e+03
-6.007442890563837864e+04 7.900714583381059128e+03 -1.881149617152862265e+04 3.461042331396043301e+04 -3.039925351673572095e+03 -3.083040920733159510e+03 -1.445158798797321424e+03 1.422121079583541359e+04 5.440440592215656579e+03 -3.823885404160332200e+03 5.386639473971013103e+03 -1.182274639090828168e+04 -7.800925734638100266e+02 3.368438336518327105e+03 -2.967534546641421457e+03 -1.363140560312811658e+03 3.307366060145822303e+03 -1.567474326668279218e+03 6.023325408128204117e+02 1.010203589145613705e+03
-5.546119298651985446e+04 3.804472669580615911e+04 -3.275563738231145180e+04 1.625516144212416293e+04 -7.987058034341428083e+02 -1.416083918428052584e+03 9.379621780746410309e+01 7.096371587050633934e+03 4.055630058253591869e+03 -2.334524437464613129e+03 6.265412748652393020e+03 -9.276827293513179029e+03 -1.143420311903015772e+03 1.063000791825436181e+03 -1.496643316399691912e+03 -2.072633125466175443e+03 3.644683421991551313e+03 -7.076062114956390587e+02 6.102212604987062150e+02 1.081607420375244857e+02
-2.081491529800353965e+04 2.536192500879427826e+04 4.180535227300409133e+03 1.058841491485599727e+04 -6.083650581761662579e+02 5.134653224016007016e+02 3.229287961229107168e+03 2.940504650858150126e+04 -2.199605304515415628e+04 -7.173503918167864867e+03 -3.149502502192467728e+04 1.129996622069243167e+05 2.546375768909037652e+04 -1.242796357310105122e+04 5.068274152195959323e+04 -5.148634246487871133e+04 6.603048786401413963e+04 2.013479243543765915e+04 4.224748431478848033e+03 -4.690543400010044934e+03
-6.692993017169902487e+03 6.609435636583970336e+03 9.101882072237996908e+03 1.652534838180139195e+04 -2.817952025330851484e+03 -2.430913739646102385e+03 5.500637006295775109e+02 -2.035763443034725788e+04 -3.218392763956022463e+03 2.428510401145229935e+03 -6.042824132979917522e+03 -3.868932889778828667e+03 -5.574455426189052787e+02 -7.506032589491287581e+03 6.010709548204597922e+03 -3.644684221722551683e+03 1.980131704443104809e+03 3.590568707181114860e+03 1.018339160666208386e+03 -1.181335815840493888e+04
-2.142296379749858534e+04 1.041763452194973252e+04 2.081903354883681095e+04 9.463889251301739023e+02 -2.021471384070288195e+02 3.780841407464973599e+03 1.269368186513014962e+03 1.459802745676941049e+04 -2.806640317478588258e+04 5.089625832834615721e+03 6.098118569305655001e+03 2.280313857896737318e+04 2.641740493399207026e+03 -6.858081959790144174e+04 -6.816523213534760544e+03 -2.935391458730933664e+04 2.976369592426181407e+04 8.545975715258410492e+04 2.587739757612833055e+05 1.352833369631474625e+02
-3.974917303996800911e+04 2.992474114119260776e+04 7.071599825384917494e+04 2.119786576615697704e+05 2.921329843516815163e+04 2.260459814969441388e+06 -1.914860276708381571e+04 -1.197141876558182703e+05 3.777748173153723474e+05 -2.296517968083749874e+05 -1.297108764629842626e+05 6.304044928217919369e+04 5.534690031535938942e+03 -1.422523746465898002e+05 -6.509183787714028585e+04 -5.075145329514676996e+04 9.022648044844013930e+04 -1.260102463768135494e+05 5.543411406090674427e+04 7.031130045779574175e+03
-1.173089808114931475e+04 7.538796945373979725e+03 5.183438238657753345e+02 3.705925480450008763e+04 -4.326162513427016165e+03 -3.563652706338183634e+03 -1.936247120250668559e+02 1.193444718176186598e+03 1.648885708157940599e+03 1.820722158870654539e+02 -1.462401867605056168e+03 -3.081786065109945866e+03 3.465470112068287563e+02 1.236311176837968787e+03 -8.742217695285927448e+02 1.472964104532311012e+03 -1.649803147356838963e+03 -1.504188061340829790e+03 1.792286224789187088e+02 1.265158621437066984e+02
-1.486455221795127363e+04 1.132921262681683947e+04 1.458380941153113781e+04 6.781653615225526437e+02 -6.670184359795530327e+02 -4.652548335046544281e+01 -7.914600635103210152e+03 4.629754298867155740e+03 -9.724589201707709435e+03 -1.414013770933138039e+04 -1.028800720320940309e+04 -7.376151780432195665e+03 4.059339249989411087e+02 2.542472448092055402e+03 5.881627335672824302e+03 1.102933930069295229e+03 2.460563326078236514e+03 -7.757269181443799653e+02 -6.227430364471512121e+02 -4.623455610244707714e+03
-1.891162647769510295e+04 1.294996662406329051e+04 1.452821013358681375e+04 4.331570760501116638e+03 -1.200881704063025836e+03 -7.581463659513290168e+02 -1.106579583986253965e+04 7.133887950930755323e+03 2.861440095757842300e+03 -7.984964286162770577e+02 -9.027949513390121865e+02 -1.466148268475479381e+04 -1.759367338083489813e+03 -3.490324174534292069e+03 1.198779234513496249e+03 -9.356753203736847354e+03 1.350279352805452982e+04 5.598770593506200385e+03 2.063125812261098872e+03 -4.631926884780646105e+02
-4.677586674321991450e+04 6.110391143961851776e+04 -9.079970257046954430e+03 1.869425674622155839e+03 -3.051456339574841422e+03 -3.627785200167104449e+02 -4.234285001066478435e+04 7.221226861252170238e+03 2.399682567710455714e+03 4.840254948371132741e+03 -8.498000216386688408e+03 -3.497131765796645595e+03 1.647511865368456654e+02 5.224960436563955000e+02 -1.534028228957547242e+02 1.589816627011477522e+03 -1.497037225597092402e+03 -1.545152509999915310e+03 2.772561602760023334e+02 1.690157855882765489e+03
-1.641608874086479773e+04 1.781503969921320459e+04 3.391932557508655736e+04 3.004647648016687890e+04 2.499917312753506121e+05 -6.692097632385708494e+03 -5.099177230338957997e+03 -4.633045393007049825e+03 3.300533643941050286e+03 2.482476980786642343e+03 7.369656543700307338e+02 1.217177745181498494e+03 7.091833332843809785e+02 1.185158462462909256e+03 1.749086552626278603e+02 3.980901744452095272e+02 -4.526640136990730525e+02 5.478677905212877874e+01 -1.976800365014091994e+03 1.416439360140808787e+02
-4.147075239848966703e+03 1.840071086791398193e+04 2.639227005394039952e+04 -2.940344312152853945e+03 -1.680281040086934809e+03 -5.326999374171846284e+02 -1.919528879094445983e+03 5.283443648951111271e+01 4.826795278642443350e+02 -1.337384796288142752e+03 2.493256593155383598e+03 1.663311413094358159e+03 1.512318802316536051e+02 1.514585485249756175e+03 -1.039083111750111357e+03 3.343427951434601937e+02 1.177890989401995903e+01 -2.117081624861514513e+02 3.138704392300099357e+02 3.696900886089545679e+02
3.749558053808759723e+03 2.652323914233173491e+04 2.345675984804666950e+04 -6.648578568814038590e+03 -4.183270083533190700e+03 -1.164785018458423025e+02 -7.642554506508655322e+04 4.101615622006891499e+03 1.975487295723471334e+03 7.122825402596139611e+03 -1.313612769508205565e+04 -3.542092329328891537e+03 1.716485928551269922e+02 1.193855563441033155e+03 -1.168212736684039044e+02 5.173827759661508026e+03 3.447860358106839612e+03 8.585222476082865342e+02 -1.715509127154778071e+03 -9.719371644115707340e+02
-3.501217402757616583e+03 1.514173001973401369e+04 2.211336801459994604e+04 -3.049046821370748603e+03 -9.554129145048490273e+02 -2.713020914845982361e+02 1.712787664511564572e+03 2.167018953881261041e+03 8.925985721484365740e+02 1.236350639448831998e+03 -3.050288931468125611e+03 -8.300392210153447650e+02 -1.201544663524720136e+01 7.418292324707661010e+02 -7.030634191704735940e+02 5.293662723139814119e+01 2.127358676235629957e+02 1.337611606481718951e+00 1.057356156005089503e+02 7.014637333921376694e+01
-2.573076727200919049e+04 2.767182124271906287e+04 4.691567951625709975e+04 9.520838691563530301e+04 9.811392606631392482e+03 7.806366828254138818e+05 -4.459233590847309642e+03 1.752553046246488157e+04 -1.826190455526962178e+05 1.521127086710619333e+05 6.895280314118946262e+04 -4.734137034859639971e+04 2.798280710905380147e+03 1.548792609120078559e+05 1.230216611505025357e+05 -1.245908846423236901e+04 1.127693764408537936e+04 -3.006373230103097012e+04 -4.191937455554326152e+04 -2.656304523629191863e+03
-1.474737250935791963e+04 9.706790779316372209e+03 -1.218594709639550047e+03 5.599930569932251092e+04 -6.283141816194591229e+03 -3.341933106765709908e+03 -5.128673321155887379e+02 8.815809103676439918e+03 4.268465919429743849e+02 2.674647473243412605e+03 -4.522010047861408566e+03 2.727845054611718751e+03 -8.913186735737644995e+01 1.539581617962056271e+03 -2.644752682270767309e+03 2.981942507201863009e+03 -3.451106569617489640e+03 1.337521056895216987e+02 -2.145087459099830994e+03 4.373664169836131919e+02
-1.724539279973936573e+04 1.234236443786637210e+04 1.492249291630978587e+04 7.560461773508046463e+03 -1.351056663680964903e+03 -9.366499512676392669e+02 1.028265442735391616e+03 4.279730429858604111e+03 2.178030523914410708e+02 -6.189967474825581121e+03 1.188579234607229955e+04 2.120634038008266998e+03 2.782080255773691988e+02 -1.302123771355760198e+02 1.440394951454819079e+02 -1.557665632758248080e+02 -1.689826045367371989e+03 -9.149494734379850343e+02 1.083676409581344615e+03 -7.082088329711834831e+02
-1.898823661581364649e+04 5.835933833134656197e+03 5.963831553479885770e+02 1.776104315706097987e+04 -2.203649939228721450e+03 -2.037948825185945680e+03 8.525702742096390239e+02 -2.808545534204890828e+03 1.213752944128154240e+03 -5.210446012508995182e+02 1.201927815581886080e+03 -5.330565456971901767e+03 -6.773163120779837527e+02 2.963410810355150034e+02 -7.342267200469148065e+02 -1.237507693873641983e+03 2.243619481475447174e+03 9.752934901402083767e+01 -3.111872448794560242e+01 -6.289392796371541863e+02
-1.798842538146696825e+04 4.954870057952361094e+04 6.624427122062076523e+04 1.691498248945044761e+05 3.257345805549751822e+04 1.649393917458940065e+06 -4.989629612342580367e+04 -3.554240069386406685e+04 -9.466300144692294998e+04 2.129001645318601732e+04 -3.333268620656186977e+04 -5.057967760211412678e+04 6.858889694239965138e+03 2.927014878705757292e+04 -5.219288908171098592e+04 -2.847925344146874340e+04 3.904351533213146467e+04 4.968354969310510933e+04 5.149812770130569115e+05 2.295569178063119034e+04
-4.884285293984669988e+04 -1.574570624222990045e+04 -7.759015708082793594e+01 -1.404771508725465083e+03 -2.844588791386300031e+01 9.916908408792458829e+01 -3.910959608403038033e+02 -2.773702528750250451e+01 2.607654455198446044e+02 3.990350590651582365e+02 -1.831514552961889564e+01 3.517159759276495379e+02 6.692389807503562338e+01 1.300743864112931192e+02 -8.903200499133390622e+01 1.367114940981556686e+02 -4.586121159619277421e+01 7.558044532164412033e+01 -1.846220059133963431e+01 -6.506242017291730235e+02
-4.728824940603465075e+04 -1.430966043195198654e+04 1.873231300495086771e+03 -9.301749862709275476e+02 -5.971836265009383027e+00 3.269321570387313045e+02 -3.518141723939901567e+03 3.464094542000721503e+03 -1.028552514995207093e+04 -1.527063952559631434e+04 -9.245584360149419808e+03 -5.389705270277638192e+03 3.213888460680867070e+02 3.140056888332243034e+03 4.968948099168415865e+03 1.693915729826573852e+03 1.837452250509891428e+03 -7.927914754486522497e+02 1.214907964505210657e+03 -3.445662742028666344e+03
-3.885754238286243344e+04 3.844015346544401837e+04 -1.820402894868576914e+04 3.710542575426932672e+03 6.524432475835753576e+04 -3.876395604497004115e+02 -1.671777369203816988e+03 1.056917082525432761e+03 -3.129947152805522637e+04 -4.010621162932412699e+04 -1.809691994047061235e+04 -3.857216842723536047e+03 2.063647862063735829e+03 3.857529202163733771e+03 1.467494285133613403e+03 2.206912003982021815e+03 -3.207175426645682705e+02 -2.984997100814320561e+02 -3.287676974585270955e+02 -1.296538244802725330e+03
4.113590653822695458e+03 7.045746493168992856e+03 9.505852500964552746e+03 6.845932174520162050e+01 -1.646507470356184285e+03 -4.790791673916912714e+02 -3.332542794859583228e+04 -1.155470431338570192e+00 7.917941883720344549e+02 2.013095570810185563e+03 -3.461476622469072936e+03 -5.217981593932371425e+02 2.039541345937620065e+02 7.005670884661526543e+02 2.802191238115237866e+02 4.380025682428959044e+03 3.230822941346974858e+03 8.218432434329481566e+02 -8.900157512392399894e+02 -1.512397980889069913e+03
1.020576339651746457e+04 1.823962730291105572e+03 2.574538041188388888e+03 6.106245275432014523e+02 -1.554649050053751864e+02 -1.445986560239662140e+02 -1.090590943598288050e+03 6.897021589301924394e+01 -5.679843813912661687e+00 8.669135308576414900e+00 -1.592509923019009648e+02 -1.536746903919313070e+02 -1.171444041980136852e+01 -5.216729363711830274e+02 3.835856606422798336e+02 -1.144189553414088039e+02 7.290535756789276434e+01 1.103761762502443702e+02 1.895688998367720330e+02 -4.540407588041782105e+02
-3.072384985908606268e+03 1.076533598024324965e+04 1.735662309470616310e+04 -2.029217123454564444e+03 -6.895051133785904085e+02 -2.557764005909221510e+02 4.824047010628221869e+03 1.212743962196065695e+03 6.716662457708880538e+02 9.463204057332372940e+02 -2.413583258347442552e+03 -6.759020642762795887e+02 -8.515842938638204629e+00 9.747150332009887279e+02 -8.328641145454049592e+02 -3.501771893630721166e+01 2.346473837145458958e+02 1.102482579243283141e+02 -8.641534985218405041e+01 8.301265015887217658e+01
-3.606371985990715984e+03 1.255612690217537056e+04 1.954171003419636691e+04 -2.096789057052418229e+03 -9.909395854853449919e+02 -3.614938212810739628e+02 3.135959079145876331e+03 4.232684619265795050e+02 5.243659509496734472e+02 -6.222838654106385547e+01 -2.461785723077070145e+02 3.159131568067957119e+02 5.594064524870326238e+01 1.267358558167113188e+03 -9.600069721116574328e+02 8.190631523914699130e+01 1.562402889772356787e+02 1.586916306421541734e+01 1.744375696616398841e+01 2.071983551131466754e+02
-3.956006405530960137e+02 9.969758067589620623e+03 1.479542037770076604e+04 1.427612398289882549e+04 -3.849668610042500859e+03 -2.588830487574834933e+03 -2.482754980689423974e+03 -2.535060354732838823e+04 -4.047825364662525317e+03 -8.612124310816411707e+02 1.996378037331484165e+03 4.023048714853894580e+03 1.061451402742859926e+02 -5.768103961198301022e+02 1.073483383394815291e+03 -7.297924762580573770e+02 1.096245600334918436e+03 1.076600317513557883e+02 2.784123205558015570e+02 3.360698984225486583e+03
-3.524441425842699391e+04 1.178637168715062398e+04 1.445507316343285493e+04 9.359982800882295123e+03 6.119413399034775694e+02 1.304539132590885492e+04 2.595996027179665361e+03 3.831054843540570437e+04 -4.155330466308815085e+04 1.914664494520594235e+04 -2.673154172047445900e+04 1.314564334532577195e+05 3.070207882282851642e+04 -3.772814138030936738e+04 6.163505172778567066e+04 -9.765686909562136861e+04 1.384372998719698226e+05 -9.459192757047677878e+04 -1.584150550664951152e+04 -5.557602230400664666e+03
-1.565111822506010685e+04 2.048667036234676925e+04 3.396677851449735317e+04 2.398550051632946270e+04 1.408213290311832679e+04 1.836175292621102417e+05 -1.704268109117535232e+03 3.491513027222832898e+04 -1.615029954930180975e+05 1.151685675039693451e+05 5.206802212307549780e+04 -7.379682704931292392e+04 -6.919087457710164927e+03 -8.549426763691930682e+04 1.905267469036896655e+05 7.532553606116859009e+04 -2.666221582010770362e+04 1.253163045331531976e+04 -3.154822544632164136e+04 2.506338009007180881e+04
-2.268955508934073077e+04 2.217990958168550060e+04 2.524409818088449902e+04 5.256338488738881279e+04 1.670060596218267892e+04 5.815192330433253665e+04 -4.714875716108374036e+03 6.135382377817633824e+04 -1.888653760664935980e+05 9.935863825625657046e+04 3.801799002635345823e+04 3.542285258769345091e+04 -5.586948865209730684e+03 -1.665052940725451335e+05 -1.773031543669729435e+05 2.847058459683305045e+04 -4.266009008677530073e+04 5.156972328555530112e+04 -1.331344025221370684e+05 -4.167404635186236192e+03
-1.589442667153633374e+04 1.130600863786421178e+04 9.044212548090805285e+03 2.354238350095439091e+04 -4.192535160803386134e+03 -3.395531481013500525e+03 -3.124908076694947795e+03 -2.008434970837725268e+04 -1.734215844089029588e+03 -2.559594583085658542e+03 4.616984220799698051e+03 -3.989300160572076493e+03 -1.051648301867156533e+03 -1.892162193980790903e+02 8.406551669580538544e+01 -3.205340361705070336e+03 5.113567706099971474e+03 5.504977457988043170e+02 2.788145528874900947e+02 3.409664609591603039e+03
-2.223525871558094514e+04 2.518230195544693925e+04 2.689467098360735690e+04 5.359277821226011292e+04 2.413639438124532899e+04 4.094989951661151135e+05 -9.401515557694892777e+03 5.010823083850658440e+04 -4.535329043919385877e+05 2.231797088067580189e+05 7.457681061425611551e+04 -1.055733067783546430e+05 9.291094608243840412e+03 1.289746412067784113e+05 -7.990754289373542633e+03 -3.434390382122268056e+04 3.607073403305748798e+04 7.424827533950997167e+04 6.115162466315157944e+05 2.405476712689747728e+04
-2.128531981788020857e+04 1.865676874552483059e+04 2.567537988287397093e+04 5.098914586824501021e+04 9.543992430279089604e+03 3.570746371308573289e+05 -2.370241766829347398e+03 2.510066917609239317e+04 -1.741111761298963684e+05 9.886139821939982357e+04 3.600638953554600448e+04 -2.434223333350981557e+04 1.427014484023948626e+03 2.306278112842827977e+04 -9.302743520410454948e+03 -6.505987248893546166e+03 6.266360567947168420e+03 4.331013645310035827e+03 5.508828699555939238e+04 1.992432501770219233e+03
-2.313248222563884337e+04 1.325995981664859573e+04 1.239002200237782381e+04 1.116336115702418465e+04 -1.581754013835208070e+03 -1.349770409030843666e+03 7.554513460415371355e+02 7.177788749939785703e+03 2.250255461268980525e+03 -8.213235938077077662e+03 1.536990340817592732e+04 -6.781789537458527775e+03 -1.334444047772912427e+03 4.707959627227968724e+01 -1.000283858797204971e+03 -3.233608383499438332e+03 3.870525104735111654e+03 3.041955361227895196e+02 4.776952518338310369e+02 -5.341026033718483177e+02
-3.910819667834944994e+04 3.635711850487681659e+04 -2.221929234384713345e+04 -3.315298859977242500e+03 2.599641030019798109e+03 1.304544047363745449e+03 -5.611903468576043451e+03 3.991677738283229701e+03 -3.372209692798650212e+04 -4.277484244078306074e+04 -2.325975603749015136e+04 -1.025429043704729884e+04 4.026306506200048148e+02 -1.524834652175862857e+03 7.162790460024280037e+03 -3.288505210012617317e+04 -2.411315516544608909e+04 -4.502570374609667851e+02 -1.754374631850071182e+03 -1.460548585888313482e+03
-1.563558754529560247e+04 1.495993102250230731e+04 2.629472658033505286e+04 1.984552208242327470e+04 1.559885730234512885e+05 -4.771416395465324968e+03 -2.809233082889541947e+03 -2.043566817982721204e+03 2.250020026017688906e+03 4.639493435879797545e+01 1.469567639494091225e+02 2.735644243281306558e+02 2.151088112325643351e+02 5.694592203686297580e+02 3.651238792378065341e+02 5.658349841098220168e+01 -6.827037936888909542e+01 -7.946932422708204058e+01 -2.066929776903519098e+02 -9.311206505949146006e+00
-3.771315434967391775e+04 4.238908057711128640e+04 -2.853801297099386284e+04 3.704656502632443153e+04 -3.314501203949099818e+03 -2.502345855454220327e+03 9.126710452516171017e+02 2.366173676923341918e+04 1.533847844150578567e+03 1.434145722859728266e+03 -6.376811645720795241e+03 2.880700884749126271e+04 7.910478501275012604e+03 1.935974947744938163e+03 8.840564354322055806e+03 -1.975183679708217596e+03 7.030829980414177953e+02 6.221176710683871534e+03 3.433523332272582593e+03 2.010680806103792975e+02
-2.505735435527794107e+04 4.696067062415149121e+04 -1.017815309030104436e+04 -9.261580480914513828e+03 -8.412485166209825138e+01 4.983687460070129873e+02 -1.360650911074255646e+03 -3.601026864813652537e+02 8.072931534226652275e+02 2.517738784678901993e+03 -3.281682504793959652e+03 -1.176679339739431782e+02 -7.073123683913106419e+00 7.267412167197421695e+02 -9.192793805166581933e+02 4.797551094531613671e+02 -3.718966628765650171e+02 -3.378531270621257363e+02 -7.728036531507341067e+01 3.632042170872191491e+02
-1.796564183407655582e+04 1.416536463670041485e+04 9.573164648238634982e+03 5.271567534849916228e+03 -5.911500651686019410e+02 1.008822259990533894e+02 3.239996251780798048e+03 6.674103169258970411e+03 -1.769927287507920482e+03 1.205961761533652407e+03 1.323473009105641040e+03 1.499482221025774891e+02 -2.443610763422934178e+04 -2.893628392368377718e+03 1.219406926536243554e+04 -1.700304116570881160e+04 2.419280560340997908e+04 -5.141848025089805014e+04 -7.727279143571268833e+03 -1.330974776082315475e+04
-2.413574834580094466e+04 1.615413807664076376e+04 1.335808360119995814e+04 1.881693870846424761e+04 1.480432960536523751e+04 9.447289904462602863e+04 -6.253588451471418921e+03 3.305378685247679095e+04 -2.117997073953030340e+05 5.439939522818040859e+04 3.398870794599439705e+03 -1.348725453124401429e+04 5.333469178057664067e+03 -9.669979835705303412e+04 -1.498050181821524748e+05 -2.465731323078200512e+04 3.019071291087396457e+04 6.533436935958218237e+04 4.029698492349047447e+05 1.167858697726261562e+04
-2.492927038177137001e+04 3.604789106492717110e+04 6.492422197282512207e+04 1.416533334563438257e+05 1.218322686479038384e+04 1.223033895713995909e+06 5.043298106611951880e+03 -9.951693068007485635e+03 -6.406037648962551611e+04 7.354970067281788215e+04 5.010545867255509802e+04 -2.781529952195472288e+04 5.312252913180094538e+02 1.215830063672814576e+05 8.486458001200610306e+04 4.395129933345559039e+03 -1.706620499849237240e+04 9.261655488423028146e+03 -7.710810705502615019e+04 -6.770017917492182278e+03
-9.906024173391098884e+03 1.651491514675655708e+04 2.670715643698551867e+04 3.782677458907302480e+03 -1.609962031171878834e+03 2.551474216259529203e+04 2.710400752652354640e+03 4.171319934776122864e+03 -1.258676831635131020e+04 1.560720077909843894e+03 2.575722263090214619e+04 2.010140764455177759e+03 4.933314105897877511e+01 9.716549842656668261e+03 3.930891778569599410e+03 2.187313584280714167e+03 -7.562876713596563604e+03 5.409642482879638010e+03 -2.250276004281622590e+04 -3.387998798970625558e+03
-1.792564718963803898e+04 1.867326140844728070e+04 2.964766928509963327e+04 5.123700933941324183e+04 8.670866189417332862e+03 3.647423599859862006e+05 -7.084917457497375835e+03 4.590400510671852680e+04 -4.396937866792267305e+05 3.530329688495713635e+05 1.520624149758229614e+05 -1.724290875408199208e+05 5.733210854809984085e+03 4.938149533702675835e+05 3.841543657864021952e+05 -1.486594004922091881e+04 -2.323256034307213213e+03 6.009412612440636440e+04 4.194725621765013202e+05 2.808365613295190997e+04
