-4.260948431411076308e+04 3.583855509581116348e+04 -2.622797651666525417e+04 -5.116649880567123546e+03 9.131961599864265509e+02 4.989456331225946997e+02 1.728144262842204625e+03 -2.218498231378158380e+03 3.045779122336502951e+02 8.541935419314213505e+02 1.106450894734567328e+03 -7.796438708707576382e+01 -1.458836760046524148e+02 -5.319505716565828379e+02 9.963067892269386050e+00 1.461385001137608413e+02 -3.419524236107097295e+02 -6.901205402121807708e+01 -1.414862374861591547e+02 -7.898995258054787882e+02
2.099516953713400653e+04 -3.093364704694577995e+03 -3.395692535204426349e+03 -4.312914836620521442e+02 1.632688026197752720e+02 9.576812257691351249e+01 -9.449600280651340256e+01 2.137859068282538146e+02 5.141685828031418382e+00 -4.420235061702754109e+01 1.123771369403966247e+02 4.006630320107285570e+01 4.025076644560062533e+00 8.525736949665249753e+00 -8.427321812719334559e+00 8.718392554902452574e+00 -3.282690032475998265e+01 -2.476360741192647552e+01 5.119356131717525571e+00 1.808562464475250042e+00
-4.949135655457898974e+04 -1.577473899970351158e+04 -2.270479006041308025e+02 -1.204555952340421527e+03 -3.345786107819805721e+01 8.399821669391589296e+01 -4.186355588351738675e+02 3.507397558438287888e+01 2.832996732272993654e+02 3.708861890075360748e+02 2.970350138423778574e+01 2.770951552497865009e+02 5.868477285565884216e+01 1.219336692326803728e+02 -8.555965751013411591e+01 1.218257115395263241e+02 -2.084855111622637125e+01 7.502185897466969777e+01 -1.527812244727705249e+01 -6.546657248984543003e+02
-3.498909161458463132e+03 1.518744231452212443e+04 2.216275836317188077e+04 -3.056483731269025157e+03 -9.604066369750776175e+02 -2.721581785433324399e+02 1.663140769831903754e+03 2.169472206403564087e+03 8.933352269955986458e+02 1.231268316800825460e+03 -3.038977311237554204e+03 -8.235774402636711784e+02 -1.144653741246566803e+01 7.425264519058440555e+02 -7.029779496800819061e+02 5.505814348118467905e+01 2.116397126475698940e+02 -3.308841800015085433e-01 1.076603280499890474e+02 7.088109618869731321e+01
-1.179025938593727187e+04 7.563808860087990979e+03 4.678374746989150026e+02 3.736588196591308952e+04 -4.356030713874844878e+03 -3.566659757484558668e+03 -1.984218328385672407e+02 1.310670840180495361e+03 1.639746189170681191e+03 2.099156635864891314e+02 -1.496816678132819789e+03 -3.009278664839869180e+03 3.446440075093576638e+02 1.243332237629534120e+03 -8.947772441924803388e+02 1.497651274745959427e+03 -1.681420983293438212e+03 -1.491766596116676055e+03 1.555735795931402095e+02 1.292109221803206651e+02
-1.584667863383859003e+04 1.131889781912915896e+04 9.098419299819965090e+03 2.351330590349193517e+04 -4.194149545403735829e+03 -3.392874189840643339e+03 -3.138874085127510625e+03 -2.011087082394697063e+04 -1.750257288638739510e+03 -2.550133649388247250e+03 4.604372135316972162e+03 -3.909000294348285024e+03 -1.038449443589344583e+03 -1.807694728759038583e+02 8.576908297769421097e+01 -3.173522581206238101e+03 5.070063272668637183e+03 5.330265868649631784e+02 2.814925929638948787e+02 3.444123724264820794e+03
-1.563360480309106424e+04 1.496085156551233922e+04 2.630129647140495217e+04 1.984905078287511060e+04 1.560511772892937006e+05 -4.772554956539533123e+03 -2.810459811534920846e+03 -2.046563993186941389e+03 2.250597081058774165e+03 4.850003028675901362e+01 1.465705627972967875e+02 2.751122740204709203e+02 2.155494045568246975e+02 5.696760930554859215e+02 3.653821015610341760e+02 5.708977152275090106e+01 -6.906811676006017819e+01 -7.912500867548281747e+01 -2.077771860339607599e+02 -9.281570467278573489e+00
-2.526692671889626217e+04 2.747708370381027635e+04 4.654153315629567078e+04 9.723104665471821500e+04 9.824077122773860538e+03 7.934912844633791829e+05 -4.178359756658339393e+03 1.600514227829307129e+04 -1.757676243883121351e+05 1.475168427316913148e+05 6.631102360776948626e+04 -4.633129047669904685e+04 2.636095603232039593e+03 1.526413461004148121e+05 1.209707166284503764e+05 -1.159249014444377099e+04 1.019441136368367188e+04 -2.793640668999846821e+04 -3.957801141455043398e+04 -2.412115805107949654e+03
-1.980489694388592397e+04 1.641212039026895218e+04 1.687386483762775242e+04 3.629684675553240595e+03 -1.632540401886571772e+03 -7.647483788808359577e+02 -1.787851413414620401e+04 8.020398310144811148e+03 3.163694358413228201e+03 -9.692733736569508096e+01 -2.182451556327423532e+03 -1.546225992102226337e+04 -1.819636863392561509e+03 -3.398590222899816581e+03 1.077562003514379739e+03 -9.349921396645175264e+03 1.370093195021307474e+04 5.591969070282330904e+03 1.957200192970287617e+03 -4.261093625924664821e+02
-1.717109850741904665e+04 1.453337428154558620e+04 1.675405293449995588e+04 9.470361687828353752e+03 -1.836860079201131612e+03 -1.201507449341585243e+03 -2.402553754419865868e+02 4.238419531406885653e+03 2.278332379136450356e+02 -7.339331632179255394e+03 1.429134249317294416e+04 2.924072698546979154e+03 4.022328298896800334e+02 1.703010960720671108e+02 2.724301466129329796e+01 5.689713024542627506e-01 -1.924071952827890982e+03 -1.101864130036771030e+03 1.235687949332771723e+03 -9.991497893354959388e+02
-4.042142587498455396e+04 3.790675700933214102e+04 -2.696733091519687150e+04 1.906891566256824808e+04 -1.256813184713279043e+03 -1.060853756672714553e+03 1.214940499248282094e+03 1.776808476658453583e+04 -5.712237119658139051e+01 1.360734663953967583e+03 -5.584940536326982510e+03 3.066154879255192645e+04 7.676381557295944731e+03 3.441333353963174204e+02 1.037984470297187727e+04 -3.177185550969704764e+03 1.892998004211515990e+03 7.107417655632548303e+03 3.720226498708742838e+03 -3.003206644889675658e+02
-2.492569684460873395e+04 4.974378487124502863e+04 -8.777716339753109423e+03 -1.028296267154068482e+04 -3.567149992521759714e+02 5.661593905772162998e+02 -6.525159552688964141e+03 1.704717048886708710e+02 9.436596804005592958e+02 3.158442082623934311e+03 -4.489069173964909169e+03 -4.535322690772575243e+02 -9.567670394877939799e+00 7.437999795501812059e+02 -9.340910777399383278e+02 5.745429467147081368e+02 -3.733889206857458021e+02 -3.453467338362699479e+02 -1.537076826284447293e+02 3.361021136903156616e+02
-4.695973981114256458e+04 1.194445065011804581e+04 -1.530432689224885326e+04 1.289080514983710782e+04 5.020060061264113642e+02 -1.438480374085845597e+02 -7.944221470569218582e+02 1.602393209574427965e+04 -9.609168178236479434e+03 -1.064874809285066294e+04 -9.441530507993722495e+03 4.551974128100641246e+04 -3.319040827033228124e+05 1.377586973633220987e+04 9.635841226988772178e+03 -2.728524605081826735e+02 1.229318858023507164e+04 -3.615267632284096635e+03 1.027524570695252623e+04 1.083159678998608342e+03
-4.142454675950141245e+04 3.523850570149485429e+04 -2.515506530893176387e+04 -4.466433699781152427e+03 3.209028064838178125e+03 1.699567357136365217e+03 1.763476369302904004e+03 4.092785316881571816e+03 -4.750326482840349490e+04 -6.440203181907712860e+04 -2.928720186911209385e+04 -7.725173647918447386e+03 3.226093495274218640e+03 8.890972319773058189e+03 5.042511881140103469e+03 6.726269444693120931e+03 6.023368736693599885e+02 -1.096511664455956179e+03 -5.759330611979780770e+03 -1.424599122030882427e+03
-3.390361032988087391e+04 7.461490853905177210e+04 1.565464070198635163e+05 6.688038500037605409e+05 9.269461209923577553e+04 7.429178814210163429e+06 -7.226347487304396054e+04 -6.452495208701075753e+05 2.697222315995696001e+06 -1.839428319571936736e+06 -9.099011106334049255e+05 4.952719504703676794e+05 -1.449154183666315657e+04 -1.352397542225514771e+06 -1.006791201424730825e+06 1.677897437323605482e+04 5.029670213864884863e+04 3.157114726211919697e+04 3.748489633779013529e+05 3.634773474928404903e+04
5.906625090631243438e+03 2.244378603518495947e+04 2.422598314303820371e+04 -4.004137492180898789e+03 -4.056508325399463047e+03 -6.199152757266244862e+02 -6.022144670987378777e+04 -2.630794266499915466e+02 1.014021235464094048e+03 1.512865329384959296e+03 -1.699485504794185090e+03 1.115284497254631106e+03 3.977179802204413477e+02 2.047592080128308680e+03 -4.567170565383835310e+02 5.237373176436987706e+03 3.178621241428154008e+03 5.388663886979921926e+02 -1.028107932040280502e+03 -4.828224172839753123e+02
-4.215165376268659202e+03 3.734560129328885068e+03 6.105002300029507751e+03 8.685627971177560539e+03 -1.810905814832034139e+03 -1.332680308671272314e+03 1.776035151828013795e+03 -8.859757686246617595e+03 -7.119824690218171099e+02 1.518810824010697843e+03 -2.101375464539954010e+03 3.558314396858914819e+01 -7.272943945483580030e+00 -2.531183615432973113e+02 1.445944576267895627e+02 1.757735591438079936e+01 -2.473729670178397733e+00 1.558315986410333096e+02 -8.410068513556750247e+01 -1.132881530043815019e+03
-9.045574359854301292e+03 2.509472781560664771e+03 6.052602049672834710e+02 8.564211321167173082e+03 -5.749691222825023260e+02 -1.042737895624301245e+03 -5.479558260491886585e+02 2.337874444150977070e+03 2.716819043223619701e+03 -5.838273971440329660e+03 9.895888114277091518e+03 -2.375673958914053947e+04 -4.361648984331934116e+03 -3.282483414749741769e+03 -9.360360308197105041e+02 -2.595746211705441965e+04 3.979367801747012709e+04 2.336766508746085674e+04 -3.981866910769649621e+03 -2.856470254596074483e+03
-5.569963073253937182e+04 4.000524081454399857e+04 -3.540128080195653456e+04 3.386319163456542447e+04 -2.646326352393198704e+03 -2.978421476435594741e+03 -1.702351305725791235e+02 1.327873263919393503e+04 5.935383108813371109e+03 -3.183994423268694391e+03 6.244542103277306524e+03 -1.249485013510049248e+04 -9.808736907070554025e+02 3.113819815720318729e+03 -3.199804087729558887e+03 -1.210436065684011282e+03 2.932243729220827390e+03 -1.852565111011800127e+03 4.739180552032482296e+02 9.570104494953681069e+02
-8.897690655418986353e+03 1.674432721492624478e+04 2.579887784192792606e+04 5.789356651242402449e+02 -2.039110463179018325e+03 -7.497110164428033841e+02 -3.325713671428880389e+03 -5.156244635664932048e+02 -9.454764443264177771e+02 -8.866767921951111930e+03 1.807180325855881165e+04 5.869492473003195300e+03 3.445041848984819808e+02 5.012152227263084683e+02 -3.397416867686933415e+02 -7.615527973059693068e+01 -1.588858127227453224e+03 -5.273273195833374984e+02 8.286049889045987129e+02 -7.076339880017711721e+02
-2.439693726185384730e+04 2.785909549516776679e+04 2.033006668368080454e+03 8.018086732002616372e+03 3.104164919969539551e+04 3.805463467722253699e+04 -4.499613902855902779e+03 1.703136772963531621e+04 -1.283704271042754408e+05 9.303126154037641754e+03 -8.353870090060090661e+03 -1.243080261888084897e+04 3.574485723900153062e+03 -4.726609492910986592e+04 -8.353985356829439115e+04 -1.023994110119387915e+04 1.450223151607293403e+04 2.534962119119771160e+04 1.984889253367295896e+05 5.987845300035765831e+03
-6.885724935957829985e+03 1.665625871182941046e+04 2.590182299127784427e+04 1.285852926881003259e+04 7.209044232068185920e+03 1.359106757683623000e+05 1.255462500916595218e+03 1.018036716806816730e+04 -8.264374236973558436e+04 7.014792801531747682e+04 2.806728217481349566e+04 -2.964695692814120048e+04 9.503420380840810822e+02 7.721361212155292742e+04 7.149716320108277432e+04 -2.450084105213037446e+02 1.533066703255069797e+03 -6.287510835684981430e+03 -9.272427919467159882e+03 5.318100502226116078e+02
-1.634734480272500696e+04 1.689519701039140637e+04 3.100873103696448015e+04 2.601264623958627999e+04 2.110497511267174850e+05 -5.905270478579879637e+03 -4.248878554481485480e+03 -3.423451831658474021e+03 2.835954355154500718e+03 1.480972562610847262e+03 4.957891204323230454e+02 8.482351965876324584e+02 5.002372427578214911e+02 8.690897002965563161e+02 1.944527582295013701e+02 3.281772234728943545e+02 -4.003895635515269191e+02 8.425132268611480413e+01 -1.216642419325169158e+03 8.708482554572532308e+01
-3.937153958005669847e+04 9.400567375560969595e+03 2.847170868239001720e+04 -7.704187854615644937e+03 -4.774978464673319650e+03 6.019810164568499431e+02 -9.283654984462929133e+04 9.804378563949621821e+03 -1.180067871268931231e+04 -9.444628457886306933e+03 -3.087097540681489045e+04 -2.959314100704528028e+04 -1.036357618702884065e+04 -4.091347559392799303e+04 4.181658393500300735e+04 -5.402395853004804812e+05 -4.130519698641551659e+05 -2.224136468164364123e+04 -2.088010960122930919e+04 2.494672799212529571e+04
-1.003798931211985473e+04 8.496068683702882481e+03 1.326225208823319372e+04 2.307255166008162632e+03 -6.014055606839256143e+02 -7.243939897104334591e+01 1.509702024509781950e+03 3.550498566863742781e+03 1.533335332237277555e+02 -4.182781324755622450e+02 4.609795067549096075e+02 -5.152585498563526926e+03 -8.833551179333524033e+02 -1.457061432319353844e+04 1.237149962410859553e+04 3.546310850792019664e+03 -8.771676767661373333e+02 1.428806645735302254e+02 1.061954412755939302e+03 2.944079387741932123e+02
-2.355501195781554270e+04 2.426984973255989826e+04 3.045530167303907001e+04 5.912451571240433987e+04 8.350890648660182705e+03 8.631646067246637540e+04 -1.990197281742230189e+03 7.837111987679245067e+04 -2.531767388323281775e+05 1.347787085001167434e+05 5.998019736836873199e+04 4.462488080936217011e+04 -7.427769283151555101e+03 -2.174164048649183242e+05 -2.326986299964479113e+05 3.998201027050674747e+04 -6.119156957917976979e+04 7.300509332303369592e+04 -1.949312601985632209e+05 -7.287238835909098270e+03
-4.428273011723770469e+04 2.835777495768670997e+04 -1.249820962363164108e+04 6.197034535468228569e+04 6.322461540624270128e+03 2.605247310383077092e+03 -6.359470052987288000e+03 6.919734983440813085e+04 -8.027692382005532272e+04 -5.137047787723016518e+04 -9.412615244105744932e+04 2.474699164532501891e+05 -1.320862918929570122e+06 4.366192615055989154e+04 4.809653579688460741e+04 4.199970017624548746e+03 -6.169262635961118576e+03 -1.221516184277481079e+04 1.586541871877433732e+04 -3.669599344783027482e+04
-4.845963014898239635e+04 -1.541570544048269585e+04 9.484239234665999163e+01 -1.433326655135140527e+03 3.801555477882267553e+01 1.424529441474404621e+02 -7.656487647675451171e+02 1.711225375156304835e+03 3.725176719076168297e+02 -3.168186584693014538e+02 5.590535728672609821e+02 1.677176792397174552e+02 -4.114007897165316763e+02 3.639853548981849940e+02 -1.299490310205508479e+02 -2.736757961005951643e+02 2.945139405312567646e+02 -6.726279036900567689e+02 2.380974075089480948e+02 2.133488693548830270e+04
-2.014504633504053345e+04 1.062716118458732308e+04 2.187704603092172329e+04 -4.004992194874664335e+01 3.034039012240794818e+03 1.463018706878956800e+04 6.418620641592956417e+02 1.249289990751800906e+04 -3.150278965936684835e+04 1.978632355256641677e+04 6.865371924112106399e+02 1.736591445204674164e+04 5.441890239574638144e+03 -2.966854747822355057e+04 8.864651243631264151e+03 -4.525492308549599693e+04 7.173357789663576114e+04 -1.147044286590801348e+05 -2.054939385332365782e+04 -1.202087136806821263e+03
-2.081491529800353965e+04 2.536192500879427098e+04 4.180535227300407314e+03 1.058841491485599727e+04 -6.083650581761661442e+02 5.134653224016007016e+02 3.229287961229107168e+03 2.940504650858150490e+04 -2.199605304515415628e+04 -7.173503918167863958e+03 -3.149502502192467364e+04 1.129996622069243458e+05 2.546375768909037652e+04 -1.242796357310104941e+04 5.068274152195959323e+04 -5.148634246487869677e+04 6.603048786401413963e+04 2.013479243543765915e+04 4.224748431478848033e+03 -4.690543400010044934e+03
-4.862080368745075248e+04 -1.529459166702026050e+04 3.922235960845115983e+02 -1.315334051686897737e+03 2.647931831947644241e+02 2.710162736995636692e+02 -4.020521510482954000e+02 2.768395494933466580e+03 -1.704768237011312522e+04 -2.703465586426099253e+04 -1.266478571752173957e+04 -3.362426225325597443e+03 1.209408467222952140e+03 6.325599536397501652e+03 3.038881798580930536e+03 5.306233872552803405e+03 7.839297486815864886e+02 -9.057464787804966591e+02 -5.977012705800892036e+03 1.023428331918139747e+03
-1.565431860897010665e+04 1.021999815884061718e+04 1.179740651223026725e+04 2.346213713229607038e+03 -1.086107606658901659e+03 -5.599716063191059447e+02 -1.399614024867304943e+04 2.952116945742138796e+03 -1.992692129882281279e+03 -2.888164469709503919e+03 -7.301874075604535392e+03 -7.402089494802117770e+03 -1.869880277507742221e+03 -5.547891574685118940e+03 6.114283808092419349e+03 -3.519455290090428753e+04 -2.378787923844264878e+04 -1.162953781752269435e+02 -6.242019605014401122e+02 -2.981934544794704038e+02
-3.770983126473466837e+04 5.487385780222576614e+03 1.397230955163091676e+04 2.078126879706950422e+04 7.888132223667610560e+03 5.041418500662119914e+04 -7.442846384545428009e+02 4.519229222614926402e+04 -1.758634299516984902e+05 8.380269460526382318e+04 2.220801421463676525e+04 2.007865925857896218e+04 1.205491776937907707e+04 -3.255078927226952510e+05 -2.339856602635043964e+05 -4.201601559623531066e+05 7.102285857723297086e+05 -2.104463607909047045e+06 -2.177633794808288221e+05 5.090580878107423814e+03
-4.671644323815371172e+04 -8.833421144162351993e+03 -1.316056677328759179e+03 2.173438275559759131e+04 -2.098462895800228125e+03 -2.010084638459700500e+03 -3.622622482187003243e+03 1.541245215691823978e+04 5.479739826316340441e+03 -2.392003593591393837e+03 2.052666039841050861e+03 -2.516322868954956903e+03 3.772502049914236977e+03 5.133511418345481616e+03 1.713029432046041165e+03 1.643663608952853610e+04 -2.328164593565207906e+04 -5.591206601450366725e+04 4.843004162574758811e+04 -1.023217144902201107e+04
-2.587087243678577579e+04 4.401939553404066100e+04 7.439723737115233962e+04 1.665405171341740352e+05 1.346735590380586291e+04 1.451166014084067661e+06 1.121746926158435826e+03 -2.245878459565848971e+04 -2.119038007077644579e+03 3.324608669815991016e+04 3.518750523898276879e+04 -1.474051988018895099e+04 -3.456414662055777143e+01 9.615888609420612920e+04 6.239742792682106665e+04 7.992900490427906334e+03 -2.272365976005639095e+04 1.633023048959229345e+04 -9.121377017570519820e+04 -8.308793646160600474e+03
-3.533374790004007991e+03 1.237400358257999324e+04 1.933696186674450291e+04 -2.088777710690690128e+03 -9.790396476685334619e+02 -3.528352826526467538e+02 3.291914796524877602e+03 4.851358104613347564e+02 5.353169765851722559e+02 2.239333291337030118e+01 -4.274251441324779535e+02 2.317379736575500431e+02 5.046052208989533483e+01 1.243754803071783044e+03 -9.498739883884666142e+02 7.077622486654078671e+01 1.634252956134426711e+02 2.557055783385371228e+01 5.595361974792601778e+00 1.950874071506949008e+02
-1.085920375403121398e+04 1.307296181514396267e+04 2.098139479013857272e+04 3.813224548891688755e+03 -6.877767673705360494e+02 4.140565509036177900e+03 3.288779178016751757e+03 1.354234792500429467e+04 -1.481321359566234423e+04 1.147797889160729210e+04 8.472478065959425294e+03 -3.651370692576099827e+04 -5.629075951953973345e+03 -1.083810986183628556e+05 1.233341660602060147e+05 5.532367128966002201e+04 -1.634244594809509726e+04 7.207423893429443524e+03 -4.248126563769073073e+03 1.813302489245689867e+04
-1.584637619427189929e+04 1.073252921209194210e+04 -1.779914883795109290e+03 6.458448594703544222e+04 -7.186249014337682638e+03 -3.174742693068832068e+03 -6.388589687272360607e+02 1.228086033116691942e+04 -2.655989733293071140e+02 3.962227591170248616e+03 -6.122858596974051579e+03 5.724492475813772216e+03 -3.036957638227726193e+02 1.639426250705321991e+03 -3.488004052157536535e+03 3.725431523377599206e+03 -4.352586506902813198e+03 9.861668134058571695e+02 -3.319806153718500354e+03 5.900833932450669863e+02
5.442287248427954182e+03 1.604979786831389902e+04 1.821500022742320289e+04 -2.381857977828640742e+03 -2.934537902840973402e+03 -5.395427114266328772e+02 -4.821279708626899810e+04 2.733411814177215433e+02 1.005607340805341096e+03 1.956967009643833990e+03 -2.985402966504111646e+03 1.869830608204740940e+02 2.976988189327740884e+02 1.368362515004399711e+03 -9.670554610324478517e+01 4.878279665669856513e+03 3.260259040882955560e+03 6.712702155114732250e+02 -9.570223251776124016e+02 -6.294198546396427218e+02
-1.610726945029451963e+04 1.156239432925115943e+04 1.572870526854886339e+04 5.834845545813956960e+03 -2.132716584525084258e+01 1.646088447066450681e+04 -4.079668746618574005e+03 1.036195856075695337e+04 -3.730053717556875199e+04 1.404409521032132034e+04 1.692494484357542206e+03 -1.461318219004906041e+03 -5.605810610366091851e+02 -2.287111273724512648e+04 -2.648880635792081011e+04 -1.278129184312175994e+03 1.317776847574211843e+03 -6.800362722851713215e+01 3.896664150764229817e+03 4.203777986742557573e+02
-2.696516015562861503e+04 2.894751966558534332e+04 1.195837982612678570e+04 2.107060194182688792e+04 5.174707519750154461e+04 1.109300356040638144e+05 -2.007033159428018189e+04 4.736566570034220786e+04 -3.820551462341442239e+05 6.680166177239731769e+04 -8.861535348923140191e+03 -4.996218874146461894e+04 1.031935559464466678e+04 -1.439398753825854510e+05 -2.780244467520566541e+05 -3.954688010126327572e+04 5.415229679102391674e+04 9.452896496047706751e+04 7.513918041840322549e+05 2.418385804091750106e+04
-4.170324232268446212e+04 3.592800288983647624e+04 -2.631111025582168440e+04 -5.215194680268989032e+03 9.961860748760462911e+02 5.561228440108310451e+02 1.341938083209331353e+03 -4.304916567621631884e+02 4.213094467389594229e+02 1.276632886864747860e+02 1.716021576201648713e+03 -2.214880664581807252e+02 -6.278360627224361679e+02 -2.600806059232396592e+02 -5.757933517513070143e+01 -2.423856012809914944e+02 -3.644378215321171410e+01 -8.380023343760742591e+02 1.149647840141556401e+02 2.120631091592619850e+04
-1.335784412477532533e+04 5.392653224570921338e+03 2.971616937562581825e+03 1.905387220489508400e+04 -2.967550780421677700e+03 -2.583561633666754460e+03 7.440411009900009276e+02 -2.025390919334139471e+04 -1.802770929451634402e+03 4.385586316204738068e+03 -5.493329614280697569e+03 -1.757388606066574539e+03 4.256477700449544841e+02 -5.472627718535205531e+03 5.260608814052413436e+03 2.075946158333255880e+03 -5.314070374452279793e+03 -3.959156515725744612e+03 6.026868224275362081e+03 -8.006412039263304905e+04
-4.161313609180256753e+04 4.485833937187746051e+04 -2.857399822060958104e+04 7.342522059856487613e+04 -7.147547635326703130e+03 3.787462652981036513e+02 7.165916196461229219e+02 3.945571135009588761e+04 -5.615497919158735385e+03 1.074772644658362333e+04 -1.791488276287733970e+04 5.279061122559754585e+04 6.456094998618345016e+03 7.608573222836162131e+02 4.821134528279585538e+03 2.517853316918646669e+03 -5.197553683742189605e+03 1.329530895538381446e+04 -4.473857509560350991e+03 9.885516550589499047e+02
-8.338742592938951930e+03 1.066235047451224091e+04 1.795101213295556227e+04 6.034020015962886418e+02 -8.806692459137468632e+02 -3.765094432510045976e+02 2.158244157465076569e+03 1.606046009027886839e+03 -5.836063238181604902e+02 -5.723639740974233973e+03 1.133843409726635400e+04 2.826202124196498971e+03 1.335300089870031002e+02 -4.201140793469839423e+02 5.860255335985453939e+01 -4.655373975244396547e+02 -1.319662263567019636e+03 -1.800355099809093815e+02 4.641705571247556463e+02 -1.062961847025698489e+03
-2.643763552898166745e+04 3.733526593055090052e+04 6.763889405942482699e+04 1.420863090887261205e+05 4.313969502724552149e+04 1.271015833814267302e+06 -1.308669935687625548e+04 9.499174306960003742e+04 -1.141569845409028232e+06 9.370813689726606244e+05 4.408323173746695393e+05 -4.719446091059840401e+05 1.800154699702349899e+04 1.400029016413799254e+06 1.067892005748613970e+06 -4.399176234783912514e+04 -1.709472291622325429e+04 1.811669281306827033e+05 1.144675960023254156e+06 7.039145206546309055e+04
-2.081303823523509709e+04 1.817157416201244996e+04 2.201060758109213202e+04 4.077177566681604367e+04 8.554490850500491433e+03 4.733763754826345394e+04 -3.403484791888219206e+03 4.652069384642330260e+04 -1.432079830899474910e+05 7.464975937167486700e+04 2.615881343345425557e+04 2.465849558045705999e+04 -3.992497341237764886e+03 -1.201239800959516724e+05 -1.277858689853067335e+05 1.798070703808469625e+04 -2.675841434647992719e+04 3.179403125142636782e+04 -8.951835829721749178e+04 -2.500594444517755619e+03
-6.006928185046598810e+04 7.938799480844561003e+03 -1.883531481807969976e+04 3.468730691490988829e+04 -3.047764495323785468e+03 -3.089752878227608107e+03 -1.452676502623555962e+03 1.425227288096374650e+04 5.449291651148140772e+03 -3.831013111731673234e+03 5.392355702641167227e+03 -1.183891274472655277e+04 -7.793714644867771995e+02 3.374622510952513494e+03 -2.972044763946838884e+03 -1.363218274767293224e+03 3.309640174732680862e+03 -1.571224271502723241e+03 6.051680720631965187e+02 1.015493252184792937e+03
-5.941001800429052309e+03 1.435511619652482841e+04 2.310502888956640891e+04 1.020096689025661817e+03 -1.096509142721994976e+03 2.182953088030816070e+04 5.839926945080291262e+03 3.793454972435753461e+03 -9.799343798034515203e+03 6.455389559167897460e+03 1.118089076958426995e+04 -1.246555635928492393e+03 -9.778790566907795778e+01 8.510802698222409163e+03 3.292275169014460062e+03 2.233641445512015252e+03 -5.469765931957566863e+03 4.883892178390603476e+03 -1.952027175207748951e+04 -2.199996823435011720e+03
-4.589368464421356475e+04 -1.203300022316408831e+04 6.078931012906597971e+03 6.449570804826877065e+03 6.258107180087365123e+04 -1.690336489392045905e+03 -2.466131763986880287e+03 -5.761857160954552910e+02 2.130652173283454687e+01 -9.065215702016053001e+02 -4.412910171075057519e+02 3.337734950169694912e+02 -1.240196484897655154e+02 5.811739553175123092e+02 -3.358678130788852627e+02 1.142204032571900143e+02 8.788563715340113447e+01 3.897369094780199106e+01 5.515875041685845872e+02 4.181866744270756158e+02
-2.142296379749858534e+04 1.041763452194973070e+04 2.081903354883681095e+04 9.463889251301741297e+02 -2.021471384070288195e+02 3.780841407464973599e+03 1.269368186513014962e+03 1.459802745676941049e+04 -2.806640317478587531e+04 5.089625832834615721e+03 6.098118569305654091e+03 2.280313857896737682e+04 2.641740493399207480e+03 -6.858081959790144174e+04 -6.816523213534762363e+03 -2.935391458730934028e+04 2.976369592426181771e+04 8.545975715258411947e+04 2.587739757612833055e+05 1.352833369631474625e+02
-4.332376167140884354e+04 4.873417784566304908e+04 -1.491819379816078981e+04 1.183625997982947010e+05 3.774330498322490166e+04 3.272267325405126940e+03 -6.657788197464812583e+03 1.238686921783806029e+05 -1.073264803249460820e+05 -3.239254324847713360e+04 -1.485637644755731453e+05 4.946661070626931614e+05 -2.562450987102032639e+06 7.993945496745551645e+04 8.424003479697836156e+04 3.541244295918357238e+04 9.498511284400306977e+03 -2.362886442389662261e+04 3.937337699184878875e+04 -6.968172246985540551e+04
-4.604627741940412670e+04 -1.259906075228155532e+04 4.576054832466072185e+03 1.937791861520115162e+03 4.289908033490660273e+02 1.602205318481282848e+04 -3.010843108189032137e+03 8.336419234093518753e+03 -3.707189018879443756e+04 1.345619431214451470e+04 2.521004675497531935e+03 -1.771540826357301512e+03 -5.522307809826710354e+02 -2.169653438903723872e+04 -2.672028257042165569e+04 -1.423384993807663477e+03 1.885098753698848441e+03 -5.605461733229212768e+02 4.342865661380819802e+03 9.581481931211824303e+02
-4.170569853012431849e+04 3.566951537767198897e+04 -2.472702541049672800e+04 -2.150676723236974794e+03 2.602402843072049109e+03 1.262196716088009680e+03 2.139134386596199420e+03 2.137510567544471542e+03 -3.100423441862583059e+04 -3.972437739399601560e+04 -1.564639807826947072e+04 -3.859406186008812256e+03 2.197405870810351644e+03 3.486697873221015925e+03 1.421154706905535932e+03 2.164999739239672181e+03 -4.907765030914620183e+02 -2.921943385272501814e+02 -1.049295390231101237e+03 -1.918220264845780321e+03
-1.641608874086479773e+04 1.781503969921320459e+04 3.391932557508655009e+04 3.004647648016687890e+04 2.499917312753506121e+05 -6.692097632385708494e+03 -5.099177230338959816e+03 -4.633045393007049825e+03 3.300533643941049377e+03 2.482476980786642343e+03 7.369656543700309612e+02 1.217177745181498267e+03 7.091833332843807511e+02 1.185158462462908801e+03 1.749086552626279172e+02 3.980901744452095841e+02 -4.526640136990730525e+02 5.478677905212876453e+01 -1.976800365014091540e+03 1.416439360140808787e+02
-2.128531981788020857e+04 1.865676874552483059e+04 2.567537988287396729e+04 5.098914586824501021e+04 9.543992430279089604e+03 3.570746371308572707e+05 -2.370241766829346943e+03 2.510066917609239317e+04 -1.741111761298963684e+05 9.886139821939982357e+04 3.600638953554600448e+04 -2.434223333350981920e+04 1.427014484023949080e+03 2.306278112842828341e+04 -9.302743520410458586e+03 -6.505987248893546166e+03 6.266360567947167510e+03 4.331013645310034917e+03 5.508828699555939238e+04 1.992432501770219233e+03
-2.037764696361506140e+04 1.031130888689956373e+04 1.086788384608339402e+04 7.946438087637866374e+03 -9.768644950985502646e+02 -6.538413937987742202e+02 -1.766122620293046339e+03 7.092421304788235830e+03 2.436090269660670401e+03 -2.445318838560149743e+03 2.443723130503851735e+03 -1.309321279242503260e+04 -1.833568271048113274e+03 -8.322711988226194080e+03 6.111664209304350152e+03 -3.994991868244607303e+03 8.161036097456053540e+03 2.931092874945406038e+03 1.498966443978279813e+03 -1.424357657492590512e+01
-4.149893489912014047e+03 1.844326273294611747e+04 2.644957130416957079e+04 -2.932039055957468463e+03 -1.691333963880595093e+03 -5.378679469067443506e+02 -1.961607747138285504e+03 6.134691515976575360e+00 4.734234826918559520e+02 -1.390977695327892434e+03 2.608536480099634446e+03 1.714597398585027804e+03 1.545199393503850160e+02 1.530525098417239406e+03 -1.045986173360733119e+03 3.393610130240825811e+02 7.881164092902960938e+00 -2.152196940943987329e+02 3.168836623638501351e+02 3.753712804247433041e+02
-2.248864038430451183e+04 8.412177620489686888e+03 -4.435557955857261732e+03 4.606915322050796385e+04 -4.978646784559463413e+03 -4.202318469834215648e+03 -7.613821384771049452e+02 5.511931938605071082e+03 3.314860790198581526e+03 -1.408406703233659755e+03 1.426472667125365660e+03 -8.373878732786104592e+03 -6.071619365306065674e+02 2.077855685174125938e+03 -2.187368210500911118e+03 -2.559602848777690838e+02 1.433697111077872478e+03 -1.034846337054707874e+03 -1.177430098066720490e+02 4.392283376507199932e+02
-4.602943147526719258e+04 -1.264689863789240917e+04 3.977983541881245856e+03 -4.699698354103416875e+01 -4.530022228453654520e+02 -1.513452401315360305e+02 -8.306502588745564935e+03 2.768450996686507551e+03 -2.053515310426852011e+03 -3.485854513877727186e+03 -5.982718044148912668e+03 -6.529510876289483349e+03 -1.815652155286428751e+03 -4.565033017427120285e+03 5.397040189435899265e+03 -3.505207940036319633e+04 -2.350753317250120745e+04 -1.858441280671967775e+02 -7.520672148716735137e+02 2.543486747477951155e+02
-7.375995767397119380e+03 1.251299874039720635e+04 1.685762328539277223e+04 1.572734777648446652e+04 -4.115421811329910270e+03 -2.766138950837933862e+03 -5.828456933859827586e+03 -2.488632528951146014e+04 -4.051566544913028338e+03 -1.724682773696760933e+03 3.711282771344123375e+03 4.374373017644037645e+03 1.488440846813860787e+02 -8.997295788984241653e+02 1.390293664977205481e+03 -6.756245546533335755e+02 9.272983408394675280e+02 -7.406093590711794405e+00 4.826116562746802288e+02 3.328313163236126911e+03
-6.708722029446287706e+03 6.612827067580189578e+03 9.096257045956481306e+03 1.653413900320747052e+04 -2.818435973928247222e+03 -2.431683618690703952e+03 5.489815816573121765e+02 -2.035052787015910144e+04 -3.215501847343650752e+03 2.426219740873810679e+03 -6.038193762942041758e+03 -3.875376491383467055e+03 -5.583188955528735278e+02 -7.503882947329069793e+03 6.008488074291170960e+03 -3.645827106160528729e+03 1.982968180046557109e+03 3.589529272157121341e+03 1.018736297205756046e+03 -1.181715114402618929e+04
-2.534434069040829127e+04 3.396268185427752178e+04 5.716933630449621705e+04 1.301562504691552022e+05 1.100800229108985695e+04 1.086683117322465405e+06 2.824695953699035726e+03 -1.608708077272069659e+03 -9.834537627845157112e+04 9.360248262943617010e+04 5.327208482873861067e+04 -3.385055137217840820e+04 9.199640382927923383e+02 1.340101329143467301e+05 9.634983561098288919e+04 2.280787723886362528e+03 -1.281373795700763367e+04 4.217252365556621044e+03 -6.414609025450699846e+04 -5.311855209047730568e+03
-3.885188543786621449e+04 3.614554735393063311e+04 -1.928431437533532880e+04 -1.280410324934097446e+02 3.362278403425075339e+03 1.755579447067759247e+04 -2.080799369136945643e+03 1.022364857648574980e+04 -6.862281947477858921e+04 -2.563567161726557242e+04 -1.514341436542061820e+04 -5.569973965455726102e+03 1.649428191045172753e+03 -1.870035693211021135e+04 -2.507868034628783062e+04 7.861500935109966122e+02 1.263293472028774659e+03 -7.942321736600964641e+02 3.267838858233412793e+03 -7.707681745238852500e+02
-2.913771150613285499e+04 1.682541481531306272e+04 3.533922905908777466e+04 6.619883679072752420e+04 1.099521737987802226e+04 5.503286135504216654e+05 -2.331631993777337357e+03 2.871753261523787660e+04 -2.358206429958925291e+05 1.841143707807868195e+05 7.768481376316222304e+04 -5.300991454305261868e+04 4.230174417786035519e+03 1.555538050600401766e+05 1.325818403582715255e+05 -2.520320452293183553e+04 3.275309424236739869e+04 -6.099034658120878885e+04 -3.445434392942234990e+04 -1.155050342953616791e+03
-1.902625063791272987e+04 5.859933045525033776e+03 7.014245145232071081e+02 1.761537158400269982e+04 -2.184184814312509388e+03 -2.019595931259588269e+03 8.667343953114593660e+02 -2.717727484835760606e+03 1.210085856463339042e+03 -5.320715511467384431e+02 1.202926068103064608e+03 -5.290770758130303875e+03 -6.872510824866628809e+02 3.330492023458246535e+02 -7.705939455081122560e+02 -1.235016241380336851e+03 2.227488590075774027e+03 8.761245027417254505e+01 -3.529632804553240533e+01 -3.970676407733988640e+02
-3.440633898858170141e+04 4.370198342291024892e+04 -1.064626052042681113e+04 3.781222159796579217e+04 -3.326659294419986963e+03 5.603304692726537724e+02 3.541708984687491011e+03 5.068770063791319262e+04 -1.773276820685792336e+04 6.487542251296728864e+03 -3.752926779266454105e+04 1.513532630094628839e+05 3.164126970761189295e+04 -1.271252573740497064e+04 5.780358427184413449e+04 -5.371757076918907114e+04 6.656483194680088491e+04 3.143571401094579778e+04 4.536901748569895972e+03 -3.864308359341386677e+03
-2.443222090753496377e+04 4.536555672526240232e+04 -9.445281962753255357e+03 -8.953893426581040330e+03 -9.506011738000448474e+01 4.671763074440565902e+02 -8.733635472941215312e+02 -4.116172582955440475e+02 8.013530410106388899e+02 2.425622867093930381e+03 -3.115813931714629234e+03 -1.122991044087373496e+02 -1.291035930796630637e+01 7.281194871452676125e+02 -9.177616817445184552e+02 4.544964896229732858e+02 -3.492281087986588659e+02 -3.280984399034770718e+02 -7.060618298851649399e+01 3.648780039704323030e+02
-1.023615560792434189e+04 1.220582781883076859e+04 1.799048922606171254e+04 1.931368652378774868e+03 -7.544360796512713705e+02 1.742340644582504012e+02 2.822873443012251187e+02 4.563868830118083679e+03 2.904716067816822260e+02 -4.908072145946649698e+02 6.285499879315482303e+02 -5.055065434347969131e+03 -8.790946534668497634e+02 -1.475985803119497723e+04 1.216178952331049550e+04 3.731243742209077936e+03 -9.788116578116300843e+02 5.675919702565877145e+01 1.075511191879616035e+03 2.890275466147708698e+02
-4.655127869962302793e+04 6.072567360847543750e+04 -8.809850859491063602e+03 1.962750439284390040e+03 -3.062330278762084163e+03 -3.720412836960359755e+02 -4.236110457638638763e+04 7.260389947665471482e+03 2.419793683376489298e+03 4.846174283504388768e+03 -8.476668655324523570e+03 -3.510216380568576369e+03 1.426078476434208540e+02 5.203967977527418043e+02 -1.525078896294997719e+02 1.574240466247173799e+03 -1.484254111780794801e+03 -1.552168410708377223e+03 2.688366175363171351e+02 1.981421489073336716e+03
-2.542824873926888540e+04 5.264041157906039734e+04 -2.684496499681485602e+03 -9.911713269468196813e+03 -1.291142054770336244e+03 2.046894386377296655e+02 -9.121282368784019127e+03 -2.571337831550979899e+03 4.099903394175418043e+02 -2.708258186013586055e+02 2.818636672521115088e+03 2.741095534073119325e+03 1.865553763887061223e+02 1.661632164347806111e+03 -1.336039119188407312e+03 8.616156098399618486e+02 -6.013949130757688408e+02 -5.997501153025808662e+02 1.387412879279760602e+02 6.961154035191191269e+02
3.749558053808759723e+03 2.652323914233172763e+04 2.345675984804666950e+04 -6.648578568814038590e+03 -4.183270083533191610e+03 -1.164785018458423025e+02 -7.642554506508655322e+04 4.101615622006891499e+03 1.975487295723471334e+03 7.122825402596137792e+03 -1.313612769508205565e+04 -3.542092329328891537e+03 1.716485928551269637e+02 1.193855563441032928e+03 -1.168212736684039328e+02 5.173827759661508935e+03 3.447860358106839612e+03 8.585222476082865342e+02 -1.715509127154778298e+03 -9.719371644115707340e+02
-8.101245253401570153e+03 1.324255321585971069e+04 2.066748020880147669e+04 6.370959884819490071e+02 -1.058609442917867227e+03 -4.418268256500060147e+02 9.457432587026756892e+02 2.308667907330319395e+03 -4.030363465456590006e+02 -5.635015881756646195e+03 1.112710740688884471e+04 2.756931779831711992e+03 1.512966914537794310e+02 -4.723822050381967870e+02 6.308225044466210107e+01 -3.784651221626292568e+02 -1.370486531385863827e+03 -3.098085295900469305e+02 6.155401560716014728e+02 -1.062369481631225653e+03
1.123055592521518975e+03 6.430933613362189135e+03 1.011200177687983705e+04 1.420134989281540220e+04 -3.171322715145372968e+03 -2.359537668360329008e+03 6.911493646396412487e+02 -2.389771445710845001e+04 -3.767929634673629607e+03 1.055287942776367800e+03 -2.108319038604350226e+03 2.146961352177980189e+03 -2.012184570406804696e+01 -1.060867580128749523e+03 1.257859470778960940e+03 -9.497608633517603494e+02 1.259944933850359575e+03 2.744051414285907526e+02 8.217273992656497228e+01 3.163201097299433968e+03
-3.771315434967391775e+04 4.238908057711128640e+04 -2.853801297099386284e+04 3.704656502632443153e+04 -3.314501203949099818e+03 -2.502345855454220327e+03 9.126710452516171017e+02 2.366173676923341918e+04 1.533847844150578567e+03 1.434145722859728266e+03 -6.376811645720795241e+03 2.880700884749126271e+04 7.910478501275012604e+03 1.935974947744938163e+03 8.840564354322055806e+03 -1.975183679708217596e+03 7.030829980414177953e+02 6.221176710683871534e+03 3.433523332272582593e+03 2.010680806103792975e+02
-2.223525871558094514e+04 2.518230195544693925e+04 2.689467098360735690e+04 5.359277821226011292e+04 2.413639438124532899e+04 4.094989951661151135e+05 -9.401515557694892777e+03 5.010823083850658440e+04 -4.535329043919385877e+05 2.231797088067580189e+05 7.457681061425611551e+04 -1.055733067783546430e+05 9.291094608243840412e+03 1.289746412067784113e+05 -7.990754289373542633e+03 -3.434390382122268056e+04 3.607073403305748798e+04 7.424827533950997167e+04 6.115162466315157944e+05 2.405476712689747728e+04
-1.303936059846563876e+04 8.469910060492571574e+03 -5.538485513536713825e+02 4.544270673020109098e+04 -5.167363212054351607e+03 -3.647396834989422587e+03 -3.712783814311606534e+02 4.438121500632380958e+03 1.394938724485843068e+03 9.908172698766348958e+02 -2.491530924810805118e+03 -9.890381124520021103e+02 3.132871656258827215e+02 1.439462269323536702e+03 -1.436849239570595728e+03 2.198872165762149962e+03 -2.584908113674623110e+03 -1.190089130379639073e+03 -4.522410895858148479e+02 1.995855024032826179e+02
-4.497560914768552902e+04 -1.201604209123886176e+04 5.309826484159038955e+03 1.043054283205260191e+02 -3.748424338867727670e+02 1.119628517855334309e+02 -1.248291171715571721e+02 3.567363206870639260e+03 2.175775992060211763e+02 -4.081280349976337902e+02 6.180110491064101552e+02 -4.960572751337493173e+03 -8.285484604035053735e+02 -1.363918249631086292e+04 1.185007122673222511e+04 3.586646625777939335e+03 -5.047427174203558593e+02 8.135508620338127628e+01 9.193478737572452246e+02 8.169647232449573266e+02
1.020414119817597748e+04 1.827118255951869287e+03 2.578017258799264255e+03 6.099677361434809200e+02 -1.558317153534177351e+02 -1.446071068172855689e+02 -1.095712575517850610e+03 6.946127096710705473e+01 -5.538277160630134865e+00 9.279283576779508991e+00 -1.604496791496430319e+02 -1.540372208770763507e+02 -1.172426864024603788e+01 -5.217434830459889099e+02 3.836291105050476631e+02 -1.143506120665587957e+02 7.294047955611102907e+01 1.103911014445181706e+02 1.895223703066588428e+02 -4.540301203375190653e+02
-3.885754238286243344e+04 3.844015346544403292e+04 -1.820402894868577278e+04 3.710542575426932217e+03 6.524432475835753576e+04 -3.876395604497004683e+02 -1.671777369203816988e+03 1.056917082525432534e+03 -3.129947152805522637e+04 -4.010621162932412699e+04 -1.809691994047060871e+04 -3.857216842723535137e+03 2.063647862063735829e+03 3.857529202163734226e+03 1.467494285133613403e+03 2.206912003982021361e+03 -3.207175426645683274e+02 -2.984997100814321129e+02 -3.287676974585270955e+02 -1.296538244802724876e+03
-8.169736221489894888e+03 2.415704570891968979e+04 1.719449382090099607e+04 -4.570007542403322987e+03 -8.410676062602586853e+02 -1.058065511018802596e+02 -1.923590586308391948e+03 2.151092713725344311e+03 8.134657298276188158e+02 1.498679461530923163e+03 -3.410072726434977540e+03 -2.374337077473594206e+02 1.187783372459421258e+02 8.381974833614787030e+02 -6.221301677500097185e+02 1.452919596722017843e+02 1.448077681710248896e+02 8.180043281621703954e+01 4.981907568694924748e+01 1.002784058657263415e+02
-1.052631048399732390e+04 1.851883552638748733e+04 3.053110101702707107e+04 5.659144533990031960e+03 -1.303292483372803645e+03 4.391597968342187960e+04 4.715599102688378480e+03 6.289359303651942355e+03 -2.125216814439824884e+04 7.663504909148604384e+03 3.388221645542776969e+04 8.733207343632616357e+02 -2.892178043490093131e+01 1.660098898066484617e+04 6.471864005760280634e+03 3.901156871124000190e+03 -1.190397193962593337e+04 9.382008345467313120e+03 -3.854573542959671613e+04 -5.118473522051453074e+03
1.739442381593432629e+03 6.848907179556314986e+03 8.535370794312582802e+03 1.082892376948381070e+03 -1.671203749385278570e+03 -5.674975144803754574e+02 -3.329818337058018369e+04 3.942772948927061520e+02 1.017118427387378006e+03 1.700167477871416622e+03 -2.908660356238736767e+03 -1.415530854884843620e+03 5.700880458068112944e+01 7.935748258184750057e+02 1.259452768595705834e+02 4.069090720195536051e+03 3.765631369439262016e+03 9.158056740302695289e+02 -9.379735426065349202e+02 -1.388441516087988020e+03
-3.974917303996800911e+04 2.992474114119260776e+04 7.071599825384917494e+04 2.119786576615697704e+05 2.921329843516815163e+04 2.260459814969441388e+06 -1.914860276708381571e+04 -1.197141876558182703e+05 3.777748173153723474e+05 -2.296517968083749874e+05 -1.297108764629842626e+05 6.304044928217919369e+04 5.534690031535938942e+03 -1.422523746465898002e+05 -6.509183787714028585e+04 -5.075145329514676996e+04 9.022648044844013930e+04 -1.260102463768135494e+05 5.543411406090674427e+04 7.031130045779574175e+03
-5.546119298651985446e+04 3.804472669580615911e+04 -3.275563738231144816e+04 1.625516144212416111e+04 -7.987058034341426946e+02 -1.416083918428052584e+03 9.379621780746411730e+01 7.096371587050633025e+03 4.055630058253591415e+03 -2.334524437464613129e+03 6.265412748652393020e+03 -9.276827293513179029e+03 -1.143420311903015772e+03 1.063000791825436181e+03 -1.496643316399691685e+03 -2.072633125466175443e+03 3.644683421991551768e+03 -7.076062114956390587e+02 6.102212604987062150e+02 1.081607420375244999e+02
-1.798842538146696825e+04 4.954870057952361094e+04 6.624427122062076523e+04 1.691498248945044761e+05 3.257345805549751822e+04 1.649393917458940065e+06 -4.989629612342580367e+04 -3.554240069386406685e+04 -9.466300144692294998e+04 2.129001645318601732e+04 -3.333268620656186977e+04 -5.057967760211412678e+04 6.858889694239965138e+03 2.927014878705757292e+04 -5.219288908171098592e+04 -2.847925344146874340e+04 3.904351533213146467e+04 4.968354969310510933e+04 5.149812770130569115e+05 2.295569178063119034e+04
-1.708636728398345076e+04 2.835189174431263746e+04 6.586308687313713563e+03 -4.901950806097447639e+03 1.834501097847514984e+03 1.047673046542375914e+03 1.521118082522547866e+03 3.529827770442486781e+03 -3.096794889893596337e+04 -4.028766569875828282e+04 -1.560307267959708588e+04 -2.689018817350478457e+03 2.364681543432398030e+03 4.393882550741889645e+03 7.508663857060430473e+02 2.230344054615500681e+03 -6.242688887996137055e+02 -4.744686105552486310e+02 -7.202272152496884701e+02 -1.552508230545669448e+03
-2.400392489504477635e+04 2.627353719302979880e+04 2.845291384523965826e+04 6.831580491123448883e+04 1.256332494117960778e+04 5.443418533588419668e+05 -3.817860295693902117e+03 4.164233610569107987e+04 -3.661363180257517961e+05 2.767015813227606704e+05 1.177255461079416127e+05 -1.073148526530675008e+05 6.116628721831098119e+03 3.043556442511018249e+05 2.258615332010272250e+05 -1.329871497822562560e+04 3.602944404250620209e+03 2.500430630814295728e+04 1.962347708411361673e+05 1.209898929606754064e+04
-3.910819667834944994e+04 3.635711850487681659e+04 -2.221929234384713709e+04 -3.315298859977243410e+03 2.599641030019798109e+03 1.304544047363745904e+03 -5.611903468576045270e+03 3.991677738283229701e+03 -3.372209692798650212e+04 -4.277484244078306074e+04 -2.325975603749015136e+04 -1.025429043704729702e+04 4.026306506200048716e+02 -1.524834652175862630e+03 7.162790460024280037e+03 -3.288505210012617317e+04 -2.411315516544608909e+04 -4.502570374609667851e+02 -1.754374631850071637e+03 -1.460548585888313255e+03
-5.292350382685581280e+04 -1.268065998740802570e+04 -1.142440661834868024e+03 6.873141767626703768e+03 -8.091477134015567572e+02 -7.139449908645323148e+02 -7.180979219766661572e+02 3.170964725293559241e+03 1.693597883469628187e+03 -8.035085318020538807e+02 1.647344352224647537e+03 -3.946117061872952036e+03 -4.609282922438929404e+02 9.078517854849211517e+02 -1.019028472085423346e+03 -9.394961676537695894e+02 1.895805102396148641e+03 1.096623256667033672e+02 -6.944997347741970373e+01 -1.934746227080979111e+02
-4.728824940603464347e+04 -1.430966043195199018e+04 1.873231300495086998e+03 -9.301749862709277750e+02 -5.971836265009381250e+00 3.269321570387313045e+02 -3.518141723939902022e+03 3.464094542000721049e+03 -1.028552514995207093e+04 -1.527063952559631980e+04 -9.245584360149419808e+03 -5.389705270277638192e+03 3.213888460680867638e+02 3.140056888332242579e+03 4.968948099168415865e+03 1.693915729826574079e+03 1.837452250509891428e+03 -7.927914754486522497e+02 1.214907964505210884e+03 -3.445662742028666798e+03
-1.796564183407655582e+04 1.416536463670041667e+04 9.573164648238633163e+03 5.271567534849915319e+03 -5.911500651686018273e+02 1.008822259990534036e+02 3.239996251780797593e+03 6.674103169258969501e+03 -1.769927287507920482e+03 1.205961761533652407e+03 1.323473009105641268e+03 1.499482221025775175e+02 -2.443610763422934178e+04 -2.893628392368377718e+03 1.219406926536243736e+04 -1.700304116570881160e+04 2.419280560340997181e+04 -5.141848025089805742e+04 -7.727279143571267923e+03 -1.330974776082315475e+04
-3.308849498905159999e+04 3.739501905118379364e+04 -6.967777651985716147e+03 8.189215601285402954e+04 -3.564893886387632847e+03 1.025384946617910100e+04 -3.465669858087316697e+03 6.303136547685693949e+04 -5.632253604787530639e+04 -1.676320419325043758e+03 -4.695322772910691128e+04 1.742540926786221389e+05 -8.569382038413640112e+05 1.821789362942206208e+04 9.611483513971568755e+03 1.306886468001465801e+04 4.523337664173863232e+03 -3.739869939143142346e+03 1.250991981724607831e+04 -1.600857015216674881e+04
-1.293643323873506597e+04 8.518375176199817361e+03 1.254434785953242863e+04 6.723221821867352901e+02 -3.000079400711368862e+02 -1.010184895290260982e+02 -1.796528821271416518e+03 3.291043297035724208e+03 -1.045232809391181036e+04 -1.570752371125434729e+04 -9.553360347429055764e+03 -5.507981092866102699e+03 1.701505249619719109e+02 2.161927337721597723e+03 5.347107122634036386e+03 1.691199419556265866e+03 1.484372940721638088e+03 -7.136961425284742973e+02 2.376531195279607346e+03 -3.556575147089272377e+03
-3.072317916393111773e+03 1.075625190479337471e+04 1.734102041716290114e+04 -2.030626894091498571e+03 -6.845161941759746469e+02 -2.543872630326891340e+02 4.835504306266842832e+03 1.224460618643527141e+03 6.739915187206197515e+02 9.591187482845930390e+02 -2.441122259120560102e+03 -6.881144905670462322e+02 -9.299966466643720509e+00 9.705551031753271900e+02 -8.310472958177787177e+02 -3.614987545883428055e+01 2.354884455505626590e+02 1.109478731085729635e+02 -8.703849302475281036e+01 8.182141116178766538e+01
-3.863062225308861798e+03 1.349477600341474499e+04 2.028787771658567726e+04 -2.627275652207732946e+03 -8.143489970834898486e+02 -2.662223697634604491e+02 3.021573869784735507e+03 1.771140249811082185e+03 7.956221420147908248e+02 1.095927669273414722e+03 -2.753043250710216398e+03 -7.690837796766501242e+02 -1.302456697940003494e+01 8.084671694325235194e+02 -7.394620511835331627e+02 5.005560725733753991e+00 2.238118429546810262e+02 5.011908123894787792e+01 3.470947530748601650e+01 7.274915570364471762e+01
-4.011894290815833756e+03 1.642880575499993574e+04 2.380132685943259639e+04 -3.053367045618140764e+03 -1.231798551551607034e+03 -3.615134765963272798e+02 2.366456207492914245e+02 1.461410181337240829e+03 7.548023257192891151e+02 3.623373921560851727e+02 -1.168915623150088322e+03 1.500511094341285734e+01 4.299194436048090040e+01 9.963382270906174654e+02 -8.124956706101929740e+02 1.497471604894207644e+02 1.448253538649804852e+02 -7.447686953635593454e+01 1.857510661132392897e+02 1.757410003799914762e+02
-1.565111822506010685e+04 2.048667036234676198e+04 3.396677851449736045e+04 2.398550051632946634e+04 1.408213290311832679e+04 1.836175292621102708e+05 -1.704268109117535232e+03 3.491513027222832898e+04 -1.615029954930180975e+05 1.151685675039693451e+05 5.206802212307549780e+04 -7.379682704931292392e+04 -6.919087457710164927e+03 -8.549426763691930682e+04 1.905267469036896655e+05 7.532553606116860465e+04 -2.666221582010770362e+04 1.253163045331532157e+04 -3.154822544632164863e+04 2.506338009007180517e+04
-9.503529908998820019e+02 9.513070908480061917e+03 1.405862764674950085e+04 1.443483031912521801e+04 -3.732916376887402748e+03 -2.563150631974550834e+03 -2.006600115402678284e+03 -2.501243617577281839e+04 -3.984815564439563332e+03 -5.292495559991896243e+02 1.266831201568861161e+03 3.633218850162413673e+03 8.070815342502930889e+01 -7.072432527823292503e+02 1.137853433085765573e+03 -7.817708103855429727e+02 1.127959102822747582e+03 1.365770743277111023e+02 2.556273073751824256e+02 3.314746388415726869e+03
-4.991073365570027818e+04 -1.522551113351963977e+04 5.367803493356398121e+02 -1.080952558642142094e+03 -8.602397869722122437e+01 5.153176125748411351e+01 -3.745579168123746285e+02 -6.534078265175843114e+01 2.794370013007034572e+02 4.026189458188284789e+02 -4.762144392407135030e+01 2.496103834628105176e+02 5.434010607200524845e+01 1.065668933470070954e+02 -7.369236486200775005e+01 8.899441739256272399e+01 2.477952866950318267e+01 1.033077463988004183e+02 -1.267826232053873348e+01 -6.685748971031446217e+02
-4.850761853001078271e+04 -1.576768446470209528e+04 -5.494838341866407916e+01 -1.518499073974048542e+03 -2.173250581151981820e+01 1.090915846680841383e+02 -3.773319509393700741e+02 -5.745549560054752192e+01 2.517367757585608956e+02 4.242102912003094843e+02 -6.261948432870116221e+01 3.813888255203826247e+02 7.025788873502622778e+01 1.355189141767142473e+02 -9.241125288846521357e+01 1.456091868051773872e+02 -5.588913775416975938e+01 7.604097599509236716e+01 -2.182045250346182286e+01 -6.471821752519165329e+02
-1.882112314036409589e+04 1.924962250536972715e+04 2.004287239382066036e+04 2.067604638623527364e+02 -1.698438111063768929e+03 9.140007598830193558e+01 -2.450705050919327914e+04 7.667132440046786542e+03 -8.040549674292975396e+03 -1.024804130514145072e+04 -1.273438328886252930e+04 -1.087191884028950335e+04 9.116925952568602725e+02 3.152818021186498299e+03 6.867954371059759978e+03 2.186414321321912837e+02 4.007218054132919860e+03 -9.623309106864916203e+02 -6.330986301501478920e+03 -6.588363214545064693e+03
-4.372430036041095445e+04 -1.054456306113767459e+04 7.173536943247869203e+03 -5.979137356037940663e+02 -6.964937431531351422e+02 -8.385821753396984946e+01 -1.196604789653767511e+03 1.440660789678862784e+03 -4.567452684791915658e+02 -5.436555551800077410e+03 1.080885587675411080e+04 3.150277607509387053e+03 2.130099057243355389e+02 3.656860716690832191e+02 -2.396008891591531551e+02 -2.792056785267023997e+02 -1.134805640312791184e+03 -3.280892945645389318e+02 4.224701729135078949e+02 -4.811381809210958522e+02
-3.524441425842699391e+04 1.178637168715062580e+04 1.445507316343285675e+04 9.359982800882291485e+03 6.119413399034776830e+02 1.304539132590885492e+04 2.595996027179665816e+03 3.831054843540570437e+04 -4.155330466308814357e+04 1.914664494520594235e+04 -2.673154172047446264e+04 1.314564334532577195e+05 3.070207882282851642e+04 -3.772814138030936738e+04 6.163505172778567066e+04 -9.765686909562136861e+04 1.384372998719698226e+05 -9.459192757047674968e+04 -1.584150550664950970e+04 -5.557602230400664666e+03
-2.301947499994745885e+04 1.488617918738390654e+04 1.501696593569815559e+04 1.068085157528412674e+04 -1.965402698977605041e+03 -1.492882083236678000e+03 -9.360937877453734473e+02 6.003272578768030144e+03 1.966243496897570594e+03 -9.687486756832478932e+03 1.867827640363709725e+04 -5.044467342616867427e+03 -1.198496792786226251e+03 1.034186856206599487e+03 -1.722177320886433336e+03 -3.309264616968887367e+03 3.674369822850932906e+03 2.125537268328572793e+02 5.393051519588166229e+02 -5.193213902200358234e+02
-4.670803930297287297e+04 -1.331400582491061323e+04 3.042989703465956154e+03 1.325397455258352295e+02 -3.660388179805395339e+02 -1.470081578274419201e+02 -6.232822967190087184e+03 4.842649535179164559e+03 1.992493715268205278e+03 -6.801892947504319409e+02 -7.013961137362998670e+02 -1.148273314450763246e+04 -1.360781468849723979e+03 -2.810699103846011440e+03 9.374017351794176420e+02 -8.569519601647987656e+03 1.249641150957229547e+04 5.405614340076002918e+03 1.943450580900668456e+03 9.158503149339568949e+01
-2.320699537126685391e+04 1.656496760433384770e+04 1.418165704694103806e+04 1.937397657021288251e+04 1.600728106357899560e+04 9.401874230093875667e+04 -6.701628404913748454e+03 3.449876533256526454e+04 -2.281477810337007104e+05 5.651536804386217409e+04 2.232531362881037694e+03 -1.743596291733195176e+04 5.702695088979800857e+03 -1.006362719869455468e+05 -1.632923204890929919e+05 -2.593529420443025811e+04 3.241792476552523658e+04 6.683192262618633686e+04 4.373139090683215763e+05 1.311443155062196820e+04
