-4.880431844145610376e+04 -1.576635104156572925e+04 -1.041397293738693008e+02 -1.415450741877544942e+03 -2.624133786719715289e+01 1.008713724251320798e+02 -3.921555338433520888e+02 -2.480644340010703885e+01 2.606426115729352091e+02 3.980754313465464520e+02 -1.571838081766405359e+01 3.537461566114834568e+02 6.710094590325957142e+01 1.312622790336970695e+02 -9.002815612462973149e+01 1.379631631197440811e+02 -4.757883129201581340e+01 7.455403570256318346e+01 -1.870303440814972973e+01 -6.497792863050627830e+02
2.099517227206172174e+04 -3.093365626633389184e+03 -3.395692128720170331e+03 -4.312916660996791620e+02 1.632687580261147389e+02 9.576812977346820333e+01 -9.449590264749788560e+01 2.137858611003351541e+02 5.141712554029987281e+00 -4.420226870350429493e+01 1.123769929852932421e+02 4.006634398725842772e+01 4.025077960358432350e+00 8.525868802024492155e+00 -8.427411613788962086e+00 8.718424700183271980e+00 -3.282687587772252158e+01 -2.476361744391571307e+01 5.119339731619225731e+00 1.808589391292363846e+00
-3.788049941809319989e+03 1.303172507672655593e+04 1.984764865987181838e+04 -2.432427638184767147e+03 -8.485975579316964286e+02 -2.902907206264133606e+02 3.175866442388214637e+03 1.378194995119731175e+03 7.142737223288422683e+02 7.805657139247425675e+02 -2.069650375779839578e+03 -4.801579446818632277e+02 5.289983223941681523e+00 9.373772152596210390e+02 -8.012601690274225348e+02 2.179185847061876657e+01 2.062236840426226081e+02 4.607667473002702252e+01 2.127828781710899264e+01 1.076942289452888843e+02
-4.260948431411076308e+04 3.583855509581116348e+04 -2.622797651666525780e+04 -5.116649880567123546e+03 9.131961599864265509e+02 4.989456331225946997e+02 1.728144262842204398e+03 -2.218498231378158380e+03 3.045779122336502951e+02 8.541935419314213505e+02 1.106450894734567100e+03 -7.796438708707576382e+01 -1.458836760046524148e+02 -5.319505716565829516e+02 9.963067892269384274e+00 1.461385001137608413e+02 -3.419524236107096726e+02 -6.901205402121807708e+01 -1.414862374861591547e+02 -7.898995258054789019e+02
-3.390361032988087391e+04 7.461490853905177210e+04 1.565464070198635163e+05 6.688038500037605409e+05 9.269461209923577553e+04 7.429178814210163429e+06 -7.226347487304396054e+04 -6.452495208701075753e+05 2.697222315995696001e+06 -1.839428319571936736e+06 -9.099011106334049255e+05 4.952719504703676794e+05 -1.449154183666315657e+04 -1.352397542225514771e+06 -1.006791201424730825e+06 1.677897437323605482e+04 5.029670213864884863e+04 3.157114726211919697e+04 3.748489633779013529e+05 3.634773474928404903e+04
-1.298558225805832262e+04 8.361613686021953981e+03 -5.401416843940448871e+02 4.455120865304383187e+04 -5.070421895093062631e+03 -3.679476393698666016e+03 -3.633734728744664721e+02 4.075751896872873203e+03 1.497339270963685976e+03 8.226087654157926181e+02 -2.278445027364035013e+03 -1.380477807078698106e+03 3.388305530724464916e+02 1.437609067365843430e+03 -1.340879144472622556e+03 2.108012209478170917e+03 -2.471498314699822004e+03 -1.302489441343060662e+03 -3.036704132284690445e+02 1.816134081823320230e+02
-5.300495095645617312e+02 1.010628298048078432e+04 1.494288431156823208e+04 1.428499718405234307e+04 -3.861484285840622761e+03 -2.594075239187445732e+03 -2.590677739014317467e+03 -2.534585420407651327e+04 -4.049022210019275917e+03 -8.956467932939978027e+02 2.066757890177552781e+03 4.050344360877750205e+03 1.083019322765376700e+02 -5.832176921812441606e+02 1.080728463302810042e+03 -7.251716394925589384e+02 1.090446898489179148e+03 1.021328678034151523e+02 2.880745502394513551e+02 3.361999172164374613e+03
-1.621563402925638366e+04 1.671563674605774577e+04 3.061869901781621593e+04 2.550072979578249942e+04 2.063264607276915922e+05 -5.796250796879025984e+03 -4.125813466516582594e+03 -3.309473599514585203e+03 2.735053857057268942e+03 1.378037532165206358e+03 4.468311595059715273e+02 8.749198407539637401e+02 4.841205176252077536e+02 8.174247916209599225e+02 1.867582980756261293e+02 3.366489349512785907e+02 -4.196885287780967815e+02 6.850331459134953604e+01 -1.136859645562293736e+03 8.156310703055044087e+01
3.746973160122689023e+03 2.652317954581521553e+04 2.346029159606683606e+04 -6.646511466511172330e+03 -4.183702214710055159e+03 -1.169805102144090228e+02 -7.641903516135503014e+04 4.097604150077600934e+03 1.974543662456343782e+03 7.117420238977972986e+03 -1.312492838026994832e+04 -3.537538239449903358e+03 1.718887399583472870e+02 1.194608219258948338e+03 -1.170364369711317778e+02 5.174013177668914977e+03 3.447529355432905959e+03 8.582267939536390031e+02 -1.714933119850373942e+03 -9.714949353375648116e+02
-8.900908250454467634e+03 1.674188139528842657e+04 2.579462844076932379e+04 5.812356802696540399e+02 -2.039116629570795567e+03 -7.498428739807609418e+02 -3.324381324274231247e+03 -5.155601117523883659e+02 -9.453096735537309314e+02 -8.866966863732663114e+03 1.807185440547616236e+04 5.869425905317270008e+03 3.445777650392891474e+02 5.014032443849939114e+02 -3.394007066686698977e+02 -7.614389590698768018e+01 -1.589048184176372388e+03 -5.274435967360993800e+02 8.287541379235005934e+02 -7.077078478708594957e+02
-2.499172434408032859e+04 3.177995007668923790e+04 5.142890624108234624e+04 1.232215926871949923e+05 1.041832708799141074e+04 1.004386041886978666e+06 7.980719474505157223e+02 1.888755421864561640e+03 -1.125748545607703563e+05 1.019655786302429042e+05 5.135237439357850963e+04 -3.652303163092188333e+04 1.135671314274803990e+03 1.373789054204992135e+05 1.012050121201980801e+05 2.599147862392155162e+02 -8.420013343077249374e+03 -3.895641138739993039e+02 -4.947856876819871832e+04 -3.688600813123162879e+03
-4.215739571657240049e+03 3.733150112989471836e+03 6.105015270964765477e+03 8.680833110384472093e+03 -1.810394700968540974e+03 -1.332247795592455304e+03 1.776770193252875515e+03 -8.861601477642412647e+03 -7.124782253074448590e+02 1.519029173646639720e+03 -2.101319664057221416e+03 3.638477447639294837e+01 -7.313690532587443727e+00 -2.535115077874206975e+02 1.449303599621009084e+02 1.720426121867059877e+01 -2.159136969620705226e+00 1.562574955471035310e+02 -8.403679680377094030e+01 -1.133421862500050338e+03
-2.491320381277654815e+04 4.969361529643661925e+04 -8.799041477487004158e+03 -1.027003090462397449e+04 -3.505041061444156867e+02 5.650809822432958072e+02 -6.401492417536613175e+03 1.574680379789753317e+02 9.409069166971936511e+02 3.145483584991926818e+03 -4.464772094979130088e+03 -4.452030803750486143e+02 -9.535130660706563788e+00 7.446159862030082195e+02 -9.348885809143154120e+02 5.723550394987951222e+02 -3.728706098512728317e+02 -3.453299266699131067e+02 -1.516830264005424453e+02 3.370439195348434396e+02
-2.043452637592312385e+04 1.762291502759519062e+04 2.057883602387525752e+04 3.868502158368176606e+04 6.736974894019715066e+03 4.429149552299543575e+04 -2.754085029208738433e+03 4.319134129640140600e+04 -1.322892924851925636e+05 6.843837685309383960e+04 2.310137253009554843e+04 2.233138520204332235e+04 -3.657522270513722560e+03 -1.089938439345523220e+05 -1.165132018711283454e+05 1.656049899665968042e+04 -2.462129406619772999e+04 2.971973589208089106e+04 -7.877908255972925690e+04 -2.046097486476365020e+03
-4.142454675950141245e+04 3.523850570149485429e+04 -2.515506530893176750e+04 -4.466433699781151518e+03 3.209028064838178125e+03 1.699567357136365217e+03 1.763476369302904004e+03 4.092785316881571816e+03 -4.750326482840349490e+04 -6.440203181907714315e+04 -2.928720186911209385e+04 -7.725173647918445567e+03 3.226093495274218640e+03 8.890972319773056370e+03 5.042511881140103469e+03 6.726269444693120931e+03 6.023368736693599885e+02 -1.096511664455956407e+03 -5.759330611979780770e+03 -1.424599122030882427e+03
-5.569963073253937182e+04 4.000524081454399857e+04 -3.540128080195652728e+04 3.386319163456542447e+04 -2.646326352393198704e+03 -2.978421476435594741e+03 -1.702351305725791235e+02 1.327873263919393503e+04 5.935383108813371109e+03 -3.183994423268694845e+03 6.244542103277305614e+03 -1.249485013510049248e+04 -9.808736907070551752e+02 3.113819815720318729e+03 -3.199804087729558887e+03 -1.210436065684011055e+03 2.932243729220827390e+03 -1.852565111011800127e+03 4.739180552032481160e+02 9.570104494953679932e+02
-3.771812195284562040e+04 4.232556715922048170e+04 -2.856420222319940513e+04 3.633325655998787988e+04 -3.243993992409451039e+03 -2.563480870260202209e+03 9.165074023921454227e+02 2.335942630969299717e+04 1.690126530413263936e+03 1.262135081661320100e+03 -6.187944014152375530e+03 2.845338314643862395e+04 7.932513466631743540e+03 1.974563217708194315e+03 8.962588775968590198e+03 -2.053361062304528332e+03 8.025459880488283488e+02 6.121547056911427717e+03 3.557139491791314867e+03 1.849530816589469850e+02
-1.004869586753759904e+04 1.210159410090288657e+04 1.813797193714476452e+04 1.712158536201542347e+03 -7.378397896904565414e+02 1.844799890836881957e+02 2.690921424481696249e+02 4.489945428237291708e+03 2.573596694415191450e+02 -4.711876182600159950e+02 6.115638596646361975e+02 -5.029902277332264021e+03 -8.856859818038624326e+02 -1.477852545823938817e+04 1.216088497779683348e+04 3.723693039680355923e+03 -9.683696847908104246e+02 8.053771806998832972e+01 1.054799091652133257e+03 2.895119708860577248e+02
-9.045574359854301292e+03 2.509472781560665226e+03 6.052602049672833573e+02 8.564211321167174901e+03 -5.749691222825023260e+02 -1.042737895624301473e+03 -5.479558260491886585e+02 2.337874444150976615e+03 2.716819043223619701e+03 -5.838273971440328751e+03 9.895888114277093337e+03 -2.375673958914054674e+04 -4.361648984331934116e+03 -3.282483414749741769e+03 -9.360360308197105041e+02 -2.595746211705441601e+04 3.979367801747011981e+04 2.336766508746085674e+04 -3.981866910769650531e+03 -2.856470254596074483e+03
-4.695973981114256458e+04 1.194445065011804581e+04 -1.530432689224885326e+04 1.289080514983710782e+04 5.020060061264113642e+02 -1.438480374085845597e+02 -7.944221470569218582e+02 1.602393209574427965e+04 -9.609168178236479434e+03 -1.064874809285066294e+04 -9.441530507993722495e+03 4.551974128100641974e+04 -3.319040827033228124e+05 1.377586973633221169e+04 9.635841226988772178e+03 -2.728524605081826166e+02 1.229318858023507164e+04 -3.615267632284096635e+03 1.027524570695252623e+04 1.083159678998608342e+03
-1.481595150345340335e+04 1.242803385237396469e+04 1.570190999130454475e+04 1.332070778568963942e+04 7.331774773974005075e+04 2.303748805841373905e+04 -4.776697990587164895e+03 8.826555493126554211e+03 -8.769083453062108310e+04 1.623034366748756656e+04 -1.979901638079014447e+03 -1.235571809333492820e+04 2.497292714653250187e+03 -3.209301768533386712e+04 -6.532737381000786991e+04 -1.050471927483525360e+04 1.397416992311689683e+04 2.449318132345656340e+04 1.970052021911061893e+05 6.292012046977737555e+03
-1.610941073560614495e+04 1.156123069481411949e+04 1.573583417761863711e+04 5.837334400462807025e+03 2.326162199564837252e+01 1.650356198031033637e+04 -4.068037780515421673e+03 1.035661891079437555e+04 -3.729946746071982489e+04 1.404683879832790080e+04 1.710821710588714495e+03 -1.469335473076033395e+03 -5.597787596941033144e+02 -2.283082617523990848e+04 -2.645860809259167581e+04 -1.277880213074027779e+03 1.312436667495430584e+03 -6.498096393245606350e+01 3.873039812661753331e+03 4.163829232774905904e+02
-3.440633898858170141e+04 4.370198342291024892e+04 -1.064626052042681113e+04 3.781222159796579217e+04 -3.326659294419986963e+03 5.603304692726538860e+02 3.541708984687491011e+03 5.068770063791318535e+04 -1.773276820685792336e+04 6.487542251296728864e+03 -3.752926779266454105e+04 1.513532630094628839e+05 3.164126970761188932e+04 -1.271252573740497246e+04 5.780358427184413449e+04 -5.371757076918907114e+04 6.656483194680088491e+04 3.143571401094579778e+04 4.536901748569895972e+03 -3.864308359341385767e+03
-4.862080368745075248e+04 -1.529459166702026050e+04 3.922235960845115414e+02 -1.315334051686897737e+03 2.647931831947644241e+02 2.710162736995636692e+02 -4.020521510482953431e+02 2.768395494933467035e+03 -1.704768237011312885e+04 -2.703465586426099981e+04 -1.266478571752173775e+04 -3.362426225325597898e+03 1.209408467222952368e+03 6.325599536397500742e+03 3.038881798580930536e+03 5.306233872552802495e+03 7.839297486815863749e+02 -9.057464787804968864e+02 -5.977012705800892036e+03 1.023428331918139747e+03
-6.970971568677951836e+03 1.664082898006760661e+04 2.587655350197974985e+04 1.313023892482989140e+04 7.227434201049237345e+03 1.375578091731290333e+05 1.230872724118415363e+03 1.012826541473984980e+04 -8.235868248192110332e+04 6.984702938409349008e+04 2.792259419403614811e+04 -2.948025786733418136e+04 9.437713882998447161e+02 7.673788760377628205e+04 7.096032030501576082e+04 -2.703275651065226839e+02 1.539606421037096425e+03 -6.265461561318351414e+03 -9.160290868540878364e+03 5.314000316517895044e+02
-4.845963014898240363e+04 -1.541570544048269221e+04 9.484239234665996321e+01 -1.433326655135140527e+03 3.801555477882268264e+01 1.424529441474404337e+02 -7.656487647675451171e+02 1.711225375156304835e+03 3.725176719076168297e+02 -3.168186584693014538e+02 5.590535728672609821e+02 1.677176792397174836e+02 -4.114007897165316763e+02 3.639853548981849372e+02 -1.299490310205508763e+02 -2.736757961005950506e+02 2.945139405312567646e+02 -6.726279036900567689e+02 2.380974075089480948e+02 2.133488693548829906e+04
-4.332376167140884354e+04 4.873417784566304908e+04 -1.491819379816078981e+04 1.183625997982947010e+05 3.774330498322490166e+04 3.272267325405126940e+03 -6.657788197464812583e+03 1.238686921783806029e+05 -1.073264803249460820e+05 -3.239254324847713360e+04 -1.485637644755731453e+05 4.946661070626931614e+05 -2.562450987102032639e+06 7.993945496745551645e+04 8.424003479697836156e+04 3.541244295918357238e+04 9.498511284400306977e+03 -2.362886442389662261e+04 3.937337699184878875e+04 -6.968172246985540551e+04
-8.138404617067986692e+03 1.325743416195901955e+04 2.066130882140818721e+04 6.885958438377755328e+02 -1.062336198973057435e+03 -4.466270157881272667e+02 9.371486027940020449e+02 2.330602733512907434e+03 -3.952846194011201533e+02 -5.639244195887279602e+03 1.113040306117502041e+04 2.753746080399696893e+03 1.530413816625576828e+02 -4.677571113750975655e+02 6.453526896195737095e+01 -3.744820367244485055e+02 -1.374576805801744058e+03 -3.176070791515464293e+02 6.242851858734862844e+02 -1.060471894448043031e+03
-1.565431860897010483e+04 1.021999815884061900e+04 1.179740651223026907e+04 2.346213713229607038e+03 -1.086107606658901659e+03 -5.599716063191061721e+02 -1.399614024867304579e+04 2.952116945742137432e+03 -1.992692129882280824e+03 -2.888164469709503919e+03 -7.301874075604535392e+03 -7.402089494802118679e+03 -1.869880277507742676e+03 -5.547891574685118030e+03 6.114283808092418440e+03 -3.519455290090428753e+04 -2.378787923844265606e+04 -1.162953781752269435e+02 -6.242019605014399986e+02 -2.981934544794702902e+02
-3.937153958005669847e+04 9.400567375560969595e+03 2.847170868239001720e+04 -7.704187854615644937e+03 -4.774978464673319650e+03 6.019810164568498294e+02 -9.283654984462929133e+04 9.804378563949621821e+03 -1.180067871268931231e+04 -9.444628457886306933e+03 -3.087097540681488317e+04 -2.959314100704528028e+04 -1.036357618702884065e+04 -4.091347559392800031e+04 4.181658393500301463e+04 -5.402395853004804812e+05 -4.130519698641551659e+05 -2.224136468164364123e+04 -2.088010960122930919e+04 2.494672799212529571e+04
-1.085920375403121398e+04 1.307296181514396449e+04 2.098139479013857635e+04 3.813224548891689210e+03 -6.877767673705360494e+02 4.140565509036177900e+03 3.288779178016751757e+03 1.354234792500429467e+04 -1.481321359566234059e+04 1.147797889160729210e+04 8.472478065959423475e+03 -3.651370692576099100e+04 -5.629075951953971526e+03 -1.083810986183628993e+05 1.233341660602059856e+05 5.532367128966004384e+04 -1.634244594809509908e+04 7.207423893429443524e+03 -4.248126563769073073e+03 1.813302489245689867e+04
2.479180609792249470e+03 8.092827026570278576e+03 9.755691841053829194e+03 4.799563501611053198e+02 -1.808183117297393437e+03 -5.374153251542574026e+02 -3.550523182467022707e+04 5.575254559618266512e+02 1.048446239835922370e+03 1.990892256165292565e+03 -3.451365060166642706e+03 -1.356755796396096002e+03 8.591772869752271902e+01 8.182697297552276723e+02 1.234885241384299945e+02 4.193803990687368241e+03 3.693827712137091112e+03 8.931724249944692247e+02 -9.598941001522512124e+02 -1.272934370411390546e+03
-1.335784412477532533e+04 5.392653224570922248e+03 2.971616937562581825e+03 1.905387220489508400e+04 -2.967550780421677246e+03 -2.583561633666754460e+03 7.440411009900009276e+02 -2.025390919334139471e+04 -1.802770929451634174e+03 4.385586316204737159e+03 -5.493329614280697569e+03 -1.757388606066574539e+03 4.256477700449544841e+02 -5.472627718535204622e+03 5.260608814052414345e+03 2.075946158333255880e+03 -5.314070374452279793e+03 -3.959156515725744157e+03 6.026868224275362991e+03 -8.006412039263304905e+04
-4.673913713979131717e+04 -8.853704084947181400e+03 -1.324565717245835685e+03 2.174307085133191140e+04 -2.102600165915474463e+03 -2.011175907480983142e+03 -3.624408771151230667e+03 1.541652334835160400e+04 5.487938217911870197e+03 -2.391375712818432476e+03 2.051586932961602542e+03 -2.509506597473141483e+03 3.774468334439976388e+03 5.162799853388232805e+03 1.707006349575900913e+03 1.643605523803813412e+04 -2.328701136595157368e+04 -5.592925736830999813e+04 4.844322060885660903e+04 -1.025449494974027948e+04
5.656151207927687210e+03 2.187679825241012804e+04 2.374030268035075278e+04 -3.797823165853044429e+03 -3.950467335141241165e+03 -6.170279708533770417e+02 -5.882004699740629439e+04 -2.147508670833533984e+02 9.716399879441011080e+02 1.425599073228448788e+03 -1.693495090959771005e+03 1.014099608384774115e+03 3.896697546140618442e+02 1.984759552187367717e+03 -3.938353595012092114e+02 5.146386216819851143e+03 3.206888985537212648e+03 5.533118126162091812e+02 -1.023207809094355525e+03 -5.125832745011158522e+02
-3.770983126473466837e+04 5.487385780222576614e+03 1.397230955163091676e+04 2.078126879706950422e+04 7.888132223667610560e+03 5.041418500662119914e+04 -7.442846384545428009e+02 4.519229222614926402e+04 -1.758634299516984902e+05 8.380269460526382318e+04 2.220801421463676525e+04 2.007865925857896218e+04 1.205491776937907707e+04 -3.255078927226952510e+05 -2.339856602635043964e+05 -4.201601559623531066e+05 7.102285857723297086e+05 -2.104463607909047045e+06 -2.177633794808288221e+05 5.090580878107423814e+03
-3.609910514739591599e+04 4.670923226139967483e+03 1.664317417428351837e+04 6.768882256749428052e+03 2.693890935057645038e+03 3.095466946728114999e+04 -3.645510394263108537e+03 2.143821520901633994e+04 -7.219191292946082831e+04 3.621830376089011406e+04 5.116451949997094744e+03 1.787770398027557530e+04 5.057578541646215854e+03 -5.542368456570978742e+04 -2.354038284646143438e+04 -4.517478554310862819e+04 7.084718145760505286e+04 -1.126247696839611890e+05 -2.351707868901270922e+04 -1.048938860589909609e+03
-1.563360480309106424e+04 1.496085156551234286e+04 2.630129647140495581e+04 1.984905078287511060e+04 1.560511772892936715e+05 -4.772554956539533123e+03 -2.810459811534920846e+03 -2.046563993186941389e+03 2.250597081058774620e+03 4.850003028675902783e+01 1.465705627972968159e+02 2.751122740204709203e+02 2.155494045568247259e+02 5.696760930554860352e+02 3.653821015610341192e+02 5.708977152275089395e+01 -6.906811676006019241e+01 -7.912500867548281747e+01 -2.077771860339607599e+02 -9.281570467278573489e+00
-2.643763552898166745e+04 3.733526593055090052e+04 6.763889405942482699e+04 1.420863090887261205e+05 4.313969502724552149e+04 1.271015833814267302e+06 -1.308669935687625548e+04 9.499174306960003742e+04 -1.141569845409028232e+06 9.370813689726606244e+05 4.408323173746695393e+05 -4.719446091059840401e+05 1.800154699702349899e+04 1.400029016413799254e+06 1.067892005748613970e+06 -4.399176234783912514e+04 -1.709472291622325429e+04 1.811669281306827033e+05 1.144675960023254156e+06 7.039145206546309055e+04
-2.544909059049065399e+04 1.812892257306542524e+04 3.235323836567825856e+04 6.508028942660757457e+04 1.078192608150414344e+04 5.136750319462456973e+05 -1.580000197572919433e+03 3.031724650792574903e+04 -2.370783508095759025e+05 1.773802441963165184e+05 7.454113906858689734e+04 -5.076442222699472040e+04 2.973371524820012382e+03 1.342725327139756700e+05 1.033632527805609570e+05 -1.372129803840335262e+04 1.503474398521613512e+04 -2.697208789494331359e+04 -1.014908563802691788e+04 2.843512524146322562e+02
-3.074540640830407938e+03 1.077209087611808900e+04 1.736900616274776985e+04 -2.027305032745343397e+03 -6.934495078009290410e+02 -2.568711357308366701e+02 4.815014301130458989e+03 1.202027055982588081e+03 6.695200333876018703e+02 9.345694636551125996e+02 -2.388412249976775911e+03 -6.649094876624966446e+02 -7.866772438838939507e+00 9.783363767906213297e+02 -8.345416340758499700e+02 -3.405495804061663989e+01 2.339289155298100411e+02 1.094349862461225058e+02 -8.579899446616082059e+01 8.498790408377604422e+01
-3.990998438699121834e+03 1.628110573956893313e+04 2.363983645237472956e+04 -3.004139672206379146e+03 -1.220900733548100334e+03 -3.646087360375103685e+02 3.670077043793106668e+02 1.380190035464538823e+03 7.379456787270363520e+02 3.069002334552009756e+02 -1.049475859428264812e+03 6.338124906063079322e+01 4.563275415611624197e+01 1.019524275076384583e+03 -8.243780288918093220e+02 1.490122466447103307e+02 1.430801970696317937e+02 -7.197981035203295619e+01 1.791830759551021401e+02 1.803053866030411427e+02
-4.589368464421355748e+04 -1.203300022316408831e+04 6.078931012906601609e+03 6.449570804826877975e+03 6.258107180087364395e+04 -1.690336489392046133e+03 -2.466131763986878923e+03 -5.761857160954552910e+02 2.130652173283454331e+01 -9.065215702016053001e+02 -4.412910171075057519e+02 3.337734950169694912e+02 -1.240196484897655438e+02 5.811739553175121955e+02 -3.358678130788852627e+02 1.142204032571900143e+02 8.788563715340114868e+01 3.897369094780198395e+01 5.515875041685844735e+02 4.181866744270756726e+02
-2.592836166508898896e+04 4.489571777559498150e+04 7.560678517983650090e+04 1.682664205134041258e+05 1.344582463321686009e+04 1.465087101804690668e+06 1.303311602301214634e+03 -2.234127874870529922e+04 -1.767256285737639928e+03 3.322086424410602194e+04 3.651204452476602455e+04 -1.436459442051046972e+04 -8.613652453754984606e+01 9.688744406943846843e+04 6.216349611840478610e+04 8.625871688165148953e+03 -2.411140785878136739e+04 1.767973441868671216e+04 -9.595046777514930000e+04 -8.807482461357318243e+03
-4.170324232268446212e+04 3.592800288983647624e+04 -2.631111025582168804e+04 -5.215194680268989941e+03 9.961860748760462911e+02 5.561228440108310451e+02 1.341938083209331353e+03 -4.304916567621631884e+02 4.213094467389594797e+02 1.276632886864747860e+02 1.716021576201648713e+03 -2.214880664581806684e+02 -6.278360627224361679e+02 -2.600806059232396592e+02 -5.757933517513069432e+01 -2.423856012809914660e+02 -3.644378215321171410e+01 -8.380023343760741454e+02 1.149647840141556401e+02 2.120631091592619850e+04
-6.006928185046598810e+04 7.938799480844561003e+03 -1.883531481807969976e+04 3.468730691490988829e+04 -3.047764495323785468e+03 -3.089752878227608107e+03 -1.452676502623555962e+03 1.425227288096374650e+04 5.449291651148140772e+03 -3.831013111731673234e+03 5.392355702641167227e+03 -1.183891274472655277e+04 -7.793714644867771995e+02 3.374622510952513494e+03 -2.972044763946838884e+03 -1.363218274767293224e+03 3.309640174732680862e+03 -1.571224271502723241e+03 6.051680720631965187e+02 1.015493252184792937e+03
-6.625316376058529386e+03 6.619124367100086602e+03 9.146240488969198850e+03 1.648505985776175658e+04 -2.817424522422760674e+03 -2.427560649916597413e+03 5.435704119723246777e+02 -2.037677727619853613e+04 -3.229061625230296613e+03 2.438382989570264726e+03 -6.059296062509103649e+03 -3.826146064463672701e+03 -5.506079563193517288e+02 -7.509836683369928323e+03 6.017732741663239722e+03 -3.629822606474243912e+03 1.956207898355371753e+03 3.586472721911840381e+03 1.020268092142450769e+03 -1.181492580885642201e+04
-4.602943147526719986e+04 -1.264689863789240917e+04 3.977983541881246310e+03 -4.699698354103416165e+01 -4.530022228453655089e+02 -1.513452401315360021e+02 -8.306502588745566754e+03 2.768450996686507551e+03 -2.053515310426852466e+03 -3.485854513877725822e+03 -5.982718044148912668e+03 -6.529510876289482439e+03 -1.815652155286429206e+03 -4.565033017427119375e+03 5.397040189435899265e+03 -3.505207940036319633e+04 -2.350753317250121108e+04 -1.858441280671968059e+02 -7.520672148716734000e+02 2.543486747477951155e+02
-2.079872154026664066e+04 2.301262177311371488e+04 2.781233708410477993e+04 5.280752192131114862e+04 1.898121831730266422e+04 3.945801167727387510e+05 -8.629316190962386827e+03 4.870682226124389854e+04 -4.489198651543679298e+05 2.664641288210290950e+05 1.004053454014450544e+05 -1.278585670325097308e+05 8.105133357099221939e+03 2.505880785946081160e+05 1.227242857358850306e+05 -2.785124923055542240e+04 2.327273734393592167e+04 6.953022560114209773e+04 5.475016851465109503e+05 2.539773012891562030e+04
-2.235486604198660643e+04 2.416618014640865294e+04 3.543543075524071173e+04 5.851090217953130195e+04 3.042747491571457431e+03 1.027573094784686837e+05 -1.545225160012829974e+03 8.473671837969533226e+04 -2.834340067104516202e+05 1.528325215690183977e+05 7.295172196053875086e+04 4.584430656133818411e+04 -8.686675688953486315e+03 -2.396390756303377566e+05 -2.578815349616229942e+05 4.549441773519771232e+04 -7.038444680056498328e+04 8.313739693864823494e+04 -2.266985218417839787e+05 -9.124035227075941293e+03
-1.501878296959564977e+04 1.149931870302656534e+04 1.455179334814807953e+04 7.979432756357496146e+02 -6.938350986987531996e+02 -5.837379937087688120e+01 -8.151674283155372905e+03 4.700141598442135546e+03 -9.708390642626625777e+03 -1.415120657241077060e+04 -1.031368294158183744e+04 -7.420120847691089693e+03 4.015073772044134444e+02 2.549118840071398608e+03 5.865751130529207330e+03 1.106664509498816642e+03 2.460459256461454970e+03 -7.776589834012722804e+02 -5.986444712773042056e+02 -4.615137572808462210e+03
-4.170569853012431849e+04 3.566951537767198897e+04 -2.472702541049672436e+04 -2.150676723236975249e+03 2.602402843072049109e+03 1.262196716088009680e+03 2.139134386596199874e+03 2.137510567544471996e+03 -3.100423441862583422e+04 -3.972437739399601560e+04 -1.564639807826947072e+04 -3.859406186008812256e+03 2.197405870810351644e+03 3.486697873221015016e+03 1.421154706905535932e+03 2.164999739239672635e+03 -4.907765030914620752e+02 -2.921943385272501814e+02 -1.049295390231101010e+03 -1.918220264845780775e+03
-1.665158404258531664e+04 1.145864696554176589e+04 -2.198099410148237894e+03 7.061062343147107458e+04 -7.817953724955849793e+03 -3.073626368284576074e+03 -7.309200813729831907e+02 1.470698911475027489e+04 -7.231591673562429605e+02 4.837004172681220552e+03 -7.212430283790190515e+03 7.771157919115912591e+03 -4.434311076720153437e+02 1.716979268948958406e+03 -4.064117800273590092e+03 4.246508527058901564e+03 -4.987629142033144490e+03 1.551096071181546222e+03 -4.111007245730417708e+03 6.922814477346254307e+02
-4.604627741940412670e+04 -1.259906075228155714e+04 4.576054832466073094e+03 1.937791861520115162e+03 4.289908033490660273e+02 1.602205318481282848e+04 -3.010843108189032137e+03 8.336419234093516934e+03 -3.707189018879443756e+04 1.345619431214451288e+04 2.521004675497531480e+03 -1.771540826357301512e+03 -5.522307809826710354e+02 -2.169653438903723872e+04 -2.672028257042164842e+04 -1.423384993807663477e+03 1.885098753698848441e+03 -5.605461733229213905e+02 4.342865661380818892e+03 9.581481931211824303e+02
-9.906024173391098884e+03 1.651491514675655708e+04 2.670715643698551867e+04 3.782677458907302480e+03 -1.609962031171879062e+03 2.551474216259529203e+04 2.710400752652354186e+03 4.171319934776123773e+03 -1.258676831635131384e+04 1.560720077909843667e+03 2.575722263090215711e+04 2.010140764455177759e+03 4.933314105897877511e+01 9.716549842656664623e+03 3.930891778569598046e+03 2.187313584280713712e+03 -7.562876713596562695e+03 5.409642482879637100e+03 -2.250276004281622227e+04 -3.387998798970625558e+03
-4.250614519400518475e+04 4.525388886441407521e+04 -2.809584234514921991e+04 8.320802786790428218e+04 -8.136687372272092944e+03 1.209143943735416997e+03 6.631707491953712861e+02 4.382730267432157416e+04 -7.802252057904658614e+03 1.309699079445762618e+04 -2.129839604171935571e+04 5.956186363970323146e+04 6.151444263324798158e+03 4.582203429809004547e+02 3.756222150206346669e+03 3.766589382969293638e+03 -6.787607568113763591e+03 1.554210660505587475e+04 -6.755884861298171927e+03 1.817991746284227702e+03
-2.542813170292925861e+04 5.264018979236548330e+04 -2.684643253146652569e+03 -9.911907657220453984e+03 -1.291064361691763906e+03 2.047457121349256113e+02 -9.121852810924090591e+03 -2.570785223356514052e+03 4.101198027127091450e+02 -2.701488355824575933e+02 2.817228821868909108e+03 2.740472598578631732e+03 1.865226062682626491e+02 1.661482182563574497e+03 -1.335984560740017969e+03 8.615797151775141174e+02 -6.013537733767735745e+02 -5.997160140493637073e+02 1.386853127196532398e+02 6.960461073427655947e+02
-2.133337926925059946e+04 1.751266978486924927e+04 1.966165672626805099e+04 1.044009109641457326e+04 -2.619758969714719115e+03 -1.613953631648925011e+03 -3.720388002670962578e+03 3.732127924894428361e+03 9.767055715259529052e+02 -1.084911244223716858e+04 2.145253846521836749e+04 8.584955045600123924e+01 -4.340359291281050105e+02 1.285216336476182732e+03 -1.300245539424025083e+03 -1.790493343606856342e+03 1.293726238480050142e+03 -4.671350245650458533e+02 9.517306334170408491e+02 -5.110023193392385679e+02
-2.474226235689696477e+04 1.972637859442705303e+04 1.140865722807603561e+04 1.809805486915793153e+04 1.735314920041424193e+04 9.390538736577681266e+04 -7.173518453257550391e+03 3.524212404974136007e+04 -2.442087333479748049e+05 5.182919911427077022e+04 -1.142406428729654408e+03 -2.108794484175318212e+04 6.341013065858332993e+03 -1.027816499643760035e+05 -1.723179706225288683e+05 -2.657830911571532852e+04 3.403155328459777229e+04 6.768831397141801426e+04 4.611090273538886104e+05 1.389655104904563814e+04
-1.802726877319109553e+04 1.142166989840197493e+04 2.260319014032753694e+04 -9.139733807701292108e+02 3.083079246320141920e+03 1.258714693810273639e+04 1.226799866614653638e+03 1.138722964073171352e+04 -2.642931391206449553e+04 1.778254858409382359e+04 2.005853710970411612e+02 1.734690905854991797e+04 5.482976717622821525e+03 -2.652690127629526978e+04 1.286973045765755705e+04 -4.521043423722127045e+04 7.176427765084995190e+04 -1.148760572103326704e+05 -2.044699102695754118e+04 -1.235560726068545819e+03
-4.618810159002192813e+04 6.060545217051824147e+04 -8.636923689828510760e+03 1.759944502279716062e+03 -3.042708395112951166e+03 -3.571228520036661394e+02 -4.217679871696044574e+04 7.204753676059494865e+03 2.374010725335854659e+03 4.806517914118870976e+03 -8.519696884799195686e+03 -3.501098747928545890e+03 1.393976035589432172e+02 5.275191634695061111e+02 -1.524136571252304009e+02 1.571960597587139773e+03 -1.467459495284228069e+03 -1.533473533903279531e+03 2.822389747554365727e+02 1.939556155636330914e+03
-3.308849498905159999e+04 3.739501905118379364e+04 -6.967777651985716147e+03 8.189215601285402954e+04 -3.564893886387632847e+03 1.025384946617910100e+04 -3.465669858087316697e+03 6.303136547685693949e+04 -5.632253604787530639e+04 -1.676320419325043758e+03 -4.695322772910691128e+04 1.742540926786221389e+05 -8.569382038413640112e+05 1.821789362942206208e+04 9.611483513971568755e+03 1.306886468001465801e+04 4.523337664173863232e+03 -3.739869939143142346e+03 1.250991981724607831e+04 -1.600857015216674881e+04
-9.133905059397791774e+03 1.205747946399145076e+04 1.544474259744628216e+04 1.689873329785885653e+04 -4.076863736301953850e+03 -2.839919802128037190e+03 -5.328360464365813641e+03 -2.415511165796524074e+04 -3.748357320686720868e+03 -1.698600182382614321e+03 3.535366380046682934e+03 3.191176531152175812e+03 -4.094740111238339253e+00 -8.712034691764750960e+02 1.265684330094678444e+03 -1.003939535380612938e+03 1.433842903054062162e+03 6.848980611579212052e+01 4.435103313122340865e+02 3.330124078535237459e+03
-1.975279732357382818e+04 1.188896676397127703e+04 1.111619161521476053e+04 1.026547776009725931e+04 -1.230277706200320836e+03 -4.889341961081766499e+02 8.468010766779689220e+02 7.342521935907757324e+03 1.804033169218152807e+03 -1.973082836182893288e+03 2.919771365860566220e+03 -9.017182091690279776e+03 -1.342837847044487717e+03 -1.396346573268299471e+04 1.160959129600609776e+04 2.582753342512626205e+03 8.747951525559017227e+02 -7.818023262406877905e+01 1.366325193159148967e+03 4.422388689908414108e+02
-4.041417826542923285e+04 3.790533138705131569e+04 -2.695881291760088789e+04 1.906374779180315090e+04 -1.255703582525145748e+03 -1.060495962294168748e+03 1.215640246093322048e+03 1.776669427761127372e+04 -5.780589401135209471e+01 1.361672855120096756e+03 -5.586816886415195768e+03 3.066351938663210967e+04 7.676606189905293832e+03 3.439868525639747645e+02 1.038001246642536353e+04 -3.176636528655938491e+03 1.892121309847954763e+03 7.107511530672047229e+03 3.720072817503781152e+03 -3.001439930146055417e+02
1.020466692481444989e+04 1.826724739075810476e+03 2.576817778640504002e+03 6.098784723558389942e+02 -1.557568190918598248e+02 -1.445699823826637953e+02 -1.095591142935036032e+03 6.950723556822944715e+01 -5.549118644627021091e+00 9.231518758643323608e+00 -1.603355840006254596e+02 -1.540237869990497188e+02 -1.172223562339311620e+01 -5.217164467256810667e+02 3.836054861383244656e+02 -1.143450676056332611e+02 7.291108241019048819e+01 1.103730590264053291e+02 1.894990366504131032e+02 -4.539660005475727189e+02
-1.878228775928065079e+04 6.158292275375097233e+03 1.105941033752880003e+03 1.824535903878845056e+04 -2.340071063102920107e+03 -2.149077130754704740e+03 6.781974298414395435e+02 -4.372338399362583914e+03 9.526169572327028163e+02 -6.334514401800906853e+02 1.289826543558670210e+03 -5.463362624747509471e+03 -7.586993588157088197e+02 2.096612497824654042e+02 -6.447669543942720338e+02 -1.529561966550450279e+03 2.633980629885384133e+03 1.985330301883560651e+02 -2.309203039486544640e+01 -1.996136132042654197e+02
9.635724409714777039e+02 6.539986164913477296e+03 1.022397504468301122e+04 1.422839472926985582e+04 -3.183783245796150368e+03 -2.366091106619594484e+03 6.150734897349367429e+02 -2.390323461449198294e+04 -3.769022668724142022e+03 1.021516911874289008e+03 -2.039553684622671653e+03 2.167422675665760380e+03 -1.878154379789359751e+01 -1.061843301186194822e+03 1.261006837688339601e+03 -9.481387276193523803e+02 1.258526066067421198e+03 2.709921369439938417e+02 8.881870669465145340e+01 3.164697874552433404e+03
-3.885754238286244072e+04 3.844015346544401837e+04 -1.820402894868576914e+04 3.710542575426932217e+03 6.524432475835753576e+04 -3.876395604497004115e+02 -1.671777369203816988e+03 1.056917082525432534e+03 -3.129947152805522273e+04 -4.010621162932413426e+04 -1.809691994047060871e+04 -3.857216842723536047e+03 2.063647862063735829e+03 3.857529202163734226e+03 1.467494285133613403e+03 2.206912003982021815e+03 -3.207175426645682705e+02 -2.984997100814320561e+02 -3.287676974585270955e+02 -1.296538244802725330e+03
-1.650666982890503641e+04 1.774149940408443945e+04 3.354194217966894939e+04 2.950019933723993017e+04 2.445404479301905958e+05 -6.592987705253837703e+03 -4.996337265476838184e+03 -4.437134037346884725e+03 3.271684621877502650e+03 2.327225036297279075e+03 7.192095948217832984e+02 1.107512370020260732e+03 6.724402912618127175e+02 1.151739383039563563e+03 1.858193690529452056e+02 3.745353200078665168e+02 -4.245219336441815017e+02 7.460463922584187912e+01 -1.860304572619632836e+03 1.331164923114179146e+02
-8.190762124206443332e+03 2.410883395882831246e+04 1.723357319923973046e+04 -4.566642003003131322e+03 -8.418012487303461739e+02 -1.060141540460029432e+02 -1.973646090329018762e+03 2.155067336908290599e+03 8.149741462825518283e+02 1.501814205147654775e+03 -3.416270742860768223e+03 -2.499035373590357381e+02 1.167267402984819142e+02 8.364284905987800585e+02 -6.233927953351601445e+02 1.465038753684640653e+02 1.438632362878092863e+02 7.978990167718552584e+01 4.860072604939900032e+01 9.956084216318248536e+01
-2.442455016734244782e+04 4.521800252712954534e+04 -9.448448127718218529e+03 -8.905880846374209796e+03 -9.084456968621120154e+01 4.637733502391598677e+02 -7.674195448256891723e+02 -4.220853809343606713e+02 7.981801905058107423e+02 2.407512068818094122e+03 -3.081895829715019772e+03 -1.071206770537334876e+02 -1.312214905503349271e+01 7.261820389659151260e+02 -9.158043456328526872e+02 4.516408305495997411e+02 -3.487687732737570059e+02 -3.272688024469414927e+02 -6.934210737459420670e+01 3.649746888807025584e+02
-2.142296379749858534e+04 1.041763452194973070e+04 2.081903354883681459e+04 9.463889251301741297e+02 -2.021471384070287911e+02 3.780841407464974054e+03 1.269368186513015416e+03 1.459802745676941049e+04 -2.806640317478588258e+04 5.089625832834615721e+03 6.098118569305655910e+03 2.280313857896738409e+04 2.641740493399207480e+03 -6.858081959790144174e+04 -6.816523213534760544e+03 -2.935391458730933664e+04 2.976369592426181407e+04 8.545975715258411947e+04 2.587739757612833346e+05 1.352833369631474625e+02
-2.210077587244295501e+04 8.964895114412853218e+03 -4.417462765583718465e+03 5.102404788112119422e+04 -5.526046687360509168e+03 -4.075868338616809069e+03 -7.980001214783550267e+02 7.376773997759042686e+03 2.738980857545383515e+03 -4.270014637240016668e+02 8.434496120189609769e+01 -5.833179314229794727e+03 -5.891631097667401491e+02 2.080142929917871697e+03 -2.549809682083255211e+03 4.920908537738306450e+02 3.915709198654287775e+02 -6.418893522531941471e+02 -7.655128474176061673e+02 4.880088711961660692e+02
-3.974917303996800911e+04 2.992474114119260776e+04 7.071599825384917494e+04 2.119786576615697704e+05 2.921329843516815163e+04 2.260459814969441388e+06 -1.914860276708381571e+04 -1.197141876558182703e+05 3.777748173153723474e+05 -2.296517968083749874e+05 -1.297108764629842626e+05 6.304044928217919369e+04 5.534690031535938942e+03 -1.422523746465898002e+05 -6.509183787714028585e+04 -5.075145329514676996e+04 9.022648044844013930e+04 -1.260102463768135494e+05 5.543411406090674427e+04 7.031130045779574175e+03
-2.385462484451163618e+04 2.486420997840818018e+04 1.985899062703092932e+04 2.606566015606248766e+04 6.524290081974829081e+04 1.197540857949026831e+05 -2.522104053184604345e+04 5.138320005340837088e+04 -4.068107338129751734e+05 8.717485765783698298e+04 -3.440020882090481336e+03 -5.435636039916195296e+04 1.055315242262187348e+04 -1.586191986537564371e+05 -3.060571469498720253e+05 -4.426287458800330933e+04 5.977519011678751849e+04 1.055942142556195031e+05 8.310966173137951409e+05 2.717668291618834337e+04
-1.168572099133140728e+04 7.539459950477352322e+03 5.312984405348984183e+02 3.705455608899264189e+04 -4.326418368700466999e+03 -3.563577066487600405e+03 -1.939020414579624685e+02 1.189532232265238690e+03 1.645682530790498049e+03 1.872563779932884245e+02 -1.472530708149487054e+03 -3.061057151664768753e+03 3.515560097470818732e+02 1.235319815968648072e+03 -8.695290375307840804e+02 1.482540241463188750e+03 -1.665437092950770648e+03 -1.509635125720490123e+03 1.824946427454137563e+02 1.259750817413189026e+02
-4.991927811938052764e+04 -1.533772477310161048e+04 3.647982055029639810e+02 -1.077754430752796679e+03 -7.655848479834335762e+01 5.588492268159372856e+01 -3.880895016761908778e+02 -3.391839829515823368e+01 2.830338103832577872e+02 3.857347211824502438e+02 -1.341498853482646147e+01 2.455870242658298537e+02 5.382456796423952738e+01 1.091866446520039631e+02 -7.634157506956053396e+01 9.255084856214351419e+01 1.912201989265606628e+01 9.736639336643247589e+01 -1.262796869521686283e+01 -6.656699918544667298e+02
-3.885188543786620721e+04 3.614554735393063311e+04 -1.928431437533532880e+04 -1.280410324934096877e+02 3.362278403425074885e+03 1.755579447067759611e+04 -2.080799369136945643e+03 1.022364857648575162e+04 -6.862281947477858921e+04 -2.563567161726557242e+04 -1.514341436542061820e+04 -5.569973965455726102e+03 1.649428191045172980e+03 -1.870035693211021498e+04 -2.507868034628783425e+04 7.861500935109968395e+02 1.263293472028774886e+03 -7.942321736600965778e+02 3.267838858233412793e+03 -7.707681745238853637e+02
-2.272665319235395509e+04 8.154978801623024992e+03 -4.369325312538751859e+03 4.344061835420612624e+04 -4.691889419832306885e+03 -4.243926989626396789e+03 -7.365669658079686997e+02 4.550615401100809322e+03 3.577406876901951819e+03 -1.892567892280336764e+03 2.103788068432313139e+03 -9.630742319635304739e+03 -6.335341688246535341e+02 2.063368096509813768e+03 -2.019396019943372266e+03 -6.542068179275414650e+02 1.991608247488491088e+03 -1.193259789254863335e+03 1.780145495861774521e+02 4.224054741919511002e+02
-9.694277587643779043e+03 8.488438705911410580e+03 1.339352870580132912e+04 1.946539786310352611e+03 -5.769796483754737437e+02 -4.305317287414573002e+01 1.477745893262156642e+03 3.427397128703402359e+03 1.235435867673343893e+02 -3.892153979236825876e+02 4.080007566443314317e+02 -5.105348182372619704e+03 -8.859031663645853314e+02 -1.458301810227560418e+04 1.238335540661035520e+04 3.541527765346098022e+03 -8.693409721525239320e+02 1.654378820562595820e+02 1.050660783062537803e+03 2.958043739805942778e+02
-1.354208401939697978e+04 9.575052361442600159e+03 -6.718078762067004845e+02 5.468799386275273719e+04 -6.175690234474023782e+03 -3.286808798180427857e+03 -4.494976241215035770e+02 8.210792627391432688e+03 2.872213996337089270e+02 2.781172487118920344e+03 -4.752637635586476790e+03 3.152989258619055818e+03 2.670058704335088962e+01 1.446892375369066713e+03 -2.461921555308315419e+03 3.136956008386305712e+03 -3.746969731251373105e+03 3.535026606259128812e+01 -2.051683037189992319e+03 3.954759214442270832e+02
-5.037963260833575077e+03 1.394982229978603755e+04 2.244798792910776683e+04 4.634998159917356020e+02 -9.838126121540669828e+02 2.188307547688912382e+04 6.680720436196557785e+03 3.809991727582294970e+03 -9.558108704148895413e+03 7.906882260409971423e+03 8.159448338816692740e+03 -2.073601198377928540e+03 -1.364645570610686036e+02 8.590233936270682534e+03 3.286602452524392447e+03 2.330846010659214699e+03 -5.195510105972294696e+03 4.960663501080720380e+03 -1.963008325622725897e+04 -2.008033939217332318e+03
-2.075588161029976982e+04 1.304808301320195642e+04 1.333656642247300806e+04 1.025141963891860541e+04 -1.553490431471535203e+03 -1.264121499601472124e+03 9.947749826867035381e+02 6.126108966252384562e+03 1.420431275443510231e+03 -7.534220527213988134e+03 1.433261152191242945e+04 -2.771770143984005699e+03 -5.902441808014937124e+02 3.729709693958648131e+02 -8.514090832171089005e+02 -2.026327615136161967e+03 1.409133060553674341e+03 -2.449310205352235528e+02 7.287375824340629151e+02 -8.183296876283604888e+02
-3.524441425842699391e+04 1.178637168715062398e+04 1.445507316343285493e+04 9.359982800882295123e+03 6.119413399034776830e+02 1.304539132590885492e+04 2.595996027179665816e+03 3.831054843540570437e+04 -4.155330466308814357e+04 1.914664494520594235e+04 -2.673154172047445900e+04 1.314564334532577195e+05 3.070207882282851642e+04 -3.772814138030936738e+04 6.163505172778565611e+04 -9.765686909562136861e+04 1.384372998719698517e+05 -9.459192757047674968e+04 -1.584150550664951152e+04 -5.557602230400664666e+03
-2.265731297519811778e+04 2.234695506153512542e+04 2.559682736975719308e+04 5.362120212191769679e+04 1.458460980958009714e+04 6.044944385342164605e+04 -4.453231651738232358e+03 6.305195722278526227e+04 -1.940937828125434462e+05 1.020666306425275106e+05 3.933751052598218666e+04 3.646691799788355274e+04 -5.706856136956735099e+03 -1.703766007929254847e+05 -1.815877400914494647e+05 2.927582123503397816e+04 -4.394864496256424172e+04 5.316929100505715905e+04 -1.373997762314494757e+05 -4.356420208948935397e+03
-3.525838694296103768e+03 1.509157897431432139e+04 2.205590151145243726e+04 -3.038172119243658926e+03 -9.496793025243296142e+02 -2.707271482785290004e+02 1.755018627743475463e+03 2.155920733440559616e+03 8.898576304101020469e+02 1.235345202486466633e+03 -3.048232072240358320e+03 -8.315426971673301750e+02 -1.234697898675910110e+01 7.429634880963444630e+02 -7.039715499161492289e+02 5.064160745279737341e+01 2.136471731237253664e+02 3.441633877168938760e+00 1.030001129354424734e+02 6.985575435241599962e+01
-5.546119298651985446e+04 3.804472669580615184e+04 -3.275563738231144816e+04 1.625516144212416111e+04 -7.987058034341428083e+02 -1.416083918428052584e+03 9.379621780746411730e+01 7.096371587050633934e+03 4.055630058253591415e+03 -2.334524437464613129e+03 6.265412748652393930e+03 -9.276827293513179029e+03 -1.143420311903015772e+03 1.063000791825436181e+03 -1.496643316399691912e+03 -2.072633125466175443e+03 3.644683421991551768e+03 -7.076062114956390587e+02 6.102212604987062150e+02 1.081607420375244857e+02
-4.428273011723770469e+04 2.835777495768670997e+04 -1.249820962363164108e+04 6.197034535468228569e+04 6.322461540624270128e+03 2.605247310383077092e+03 -6.359470052987288000e+03 6.919734983440813085e+04 -8.027692382005532272e+04 -5.137047787723016518e+04 -9.412615244105744932e+04 2.474699164532501891e+05 -1.320862918929570122e+06 4.366192615055989154e+04 4.809653579688460741e+04 4.199970017624548746e+03 -6.169262635961118576e+03 -1.221516184277481079e+04 1.586541871877433732e+04 -3.669599344783027482e+04
-1.324161658124557835e+04 2.210111739908998788e+04 3.783460737476628856e+04 2.397715511625563158e+04 1.359394870808629094e+04 1.748640191077876370e+05 -4.277698438670894916e+02 4.199121605101125169e+04 -1.705338666816663172e+05 1.209386247347062308e+05 5.494770676323362568e+04 -8.913913341400898935e+04 -1.011756830128780530e+04 -1.573643686462469341e+05 2.460949586622309580e+05 1.080756932787862170e+05 -3.697829620432502270e+04 1.661696886284459470e+04 -4.702685397750241827e+04 3.550560799848177703e+04
-2.081491529800353601e+04 2.536192500879427826e+04 4.180535227300408224e+03 1.058841491485599727e+04 -6.083650581761662579e+02 5.134653224016005879e+02 3.229287961229107168e+03 2.940504650858150490e+04 -2.199605304515415628e+04 -7.173503918167863958e+03 -3.149502502192466636e+04 1.129996622069243313e+05 2.546375768909037288e+04 -1.242796357310104941e+04 5.068274152195960050e+04 -5.148634246487870405e+04 6.603048786401413963e+04 2.013479243543765915e+04 4.224748431478848033e+03 -4.690543400010044934e+03
-4.497560914768552902e+04 -1.201604209123886358e+04 5.309826484159040774e+03 1.043054283205260333e+02 -3.748424338867727670e+02 1.119628517855334309e+02 -1.248291171715571863e+02 3.567363206870639260e+03 2.175775992060211195e+02 -4.081280349976337902e+02 6.180110491064101552e+02 -4.960572751337493173e+03 -8.285484604035053735e+02 -1.363918249631085928e+04 1.185007122673222693e+04 3.586646625777939335e+03 -5.047427174203557456e+02 8.135508620338127628e+01 9.193478737572451109e+02 8.169647232449574403e+02
-5.162521310910073225e+04 -1.271343261231841097e+04 -3.120208428400497382e+02 5.737515460154101675e+03 -7.443238315291016534e+02 -6.210889296219453399e+02 -1.841313214072346227e+03 3.611071801048181442e+03 1.788051130713903149e+03 -8.109693491821423095e+02 1.203868339405702045e+03 -5.560959425549956904e+03 -6.505225038791032830e+02 1.846288932637966695e+02 -6.525170133771391647e+02 -2.497993559059098061e+03 4.070714929814055267e+03 1.176847226268067743e+03 3.356057886337805485e+02 -1.102938076777047058e+02
-1.897656526923690399e+04 1.300593910986350420e+04 1.453410668811994219e+04 4.343115432293586309e+03 -1.210173560888525344e+03 -7.605287496293631193e+02 -1.121785984491922500e+04 7.159000700980499460e+03 2.825015422796594976e+03 -8.401956960394683165e+02 -9.532063857796565571e+02 -1.467743679987295400e+04 -1.751519980617930514e+03 -3.439797167908245228e+03 1.205547472251108275e+03 -9.321793261172117127e+03 1.348087939429981998e+04 5.570343544280668539e+03 2.020554178679639108e+03 -4.899522704490875071e+02
-1.708636728398345076e+04 2.835189174431264109e+04 6.586308687313712653e+03 -4.901950806097448549e+03 1.834501097847515211e+03 1.047673046542375914e+03 1.521118082522548093e+03 3.529827770442487235e+03 -3.096794889893596701e+04 -4.028766569875828282e+04 -1.560307267959708406e+04 -2.689018817350478002e+03 2.364681543432397575e+03 4.393882550741889645e+03 7.508663857060430473e+02 2.230344054615501136e+03 -6.242688887996139329e+02 -4.744686105552486879e+02 -7.202272152496885838e+02 -1.552508230545669448e+03
-3.910819667834944994e+04 3.635711850487681659e+04 -2.221929234384713345e+04 -3.315298859977243410e+03 2.599641030019798109e+03 1.304544047363745904e+03 -5.611903468576046180e+03 3.991677738283229701e+03 -3.372209692798650212e+04 -4.277484244078306074e+04 -2.325975603749015136e+04 -1.025429043704729884e+04 4.026306506200048148e+02 -1.524834652175862630e+03 7.162790460024279128e+03 -3.288505210012617317e+04 -2.411315516544608909e+04 -4.502570374609667851e+02 -1.754374631850071637e+03 -1.460548585888313482e+03
-1.725745265426979677e+04 1.941037233785128046e+04 3.138822594098473564e+04 2.399106411637868223e+04 1.440758903313968221e+04 1.894532026983253018e+05 -2.555266952617831521e+03 3.019773975303970656e+04 -1.554824147005859704e+05 1.113218626834780880e+05 5.014823236297007679e+04 -6.356862280618219665e+04 -4.786766895325073165e+03 -3.758086696403420501e+04 1.534812723979954317e+05 5.349209791609019885e+04 -1.978482889729615636e+04 9.808071513629136462e+03 -2.122913975886779008e+04 1.810189481779848211e+04
-4.731020123496639280e+04 -1.469433159866551432e+04 1.354962821077710714e+03 -1.193943594655015204e+03 1.100029698844676886e+02 1.460637165353327589e+02 -9.334658415028044374e+02 2.457766672635176747e+03 -1.145151765288820752e+04 -1.825357201454500682e+04 -9.578514503809794405e+03 -2.574953551101198627e+03 -5.297710195786888789e+02 2.224345673094473113e+03 3.291357762523211477e+03 3.142907837700691744e+03 -2.485214770036868401e+02 -5.281840166780744994e+02 9.222504977473798135e+03 -6.732064319768614951e+02
-3.858059992308718211e+04 2.096890080560295974e+04 4.583775863031060726e+04 7.468799582374175952e+04 1.160687076392815470e+04 7.443638593625924550e+05 -6.457790820097686264e+03 1.892907596679800190e+04 -2.034017656895818363e+05 1.648234936251690960e+05 6.898828040884171787e+04 -4.102827416192831151e+04 8.005031840386468502e+03 1.393468547921607387e+05 1.391532098210334079e+05 -5.184044293269556510e+04 7.404181318975231261e+04 -1.272403417395900324e+05 -4.416896534546770272e+04 -2.721862481348342953e+03
-4.149784702629597632e+03 1.844415912444565765e+04 2.644313533471961273e+04 -2.939304467520900289e+03 -1.687384772441484074e+03 -5.357881260962064971e+02 -1.965407512208489834e+03 2.895953101275812713e+01 4.780939642991077108e+02 -1.367580202791197053e+03 2.558460464062750816e+03 1.693045587578408004e+03 1.532105785937718849e+02 1.523475119777696818e+03 -1.042797286084369262e+03 3.380112428052657378e+02 9.294133443858147103e+00 -2.143494888030336654e+02 3.164068724653860158e+02 3.732599879075204967e+02
-4.724272331867729372e+04 -1.390748431346883262e+04 2.404928069404421421e+03 -6.711544867863243553e+02 -1.194046188672545270e+02 5.061108723405947671e+02 -6.084883538922646039e+03 4.466677852018684462e+03 -9.126383498283214067e+03 -1.231110916518920931e+04 -8.914799478025737699e+03 -8.181292272726836018e+03 1.167155749956358250e+03 4.054642787853439131e+03 6.631528372984206726e+03 2.621555068108697242e+02 3.906496695234650815e+03 -1.066195858933878071e+03 -6.717573407363710430e+03 -6.185899567028831370e+03
-1.796564183407655582e+04 1.416536463670041849e+04 9.573164648238634982e+03 5.271567534849915319e+03 -5.911500651686018273e+02 1.008822259990534036e+02 3.239996251780798048e+03 6.674103169258970411e+03 -1.769927287507920255e+03 1.205961761533652634e+03 1.323473009105641040e+03 1.499482221025774606e+02 -2.443610763422934542e+04 -2.893628392368377718e+03 1.219406926536243736e+04 -1.700304116570880433e+04 2.419280560340997908e+04 -5.141848025089805742e+04 -7.727279143571267923e+03 -1.330974776082315657e+04
-1.798842538146696825e+04 4.954870057952361094e+04 6.624427122062076523e+04 1.691498248945044761e+05 3.257345805549751822e+04 1.649393917458940065e+06 -4.989629612342580367e+04 -3.554240069386406685e+04 -9.466300144692294998e+04 2.129001645318601732e+04 -3.333268620656186977e+04 -5.057967760211412678e+04 6.858889694239965138e+03 2.927014878705757292e+04 -5.219288908171098592e+04 -2.847925344146874340e+04 3.904351533213146467e+04 4.968354969310510933e+04 5.149812770130569115e+05 2.295569178063119034e+04
-2.833588626993450453e+04 3.381492188495105074e+04 -2.215390379804919576e+03 8.087826862960312610e+03 1.250011471863491715e+04 5.996401412370716571e+04 -4.352155716374533768e+03 2.116448340566935440e+04 -1.496029168439632922e+05 1.118499205426749540e+04 -8.900318574690445530e+03 -1.312767010578071677e+04 4.056137322908073202e+03 -5.073613845535299333e+04 -8.903552231419734017e+04 -1.086072982242804028e+04 1.554146605423225992e+04 2.406547817880567527e+04 1.979179404379290936e+05 5.806835656526493040e+03
-3.995088320666758955e+04 4.425292024077457609e+04 -2.883608259626923609e+04 6.026533150892546109e+04 -5.771149066550095085e+03 -6.843465992044424411e+02 7.872461528006989511e+02 3.360548515719162242e+04 -2.890398534262284102e+03 7.453282589525808362e+03 -1.330905484586546481e+04 4.324759568421048607e+04 6.938820782236275591e+03 1.094123574484129222e+03 6.039954567473516363e+03 8.011413970632686414e+02 -2.966889359324731231e+03 1.025563786749711653e+04 -1.326280493862257345e+03 1.888096046015086813e+02
-2.492927038177136637e+04 3.604789106492716382e+04 6.492422197282511479e+04 1.416533334563438548e+05 1.218322686479038202e+04 1.223033895713996142e+06 5.043298106611952790e+03 -9.951693068007485635e+03 -6.406037648962550884e+04 7.354970067281788215e+04 5.010545867255509802e+04 -2.781529952195472652e+04 5.312252913180094538e+02 1.215830063672814576e+05 8.486458001200611761e+04 4.395129933345559039e+03 -1.706620499849237603e+04 9.261655488423028146e+03 -7.710810705502615019e+04 -6.770017917492182278e+03
-8.408581668652046574e+03 1.066762377795400607e+04 1.792282970180136908e+04 6.430712592315065876e+02 -8.824628682391651182e+02 -3.793508732485846053e+02 2.149242395970839425e+03 1.618897463146480050e+03 -5.811492749463294558e+02 -5.726100999005140693e+03 1.134281679841299774e+04 2.824680470715648880e+03 1.348448441800628075e+02 -4.188919404539824427e+02 5.701960158761729502e+01 -4.616857947513193494e+02 -1.323469496387051095e+03 -1.864109070920895590e+02 4.698369937222670387e+02 -1.060060282944951041e+03
-2.185273889279677314e+04 2.951743606824217568e+04 4.705402647537075973e+04 1.001550268675269763e+05 9.205712393879031879e+03 7.821779521980813006e+05 -4.398130123606431880e+03 1.761325529946337338e+04 -1.786292201259013673e+05 1.498255809109762195e+05 6.903482305234907835e+04 -4.955432406515353796e+04 1.326998084130189909e+03 1.599968016552138724e+05 1.191071045726068842e+05 -1.376491751707421827e+03 -6.316678662726949369e+03 -2.667551506744671315e+03 -4.025497809289874567e+04 -2.523586206235925147e+03
