2.099516953713400289e+04 -3.093364704694578450e+03 -3.395692535204426349e+03 -4.312914836620521442e+02 1.632688026197752720e+02 9.576812257691354091e+01 -9.449600280651341677e+01 2.137859068282538146e+02 5.141685828031418382e+00 -4.420235061702754109e+01 1.123771369403966247e+02 4.006630320107284859e+01 4.025076644560061645e+00 8.525736949665249753e+00 -8.427321812719332783e+00 8.718392554902452574e+00 -3.282690032475998265e+01 -2.476360741192647552e+01 5.119356131717525571e+00 1.808562464475250264e+00
-4.991585977348122833e+04 -1.533868803190673498e+04 3.650256280167033083e+02 -1.080058688690581903e+03 -7.637457735315967966e+01 5.612208868623728364e+01 -3.879109387091293115e+02 -3.471834275424387783e+01 2.825793490637673244e+02 3.861813233994252528e+02 -1.419238026853089885e+01 2.471250510278727006e+02 5.405429875113921412e+01 1.090830298286022781e+02 -7.614226632532826500e+01 9.308437519425574180e+01 1.825070078815470254e+01 9.726241522856165034e+01 -1.264992635091550000e+01 -6.656693960901053515e+02
-3.534471581103467088e+03 1.237352379785132325e+04 1.933688633100176230e+04 -2.088843380951851486e+03 -9.790784097044844430e+02 -3.528394680802981611e+02 3.291555055803100458e+03 4.849663848987803476e+02 5.352822953515980089e+02 2.225844761312331954e+01 -4.271220969786074875e+02 2.319396785774492002e+02 5.047816646079144931e+01 1.243818055548603979e+03 -9.498997566735099554e+02 7.080286504157596994e+01 1.634048436709647092e+02 2.555173689409829763e+01 5.608794421098882488e+00 1.951227719994013796e+02
-4.260953245075690211e+04 3.583851128813891410e+04 -2.622802221702141105e+04 -5.116744193543986512e+03 9.132091067700441727e+02 4.989551459938405173e+02 1.728155080442464623e+03 -2.218534211380430406e+03 3.045675729616313561e+02 8.541946692211971595e+02 1.106458601001828811e+03 -7.795268255397273549e+01 -1.458856566370587302e+02 -5.319592474860615994e+02 9.969357258560116009e+00 1.461317673346140680e+02 -3.419457591328616672e+02 -6.900455519311360320e+01 -1.414880827195432857e+02 -7.899063127821650596e+02
-1.474646959027745834e+04 9.706128361988701727e+03 -1.218099070355702906e+03 5.599289535914631415e+04 -6.282470027062391637e+03 -3.342112634993733082e+03 -5.128042628995432324e+02 8.813181184752715126e+03 4.274350475517778136e+02 2.673626850422711414e+03 -4.520771618547539219e+03 2.725555704137556859e+03 -8.890691374410724279e+01 1.539520868436271030e+03 -2.644042221756842991e+03 2.981441486649407125e+03 -3.450535034343609368e+03 1.329762645359169824e+02 -2.144080588190841809e+03 4.372297174463370197e+02
-1.610258425309010636e+04 1.661371346850407645e+04 3.026842658803034647e+04 2.477703221346667488e+04 2.016834080870799080e+05 -5.687217475248387927e+03 -4.012424787557542004e+03 -3.251505131429276844e+03 2.637395261944191589e+03 1.245121666288113602e+03 4.327766285536928876e+02 7.706077577571533084e+02 4.665168446966595184e+02 7.558324281406404452e+02 1.782034966370914617e+02 2.975458105985088650e+02 -3.751884760405434349e+02 8.314758153050605927e+01 -1.080284332209377453e+03 5.150877150622466871e+01
5.845651917501691969e+03 2.181618938798003728e+04 2.371164106243433343e+04 -3.807258084614939889e+03 -3.956847409516639800e+03 -6.222855777121532128e+02 -5.892918714100191573e+04 -2.921115146808627969e+02 9.949537217305941112e+02 1.446403985378115522e+03 -1.596636122713424584e+03 1.119191501708523447e+03 3.932026888480078810e+02 1.999532149251557257e+03 -4.275899868467811871e+02 5.209173921477626209e+03 3.181312414414019258e+03 5.454844900020991645e+02 -1.009714521088095694e+03 -4.883768267798445777e+02
-3.390361032988087391e+04 7.461490853905177210e+04 1.565464070198635163e+05 6.688038500037605409e+05 9.269461209923577553e+04 7.429178814210163429e+06 -7.226347487304396054e+04 -6.452495208701075753e+05 2.697222315995696001e+06 -1.839428319571936736e+06 -9.099011106334049255e+05 4.952719504703676794e+05 -1.449154183666315657e+04 -1.352397542225514771e+06 -1.006791201424730825e+06 1.677897437323605482e+04 5.029670213864884863e+04 3.157114726211919697e+04 3.748489633779013529e+05 3.634773474928404903e+04
-2.516306191507626500e+04 3.364928701971432019e+04 5.667608663591430377e+04 1.296082849828257895e+05 1.094596507402368479e+04 1.079277343748195330e+06 2.750287945664146264e+03 -1.290779368621389722e+03 -9.959438614885778225e+04 9.455989907412629691e+04 5.322351473900814017e+04 -3.405441091477329610e+04 9.263244357733774450e+02 1.343422361497482925e+05 9.680323863228665141e+04 2.099348346707683049e+03 -1.244385628095962966e+04 3.837286509402665160e+03 -6.291952391668856581e+04 -5.169012551376620650e+03
-8.235662320523737435e+03 1.213128607404445029e+04 1.947241161585229929e+04 6.611140871784115234e+02 -9.830400617328613180e+02 -4.164840536847627277e+02 1.471790952701520382e+03 2.018759227149386334e+03 -4.775987093774966752e+02 -5.677184773594076432e+03 1.122369638251273318e+04 2.784724596625172126e+03 1.447434923851128588e+02 -4.481068567352768923e+02 6.144757252221880606e+01 -4.133013320734341391e+02 -1.352127009282249446e+03 -2.588090264309510076e+02 5.556702750421214887e+02 -1.061917950584779192e+03
-5.569963073253937182e+04 4.000524081454399857e+04 -3.540128080195652728e+04 3.386319163456542447e+04 -2.646326352393198704e+03 -2.978421476435593831e+03 -1.702351305725791235e+02 1.327873263919393503e+04 5.935383108813371109e+03 -3.183994423268694391e+03 6.244542103277305614e+03 -1.249485013510049248e+04 -9.808736907070554025e+02 3.113819815720319639e+03 -3.199804087729558887e+03 -1.210436065684011055e+03 2.932243729220827390e+03 -1.852565111011800127e+03 4.739180552032481160e+02 9.570104494953679932e+02
-2.424037161451897919e+04 4.833776841207184771e+04 -9.242938743372624231e+03 -9.934150959059559682e+03 -2.226773518406350831e+02 5.383776674869340013e+02 -3.736692157794618197e+03 -1.049366017861825355e+02 8.871003127625339175e+02 2.858884182061291540e+03 -3.924717475298732552e+03 -2.597373060699702592e+02 -6.919518290156815077e+00 7.711147771645402145e+02 -9.549370435356960343e+02 5.345309117451596421e+02 -3.662314729938474329e+02 -3.508592183722332152e+02 -1.063363122108516592e+02 3.578265799682529860e+02
-4.218291604763152463e+03 3.733107923665983890e+03 6.103671892366704924e+03 8.682397517850180520e+03 -1.810394485122600599e+03 -1.332342718631492289e+03 1.776107585064339901e+03 -8.860272643846865321e+03 -7.121935061360624104e+02 1.518626523411167454e+03 -2.100765590509745834e+03 3.556936917813879262e+01 -7.399133680626684750e+00 -2.539236161637149962e+02 1.452316905242495579e+02 1.690259706684983243e+01 -1.762520269598178091e+00 1.565357695370096280e+02 -8.347508523888026843e+01 -1.133933854735895693e+03
-9.884505015581460611e+03 1.050082124232214483e+04 1.604308457519196963e+04 1.808746496656164481e+03 -6.664495802770894670e+02 8.429222407406952300e+01 8.126239505269852543e+02 4.017246736544252599e+03 1.973225992172091594e+02 -4.342108027888263564e+02 5.216250671594419828e+02 -5.061859921703166947e+03 -8.864972098407537260e+02 -1.469408682926353504e+04 1.226266223663265919e+04 3.641934708258232149e+03 -9.226681598258984423e+02 1.246758298841807431e+02 1.045316625356655322e+03 2.907243471539606503e+02
-9.045574359854303111e+03 2.509472781560664771e+03 6.052602049672834710e+02 8.564211321167173082e+03 -5.749691222825025534e+02 -1.042737895624301245e+03 -5.479558260491886585e+02 2.337874444150976615e+03 2.716819043223619701e+03 -5.838273971440328751e+03 9.895888114277093337e+03 -2.375673958914054310e+04 -4.361648984331933207e+03 -3.282483414749741769e+03 -9.360360308197105041e+02 -2.595746211705441965e+04 3.979367801747011981e+04 2.336766508746085674e+04 -3.981866910769649621e+03 -2.856470254596074483e+03
-4.142454675950141973e+04 3.523850570149484702e+04 -2.515506530893176750e+04 -4.466433699781151518e+03 3.209028064838178125e+03 1.699567357136364990e+03 1.763476369302904004e+03 4.092785316881571816e+03 -4.750326482840348763e+04 -6.440203181907712860e+04 -2.928720186911209385e+04 -7.725173647918447386e+03 3.226093495274218640e+03 8.890972319773056370e+03 5.042511881140103469e+03 6.726269444693120931e+03 6.023368736693601022e+02 -1.096511664455956407e+03 -5.759330611979780770e+03 -1.424599122030882427e+03
8.616248659479877006e+02 6.792510820044505635e+03 1.057504683735984327e+04 1.423097861295794428e+04 -3.236770649859086916e+03 -2.383787532076222305e+03 3.925863964204350509e+02 -2.402910464408512416e+04 -3.791825580871764032e+03 8.756145847161074016e+02 -1.726162085769865371e+03 2.311840022978864454e+03 -9.190870498385876886e+00 -1.018667612635510409e+03 1.242471005122800989e+03 -9.324650057185020842e+02 1.248037302346656588e+03 2.595999087341587028e+02 1.014363399455007340e+02 3.180580793631286724e+03
-4.679770990793898818e+04 1.215091367005377469e+04 -1.520415546602802351e+04 1.343445135677665530e+04 4.547817147043622867e+02 -1.254920919419478196e+02 -8.076833067681862985e+02 1.634449518992396224e+04 -9.798865599246739293e+03 -1.063435613024535269e+04 -9.655854007901918521e+03 4.640001193447296828e+04 -3.351305652708171401e+05 1.387256927966908916e+04 9.702717371192869905e+03 -1.708779389661585810e+02 1.221205099208779575e+04 -3.601216893248257293e+03 1.025727638613317686e+04 9.702828519210299874e+02
-1.525529913979939192e+04 7.070621551349411675e+03 9.504822819945262381e+03 3.121739420594930380e+03 -7.077953429270025936e+02 -5.913130573230007485e+02 -7.920329924845805181e+03 2.280027295739721012e+03 -2.163451717539035599e+03 -3.602215607590394939e+03 -5.938471158844081401e+03 -7.067806285758588274e+03 -1.890816347606430099e+03 -5.574429594480740889e+03 6.121116661966116226e+03 -3.533316191167897341e+04 -2.371880662069620666e+04 -7.623106928181393016e+01 -5.621221185610443172e+02 -2.617735189479200812e+02
-3.498413910656260668e+03 1.518650145218101534e+04 2.216162494987117316e+04 -3.056457424557210288e+03 -9.603039937829648807e+02 -2.721051343087381724e+02 1.664095552345376746e+03 2.169836793835650042e+03 8.934100866566997183e+02 1.231769146529196178e+03 -3.040055719463850892e+03 -8.240498750182674712e+02 -1.147628328102969597e+01 7.424115087174303653e+02 -7.029349948620804298e+02 5.500819083275536059e+01 2.116793528296501847e+02 -2.866411482600817462e-01 1.076138654365582141e+02 7.083054229928220025e+01
-4.042270839833164791e+04 3.790526278638518124e+04 -2.697182097312936094e+04 1.907056595702906998e+04 -1.256398650870259871e+03 -1.060927000112190171e+03 1.223006628831157059e+03 1.776737413711445697e+04 -5.665659459062241865e+01 1.360677998662256869e+03 -5.582048255163729664e+03 3.066334923661582070e+04 7.676818489016571220e+03 3.452515892717042334e+02 1.037861782378534917e+04 -3.169326550489249712e+03 1.898287322294795331e+03 7.107361876465458408e+03 3.720568409066732329e+03 -3.002866525419843811e+02
-4.332376167140884354e+04 4.873417784566304908e+04 -1.491819379816078981e+04 1.183625997982947010e+05 3.774330498322490166e+04 3.272267325405126940e+03 -6.657788197464812583e+03 1.238686921783806029e+05 -1.073264803249460820e+05 -3.239254324847713360e+04 -1.485637644755731453e+05 4.946661070626931614e+05 -2.562450987102032639e+06 7.993945496745551645e+04 8.424003479697836156e+04 3.541244295918357238e+04 9.498511284400306977e+03 -2.362886442389662261e+04 3.937337699184878875e+04 -6.968172246985540551e+04
-2.134474909290888172e+04 2.025516097269145030e+04 2.426388926685113984e+04 4.736724584631446487e+04 1.475320900621666260e+04 5.506898868129649782e+04 -4.492814218756560876e+03 5.417789177990400640e+04 -1.691921399990562641e+05 8.909765425772283925e+04 3.316471940363808244e+04 2.884682357321044765e+04 -5.109828945768203084e+03 -1.440355355732900789e+05 -1.540694524664918135e+05 2.438953983944058200e+04 -3.634556266142983077e+04 4.357088563708483707e+04 -1.131825258225504076e+05 -3.349565441164922959e+03
-4.845963014898240363e+04 -1.541570544048269585e+04 9.484239234665997742e+01 -1.433326655135140527e+03 3.801555477882268264e+01 1.424529441474404337e+02 -7.656487647675452308e+02 1.711225375156304608e+03 3.725176719076167160e+02 -3.168186584693015106e+02 5.590535728672609821e+02 1.677176792397174552e+02 -4.114007897165317900e+02 3.639853548981849940e+02 -1.299490310205508194e+02 -2.736757961005950506e+02 2.945139405312567646e+02 -6.726279036900567689e+02 2.380974075089480664e+02 2.133488693548829178e+04
-5.025854345724160339e+03 1.390875459902570401e+04 2.239502366174451163e+04 4.632162157548352752e+02 -9.774018742558495205e+02 2.188472313557691814e+04 6.725041388167000150e+03 3.815250094112866464e+03 -9.555598712200386217e+03 7.924533474609007499e+03 8.121379255545360138e+03 -2.082486112788277751e+03 -1.361227503487702108e+02 8.611690513378041942e+03 3.266383933423952840e+03 2.322441412002362085e+03 -5.192177332760577883e+03 4.962458384706229481e+03 -1.963410388430346211e+04 -2.010248736334761361e+03
-3.620757974914005172e+04 4.708630421972670774e+03 1.582267377497944835e+04 6.131134139770448201e+03 1.736378384994234239e+03 2.897425447963286933e+04 -3.905686761482726979e+03 1.966849727051629452e+04 -6.515343913214495115e+04 3.236810463958920081e+04 3.088200684674576223e+03 1.663867177704765709e+04 5.283243569131348522e+03 -4.872922397896293842e+04 -1.662134384829728515e+04 -4.643560476398215542e+04 7.274586281647923170e+04 -1.149439820853117853e+05 -1.721836415946080888e+04 -8.107116120536660446e+02
-4.850026490222490247e+04 -1.523556347334275961e+04 4.777350059898063250e+02 -1.301347409391343263e+03 2.503821127764367702e+02 2.594143265935750833e+02 -4.498615862779616350e+02 2.740877314055591341e+03 -1.653733672588247646e+04 -2.623450700755818980e+04 -1.238266648492651075e+04 -3.292353172226800325e+03 1.051054923081719380e+03 5.951509397074353728e+03 3.062186776624098457e+03 5.108124425474695272e+03 6.904078026398291286e+02 -8.702296988223494054e+02 -4.592361531084566195e+03 8.677594345913148572e+02
-3.937153958005670574e+04 9.400567375560967776e+03 2.847170868239002084e+04 -7.704187854615644028e+03 -4.774978464673319650e+03 6.019810164568498294e+02 -9.283654984462929133e+04 9.804378563949621821e+03 -1.180067871268931231e+04 -9.444628457886306933e+03 -3.087097540681488681e+04 -2.959314100704528755e+04 -1.036357618702884065e+04 -4.091347559392800758e+04 4.181658393500300735e+04 -5.402395853004803648e+05 -4.130519698641552241e+05 -2.224136468164364123e+04 -2.088010960122930919e+04 2.494672799212529208e+04
-2.439693726185385094e+04 2.785909549516777406e+04 2.033006668368079772e+03 8.018086732002615463e+03 3.104164919969539551e+04 3.805463467722253699e+04 -4.499613902855902779e+03 1.703136772963531621e+04 -1.283704271042754262e+05 9.303126154037643573e+03 -8.353870090060092480e+03 -1.243080261888084715e+04 3.574485723900153062e+03 -4.726609492910986592e+04 -8.353985356829439115e+04 -1.023994110119387915e+04 1.450223151607293403e+04 2.534962119119771160e+04 1.984889253367295896e+05 5.987845300035765831e+03
-2.081491529800353965e+04 2.536192500879427826e+04 4.180535227300409133e+03 1.058841491485599727e+04 -6.083650581761662579e+02 5.134653224016005879e+02 3.229287961229107168e+03 2.940504650858150490e+04 -2.199605304515415628e+04 -7.173503918167863958e+03 -3.149502502192467364e+04 1.129996622069243167e+05 2.546375768909037288e+04 -1.242796357310104941e+04 5.068274152195959323e+04 -5.148634246487870405e+04 6.603048786401413963e+04 2.013479243543765915e+04 4.224748431478848033e+03 -4.690543400010044934e+03
-6.885724935957827256e+03 1.665625871182941773e+04 2.590182299127784063e+04 1.285852926881002895e+04 7.209044232068185920e+03 1.359106757683623000e+05 1.255462500916595445e+03 1.018036716806816730e+04 -8.264374236973556981e+04 7.014792801531747682e+04 2.806728217481349566e+04 -2.964695692814120048e+04 9.503420380840809685e+02 7.721361212155291287e+04 7.149716320108277432e+04 -2.450084105213038015e+02 1.533066703255069797e+03 -6.287510835684982339e+03 -9.272427919467159882e+03 5.318100502226117214e+02
-1.335784412477532715e+04 5.392653224570922248e+03 2.971616937562581370e+03 1.905387220489508400e+04 -2.967550780421677246e+03 -2.583561633666754460e+03 7.440411009900009276e+02 -2.025390919334139107e+04 -1.802770929451634174e+03 4.385586316204738068e+03 -5.493329614280697569e+03 -1.757388606066574539e+03 4.256477700449544841e+02 -5.472627718535205531e+03 5.260608814052413436e+03 2.075946158333256335e+03 -5.314070374452280703e+03 -3.959156515725744157e+03 6.026868224275362991e+03 -8.006412039263303450e+04
-1.085920375403121579e+04 1.307296181514396449e+04 2.098139479013857272e+04 3.813224548891688755e+03 -6.877767673705360494e+02 4.140565509036179719e+03 3.288779178016751757e+03 1.354234792500429467e+04 -1.481321359566234059e+04 1.147797889160729210e+04 8.472478065959423475e+03 -3.651370692576099827e+04 -5.629075951953971526e+03 -1.083810986183628993e+05 1.233341660602059856e+05 5.532367128966004384e+04 -1.634244594809510272e+04 7.207423893429441705e+03 -4.248126563769073073e+03 1.813302489245689867e+04
-4.604627741940413398e+04 -1.259906075228155714e+04 4.576054832466073094e+03 1.937791861520115390e+03 4.289908033490660273e+02 1.602205318481282848e+04 -3.010843108189032137e+03 8.336419234093518753e+03 -3.707189018879443756e+04 1.345619431214451288e+04 2.521004675497531935e+03 -1.771540826357301739e+03 -5.522307809826711491e+02 -2.169653438903723509e+04 -2.672028257042165205e+04 -1.423384993807663477e+03 1.885098753698848668e+03 -5.605461733229213905e+02 4.342865661380818892e+03 9.581481931211824303e+02
-4.677452260288512480e+04 -8.891797796966659007e+03 -1.324639611162700930e+03 2.175294566116495480e+04 -2.111813977059402987e+03 -2.012954900243028078e+03 -3.629136535878314589e+03 1.542098548503336679e+04 5.534610355422695648e+03 -2.340942790617088576e+03 2.074091243969442985e+03 -2.496120373209503214e+03 3.771319123387598665e+03 5.185196941168887861e+03 1.711892767929959746e+03 1.643053262375268605e+04 -2.329824766190701848e+04 -5.595897440419515624e+04 4.848177685411692801e+04 -1.030224505686982229e+04
-2.643763552898166745e+04 3.733526593055090052e+04 6.763889405942482699e+04 1.420863090887261205e+05 4.313969502724552149e+04 1.271015833814267302e+06 -1.308669935687625548e+04 9.499174306960003742e+04 -1.141569845409028232e+06 9.370813689726606244e+05 4.408323173746695393e+05 -4.719446091059840401e+05 1.800154699702349899e+04 1.400029016413799254e+06 1.067892005748613970e+06 -4.399176234783912514e+04 -1.709472291622325429e+04 1.811669281306827033e+05 1.144675960023254156e+06 7.039145206546309055e+04
-2.250885810874451272e+04 8.378918345854894142e+03 -4.432974137876006353e+03 4.573823420815703139e+04 -4.942371430365473316e+03 -4.213850866797092749e+03 -7.605783432704015468e+02 5.381583156512716414e+03 3.355794088081198424e+03 -1.476936111703015285e+03 1.517996415874516742e+03 -8.539803439057855940e+03 -6.033713827624947044e+02 2.078186857254996085e+03 -2.157068504826425851e+03 -3.005254645806878671e+02 1.493662046770298957e+03 -1.070331589035314664e+03 -6.620470033146813194e+01 4.351210627441534484e+02
-1.563577366082570916e+04 1.495925150605149611e+04 2.629737641972899655e+04 1.984827533228612810e+04 1.560278014093977108e+05 -4.772143704029836954e+03 -2.809580223134650623e+03 -2.045583833870203762e+03 2.250336613600256442e+03 4.763159218217627000e+01 1.468813421014735070e+02 2.745289021973594572e+02 2.153926441920872605e+02 5.695769468101930215e+02 3.653317949692470279e+02 5.687776463926476822e+01 -6.881257617622823375e+01 -7.922285832807413897e+01 -2.074112073327279973e+02 -9.315408198881836910e+00
-4.170324232268446212e+04 3.592800288983647624e+04 -2.631111025582168077e+04 -5.215194680268989941e+03 9.961860748760465185e+02 5.561228440108310451e+02 1.341938083209331353e+03 -4.304916567621630747e+02 4.213094467389594797e+02 1.276632886864748002e+02 1.716021576201648713e+03 -2.214880664581807252e+02 -6.278360627224361679e+02 -2.600806059232396024e+02 -5.757933517513069432e+01 -2.423856012809914375e+02 -3.644378215321171410e+01 -8.380023343760742591e+02 1.149647840141556259e+02 2.120631091592619850e+04
2.497738545241053089e+03 8.079605383807558610e+03 9.751841823202574233e+03 4.714519149335118868e+02 -1.805752061188106836e+03 -5.362639534114650814e+02 -3.549222105015566922e+04 5.622822447919617161e+02 1.048268134097307666e+03 1.989795899535565013e+03 -3.448765010685237030e+03 -1.350489552533965025e+03 8.688858939614378585e+01 8.185376124666250917e+02 1.239584793154102726e+02 4.197554057827827819e+03 3.691641074996475254e+03 8.929422292587834136e+02 -9.596971411517395154e+02 -1.275188523761624765e+03
-3.770983126473466837e+04 5.487385780222576614e+03 1.397230955163091676e+04 2.078126879706950422e+04 7.888132223667610560e+03 5.041418500662119914e+04 -7.442846384545428009e+02 4.519229222614926402e+04 -1.758634299516984902e+05 8.380269460526382318e+04 2.220801421463676525e+04 2.007865925857896218e+04 1.205491776937907707e+04 -3.255078927226952510e+05 -2.339856602635043964e+05 -4.201601559623531066e+05 7.102285857723297086e+05 -2.104463607909047045e+06 -2.177633794808288221e+05 5.090580878107423814e+03
-8.901065076788021543e+03 1.674016568595769422e+04 2.579213729572093143e+04 5.814906290946906893e+02 -2.038841847594057072e+03 -7.497663523334935007e+02 -3.323464159700454729e+03 -5.148673735003404772e+02 -9.451142047248665676e+02 -8.866050604408692379e+03 1.806981162196763762e+04 5.868472550153725933e+03 3.445263295225153115e+02 5.012306376190510377e+02 -3.392272031558100593e+02 -7.625172199279464280e+01 -1.588970408847381123e+03 -5.273769849457887631e+02 8.286898902683660708e+02 -7.078179846930286203e+02
-2.587087243678577579e+04 4.401939553404066100e+04 7.439723737115232507e+04 1.665405171341740352e+05 1.346735590380586291e+04 1.451166014084067428e+06 1.121746926158435599e+03 -2.245878459565848971e+04 -2.119038007077644579e+03 3.324608669815990288e+04 3.518750523898276879e+04 -1.474051988018894735e+04 -3.456414662055777143e+01 9.615888609420612920e+04 6.239742792682105210e+04 7.992900490427906334e+03 -2.272365976005639095e+04 1.633023048959229345e+04 -9.121377017570519820e+04 -8.308793646160602293e+03
-2.872365573869783839e+04 1.917723979471845087e+04 3.365560046216232149e+04 6.811449768673771177e+04 1.208187616433276162e+04 5.655889180314082187e+05 -3.048145537155944567e+03 3.225172394619876650e+04 -2.680362025629770942e+05 2.060223507878371747e+05 8.681634489530725114e+04 -6.272742302687113988e+04 4.711858679762755855e+03 1.803716426158648974e+05 1.462636651834293152e+05 -2.300649036914895623e+04 2.744659027776802395e+04 -4.617620499859517440e+04 -1.703017970718295373e+03 5.967849950927276268e+02
-1.173070456795802420e+04 7.538937387998613303e+03 5.183451961720257941e+02 3.705940605772211711e+04 -4.326214573727748757e+03 -3.563680488778539257e+03 -1.937041303586390200e+02 1.193350164551986609e+03 1.648929072558683629e+03 1.818834610454998426e+02 -1.461950978896602464e+03 -3.081570562611461810e+03 3.465489410901747647e+02 1.236870468416697349e+03 -8.746598266495345797e+02 1.473097935513193534e+03 -1.649708752382641933e+03 -1.504454790719551511e+03 1.791538341002710126e+02 1.277929820163292050e+02
-2.133508008773921756e+04 1.750707903036352218e+04 1.965872568757820409e+04 1.044082335043475541e+04 -2.619220691412202541e+03 -1.614110484333607928e+03 -3.707375654619768738e+03 3.728771200376990691e+03 9.759917634266993218e+02 -1.085274375148854415e+04 2.145997797747133882e+04 8.773788017051121813e+01 -4.339602500173037356e+02 1.285620873364753606e+03 -1.300658347400932598e+03 -1.790981176648025894e+03 1.294298542953152264e+03 -4.669286463570808792e+02 9.518323803246933039e+02 -5.106496164824947641e+02
-4.602943147526718531e+04 -1.264689863789240917e+04 3.977983541881245401e+03 -4.699698354103416875e+01 -4.530022228453654520e+02 -1.513452401315360305e+02 -8.306502588745566754e+03 2.768450996686508006e+03 -2.053515310426852466e+03 -3.485854513877725822e+03 -5.982718044148910849e+03 -6.529510876289482439e+03 -1.815652155286429206e+03 -4.565033017427119375e+03 5.397040189435898355e+03 -3.505207940036319633e+04 -2.350753317250121108e+04 -1.858441280671967775e+02 -7.520672148716734000e+02 2.543486747477951155e+02
-1.615637163357414829e+04 1.786214480489359994e+04 3.436408774159041059e+04 3.065120232218298042e+04 2.564666784396732110e+05 -6.826096761149233316e+03 -5.192515992265114619e+03 -4.916795417923606692e+03 3.364686672716815337e+03 2.648861164856418782e+03 7.407634981558106801e+02 1.360117185023639877e+03 7.502919963914782784e+02 1.267209226262396669e+03 1.460876091418358556e+02 5.113115369818475529e+02 -6.211713147935920460e+02 2.102550507370900448e+02 -2.084214059303589693e+03 1.530703163511707885e+02
-4.150183446090917641e+03 1.844221279214685637e+04 2.644605706313942574e+04 -2.931619144099719961e+03 -1.690731710569716370e+03 -5.375667981701591316e+02 -1.962923828824310476e+03 1.038380165540992017e+01 4.740248041500421436e+02 -1.388222931116186373e+03 2.602576555080751405e+03 1.711228188014389389e+03 1.543020358362780371e+02 1.528297355148088627e+03 -1.044520885956474103e+03 3.392787841346023470e+02 7.741254058584384978e+00 -2.150924344010491893e+02 3.168024836758324341e+02 3.747110685773223508e+02
-3.771315434967391047e+04 4.238908057711128640e+04 -2.853801297099385920e+04 3.704656502632443153e+04 -3.314501203949099818e+03 -2.502345855454220782e+03 9.126710452516172154e+02 2.366173676923341918e+04 1.533847844150578567e+03 1.434145722859728266e+03 -6.376811645720795241e+03 2.880700884749126271e+04 7.910478501275012604e+03 1.935974947744938163e+03 8.840564354322055806e+03 -1.975183679708217142e+03 7.030829980414177953e+02 6.221176710683871534e+03 3.433523332272582593e+03 2.010680806103792975e+02
-1.610656136768195211e+04 1.156017457920086053e+04 1.572569381148289176e+04 5.828078324510501261e+03 -2.132346022458038348e+01 1.645524125422822544e+04 -4.077808036623342105e+03 1.035328576852501101e+04 -3.727492877361858700e+04 1.402941155382636134e+04 1.687180034048190237e+03 -1.467431651789166153e+03 -5.596192179651285414e+02 -2.284595957071625890e+04 -2.646267497842758166e+04 -1.283178297244745181e+03 1.325075457410134504e+03 -7.651088013803332899e+01 3.919088842096525696e+03 4.210640241121302552e+02
-4.161313609180256753e+04 4.485833937187746051e+04 -2.857399822060958104e+04 7.342522059856487613e+04 -7.147547635326703130e+03 3.787462652981037081e+02 7.165916196461229219e+02 3.945571135009588761e+04 -5.615497919158735385e+03 1.074772644658362333e+04 -1.791488276287733970e+04 5.279061122559754585e+04 6.456094998618345016e+03 7.608573222836162131e+02 4.821134528279585538e+03 2.517853316918646669e+03 -5.197553683742189605e+03 1.329530895538381446e+04 -4.473857509560351900e+03 9.885516550589499047e+02
-2.696516015562861503e+04 2.894751966558534332e+04 1.195837982612678570e+04 2.107060194182688792e+04 5.174707519750154461e+04 1.109300356040638144e+05 -2.007033159428018189e+04 4.736566570034220786e+04 -3.820551462341442239e+05 6.680166177239731769e+04 -8.861535348923140191e+03 -4.996218874146461894e+04 1.031935559464466678e+04 -1.439398753825854510e+05 -2.780244467520566541e+05 -3.954688010126327572e+04 5.415229679102393129e+04 9.452896496047708206e+04 7.513918041840322549e+05 2.418385804091750106e+04
-6.006928185046598810e+04 7.938799480844561003e+03 -1.883531481807970340e+04 3.468730691490988829e+04 -3.047764495323785468e+03 -3.089752878227608107e+03 -1.452676502623556189e+03 1.425227288096374650e+04 5.449291651148140772e+03 -3.831013111731673234e+03 5.392355702641167227e+03 -1.183891274472655277e+04 -7.793714644867771995e+02 3.374622510952513494e+03 -2.972044763946839339e+03 -1.363218274767293451e+03 3.309640174732680862e+03 -1.571224271502723241e+03 6.051680720631965187e+02 1.015493252184793050e+03
-1.863187419734380092e+04 2.401941500814310348e+04 2.217159892457316164e+04 5.300092866469976798e+02 -2.533876923833361161e+03 -3.450954554496016158e+02 -3.301125474076376122e+04 8.436537249221559250e+03 -3.751933986787053641e+02 -1.272711888781108428e+03 -8.971433344431701698e+03 -1.211927877844921932e+04 -6.396104419108099819e+02 -1.076932463020520117e+03 2.916981189215846371e+03 -4.183234184666522196e+03 7.950566765276967999e+03 2.477040480414567355e+03 -7.373463679983200336e+02 -1.538664594497884536e+03
-2.260473592697775530e+04 3.085493204391172549e+04 4.658852207335773710e+04 6.159443481596613128e+04 2.662700547363420355e+03 1.583989284751438827e+05 3.528336205000093742e+03 8.973054611026102793e+04 -3.063547896504756063e+05 1.698102696028160863e+05 9.727451576357932936e+04 4.116312733903983462e+04 -8.782921209272573833e+03 -2.154350618293324951e+05 -2.461727177307793463e+05 5.039176057912744000e+04 -8.307708633167052176e+04 9.442353004491073079e+04 -2.740038930274713784e+05 -1.445060612725156716e+04
-4.589368464421355748e+04 -1.203300022316408831e+04 6.078931012906599790e+03 6.449570804826877975e+03 6.258107180087365123e+04 -1.690336489392045905e+03 -2.466131763986879832e+03 -5.761857160954552910e+02 2.130652173283454331e+01 -9.065215702016051864e+02 -4.412910171075056383e+02 3.337734950169693775e+02 -1.240196484897655438e+02 5.811739553175121955e+02 -3.358678130788852627e+02 1.142204032571900001e+02 8.788563715340113447e+01 3.897369094780198395e+01 5.515875041685845872e+02 4.181866744270756158e+02
-1.708636728398345076e+04 2.835189174431264109e+04 6.586308687313712653e+03 -4.901950806097448549e+03 1.834501097847514984e+03 1.047673046542375914e+03 1.521118082522548093e+03 3.529827770442487235e+03 -3.096794889893597428e+04 -4.028766569875828282e+04 -1.560307267959708588e+04 -2.689018817350478002e+03 2.364681543432397575e+03 4.393882550741890554e+03 7.508663857060430473e+02 2.230344054615501136e+03 -6.242688887996139329e+02 -4.744686105552486310e+02 -7.202272152496885838e+02 -1.552508230545669221e+03
3.746973160122688114e+03 2.652317954581521553e+04 2.346029159606683606e+04 -6.646511466511172330e+03 -4.183702214710055159e+03 -1.169805102144090512e+02 -7.641903516135503014e+04 4.097604150077601844e+03 1.974543662456344236e+03 7.117420238977972986e+03 -1.312492838026995014e+04 -3.537538239449903813e+03 1.718887399583472870e+02 1.194608219258948338e+03 -1.170364369711317778e+02 5.174013177668914977e+03 3.447529355432905959e+03 8.582267939536390031e+02 -1.714933119850374169e+03 -9.714949353375645842e+02
-2.572861446516602882e+04 5.074861656840160140e+04 -8.399137420900535290e+03 -1.050657913806153010e+04 -4.553930381276975936e+02 5.855883656548835461e+02 -8.711572748160375340e+03 3.833881169665461925e+02 9.807590159070061873e+02 3.377057654915205148e+03 -4.902197868049308454e+03 -6.109145500214690401e+02 -1.313617143929044673e+01 7.016238525714146590e+02 -9.028808247110879392e+02 5.988974830816958956e+02 -3.788650089717045830e+02 -3.358050385399007496e+02 -1.908407639018247437e+02 3.149293650711146029e+02
-1.298211096979217837e+04 8.369492461789348454e+03 -5.341717579202620527e+02 4.461519326580342749e+04 -5.077899798919360364e+03 -3.674229207277221121e+03 -3.631467625879298566e+02 4.102865874621726107e+03 1.484494839848454831e+03 8.406482276057649869e+02 -2.301307719923248897e+03 -1.339882960966997416e+03 3.355265022495252083e+02 1.436251004171974500e+03 -1.350213179931888135e+03 2.115684626135760936e+03 -2.480938154040155496e+03 -1.288844687345689636e+03 -3.201156095721210590e+02 1.835996555923734377e+02
-6.547479238511005860e+03 6.608909413596494232e+03 9.176163459214643808e+03 1.643575524228654467e+04 -2.814516378310329856e+03 -2.422661055909741663e+03 5.479999999304825451e+02 -2.040346353428399379e+04 -3.243317719298067914e+03 2.453079953626709539e+03 -6.084711097126342793e+03 -3.776036824500556122e+03 -5.425213728758006937e+02 -7.515271084577416332e+03 6.026685455656556769e+03 -3.612660503252398030e+03 1.927328172574027121e+03 3.582811568220749450e+03 1.021071804432482963e+03 -1.181731965358411071e+04
-5.413791859465242851e+03 1.168421326368446898e+04 1.590308248413575893e+04 1.564322803289144940e+04 -4.051069730279298710e+03 -2.745902902813102173e+03 -4.595532243541725620e+03 -2.485270862763480545e+04 -3.943674034841810681e+03 -1.538799505114539215e+03 3.314756016186948273e+03 3.913536440585907712e+03 8.094137137142953975e+01 -7.292425223604535631e+02 1.205427018070473650e+03 -8.072826952931100095e+02 1.181554255611552435e+03 4.841553980711451288e+01 4.112305036659219013e+02 3.358337463365117856e+03
-1.900905969002557322e+04 6.619277784127044470e+03 1.519121307852460632e+03 1.897635647422516922e+04 -2.497927431679457641e+03 -2.271889577628132884e+03 3.492096812224318683e+02 -5.297511389872869586e+03 8.421035093404913141e+02 -8.254108435068261542e+02 1.646956581180894091e+03 -5.596870537764180881e+03 -8.009700048499970535e+02 1.717351190051283254e+02 -6.235899049601297293e+02 -1.714098194619527931e+03 2.904307543492835975e+03 2.528593550000204004e+02 3.237352608708500945e+00 -1.992438559936424838e+02
-2.142296379749858534e+04 1.041763452194973070e+04 2.081903354883680731e+04 9.463889251301739023e+02 -2.021471384070288195e+02 3.780841407464974964e+03 1.269368186513014962e+03 1.459802745676940685e+04 -2.806640317478587531e+04 5.089625832834615721e+03 6.098118569305655910e+03 2.280313857896738409e+04 2.641740493399207480e+03 -6.858081959790145629e+04 -6.816523213534760544e+03 -2.935391458730933664e+04 2.976369592426181771e+04 8.545975715258409036e+04 2.587739757612833346e+05 1.352833369631474625e+02
-4.170587323475137237e+04 3.568095269194974389e+04 -2.473796659065772110e+04 -2.162838451348631679e+03 2.604538090189770173e+03 1.263866223777013829e+03 2.139268686962770062e+03 2.132181932836943361e+03 -3.101443213554645263e+04 -3.973010668543655629e+04 -1.565188987708706190e+04 -3.853053730695455670e+03 2.197703823538943652e+03 3.483344351578281930e+03 1.419975937599374220e+03 2.164803718320965800e+03 -4.940297926262983310e+02 -2.932248527942805367e+02 -1.051548700041124675e+03 -1.919990278365265567e+03
-3.974917303996800911e+04 2.992474114119260776e+04 7.071599825384917494e+04 2.119786576615697704e+05 2.921329843516815163e+04 2.260459814969441388e+06 -1.914860276708381571e+04 -1.197141876558182703e+05 3.777748173153723474e+05 -2.296517968083749874e+05 -1.297108764629842626e+05 6.304044928217919369e+04 5.534690031535938942e+03 -1.422523746465898002e+05 -6.509183787714028585e+04 -5.075145329514676996e+04 9.022648044844013930e+04 -1.260102463768135494e+05 5.543411406090674427e+04 7.031130045779574175e+03
-4.713600865978793445e+04 6.135588242410560633e+04 -9.362980449333976139e+03 1.961459351967898556e+03 -3.057897968102338382e+03 -3.679890545980111369e+02 -4.245189866607556905e+04 7.232306830281842849e+03 2.424136466216233202e+03 4.869730114471112756e+03 -8.470287517397571719e+03 -3.494303785541406796e+03 1.771634312323934353e+02 5.161468667020022849e+02 -1.540776166623465429e+02 1.597231319709696436e+03 -1.514698703512622387e+03 -1.554109002903218880e+03 2.707219325088602204e+02 1.581770440151206685e+03
-8.190968414000813937e+03 2.413167555364106374e+04 1.715135821550189576e+04 -4.566137480114404752e+03 -8.336881682207729227e+02 -1.056621764131736541e+02 -1.834824872616186667e+03 2.141587775688777583e+03 8.108199561327326137e+02 1.489762494701578362e+03 -3.393816797019287151e+03 -2.275601434039523383e+02 1.195249108192762577e+02 8.396452008985927478e+02 -6.225115308301928962e+02 1.442365281679465170e+02 1.448003927314567818e+02 8.199956063900251024e+01 5.130155349968390510e+01 1.014277730369160224e+02
-3.885754238286244072e+04 3.844015346544401837e+04 -1.820402894868576914e+04 3.710542575426932217e+03 6.524432475835753576e+04 -3.876395604497004115e+02 -1.671777369203816988e+03 1.056917082525432761e+03 -3.129947152805522273e+04 -4.010621162932413426e+04 -1.809691994047061235e+04 -3.857216842723535137e+03 2.063647862063735374e+03 3.857529202163734226e+03 1.467494285133613175e+03 2.206912003982021815e+03 -3.207175426645683274e+02 -2.984997100814320561e+02 -3.287676974585270955e+02 -1.296538244802725558e+03
-4.230074632648596162e+04 3.173283367173568331e+04 -1.181595865101451818e+04 7.022798172212296049e+04 3.528531896716216579e+03 7.898680008489934153e+03 -5.763680276387690355e+03 7.020235113786105649e+04 -8.040181862613800331e+04 -3.238103336256204420e+04 -8.247568561438926554e+04 2.313521132912283356e+05 -1.214324406624735100e+06 3.285774123662659258e+04 3.262960412621330761e+04 7.592509437942585464e+03 -2.003601040810386849e+03 -9.984261045926943552e+03 1.619860374059043897e+04 -3.105760709461279839e+04
-1.605096087687483487e+04 1.330505053592808326e+04 1.402598936449997200e+04 1.593524212999431484e+03 -1.455865244241097116e+03 -5.294730663053196622e+02 -1.992997425657296117e+04 3.614653010518512474e+03 -1.826201404090496226e+03 -2.189983494636501746e+03 -8.635965945241701775e+03 -7.716329070267657698e+03 -1.846479389882311807e+03 -5.521645126543702645e+03 6.111426707804736907e+03 -3.506049155906790111e+04 -2.385438299331611779e+04 -1.524414713819255667e+02 -6.836405956906254460e+02 -3.337739742149328777e+02
-4.013325432442953570e+03 1.642510970336514947e+04 2.379659566678788906e+04 -3.052977809625289410e+03 -1.230748770769776456e+03 -3.612833592682061408e+02 2.404139911396074751e+02 1.463228330204704662e+03 7.551249136446517696e+02 3.645910267736556989e+02 -1.173785229407504403e+03 1.268329546778414141e+01 4.283550751404002455e+01 9.955523046774401337e+02 -8.121310211883912871e+02 1.494251588863521079e+02 1.450087472515683089e+02 -7.423630871069681803e+01 1.855135230173656851e+02 1.754325680291494507e+02
-1.892994630661337578e+04 1.213193400879968431e+04 1.387591219401408307e+04 4.615752256002610920e+03 -1.097518270828621098e+03 -7.796798089966922589e+02 -9.352951353287306119e+03 6.993302008597505846e+03 2.857941518317574264e+03 -1.006897575901780783e+03 -4.576499354815886704e+02 -1.466050017502130322e+04 -1.784168896195954630e+03 -3.492222358370350321e+03 1.166609696962892713e+03 -9.457984691894818752e+03 1.360383373076193311e+04 5.638773122622470510e+03 2.101187464143679335e+03 -4.483235502488332145e+02
-2.467656100104900543e+04 4.322721328554811771e+04 -9.370907807792369567e+03 -8.204159837116301787e+03 -5.284616995154335228e+01 4.117869314814281552e+02 4.377777433118887416e+02 -5.651623813232924931e+02 7.552096406244489799e+02 2.170103479471923492e+03 -2.639357581555229444e+03 -6.341510696989863050e+01 -1.852364482867337259e+01 6.960734427757687399e+02 -8.871144036816609741e+02 4.047566662092252727e+02 -3.362047633074521400e+02 -3.085476987742943038e+02 -6.113801000257569740e+01 3.652231491458765049e+02
-1.040347719585436425e+04 8.303472130396996363e+03 1.182739807342524000e+04 -4.314689626672502527e+02 -2.131307159748705544e+02 -2.190761622503761714e+02 -5.709213780050529294e+02 1.904202813966990789e+03 -1.148557123636227152e+04 -1.792151157592813615e+04 -1.020042049684903213e+04 -2.860645201046854254e+03 -5.270830702461918236e+02 1.224832161412357891e+03 3.749661111306192197e+03 3.145390055670892252e+03 -5.733970538335528317e+02 -1.011336640412094766e+03 9.787006244726855584e+03 -8.564424945125604154e+02
-2.079872154026664066e+04 2.301262177311371488e+04 2.781233708410477993e+04 5.280752192131114862e+04 1.898121831730266422e+04 3.945801167727387510e+05 -8.629316190962386827e+03 4.870682226124389854e+04 -4.489198651543679298e+05 2.664641288210290950e+05 1.004053454014450544e+05 -1.278585670325097308e+05 8.105133357099221939e+03 2.505880785946081160e+05 1.227242857358850306e+05 -2.785124923055542240e+04 2.327273734393592167e+04 6.953022560114209773e+04 5.475016851465109503e+05 2.539773012891562030e+04
-1.686399874203246873e+04 1.163831362733882816e+04 -2.283353745443814205e+03 7.209921466628179769e+04 -7.975594536977230746e+03 -3.034208176882518728e+03 -7.516483343918162063e+02 1.531693040858694985e+04 -8.573281348413255500e+02 5.073118903819024126e+03 -7.500789660621500843e+03 8.302743075912900167e+03 -4.934373122843480246e+02 1.730943078046707342e+03 -4.226238332862723837e+03 4.364761975465248725e+03 -5.124019196681687390e+03 1.726269968647603037e+03 -4.339594496790801713e+03 7.237702955622206673e+02
-1.796564183407655582e+04 1.416536463670041485e+04 9.573164648238634982e+03 5.271567534849916228e+03 -5.911500651686019410e+02 1.008822259990533894e+02 3.239996251780798502e+03 6.674103169258969501e+03 -1.769927287507920482e+03 1.205961761533652862e+03 1.323473009105641268e+03 1.499482221025775459e+02 -2.443610763422934542e+04 -2.893628392368378172e+03 1.219406926536243736e+04 -1.700304116570880797e+04 2.419280560340997545e+04 -5.141848025089805742e+04 -7.727279143571268833e+03 -1.330974776082315657e+04
-1.802726877319109190e+04 1.142166989840197130e+04 2.260319014032753330e+04 -9.139733807701293244e+02 3.083079246320141920e+03 1.258714693810273639e+04 1.226799866614653638e+03 1.138722964073171352e+04 -2.642931391206449189e+04 1.778254858409382359e+04 2.005853710970411612e+02 1.734690905854991433e+04 5.482976717622821525e+03 -2.652690127629527342e+04 1.286973045765755705e+04 -4.521043423722127045e+04 7.176427765084995190e+04 -1.148760572103326849e+05 -2.044699102695754482e+04 -1.235560726068546046e+03
-5.546119298651985446e+04 3.804472669580615911e+04 -3.275563738231145180e+04 1.625516144212416111e+04 -7.987058034341428083e+02 -1.416083918428052584e+03 9.379621780746411730e+01 7.096371587050633934e+03 4.055630058253591415e+03 -2.334524437464613129e+03 6.265412748652393020e+03 -9.276827293513179029e+03 -1.143420311903015772e+03 1.063000791825436181e+03 -1.496643316399691685e+03 -2.072633125466175443e+03 3.644683421991551768e+03 -7.076062114956390587e+02 6.102212604987062150e+02 1.081607420375244999e+02
-5.290046299437344715e+04 -1.265525516310270177e+04 -1.112520455133267205e+03 6.856282759194225036e+03 -8.087445879340621104e+02 -7.130717482396983087e+02 -7.178381444027146472e+02 3.171303572578335661e+03 1.691228485416085505e+03 -8.136193993370777662e+02 1.665317165054012094e+03 -3.937580254910706117e+03 -4.605316998222349412e+02 9.092328557173716490e+02 -1.019623950685325894e+03 -9.408283038671927443e+02 1.894423424233789319e+03 1.093601803488566873e+02 -6.834442806601884968e+01 -1.919073259433707790e+02
-2.581117076169580469e+04 2.795715388520744455e+04 4.714067726956812839e+04 9.726744567592677777e+04 9.728789990300856516e+03 7.925686681602563476e+05 -4.535674322858871164e+03 1.691817987667530906e+04 -1.811385462661169004e+05 1.523846264860412048e+05 6.869441584582453652e+04 -4.844324141369426798e+04 2.961007207971099433e+03 1.621377704933811619e+05 1.294043685487337498e+05 -1.328355603572490327e+04 1.231833112597967192e+04 -3.152161586849235755e+04 -3.859897833572093077e+04 -2.541372508907613337e+03
-4.497560914768553630e+04 -1.201604209123886358e+04 5.309826484159040774e+03 1.043054283205260191e+02 -3.748424338867728238e+02 1.119628517855333882e+02 -1.248291171715571721e+02 3.567363206870639715e+03 2.175775992060211195e+02 -4.081280349976337902e+02 6.180110491064101552e+02 -4.960572751337494083e+03 -8.285484604035052598e+02 -1.363918249631085928e+04 1.185007122673222511e+04 3.586646625777939789e+03 -5.047427174203558025e+02 8.135508620338127628e+01 9.193478737572451109e+02 8.169647232449573266e+02
-2.543166285698781940e+04 5.265790621531774377e+04 -2.693399588721461441e+03 -9.914717518074459804e+03 -1.291154816954584930e+03 2.048540097232073549e+02 -9.120619729052063121e+03 -2.573131911427494742e+03 4.096381116663096691e+02 -2.721420211759313474e+02 2.821656366030424124e+03 2.743228988384303648e+03 1.867472868027652453e+02 1.662413662899247356e+03 -1.336465663421199451e+03 8.620130410705074837e+02 -6.016968761341593108e+02 -6.000079224281390680e+02 1.388770807750577490e+02 6.963982082485163119e+02
-3.862457135054691662e+03 1.349365184289215176e+04 2.028685748244409842e+04 -2.627142414492344415e+03 -8.146004922168225448e+02 -2.662247349875743225e+02 3.022150975972415381e+03 1.770889722546809026e+03 7.955451424548863315e+02 1.095888103976656794e+03 -2.752942940034532512e+03 -7.689761569522980835e+02 -1.300877584057231573e+01 8.085362071998174542e+02 -7.394885213103461865e+02 5.018723188130742585e+00 2.237722539990980408e+02 5.012704239732020284e+01 3.466605917214741339e+01 7.274995006568425993e+01
-3.440633898858170141e+04 4.370198342291024892e+04 -1.064626052042681113e+04 3.781222159796578489e+04 -3.326659294419986509e+03 5.603304692726537724e+02 3.541708984687491011e+03 5.068770063791318535e+04 -1.773276820685791972e+04 6.487542251296727954e+03 -3.752926779266454105e+04 1.513532630094628839e+05 3.164126970761189295e+04 -1.271252573740497064e+04 5.780358427184413449e+04 -5.371757076918907842e+04 6.656483194680087036e+04 3.143571401094579414e+04 4.536901748569896881e+03 -3.864308359341385767e+03
-3.885188543786619994e+04 3.614554735393062583e+04 -1.928431437533532517e+04 -1.280410324934098014e+02 3.362278403425074430e+03 1.755579447067759611e+04 -2.080799369136945643e+03 1.022364857648575344e+04 -6.862281947477858921e+04 -2.563567161726557242e+04 -1.514341436542061820e+04 -5.569973965455726102e+03 1.649428191045172980e+03 -1.870035693211021135e+04 -2.507868034628783425e+04 7.861500935109968395e+02 1.263293472028774659e+03 -7.942321736600965778e+02 3.267838858233412338e+03 -7.707681745238853637e+02
-1.671276941713461565e+04 1.734514706463077528e+04 3.212245315765197302e+04 2.769951872535654184e+04 2.251522146222602751e+05 -6.207962425270386120e+03 -4.612899666327698469e+03 -3.722349529637956948e+03 3.074193045433290990e+03 1.840897656449130181e+03 6.105899550913172789e+02 9.182790832387029241e+02 5.600193302846706729e+02 9.892748656135158853e+02 2.203077970586012100e+02 2.926931637904569357e+02 -3.172197080854563751e+02 -3.216837074894642967e+01 -1.472477676510534820e+03 1.208841053032149944e+02
-4.880333025309664663e+04 -1.576733256781104319e+04 -1.053837673721461243e+02 -1.415803899328293710e+03 -2.615576702112859309e+01 1.009362270077029109e+02 -3.921989180771233805e+02 -2.471917933222701080e+01 2.606465521350928611e+02 3.981161164155396932e+02 -1.575688933045403495e+01 3.537839408112982369e+02 6.710662404173474727e+01 1.312938795775262406e+02 -9.005426335303442897e+01 1.380217116844477800e+02 -4.763606513239963647e+01 7.451938782101153436e+01 -1.871764288333960025e+01 -6.497579552909739959e+02
-2.088598440986345304e+04 1.714086066732720792e+04 3.278469745699229679e+04 5.883264600850241550e+04 9.587691399036255461e+03 4.600764764732171316e+05 -4.948898130841276384e+02 2.749486466073690826e+04 -1.986835131179989257e+05 1.401975794246009027e+05 5.906788998699311196e+04 -3.359819742577629950e+04 5.824020485034360490e+02 5.967694122275949485e+04 3.777043614345479000e+04 -1.728932463364289788e+03 8.244864702255166833e+01 -5.443688972291365644e+03 -3.351068650695757242e+04 -5.809238396114004672e+02
1.020414119817597748e+04 1.827118255951869514e+03 2.578017258799264255e+03 6.099677361434809200e+02 -1.558317153534177351e+02 -1.446071068172855689e+02 -1.095712575517850382e+03 6.946127096710705473e+01 -5.538277160630136642e+00 9.279283576779507214e+00 -1.604496791496430887e+02 -1.540372208770763223e+02 -1.172426864024603788e+01 -5.217434830459889099e+02 3.836291105050476631e+02 -1.143506120665588242e+02 7.294047955611101486e+01 1.103911014445181848e+02 1.895223703066588428e+02 -4.540301203375191790e+02
-4.725446835776155785e+04 -1.390447982705425056e+04 2.400082257144388677e+03 -6.603473653499128204e+02 -1.199858468455327625e+02 5.045164410372882458e+02 -6.079521559900010288e+03 4.469561139870080297e+03 -9.126234025696239769e+03 -1.232104362470457636e+04 -8.910515196234544419e+03 -8.184641868312914994e+03 1.163583013829717402e+03 4.053586248797261305e+03 6.625858934030314231e+03 2.620080689028798702e+02 3.907430724374722558e+03 -1.064830802771428807e+03 -6.698849844504819885e+03 -6.179042141476308643e+03
-3.524441425842699391e+04 1.178637168715062580e+04 1.445507316343285675e+04 9.359982800882291485e+03 6.119413399034775694e+02 1.304539132590885492e+04 2.595996027179665361e+03 3.831054843540570437e+04 -4.155330466308814357e+04 1.914664494520594235e+04 -2.673154172047446264e+04 1.314564334532577195e+05 3.070207882282851642e+04 -3.772814138030936738e+04 6.163505172778565611e+04 -9.765686909562136861e+04 1.384372998719698226e+05 -9.459192757047677878e+04 -1.584150550664950970e+04 -5.557602230400664666e+03
-3.073025216066332632e+03 1.075581516142860346e+04 1.734050759498325715e+04 -2.030534591210192502e+03 -6.844373783397809348e+02 -2.543813811702784164e+02 4.835407427891404950e+03 1.224461845313858475e+03 6.739624212919843558e+02 9.590155255962548608e+02 -2.440937353977662042e+03 -6.880967112733014801e+02 -9.353659926848658657e+00 9.705017996153989088e+02 -8.309953344621899305e+02 -3.616379309643370732e+01 2.354885157819943799e+02 1.108192405663219517e+02 -8.697369256906752355e+01 8.267337476102441940e+01
-2.383923110674008421e+04 2.400065431810306472e+04 2.775928984553287955e+04 5.887880303929805086e+04 5.248264083787169511e+03 7.549728508727809822e+04 -3.272662439966490638e+03 7.893409747270488879e+04 -2.525966694480652222e+05 1.329141437861362938e+05 5.531370085363890394e+04 4.708007650492786343e+04 -7.384515170252941971e+03 -2.265134366744075087e+05 -2.390183093958937388e+05 3.961273993239807169e+04 -5.948722225363105827e+04 7.206252838782187609e+04 -1.881524479949887027e+05 -6.277271196254937422e+03
-1.052631048399732208e+04 1.851883552638748733e+04 3.053110101702707107e+04 5.659144533990031050e+03 -1.303292483372803417e+03 4.391597968342187960e+04 4.715599102688379389e+03 6.289359303651940536e+03 -2.125216814439825248e+04 7.663504909148604384e+03 3.388221645542776969e+04 8.733207343632615220e+02 -2.892178043490094197e+01 1.660098898066484981e+04 6.471864005760282453e+03 3.901156871124002009e+03 -1.190397193962593337e+04 9.382008345467311301e+03 -3.854573542959671613e+04 -5.118473522051452164e+03
-4.670803930297287297e+04 -1.331400582491061505e+04 3.042989703465956154e+03 1.325397455258352295e+02 -3.660388179805395907e+02 -1.470081578274419201e+02 -6.232822967190089003e+03 4.842649535179164559e+03 1.992493715268205278e+03 -6.801892947504319409e+02 -7.013961137362998670e+02 -1.148273314450763428e+04 -1.360781468849723979e+03 -2.810699103846011440e+03 9.374017351794176420e+02 -8.569519601647987656e+03 1.249641150957229729e+04 5.405614340076002918e+03 1.943450580900668228e+03 9.158503149339566107e+01
-1.966461557001504843e+04 1.187107865118660629e+04 1.117028104134816567e+04 1.019944436896772822e+04 -1.227047558464049644e+03 -4.805181352293703867e+02 8.166052432050918242e+02 7.304730259301429214e+03 1.786233784994679354e+03 -1.961266036829631958e+03 2.894845960502947491e+03 -8.947104546462624057e+03 -1.329754784263787315e+03 -1.396918719674828571e+04 1.161827052964692848e+04 2.615119114285952946e+03 8.295527952830756249e+02 -1.052709253896941561e+02 1.394004882904327587e+03 4.541941611220651112e+02
-3.543430017343422514e+04 4.780333508239096773e+03 2.231915021671044815e+04 1.113907354882504296e+04 8.252682410654793784e+03 4.413933071385575022e+04 -2.043646923555901822e+03 3.377282083612166025e+04 -1.206912434401929058e+05 6.268726675735772733e+04 1.893165573054675770e+04 2.645295870759349418e+04 3.493268983104586823e+03 -1.020073976484689774e+05 -7.152190280255710240e+04 -3.649190798363777139e+04 5.781923745236075774e+04 -9.670073107670541503e+04 -6.663496328622548026e+04 -2.652989655333825340e+03
-1.763163039605757876e+04 1.234324657353828661e+04 1.552714498820217159e+04 1.811349531842639635e+03 -8.040667008924137917e+02 2.440067795657708416e+01 -1.045647793877809454e+04 6.206331807074329845e+03 -8.662198866096110578e+03 -1.207787276870258211e+04 -9.814164693741578958e+03 -1.008399658472599549e+04 9.743691876690991194e+02 3.237463222548451540e+03 7.074649402685282439e+03 -8.191064820834287730e+01 4.203967142665694155e+03 -9.272089419467095013e+02 -6.610297860970985312e+03 -6.723099425911158505e+03
-1.798842538146696825e+04 4.954870057952361094e+04 6.624427122062076523e+04 1.691498248945044761e+05 3.257345805549751822e+04 1.649393917458940065e+06 -4.989629612342580367e+04 -3.554240069386406685e+04 -9.466300144692294998e+04 2.129001645318601732e+04 -3.333268620656186977e+04 -5.057967760211412678e+04 6.858889694239965138e+03 2.927014878705757292e+04 -5.219288908171098592e+04 -2.847925344146874340e+04 3.904351533213146467e+04 4.968354969310510933e+04 5.149812770130569115e+05 2.295569178063119034e+04
-1.565111822506011049e+04 2.048667036234676561e+04 3.396677851449735317e+04 2.398550051632946634e+04 1.408213290311832679e+04 1.836175292621102417e+05 -1.704268109117535232e+03 3.491513027222832898e+04 -1.615029954930181266e+05 1.151685675039693451e+05 5.206802212307549780e+04 -7.379682704931290937e+04 -6.919087457710166746e+03 -8.549426763691932138e+04 1.905267469036896655e+05 7.532553606116860465e+04 -2.666221582010770362e+04 1.253163045331531976e+04 -3.154822544632164863e+04 2.506338009007180517e+04
-1.961790972570055237e+04 1.631461499629216814e+04 1.959342157674130794e+04 3.611104699945964239e+04 3.570034715977537871e+03 3.885757086170282128e+04 -2.110727665832460843e+03 3.954669366158148478e+04 -1.181274316228112293e+05 6.068162103907259734e+04 1.946144143356887434e+04 2.067255178804428579e+04 -3.282119661017274211e+03 -9.786849846135581902e+04 -1.052422212128406536e+05 1.459444834996368081e+04 -2.186940856736501519e+04 2.718757191653961854e+04 -6.696098506009200355e+04 -1.616615203357449218e+03
-9.714189259758304615e+03 1.618096384598266195e+04 2.599687634954055102e+04 3.322466564664804537e+03 -1.585077694564900639e+03 2.160175401142729243e+04 2.216810997016459623e+03 3.713819670971140567e+03 -1.079357281112996679e+04 4.350275761538915731e+02 2.371647111792042415e+04 2.164942616250140873e+03 5.772519884125910750e+01 8.099107878672552033e+03 3.396702558483823850e+03 1.866394918185006190e+03 -6.601266973739647256e+03 4.562142575865972503e+03 -1.905368033899965303e+04 -2.977071596781025619e+03
-3.910819667834944994e+04 3.635711850487681659e+04 -2.221929234384713345e+04 -3.315298859977242500e+03 2.599641030019798109e+03 1.304544047363745904e+03 -5.611903468576043451e+03 3.991677738283229701e+03 -3.372209692798650212e+04 -4.277484244078307529e+04 -2.325975603749015136e+04 -1.025429043704729884e+04 4.026306506200048148e+02 -1.524834652175862857e+03 7.162790460024280037e+03 -3.288505210012617317e+04 -2.411315516544609272e+04 -4.502570374609667851e+02 -1.754374631850071182e+03 -1.460548585888313482e+03
-2.067609034736623653e+04 1.285211964084496685e+04 1.333040717088463498e+04 1.002820394390278489e+04 -1.526564039104423273e+03 -1.238379124604125764e+03 9.991514858022670751e+02 6.008215675029694467e+03 1.372073841216167239e+03 -7.434902287317711853e+03 1.413555179335359571e+04 -2.613408804016278282e+03 -5.741006748626762146e+02 3.560674418587219634e+02 -8.153708098352017259e+02 -1.963489416103862823e+03 1.320175392237728602e+03 -2.572963200610105332e+02 7.294973869340661849e+02 -6.719254952900301987e+02
-2.320699537126685391e+04 1.656496760433384770e+04 1.418165704694103806e+04 1.937397657021288251e+04 1.600728106357899742e+04 9.401874230093875667e+04 -6.701628404913748454e+03 3.449876533256526454e+04 -2.281477810337007104e+05 5.651536804386217409e+04 2.232531362881037694e+03 -1.743596291733195176e+04 5.702695088979801767e+03 -1.006362719869455323e+05 -1.632923204890929919e+05 -2.593529420443025811e+04 3.241792476552523658e+04 6.683192262618633686e+04 4.373139090683215763e+05 1.311443155062196820e+04
-2.304797117705627170e+04 2.002207851283773198e+04 2.174495078092112817e+04 4.832557797812466742e+04 9.159013469818062731e+03 3.205220367971719825e+05 -3.377968763168621535e+03 1.917479202954618449e+04 -1.356857960121666838e+05 5.712824946528421424e+04 1.426616328893260652e+04 -1.412264167863537841e+04 2.548087495082229452e+03 -3.133065962557071998e+03 -3.805317258266670979e+04 -1.410202650133566203e+04 1.722137484650365877e+04 9.396202271278563956e+01 1.153865938937052997e+05 3.515842420124353794e+03
