-4.326093490240441315e+04 3.618033079742888367e+04 -2.673976557361158484e+04 -1.971144478832190771e+03 7.370712316035732101e+02 2.823742650209554199e+02 1.577874825830788495e+03 -4.639895228643994187e+02 -2.650114861089090255e+02 -5.022823483282472807e+02 6.938804069416587481e+02 1.066244698829366939e+02 7.196502475029842572e+01 -1.819167986970526556e+02 2.340115441957531175e+02 -5.262738265030832707e+01 5.228237326492647163e+00 2.871886684069022522e+01 -3.667333548275849608e+01 -4.701516313432189520e+01
2.097353607781362734e+04 -3.083524871370200799e+03 -3.383721003670897971e+03 -4.292429936933766612e+02 1.626506631272857817e+02 9.529536816126004339e+01 -9.632744735091505106e+01 2.136052433042122800e+02 5.131618600673627739e+00 -4.408211647914204434e+01 1.117885777398558105e+02 3.970488899856558618e+01 3.995177959002919277e+00 7.537047398143401189e+00 -7.708290805374701016e+00 8.511753071355524725e+00 -3.263770600162906987e+01 -2.453739493496211566e+01 5.390260163777247371e+00 1.557432342118086677e+00
-4.931655393880356860e+04 -1.548852847037603351e+04 1.639323350401980406e+02 -1.163991225681038031e+03 8.379758007298292455e+00 1.078008229600514198e+02 -4.418008789392737299e+02 1.290499483989916598e+02 1.724610075397484366e+01 8.151823609995609843e+01 -1.321228335821335236e+02 1.948265429299292180e+02 1.884359501521446845e+01 1.207136534580769478e+02 -6.613804242412980727e+01 8.988819409769570257e+01 -3.769347542394270789e+01 -2.519985728284569149e+01 8.760725071220532456e+00 5.387586861367591240e+01
-4.854776363963474978e+03 1.340515832886185308e+04 2.013262615480766544e+04 -1.706578054345987766e+03 -9.482908033047751815e+02 -5.847574934280928005e+01 2.079761915474837224e+03 1.708282739939009616e+03 2.746838292014491572e+02 -2.313857579484033806e+02 1.654542674353986911e+02 -3.094310913433206451e+02 -3.454228422187628667e+01 -1.493434864634538428e+02 1.279582687239266505e+02 -1.002560368963239483e+02 -1.466734471959285599e+02 -3.857649399089870457e+01 7.174624396934257220e+01 -4.090806120278766400e+01
-1.685231187819031402e+04 9.161247091368350084e+03 -2.020477631292643309e+03 4.534914508824314544e+04 -5.033870657731727078e+03 -3.364818846347347062e+03 -4.405356338838377042e+02 5.737199897003225487e+03 1.105156318215735155e+03 8.540850000893910874e+02 -1.723943171037111142e+03 -1.440970573965463018e+03 -8.863456324655130558e+00 1.096313949419632308e+03 -1.916854100231139000e+03 1.538207503594360332e+03 -1.570165095176316527e+03 -6.495290301526916892e+02 -7.575306594172525365e+02 2.202624108941943746e+02
-2.596336491118663253e+04 3.042075763894533520e+04 5.148708651902967540e+04 1.130261304749040719e+05 1.240022113923193683e+04 9.556155692195092561e+05 -2.057989372944056868e+03 8.033785191816097722e+03 -1.578681117348384578e+05 1.337221477840906591e+05 6.412704376429647527e+04 -4.747282650082962209e+04 2.521575636711914285e+03 1.566961677525038831e+05 1.169278214867613569e+05 -8.073098656471374852e+03 2.862928446557596544e+03 -9.815686335056789176e+03 -8.537545240902665682e+03 -1.402241424599056472e+03
-1.602040281797342504e+04 1.605361981370002468e+04 2.910880027958874416e+04 2.359404506244149525e+04 1.897549414046469901e+05 -5.375505337409310414e+03 -3.665472969576739615e+03 -2.870265422590245180e+03 2.337955493351670157e+03 1.045450729155474619e+03 3.849002069231667633e+02 6.623004993354101089e+02 4.010362085443449018e+02 5.736925716767700578e+02 9.476987844911192838e+01 1.297417147723532480e+02 -1.272010652667882056e+02 -1.376760284466261908e+02 -7.254394061910641085e+02 5.011741686188375411e+01
-3.251309970737499498e+03 5.436749488135847969e+03 8.099709977530587821e+03 1.144267081045719351e+04 -2.444087385820816962e+03 -1.822758767492000061e+03 6.483356484367451458e+02 -1.487163863970756211e+04 -1.870875407180732282e+03 7.856807751455178277e+02 -1.145342420684873559e+03 -3.412989259229272676e+01 -1.917556860555653770e+02 -8.703267163013828167e+02 7.182873573131113289e+02 -1.456125667363612365e+03 2.036394643017346198e+03 1.114279386633806780e+03 -5.779667287636887352e+01 -2.447645933265474980e+02
-3.390361032988087391e+04 7.461490853905177210e+04 1.565464070198635163e+05 6.688038500037605409e+05 9.269461209923577553e+04 7.429178814210163429e+06 -7.226347487304396054e+04 -6.452495208701075753e+05 2.697222315995696001e+06 -1.839428319571936736e+06 -9.099011106334049255e+05 4.952719504703676794e+05 -1.449154183666315657e+04 -1.352397542225514771e+06 -1.006791201424730825e+06 1.677897437323605482e+04 5.029670213864884863e+04 3.157114726211919697e+04 3.748489633779013529e+05 3.634773474928404903e+04
-2.513647614741007419e+04 4.902708341362707870e+04 -7.656325826874067388e+03 -9.612971578016353305e+03 -4.627726917599909484e+02 5.180144566861722524e+02 -5.720171099129845061e+03 -4.479048997371177165e+02 4.870666972124680001e+02 2.068686424663391335e+03 -2.627633204972371914e+03 3.150618642417301203e+02 5.687012632903039133e+01 8.747147453760647977e+02 -1.074706110561174228e+03 5.809855526195956372e+02 -4.016005666911727872e+02 -3.732754873144677390e+02 1.565770533943762359e+02 4.313495963579313184e+02
3.795394944529819895e+03 1.885788358045570931e+04 1.983776401173738486e+04 -2.936073177292426408e+03 -3.352457418572699225e+03 -3.095746714630823249e+02 -5.449470353458663158e+04 9.147914019761458349e+02 7.122690949826118185e+02 2.533772096787350620e+03 -4.102579854083263854e+03 -6.416150548036741839e+02 2.331818448232532717e+02 1.281967870777615872e+03 -2.566413195774421752e+02 4.022601895324858106e+03 2.914945876888781186e+03 6.642633284154749163e+02 -1.026938352348153103e+03 -7.504186910291815593e+02
