-4.215649860693530172e+03 3.732972266590571053e+03 6.105024040768362283e+03 8.680802789964587646e+03 -1.810435583122223306e+03 -1.332261295952123646e+03 1.777146712441415730e+03 -8.862241764786747808e+03 -7.125735654139816688e+02 1.519180920661063055e+03 -2.101479305408952769e+03 3.674854540761301536e+01 -7.276684394336220052e+00 -2.531855896547956490e+02 1.446775635004806304e+02 1.758796988472587941e+01 -2.574681756061357962e+00 1.558123684599673027e+02 -8.434542138381378606e+01 -1.132851342708511083e+03
2.099516953713400653e+04 -3.093364704694577085e+03 -3.395692535204427259e+03 -4.312914836620520873e+02 1.632688026197753004e+02 9.576812257691354091e+01 -9.449600280651341677e+01 2.137859068282538146e+02 5.141685828031418382e+00 -4.420235061702754109e+01 1.123771369403966247e+02 4.006630320107284859e+01 4.025076644560062533e+00 8.525736949665251529e+00 -8.427321812719336336e+00 8.718392554902450797e+00 -3.282690032475997555e+01 -2.476360741192647552e+01 5.119356131717523795e+00 1.808562464475250708e+00
-4.991595227921998594e+04 -1.534044312801044180e+04 3.628558620248534226e+02 -1.081316723121801715e+03 -7.599217887395312232e+01 5.624434315352375791e+01 -3.868434338620063500e+02 -3.614468064371610012e+01 2.830878649984973663e+02 3.912430804499657597e+02 -2.374301848518662794e+01 2.451501214692166570e+02 5.399355671835409254e+01 1.089372470752971651e+02 -7.603028164487491836e+01 9.344048044490284610e+01 1.904187925242088752e+01 9.760969940023109359e+01 -1.297819980395252770e+01 -6.657709202490877942e+02
-4.260948431411075580e+04 3.583855509581116348e+04 -2.622797651666524689e+04 -5.116649880567122636e+03 9.131961599864264372e+02 4.989456331225945291e+02 1.728144262842204398e+03 -2.218498231378158835e+03 3.045779122336502951e+02 8.541935419314213505e+02 1.106450894734566873e+03 -7.796438708707576382e+01 -1.458836760046524432e+02 -5.319505716565829516e+02 9.963067892269386050e+00 1.461385001137608413e+02 -3.419524236107096726e+02 -6.901205402121807708e+01 -1.414862374861591547e+02 -7.898995258054789019e+02
-4.004086794804627516e+03 1.638779251933411797e+04 2.374897467855650757e+04 -3.052256222405267181e+03 -1.223766967384900681e+03 -3.588988593514686727e+02 2.837388370064436458e+02 1.480219655052944972e+03 7.582763734592992932e+02 3.864250860587236502e+02 -1.220882857438336032e+03 -8.880515846810355995e+00 4.137203482866667770e+01 9.887805632737528185e+02 -8.091993210199404984e+02 1.465281005006771693e+02 1.468470335209732411e+02 -7.195603264717261993e+01 1.830774923992752292e+02 1.724950859538882924e+02
-2.516306191507626500e+04 3.364928701971432019e+04 5.667608663591428922e+04 1.296082849828257895e+05 1.094596507402368479e+04 1.079277343748195330e+06 2.750287945664145354e+03 -1.290779368621389722e+03 -9.959438614885779680e+04 9.455989907412629691e+04 5.322351473900814017e+04 -3.405441091477330338e+04 9.263244357733774450e+02 1.343422361497482925e+05 9.680323863228665141e+04 2.099348346707683049e+03 -1.244385628095963148e+04 3.837286509402665160e+03 -6.291952391668856581e+04 -5.169012551376621559e+03
-1.563360480309106424e+04 1.496085156551234104e+04 2.630129647140495217e+04 1.984905078287511060e+04 1.560511772892937006e+05 -4.772554956539533123e+03 -2.810459811534921755e+03 -2.046563993186940934e+03 2.250597081058774165e+03 4.850003028675898520e+01 1.465705627972968443e+02 2.751122740204709203e+02 2.155494045568246975e+02 5.696760930554860352e+02 3.653821015610341760e+02 5.708977152275088685e+01 -6.906811676006017819e+01 -7.912500867548280326e+01 -2.077771860339607599e+02 -9.281570467278571712e+00
-3.390361032988087391e+04 7.461490853905177210e+04 1.565464070198635163e+05 6.688038500037605409e+05 9.269461209923577553e+04 7.429178814210163429e+06 -7.226347487304396054e+04 -6.452495208701075753e+05 2.697222315995696001e+06 -1.839428319571936736e+06 -9.099011106334049255e+05 4.952719504703676794e+05 -1.449154183666315657e+04 -1.352397542225514771e+06 -1.006791201424730825e+06 1.677897437323605482e+04 5.029670213864884863e+04 3.157114726211919697e+04 3.748489633779013529e+05 3.634773474928404903e+04
-2.210037955668546056e+04 8.964511775956696511e+03 -4.417174162861839250e+03 5.102050524422802118e+04 -5.525679848057340678e+03 -4.075999879782403241e+03 -7.979810366792745526e+02 7.375268732458816885e+03 2.739318189674181667e+03 -4.275574437589815489e+02 8.496672404462830741e+01 -5.834281262328927369e+03 -5.889527118098247911e+02 2.080110974877077751e+03 -2.549327162146882529e+03 4.919476432536701509e+02 3.916673618898427094e+02 -6.424537083966390583e+02 -7.648529970722937605e+02 4.879076396008535426e+02
-3.995088320666759682e+04 4.425292024077456881e+04 -2.883608259626923973e+04 6.026533150892545382e+04 -5.771149066550095085e+03 -6.843465992044424411e+02 7.872461528006989511e+02 3.360548515719162242e+04 -2.890398534262284102e+03 7.453282589525808362e+03 -1.330905484586546481e+04 4.324759568421048607e+04 6.938820782236276500e+03 1.094123574484129222e+03 6.039954567473517272e+03 8.011413970632686414e+02 -2.966889359324731231e+03 1.025563786749711653e+04 -1.326280493862257345e+03 1.888096046015086813e+02
5.662858430792573017e+03 2.187637335578792772e+04 2.374207121460020790e+04 -3.800382440929868153e+03 -3.951090852670370623e+03 -6.171509531257969456e+02 -5.882714451029909833e+04 -2.225932857710426163e+02 9.699815498444510240e+02 1.424071971938318029e+03 -1.689035261740726355e+03 1.020871224795061153e+03 3.901814161143500996e+02 1.986847798269671102e+03 -3.946203189431798819e+02 5.151011855808120345e+03 3.203556326831819206e+03 5.516132608829657329e+02 -1.024507594227861546e+03 -5.119889010761074246e+02
-2.501247249191244555e+04 5.049316644686305517e+04 -3.043988050765599382e+03 -9.361311660311315791e+03 -1.143037563813584029e+03 1.681704267814217530e+02 -6.265921990437365821e+03 -2.819458452937395123e+03 3.498166422864670722e+02 -5.604959706259625136e+02 3.348356266315008270e+03 2.868814729334410004e+03 1.826462382524323687e+02 1.650223779458072613e+03 -1.330734058717858488e+03 7.994023549650491987e+02 -5.858096744196111558e+02 -5.895378061060026766e+02 1.767200143138902604e+02 7.046583515475033437e+02
-4.861839368539876159e+04 -1.528739792914683494e+04 3.911247772235899447e+02 -1.311253213221348460e+03 2.645479958020493427e+02 2.706221221113456750e+02 -4.014727115475583901e+02 2.770143455832013842e+03 -1.704694069560699791e+04 -2.703541333049178502e+04 -1.266335062220122018e+04 -3.364980974611137299e+03 1.209495725249021007e+03 6.325947434922694811e+03 3.038712669296695367e+03 5.305554894419431548e+03 7.849427130536935238e+02 -9.055374181637560014e+02 -5.975954295928875581e+03 1.023605769074264344e+03
-8.267611137455978678e+03 1.212154746843615430e+04 1.945328432140658697e+04 6.778813508485585544e+02 -9.836745524148897175e+02 -4.176639810884676649e+02 1.471017584732514479e+03 2.022707820698449041e+03 -4.760797895735869361e+02 -5.678134084212539165e+03 1.122468610330340380e+04 2.783233183345585985e+03 1.451293499205199851e+02 -4.469026943815294430e+02 6.163827464360121411e+01 -4.128299488517620262e+02 -1.352727936322229198e+03 -2.601578078818303652e+02 5.567657326223031760e+02 -1.061565798695464764e+03
-3.440633898858170141e+04 4.370198342291025619e+04 -1.064626052042681113e+04 3.781222159796578489e+04 -3.326659294419986963e+03 5.603304692726538860e+02 3.541708984687491011e+03 5.068770063791319990e+04 -1.773276820685792336e+04 6.487542251296728864e+03 -3.752926779266454105e+04 1.513532630094628839e+05 3.164126970761189295e+04 -1.271252573740497246e+04 5.780358427184413449e+04 -5.371757076918907114e+04 6.656483194680087036e+04 3.143571401094579414e+04 4.536901748569896881e+03 -3.864308359341386677e+03
-1.004899986477400125e+04 1.210351263368742366e+04 1.814059271095137956e+04 1.712246511056029249e+03 -7.379156542057578463e+02 1.849238457525852937e+02 2.689204595573063443e+02 4.490205359677247543e+03 2.575886571252559065e+02 -4.715345688341208756e+02 6.118964122992870216e+02 -5.029380791640898678e+03 -8.856786529087937652e+02 -1.477861282660424513e+04 1.216091487580060493e+04 3.723877556444784204e+03 -9.686004867999525914e+02 8.037800163922968011e+01 1.055017446657852588e+03 2.895213561942404112e+02
-5.569963073253937182e+04 4.000524081454399857e+04 -3.540128080195653456e+04 3.386319163456542447e+04 -2.646326352393198704e+03 -2.978421476435594286e+03 -1.702351305725791235e+02 1.327873263919393503e+04 5.935383108813371109e+03 -3.183994423268694391e+03 6.244542103277306524e+03 -1.249485013510049248e+04 -9.808736907070554025e+02 3.113819815720319184e+03 -3.199804087729558887e+03 -1.210436065684011282e+03 2.932243729220827390e+03 -1.852565111011800127e+03 4.739180552032482296e+02 9.570104494953681069e+02
-1.072745814242223105e+03 9.465597711493444876e+03 1.395580937891247049e+04 1.446562393380403955e+04 -3.713905604902716277e+03 -2.559344449076729234e+03 -1.956588140249008120e+03 -2.494346581437431450e+04 -3.972975921167163960e+03 -4.762546927733732218e+02 1.149201919403044030e+03 3.567751079497496448e+03 7.645730979822145912e+01 -7.349681996933946948e+02 1.153076494856523368e+03 -7.894657489208564130e+02 1.132032685854441752e+03 1.402944376069656300e+02 2.543076876536553073e+02 3.306372124513554354e+03
-9.045574359854299473e+03 2.509472781560665680e+03 6.052602049672834710e+02 8.564211321167173082e+03 -5.749691222825023260e+02 -1.042737895624301473e+03 -5.479558260491886585e+02 2.337874444150976615e+03 2.716819043223619701e+03 -5.838273971440328751e+03 9.895888114277095156e+03 -2.375673958914054310e+04 -4.361648984331933207e+03 -3.282483414749741769e+03 -9.360360308197105041e+02 -2.595746211705441965e+04 3.979367801747011981e+04 2.336766508746085674e+04 -3.981866910769650531e+03 -2.856470254596074483e+03
-4.679770990793898818e+04 1.215091367005377469e+04 -1.520415546602802351e+04 1.343445135677665530e+04 4.547817147043622867e+02 -1.254920919419478196e+02 -8.076833067681862985e+02 1.634449518992396224e+04 -9.798865599246739293e+03 -1.063435613024535269e+04 -9.655854007901918521e+03 4.640001193447296828e+04 -3.351305652708171401e+05 1.387256927966908916e+04 9.702717371192869905e+03 -1.708779389661585810e+02 1.221205099208779575e+04 -3.601216893248257293e+03 1.025727638613317686e+04 9.702828519210299874e+02
-1.525443992487792457e+04 7.077623064644822080e+03 9.512291142218753521e+03 3.118144729186643872e+03 -7.086784582558279908e+02 -5.911942364834345653e+02 -7.931795223836074001e+03 2.279317623415576236e+03 -2.163708608195961460e+03 -3.601951062749213634e+03 -5.938619848477859705e+03 -7.066364853734557073e+03 -1.890636402099750057e+03 -5.574262677188981797e+03 6.121128113676388239e+03 -3.533263166964429547e+04 -2.371934061963532076e+04 -7.632343087787162972e+01 -5.621747357555450435e+02 -2.617263423194282268e+02
-4.036747841329324729e+04 3.654173718236360583e+04 -2.333908216442372577e+04 -3.701069511429482645e+03 2.852858302552138866e+03 1.900765136272232667e+03 -3.343480419610933950e+03 5.714245157124440993e+03 -4.072613388405150181e+04 -5.174333297358002164e+04 -2.611103703978758858e+04 -1.215728768724730253e+04 3.304450672880285310e+03 7.134800487379913648e+03 8.265230520404773415e+03 2.327846968272239792e+03 3.492832172673428886e+03 -1.281220420808650715e+03 -7.481850361099039219e+03 -7.808896969676660774e+03
-2.856258324376708333e+04 3.456825273116506287e+04 -3.909994776386905869e+03 5.712599317356084612e+03 1.266073679098032881e+04 4.458382885931331839e+04 -4.379142560364049132e+03 2.059867739768259707e+04 -1.460572064841251413e+05 6.291292452537674762e+03 -1.112516072135621107e+04 -1.246344806477037673e+04 4.042830510529240200e+03 -5.386308503509940783e+04 -9.145832302841896308e+04 -1.012482015613241128e+04 1.473182351301033486e+04 2.572198635108516100e+04 1.991340223565658380e+05 5.855598888321865161e+03
-2.355501195781554634e+04 2.426984973255989826e+04 3.045530167303908092e+04 5.912451571240432531e+04 8.350890648660182705e+03 8.631646067246636085e+04 -1.990197281742229734e+03 7.837111987679245067e+04 -2.531767388323281775e+05 1.347787085001167434e+05 5.998019736836873199e+04 4.462488080936218466e+04 -7.427769283151555101e+03 -2.174164048649182951e+05 -2.326986299964478821e+05 3.998201027050674747e+04 -6.119156957917978434e+04 7.300509332303369592e+04 -1.949312601985632791e+05 -7.287238835909097361e+03
-4.845963014898239635e+04 -1.541570544048269039e+04 9.484239234665999163e+01 -1.433326655135140300e+03 3.801555477882268264e+01 1.424529441474404337e+02 -7.656487647675452308e+02 1.711225375156304608e+03 3.725176719076167160e+02 -3.168186584693015106e+02 5.590535728672609821e+02 1.677176792397174836e+02 -4.114007897165317331e+02 3.639853548981849372e+02 -1.299490310205508194e+02 -2.736757961005951074e+02 2.945139405312567646e+02 -6.726279036900567689e+02 2.380974075089480948e+02 2.133488693548830270e+04
-6.746118232703178364e+03 1.667375727270122297e+04 2.597538632102475458e+04 1.279357090921929193e+04 7.264224412881965691e+03 1.360843862542367424e+05 1.408222593041573418e+03 1.001838291241939987e+04 -8.134109155585267581e+04 6.942153404561964271e+04 2.772272142724409059e+04 -2.916041716101058773e+04 9.263371871539086442e+02 7.598888132985575066e+04 7.080582649766729446e+04 -1.904176471080824342e+02 1.581912525743125116e+03 -6.725305862642053398e+03 -1.159112585358956494e+04 3.991189038693700581e+02
-2.014504633504052617e+04 1.062716118458732308e+04 2.187704603092172329e+04 -4.004992194874652967e+01 3.034039012240794818e+03 1.463018706878956800e+04 6.418620641592957554e+02 1.249289990751801270e+04 -3.150278965936684835e+04 1.978632355256641313e+04 6.865371924112107536e+02 1.736591445204674164e+04 5.441890239574639054e+03 -2.966854747822355057e+04 8.864651243631262332e+03 -4.525492308549598965e+04 7.173357789663576114e+04 -1.147044286590801494e+05 -2.054939385332366146e+04 -1.202087136806821036e+03
-4.604446547773989005e+04 -1.262364005940350035e+04 4.560885374779636550e+03 1.940821919670578154e+03 4.317845024686537272e+02 1.602213110561979738e+04 -2.968695774840175545e+03 8.330601557194200723e+03 -3.707399058917172079e+04 1.345221796679972249e+04 2.528743188586112865e+03 -1.765259894647967030e+03 -5.516557672358114814e+02 -2.169698902425312917e+04 -2.671956415169626780e+04 -1.422846640825818668e+03 1.883099144622455697e+03 -5.607611065858336588e+02 4.343482302856692513e+03 9.582676483637113733e+02
-3.072117739279915440e+03 1.075527122673025042e+04 1.734004829751281068e+04 -2.030388217583184087e+03 -6.844423564459169711e+02 -2.543910717302070736e+02 4.836113481699276235e+03 1.224221845194936805e+03 6.739354306848415490e+02 9.589820614902056377e+02 -2.440822477706144582e+03 -6.880112813049073566e+02 -9.291516563905860338e+00 9.706132112191073702e+02 -8.310742746590517527e+02 -3.615740829356025188e+01 2.354796746538805507e+02 1.108457557832359441e+02 -8.700868852033575251e+01 8.201194879879163580e+01
-3.770983126473466837e+04 5.487385780222576614e+03 1.397230955163091676e+04 2.078126879706950422e+04 7.888132223667610560e+03 5.041418500662119914e+04 -7.442846384545428009e+02 4.519229222614926402e+04 -1.758634299516984902e+05 8.380269460526382318e+04 2.220801421463676525e+04 2.007865925857896218e+04 1.205491776937907707e+04 -3.255078927226952510e+05 -2.339856602635043964e+05 -4.201601559623531066e+05 7.102285857723297086e+05 -2.104463607909047045e+06 -2.177633794808288221e+05 5.090580878107423814e+03
-4.332376167140884354e+04 4.873417784566304908e+04 -1.491819379816078981e+04 1.183625997982947010e+05 3.774330498322490166e+04 3.272267325405126940e+03 -6.657788197464812583e+03 1.238686921783806029e+05 -1.073264803249460820e+05 -3.239254324847713360e+04 -1.485637644755731453e+05 4.946661070626931614e+05 -2.562450987102032639e+06 7.993945496745551645e+04 8.424003479697836156e+04 3.541244295918357238e+04 9.498511284400306977e+03 -2.362886442389662261e+04 3.937337699184878875e+04 -6.968172246985540551e+04
-8.928819396036997205e+03 1.674660968016845800e+04 2.577723858317278791e+04 6.104187784602565898e+02 -2.040687353648016369e+03 -7.519116668577590872e+02 -3.325259957879584363e+03 -5.049114633376003667e+02 -9.428208393855614986e+02 -8.868018907540561486e+03 1.807309994991424537e+04 5.866349232501226652e+03 3.452392705757454223e+02 5.017616106022060194e+02 -3.391953512578428445e+02 -7.504994562078712761e+01 -1.591015108436852188e+03 -5.296604421575133301e+02 8.300772402592878052e+02 -7.082202815670299287e+02
-3.937153958005670574e+04 9.400567375560967776e+03 2.847170868239001720e+04 -7.704187854615644937e+03 -4.774978464673319650e+03 6.019810164568498294e+02 -9.283654984462929133e+04 9.804378563949621821e+03 -1.180067871268931412e+04 -9.444628457886306933e+03 -3.087097540681488681e+04 -2.959314100704528391e+04 -1.036357618702884065e+04 -4.091347559392800031e+04 4.181658393500300735e+04 -5.402395853004804812e+05 -4.130519698641552241e+05 -2.224136468164363396e+04 -2.088010960122930919e+04 2.494672799212529208e+04
-1.168657746597597907e+04 7.540386071369972342e+03 5.307557327367021571e+02 3.706152092176459701e+04 -4.327138087813284073e+03 -3.563591808719837445e+03 -1.941209140660781145e+02 1.192292954184875725e+03 1.645365252483461973e+03 1.880598877361108521e+02 -1.473565813249879511e+03 -3.059029915363941655e+03 3.515114818420989877e+02 1.235439177063560692e+03 -8.700229142130367563e+02 1.483189690103832845e+03 -1.666275969996837830e+03 -1.509280155677411813e+03 1.818740312555045762e+02 1.260435903678134366e+02
-1.085920375403121579e+04 1.307296181514396267e+04 2.098139479013857272e+04 3.813224548891688755e+03 -6.877767673705360494e+02 4.140565509036176991e+03 3.288779178016751757e+03 1.354234792500429285e+04 -1.481321359566234423e+04 1.147797889160729210e+04 8.472478065959423475e+03 -3.651370692576099100e+04 -5.629075951953972435e+03 -1.083810986183628847e+05 1.233341660602059856e+05 5.532367128966005112e+04 -1.634244594809509726e+04 7.207423893429446252e+03 -4.248126563769073073e+03 1.813302489245689867e+04
-2.643763552898166745e+04 3.733526593055090052e+04 6.763889405942482699e+04 1.420863090887261205e+05 4.313969502724552149e+04 1.271015833814267302e+06 -1.308669935687625548e+04 9.499174306960003742e+04 -1.141569845409028232e+06 9.370813689726606244e+05 4.408323173746695393e+05 -4.719446091059840401e+05 1.800154699702349899e+04 1.400029016413799254e+06 1.067892005748613970e+06 -4.399176234783912514e+04 -1.709472291622325429e+04 1.811669281306827033e+05 1.144675960023254156e+06 7.039145206546309055e+04
-2.442978664093364569e+04 4.517796916238153790e+04 -9.513051040230731815e+03 -8.900672063170675756e+03 -7.887434515558226167e+01 4.667821341107014632e+02 -7.003309890028642712e+02 -3.926925853336707064e+02 8.037139765218581715e+02 2.439249680402392642e+03 -3.151055905087361680e+03 -1.398504737071941690e+02 -1.534573904491520047e+01 7.137676576347691935e+02 -9.098773776239198696e+02 4.480440471195070131e+02 -3.464089233208969745e+02 -3.249521722693089600e+02 -7.067620005956332818e+01 3.613461507817836491e+02
-4.673913713979131717e+04 -8.853704084947181400e+03 -1.324565717245835685e+03 2.174307085133191140e+04 -2.102600165915474463e+03 -2.011175907480983142e+03 -3.624408771151230667e+03 1.541652334835160400e+04 5.487938217911870197e+03 -2.391375712818432476e+03 2.051586932961602542e+03 -2.509506597473141483e+03 3.774468334439976388e+03 5.162799853388232805e+03 1.707006349575900913e+03 1.643605523803813412e+04 -2.328701136595157368e+04 -5.592925736830999813e+04 4.844322060885660903e+04 -1.025449494974027948e+04
-1.641608874086479773e+04 1.781503969921320459e+04 3.391932557508655736e+04 3.004647648016687526e+04 2.499917312753506412e+05 -6.692097632385709403e+03 -5.099177230338958907e+03 -4.633045393007049825e+03 3.300533643941049377e+03 2.482476980786641889e+03 7.369656543700307338e+02 1.217177745181498267e+03 7.091833332843809785e+02 1.185158462462909029e+03 1.749086552626279172e+02 3.980901744452095841e+02 -4.526640136990731662e+02 5.478677905212872190e+01 -1.976800365014091767e+03 1.416439360140808787e+02
-4.041545915606411290e+04 3.790383684294592967e+04 -2.696330105663327049e+04 1.906539692206690961e+04 -1.255288798715425173e+03 -1.060569125131170949e+03 1.223706533312341207e+03 1.776598333489745346e+04 -5.734027138665349099e+01 1.361616401180304592e+03 -5.583925027948515890e+03 3.066532027462348924e+04 7.677043172230249183e+03 3.451050734403004299e+02 1.037878562503190915e+04 -3.168777404493952872e+03 1.897410430433067404e+03 7.107455772652746418e+03 3.720414693241089481e+03 -3.001099412677858709e+02
-5.037963260833575077e+03 1.394982229978603937e+04 2.244798792910777047e+04 4.634998159917356588e+02 -9.838126121540669828e+02 2.188307547688912382e+04 6.680720436196559604e+03 3.809991727582295425e+03 -9.558108704148895413e+03 7.906882260409969604e+03 8.159448338816693649e+03 -2.073601198377928085e+03 -1.364645570610686320e+02 8.590233936270682534e+03 3.286602452524393357e+03 2.330846010659214699e+03 -5.195510105972293786e+03 4.960663501080720380e+03 -1.963008325622725897e+04 -2.008033939217332545e+03
-4.589368464421356475e+04 -1.203300022316408831e+04 6.078931012906599790e+03 6.449570804826877065e+03 6.258107180087365123e+04 -1.690336489392045905e+03 -2.466131763986879832e+03 -5.761857160954552910e+02 2.130652173283454687e+01 -9.065215702016053001e+02 -4.412910171075058088e+02 3.337734950169694343e+02 -1.240196484897655580e+02 5.811739553175121955e+02 -3.358678130788852627e+02 1.142204032571900001e+02 8.788563715340116289e+01 3.897369094780199106e+01 5.515875041685845872e+02 4.181866744270756726e+02
-2.526453035560741046e+04 4.444472669138551282e+04 7.377008612880375586e+04 1.667412331157379376e+05 1.493705606932060800e+04 1.466414314343673177e+06 -2.802717923809582771e+03 -2.346521660321276795e+04 -9.237804425527285275e+03 3.232638898700806749e+04 2.991672128163318121e+04 -1.749737816649088927e+04 4.957015334456363576e+02 9.101359860904086963e+04 5.358278815693398064e+04 5.187350187974319851e+03 -1.797233859911886975e+04 1.889587042832405132e+04 -4.458338193041580962e+04 -5.903833228715079713e+03
-2.081303823523509709e+04 1.817157416201244632e+04 2.201060758109213566e+04 4.077177566681604367e+04 8.554490850500491433e+03 4.733763754826345394e+04 -3.403484791888219661e+03 4.652069384642329533e+04 -1.432079830899474327e+05 7.464975937167488155e+04 2.615881343345424830e+04 2.465849558045705635e+04 -3.992497341237764886e+03 -1.201239800959516870e+05 -1.277858689853067481e+05 1.798070703808469625e+04 -2.675841434647992719e+04 3.179403125142637145e+04 -8.951835829721749178e+04 -2.500594444517756074e+03
-2.815505312981601310e+04 3.350731373381992307e+04 2.722453251394900508e+04 7.889710805677040480e+04 2.051767458049329434e+04 6.185060111238833051e+05 -5.326784612787726473e+03 4.917996910175008816e+04 -4.070814281285979087e+05 2.502359355527803127e+05 9.557268329440517118e+04 -8.625695797462640621e+04 8.559674518077230459e+03 1.795563175610450271e+05 8.429872758623586560e+04 -2.174243517848386909e+04 1.931893905063985585e+04 3.408965417291752965e+04 2.890120403327278909e+05 1.144563469332263594e+04
3.584186557859149161e+03 8.217605051479347821e+03 1.026878926235984545e+04 -7.407611919875336071e+01 -1.799793570371290343e+03 -4.888885170215013432e+02 -3.564569199525861768e+04 3.583081662960491940e+02 9.300556699158169067e+02 2.164737377972460308e+03 -3.759159593322401179e+03 -8.822493880485117188e+02 1.650363291451868690e+02 7.720520917038060134e+02 2.042557793578321537e+02 4.368447159524535891e+03 3.408832690468267174e+03 8.446335869151278075e+02 -9.401988193522815891e+02 -1.320995811962095559e+03
-6.708722029446289525e+03 6.612827067580188668e+03 9.096257045956481306e+03 1.653413900320747052e+04 -2.818435973928246312e+03 -2.431683618690703952e+03 5.489815816573121765e+02 -2.035052787015910508e+04 -3.215501847343651662e+03 2.426219740873810679e+03 -6.038193762942042667e+03 -3.875376491383466600e+03 -5.583188955528735278e+02 -7.503882947329069793e+03 6.008488074291170960e+03 -3.645827106160528729e+03 1.982968180046557336e+03 3.589529272157121341e+03 1.018736297205755818e+03 -1.181715114402618929e+04
-4.170324232268446212e+04 3.592800288983647624e+04 -2.631111025582168440e+04 -5.215194680268989032e+03 9.961860748760464048e+02 5.561228440108310451e+02 1.341938083209331353e+03 -4.304916567621630747e+02 4.213094467389594797e+02 1.276632886864747860e+02 1.716021576201648713e+03 -2.214880664581806684e+02 -6.278360627224360542e+02 -2.600806059232396592e+02 -5.757933517513069432e+01 -2.423856012809914375e+02 -3.644378215321172121e+01 -8.380023343760741454e+02 1.149647840141556401e+02 2.120631091592619487e+04
-4.602943147526718531e+04 -1.264689863789240917e+04 3.977983541881245856e+03 -4.699698354103416875e+01 -4.530022228453654520e+02 -1.513452401315360021e+02 -8.306502588745566754e+03 2.768450996686507551e+03 -2.053515310426852011e+03 -3.485854513877725822e+03 -5.982718044148910849e+03 -6.529510876289483349e+03 -1.815652155286428751e+03 -4.565033017427119375e+03 5.397040189435899265e+03 -3.505207940036319633e+04 -2.350753317250120745e+04 -1.858441280671967775e+02 -7.520672148716734000e+02 2.543486747477951155e+02
-1.335784412477532715e+04 5.392653224570922248e+03 2.971616937562581370e+03 1.905387220489508400e+04 -2.967550780421677700e+03 -2.583561633666754460e+03 7.440411009900007002e+02 -2.025390919334140199e+04 -1.802770929451634174e+03 4.385586316204738068e+03 -5.493329614280696660e+03 -1.757388606066574539e+03 4.256477700449545409e+02 -5.472627718535205531e+03 5.260608814052414345e+03 2.075946158333256335e+03 -5.314070374452279793e+03 -3.959156515725744157e+03 6.026868224275362991e+03 -8.006412039263304905e+04
-1.484305539282220889e+04 3.986910043206995761e+04 2.913137023575088097e+04 1.553176823540773330e+04 3.409084569161373656e+04 1.429064365017496166e+05 -5.954675593095531076e+04 6.073022532967996085e+04 -4.759142174122977885e+05 1.046109733626499947e+05 -1.437251720818732974e+04 -6.492637361458590749e+04 1.291680266171397670e+04 -1.817507951599852531e+05 -3.550678512397125014e+05 -5.226569979340975988e+04 7.121105712159360701e+04 1.215915395838075347e+05 9.844487336623072624e+05 3.203514041152373829e+04
-1.665189662793207026e+04 1.146003369653161462e+04 -2.198325177972263191e+03 7.061944008050553384e+04 -7.818891672380091222e+03 -3.073674736113475774e+03 -7.311461720258459991e+02 1.471032459915045547e+04 -7.236367452171283503e+02 4.838163238736507992e+03 -7.214048189692442065e+03 7.774341231117547068e+03 -4.433136892206608763e+02 1.717113354496925695e+03 -4.064578901838560796e+03 4.247635182980438003e+03 -4.989209881811886589e+03 1.551332802420187818e+03 -4.111645424881618055e+03 6.923185205018735360e+02
-6.004971146295298240e+04 7.946384079945582016e+03 -1.883466897197967046e+04 3.467243696043786622e+04 -3.042412796006733970e+03 -3.087904152239921586e+03 -1.441278044268583699e+03 1.424887690505991668e+04 5.416772742353974536e+03 -3.877596301829250024e+03 5.376045336500849771e+03 -1.183052939916457581e+04 -7.732204609694758801e+02 3.385354364799885843e+03 -2.966944575867973981e+03 -1.345266476860157354e+03 3.295505039292681431e+03 -1.579864378226236568e+03 5.930346336098074289e+02 1.017920704543745956e+03
-4.230074632648596162e+04 3.173283367173568331e+04 -1.181595865101451818e+04 7.022798172212296049e+04 3.528531896716216579e+03 7.898680008489934153e+03 -5.763680276387690355e+03 7.020235113786105649e+04 -8.040181862613800331e+04 -3.238103336256204420e+04 -8.247568561438926554e+04 2.313521132912283356e+05 -1.214324406624735100e+06 3.285774123662659258e+04 3.262960412621330761e+04 7.592509437942585464e+03 -2.003601040810386849e+03 -9.984261045926943552e+03 1.619860374059043897e+04 -3.105760709461279839e+04
-2.546321305102575570e+04 2.748212019725025675e+04 4.652734578219144169e+04 9.610378725463821320e+04 9.830332722251419909e+03 7.862454640528832097e+05 -4.464701206217534491e+03 1.658079214534048151e+04 -1.784619949583820999e+05 1.492962435087313643e+05 6.705096627426265331e+04 -4.676285304038471804e+04 2.719388404171352704e+03 1.532548747973956051e+05 1.217654228163497464e+05 -1.212212440484260878e+04 1.099655000177226430e+04 -2.920874227296278332e+04 -3.964063321740467654e+04 -2.417376668642346885e+03
-4.656732902458983881e+04 6.040205678553674079e+04 -8.604595798603990261e+03 2.264045417890928547e+03 -3.089260412494577849e+03 -3.960548885710156242e+02 -4.250752073726854724e+04 7.387180152220495074e+03 2.305515917919474759e+03 4.628424558368998078e+03 -8.606828709643275943e+03 -3.585275247508152916e+03 1.407824487145755654e+02 5.374551567634734965e+02 -9.873989856896832862e+01 1.612889240222172702e+03 -1.497847434112425844e+03 -1.572020360192308999e+03 3.884662963020700772e+02 1.962238886060674758e+03
-1.355329269712224595e+04 9.580086871444334975e+03 -6.774702835042970719e+02 5.472971864917921630e+04 -6.179877957112649710e+03 -3.286807835292928758e+03 -4.505234321704817262e+02 8.227873636487562180e+03 2.858012097694617069e+02 2.785178219683787120e+03 -4.757168306036780450e+03 3.161730493819587537e+03 2.551677927770334620e+01 1.447947191060651448e+03 -2.465885027615450326e+03 3.139220047769108078e+03 -3.749243101065611881e+03 3.848568844170760173e+01 -2.056114620431190360e+03 3.961945552253526444e+02
-2.487358605807778076e+04 4.962554324264081515e+04 -8.833514451433733484e+03 -1.025367329638176125e+04 -3.421086518426878342e+02 5.638219906985016223e+02 -6.233273517654287389e+03 1.414991553958500958e+02 9.377835775178905351e+02 3.129521586774939351e+03 -4.434991847353326193e+03 -4.343774390802188350e+02 -9.411348141520287314e+00 7.464794644942932109e+02 -9.364570788034093312e+02 5.699814323006672794e+02 -3.723308058228329855e+02 -3.456606280330889263e+02 -1.489517828283404697e+02 3.384012908632230392e+02
-2.106844954547480302e+04 1.479635729536166582e+04 1.549501449233811763e+04 1.059135488213641474e+04 -1.946976782573191485e+03 -1.415847138256447806e+03 -6.465972805261454823e+02 5.434714638917879711e+03 1.341380398092276209e+03 -8.826841584222929669e+03 1.706817171072496058e+04 -2.052882190450269263e+03 -5.849801571559956983e+02 7.140635535210335547e+02 -1.054928350529835598e+03 -2.055096775398941645e+03 1.537562782730856043e+03 -2.946016453883689223e+02 7.987994209775403078e+02 -7.227548507847017163e+02
-2.867925802635618675e+04 1.428134917120139835e+04 1.055645274957372385e+04 1.101402766354690357e+04 -1.612581718067843894e+03 -1.372124615876023199e+03 -1.170381852268537659e+04 1.071012830831406973e+04 3.396073177047171612e+03 -4.173120587032921321e+03 1.549692826303815309e+03 -2.063041199440823038e+04 -2.465443265788550434e+03 -1.809544820812877560e+03 6.634297271506881088e+02 -1.039225042893342106e+04 1.609839003324687837e+04 5.220910005552306757e+03 9.244345790606017772e+02 -9.705887244563637068e+02
-2.558716647316587841e+04 2.377799063802203455e+04 1.277338461166944580e+04 2.321480738927048878e+04 4.219760520215736324e+04 1.142513679764762783e+05 -1.103553158488179542e+04 4.401217280277521058e+04 -3.538170333987753256e+05 7.986496167408893234e+04 3.629540323781166080e+03 -5.192948440892694634e+04 8.965444660255419876e+03 -9.389538005597212759e+04 -2.157466151751668367e+05 -3.473768381028886506e+04 4.546882410448909650e+04 8.541253643781013670e+04 6.696155694364602678e+05 2.265803412560472862e+04
-1.298574497077147498e+04 8.362505926453026404e+03 -5.403064744730235134e+02 4.456027615640983277e+04 -5.071410732214691961e+03 -3.679071006000654961e+03 -3.633557487437527698e+02 4.079398229200357946e+03 1.496132927735432759e+03 8.244854702252712286e+02 -2.280827662004356625e+03 -1.376099860752997301e+03 3.385512039196980822e+02 1.437592231160270558e+03 -1.341902203824904745e+03 2.108995838285002719e+03 -2.472739532204397165e+03 -1.301215517424964446e+03 -3.053287534394037266e+02 1.818081133053759970e+02
-8.163722123220538379e+03 2.416621141717774299e+04 1.720919391392734178e+04 -4.568472131199749128e+03 -8.447761543389339067e+02 -1.062437706043790939e+02 -1.944541227172368053e+03 2.152653501446032351e+03 8.142702209722834823e+02 1.498410615150171679e+03 -3.409480415155509036e+03 -2.439593118913057310e+02 1.176455741317051036e+02 8.379049074515487519e+02 -6.234401319046314711e+02 1.462009399552504192e+02 1.438980809892955790e+02 8.013914644186019132e+01 4.946215445550637213e+01 9.975833869326935144e+01
-4.250614519400518475e+04 4.525388886441407521e+04 -2.809584234514921991e+04 8.320802786790428218e+04 -8.136687372272092944e+03 1.209143943735416997e+03 6.631707491953712861e+02 4.382730267432157416e+04 -7.802252057904658614e+03 1.309699079445762618e+04 -2.129839604171935571e+04 5.956186363970323146e+04 6.151444263324798158e+03 4.582203429809004547e+02 3.756222150206346669e+03 3.766589382969293638e+03 -6.787607568113763591e+03 1.554210660505587475e+04 -6.755884861298171927e+03 1.817991746284227702e+03
-4.151274297900839883e+03 1.841930499276460250e+04 2.641616922123389668e+04 -2.936950529988538619e+03 -1.684081975148673564e+03 -5.347198295153608569e+02 -1.940811739273130797e+03 3.565154335971259769e+01 4.792636983846873591e+02 -1.357940801355468693e+03 2.537393425027730245e+03 1.682894975973172450e+03 1.525235084305298869e+02 1.520796965718379852e+03 -1.041763821312037862e+03 3.365556921832530861e+02 1.011230192547956719e+01 -2.134668841317317742e+02 3.156471975737528624e+02 3.722417130102040801e+02
-2.142296379749858534e+04 1.041763452194973070e+04 2.081903354883680731e+04 9.463889251301739023e+02 -2.021471384070288195e+02 3.780841407464975418e+03 1.269368186513014962e+03 1.459802745676941049e+04 -2.806640317478587167e+04 5.089625832834614812e+03 6.098118569305655910e+03 2.280313857896738409e+04 2.641740493399207480e+03 -6.858081959790145629e+04 -6.816523213534760544e+03 -2.935391458730933664e+04 2.976369592426181771e+04 8.545975715258410492e+04 2.587739757612833055e+05 1.352833369631474625e+02
-1.634734480272500696e+04 1.689519701039140273e+04 3.100873103696448743e+04 2.601264623958627999e+04 2.110497511267174559e+05 -5.905270478579878727e+03 -4.248878554481484571e+03 -3.423451831658474021e+03 2.835954355154501172e+03 1.480972562610847262e+03 4.957891204323230454e+02 8.482351965876323447e+02 5.002372427578214911e+02 8.690897002965562024e+02 1.944527582295013701e+02 3.281772234728943545e+02 -4.003895635515268623e+02 8.425132268611481834e+01 -1.216642419325169158e+03 8.708482554572532308e+01
-1.597546968776258473e+04 9.993773498065065723e+03 1.473324306261562197e+04 6.373887574557760672e+03 2.270631614256764692e+02 1.656567067581172523e+04 -5.848741590685814344e+02 1.007034397380355949e+04 -3.749873220263695839e+04 1.372321013700827098e+04 2.442883543151684535e+03 -1.056292566317903720e+03 -5.474961674273966992e+02 -2.291589648825070981e+04 -2.649071477950955159e+04 -1.296013008897713462e+03 1.249162337174369213e+03 -1.032756098605632777e+00 3.830342009154437619e+03 4.334152779224292544e+02
-4.152198336515462142e+04 3.511837869898669305e+04 -2.532245584158652127e+04 -4.536982107430474571e+03 3.241858461092063408e+03 1.681021698537959765e+03 2.234216540942894426e+03 3.943325214700911602e+03 -4.812795540555823391e+04 -6.556886332237164606e+04 -2.957996886102376811e+04 -7.316637956343626684e+03 3.218870823777257556e+03 9.052849669431598159e+03 4.745453733186296631e+03 7.131699574039469553e+03 3.359018303708737676e+02 -1.079485902292150968e+03 -5.600555185464741953e+03 -8.361184301390730980e+02
-1.565111822506011049e+04 2.048667036234676561e+04 3.396677851449736045e+04 2.398550051632946634e+04 1.408213290311832679e+04 1.836175292621102708e+05 -1.704268109117535232e+03 3.491513027222832898e+04 -1.615029954930180975e+05 1.151685675039693451e+05 5.206802212307549780e+04 -7.379682704931290937e+04 -6.919087457710166746e+03 -8.549426763691932138e+04 1.905267469036896655e+05 7.532553606116860465e+04 -2.666221582010769998e+04 1.253163045331532157e+04 -3.154822544632164863e+04 2.506338009007180517e+04
3.746973160122688114e+03 2.652317954581521553e+04 2.346029159606683606e+04 -6.646511466511172330e+03 -4.183702214710055159e+03 -1.169805102144090512e+02 -7.641903516135503014e+04 4.097604150077601844e+03 1.974543662456344236e+03 7.117420238977972986e+03 -1.312492838026995014e+04 -3.537538239449903813e+03 1.718887399583472870e+02 1.194608219258948338e+03 -1.170364369711317778e+02 5.174013177668914977e+03 3.447529355432905959e+03 8.582267939536390031e+02 -1.714933119850374169e+03 -9.714949353375645842e+02
1.168910848150232141e+03 6.411368490910593209e+03 1.009747199361439561e+04 1.419357694014958179e+04 -3.170762857550631907e+03 -2.358655588474603974e+03 7.047657493050863877e+02 -2.390408226825825477e+04 -3.768708907780937807e+03 1.057433017817918426e+03 -2.111756158596429032e+03 2.148430220741573521e+03 -2.003811345019875745e+01 -1.057158459061893154e+03 1.255091901525804587e+03 -9.495865134446113416e+02 1.260234957946966233e+03 2.748251133951954444e+02 8.070306409889654731e+01 3.163788677245758663e+03
-3.885754238286244072e+04 3.844015346544401837e+04 -1.820402894868576914e+04 3.710542575426932672e+03 6.524432475835752848e+04 -3.876395604497004115e+02 -1.671777369203816988e+03 1.056917082525432761e+03 -3.129947152805522273e+04 -4.010621162932412699e+04 -1.809691994047061235e+04 -3.857216842723536047e+03 2.063647862063735829e+03 3.857529202163734226e+03 1.467494285133612948e+03 2.206912003982021815e+03 -3.207175426645682705e+02 -2.984997100814320561e+02 -3.287676974585271523e+02 -1.296538244802725330e+03
-2.257345371450910898e+04 1.886850413231276980e+04 2.472300353167996218e+04 5.191904492169248260e+04 9.680807147424124196e+03 3.488393295755911968e+05 -2.792075321593169974e+03 2.645182527577148721e+04 -1.761599102361216501e+05 9.451509099933691323e+04 3.284331940021868650e+04 -2.076744144005020280e+04 1.483881537278337646e+03 8.095679195614730816e+03 -2.582875099519159630e+04 -7.095781139772217102e+03 7.146916388262550754e+03 6.472810561634934857e+03 6.783698321290587774e+04 2.387210591474919966e+03
-1.578649424096795337e+04 1.133696536517614732e+04 9.151412537153883022e+03 2.351243328363878027e+04 -4.197558186214116176e+03 -3.391814802503023657e+03 -3.153390851511571327e+03 -2.012467545906356099e+04 -1.767076541023336176e+03 -2.532195515579466246e+03 4.572213662517393459e+03 -3.821325109430353223e+03 -1.021060653994427867e+03 -1.881153875289756741e+02 1.033143960643969876e+02 -3.137342063219117790e+03 5.010366204889343862e+03 5.172282883037349848e+02 2.900433448390671174e+02 3.440591408346112530e+03
-4.140985007607439184e+04 3.578637604821207788e+04 -2.446633808414151645e+04 -2.333260933340390238e+03 2.607783802910890699e+03 1.273529798957117009e+03 1.263595057168875201e+03 2.326372915013752845e+03 -3.135038504411276881e+04 -4.008934316372132162e+04 -1.652964872025600198e+04 -4.561929286535963911e+03 1.994875311066967697e+03 2.909601560404515567e+03 2.071226853358359222e+03 -1.808932389963789547e+03 -3.177503663770178264e+03 -3.070629019740776471e+02 -1.124444537913430850e+03 -1.874979410894962257e+03
1.020414119817597566e+04 1.827118255951869514e+03 2.578017258799264710e+03 6.099677361434806926e+02 -1.558317153534177635e+02 -1.446071068172855689e+02 -1.095712575517850155e+03 6.946127096710704052e+01 -5.538277160630137530e+00 9.279283576779507214e+00 -1.604496791496430319e+02 -1.540372208770763791e+02 -1.172426864024603788e+01 -5.217434830459890236e+02 3.836291105050474926e+02 -1.143506120665588526e+02 7.294047955611100065e+01 1.103911014445182133e+02 1.895223703066588428e+02 -4.540301203375191790e+02
-3.885188543786621449e+04 3.614554735393063311e+04 -1.928431437533532517e+04 -1.280410324934097446e+02 3.362278403425074430e+03 1.755579447067759247e+04 -2.080799369136945643e+03 1.022364857648575344e+04 -6.862281947477857466e+04 -2.563567161726557970e+04 -1.514341436542061638e+04 -5.569973965455727011e+03 1.649428191045172753e+03 -1.870035693211021498e+04 -2.507868034628783425e+04 7.861500935109968395e+02 1.263293472028774886e+03 -7.942321736600966915e+02 3.267838858233412793e+03 -7.707681745238853637e+02
-4.670803930297288025e+04 -1.331400582491061323e+04 3.042989703465956609e+03 1.325397455258352295e+02 -3.660388179805395907e+02 -1.470081578274419201e+02 -6.232822967190087184e+03 4.842649535179164559e+03 1.992493715268205278e+03 -6.801892947504319409e+02 -7.013961137362998670e+02 -1.148273314450763246e+04 -1.360781468849723979e+03 -2.810699103846010985e+03 9.374017351794176420e+02 -8.569519601647987656e+03 1.249641150957229729e+04 5.405614340076002918e+03 1.943450580900668683e+03 9.158503149339568949e+01
-3.974917303996800911e+04 2.992474114119260776e+04 7.071599825384917494e+04 2.119786576615697704e+05 2.921329843516815163e+04 2.260459814969441388e+06 -1.914860276708381571e+04 -1.197141876558182703e+05 3.777748173153723474e+05 -2.296517968083749874e+05 -1.297108764629842626e+05 6.304044928217919369e+04 5.534690031535938942e+03 -1.422523746465898002e+05 -6.509183787714028585e+04 -5.075145329514676996e+04 9.022648044844013930e+04 -1.260102463768135494e+05 5.543411406090674427e+04 7.031130045779574175e+03
-3.862750232266285821e+03 1.348061567852754160e+04 2.027115548410748670e+04 -2.623133599456670709e+03 -8.133066892706694944e+02 -2.662043106567739983e+02 3.029409234507899328e+03 1.767796010465666086e+03 7.948026629416040123e+02 1.094534908531409656e+03 -2.749923814883616615e+03 -7.683611935637519537e+02 -1.300452984710235604e+01 8.091615140584882511e+02 -7.397813173501682513e+02 4.694265343237829846e+00 2.238570517678018916e+02 5.057861356020335108e+01 3.386200163051333334e+01 7.265636108352741473e+01
-7.286792223535970152e+03 1.254409963166365924e+04 1.692575418456829721e+04 1.568128612028766656e+04 -4.122213008903221635e+03 -2.765616686407196084e+03 -5.855840941960130294e+03 -2.492655460435792702e+04 -4.060020828546656503e+03 -1.749689488442854554e+03 3.767992143770827170e+03 4.410961486391653125e+03 1.505083289490655147e+02 -8.894942088306942196e+02 1.384606646141216515e+03 -6.719115151643549098e+02 9.258557274352269815e+02 -7.540926170183542609e+00 4.828785087364052515e+02 3.332544684523186788e+03
-1.593228522812905248e+04 1.176042412283130398e+04 1.395075509690285253e+04 3.086118640804327697e+03 -1.182331900441194193e+03 -6.392915586798141021e+02 -1.384544251966053162e+04 5.732898470877377804e+03 2.366770679630564700e+03 -2.259130371801159640e+02 -1.574022562163714611e+03 -1.217850983354769232e+04 -1.406479499550096534e+03 -3.077852854951250720e+03 1.223195912605334115e+03 -7.413584553382886043e+03 1.181960611251903902e+04 4.993453644492498825e+03 1.671152678364253688e+03 -5.433407616834356304e+02
-5.546119298651985446e+04 3.804472669580615911e+04 -3.275563738231145180e+04 1.625516144212416293e+04 -7.987058034341428083e+02 -1.416083918428052584e+03 9.379621780746411730e+01 7.096371587050633025e+03 4.055630058253592324e+03 -2.334524437464613129e+03 6.265412748652393020e+03 -9.276827293513177210e+03 -1.143420311903015772e+03 1.063000791825436181e+03 -1.496643316399691685e+03 -2.072633125466175443e+03 3.644683421991551768e+03 -7.076062114956390587e+02 6.102212604987062150e+02 1.081607420375244857e+02
-3.534794914800228980e+03 1.237288984516333767e+04 1.933651296169523266e+04 -2.088195440931046960e+03 -9.791542861926674277e+02 -3.529626555677555757e+02 3.291641017695199025e+03 4.834335344041818416e+02 5.349772242825695230e+02 2.082377431506838761e+01 -4.240389082132290923e+02 2.332725704745834321e+02 5.056280422527883189e+01 1.244322221792754817e+03 -9.501319189247196846e+02 7.090744121783070852e+01 1.633147358488777456e+02 2.548815146129794584e+01 5.639212962778915816e+00 1.952940189426772690e+02
-4.728824940603465075e+04 -1.430966043195198836e+04 1.873231300495086998e+03 -9.301749862709277750e+02 -5.971836265009383027e+00 3.269321570387313045e+02 -3.518141723939901567e+03 3.464094542000721049e+03 -1.028552514995207093e+04 -1.527063952559631434e+04 -9.245584360149419808e+03 -5.389705270277639102e+03 3.213888460680867070e+02 3.140056888332243034e+03 4.968948099168416775e+03 1.693915729826573852e+03 1.837452250509890973e+03 -7.927914754486522497e+02 1.214907964505210657e+03 -3.445662742028666798e+03
-3.524441425842698663e+04 1.178637168715062398e+04 1.445507316343285493e+04 9.359982800882295123e+03 6.119413399034776830e+02 1.304539132590885492e+04 2.595996027179665361e+03 3.831054843540570437e+04 -4.155330466308814357e+04 1.914664494520594235e+04 -2.673154172047445900e+04 1.314564334532577195e+05 3.070207882282851642e+04 -3.772814138030936738e+04 6.163505172778567066e+04 -9.765686909562136861e+04 1.384372998719698226e+05 -9.459192757047674968e+04 -1.584150550664951152e+04 -5.557602230400664666e+03
-9.906024173391098884e+03 1.651491514675655708e+04 2.670715643698551503e+04 3.782677458907302025e+03 -1.609962031171879062e+03 2.551474216259528839e+04 2.710400752652353731e+03 4.171319934776121954e+03 -1.258676831635131202e+04 1.560720077909843667e+03 2.575722263090215347e+04 2.010140764455177759e+03 4.933314105897876800e+01 9.716549842656664623e+03 3.930891778569598500e+03 2.187313584280714167e+03 -7.562876713596563604e+03 5.409642482879637100e+03 -2.250276004281622954e+04 -3.387998798970625558e+03
-5.291558695656672353e+04 -1.267428706541134125e+04 -1.132500182466884553e+03 6.864027044635212405e+03 -8.090027786207890586e+02 -7.133496915648730692e+02 -7.162259281568420874e+02 3.170295070992886394e+03 1.693181956938556596e+03 -8.026468182837247696e+02 1.644775107730174796e+03 -3.945090392967594198e+03 -4.609039366910495232e+02 9.086367600444258414e+02 -1.019526168300856057e+03 -9.397588657353392136e+02 1.896187356361465390e+03 1.099463121934758476e+02 -6.953465608652537355e+01 -1.924227936142112014e+02
-3.771812195284562040e+04 4.232556715922048170e+04 -2.856420222319940513e+04 3.633325655998787988e+04 -3.243993992409451039e+03 -2.563480870260202209e+03 9.165074023921454227e+02 2.335942630969299717e+04 1.690126530413263936e+03 1.262135081661320100e+03 -6.187944014152375530e+03 2.845338314643862395e+04 7.932513466631743540e+03 1.974563217708194315e+03 8.962588775968590198e+03 -2.053361062304528332e+03 8.025459880488283488e+02 6.121547056911427717e+03 3.557139491791314867e+03 1.849530816589469850e+02
-1.890984514978091829e+04 5.866192135404502551e+03 7.754111763582978938e+02 1.741862326063052024e+04 -2.163005914545218729e+03 -2.003532407816838486e+03 8.950876833731217630e+02 -2.750046491386523940e+03 1.194288485597759973e+03 -5.265891462320130358e+02 1.180362484174960400e+03 -5.270623827480812906e+03 -6.887153613647649308e+02 3.318094056072535523e+02 -7.671224512675046299e+02 -1.244402466188759036e+03 2.239992924651224257e+03 9.941974477445862135e+01 -3.209739705173548430e+01 -3.873463494315497542e+02
-1.419332282131756619e+04 1.126600244176987690e+04 1.479956059594507860e+04 2.840961450843821581e+02 -6.453447442217692469e+02 -1.620817634950349628e+01 -7.825186974384299901e+03 4.377414835831914388e+03 -9.880268026694677246e+03 -1.412231394011644261e+04 -1.052496136298760575e+04 -6.865809653823070221e+03 4.431597622678212929e+02 2.466269565059092656e+03 5.894637763369627464e+03 1.297864035212413455e+03 2.146621341633054271e+03 -8.020319318925661491e+02 -3.233713974067744630e+02 -4.539401008957596787e+03
-2.081491529800353965e+04 2.536192500879427098e+04 4.180535227300408224e+03 1.058841491485599727e+04 -6.083650581761662579e+02 5.134653224016005879e+02 3.229287961229107623e+03 2.940504650858150126e+04 -2.199605304515415628e+04 -7.173503918167864867e+03 -3.149502502192466636e+04 1.129996622069243313e+05 2.546375768909037288e+04 -1.242796357310104941e+04 5.068274152195959323e+04 -5.148634246487870405e+04 6.603048786401413963e+04 2.013479243543765915e+04 4.224748431478848033e+03 -4.690543400010044934e+03
-9.694099778027099092e+03 8.491099516122949353e+03 1.339755752737241164e+04 1.945948221647642640e+03 -5.770457256109597211e+02 -4.320468580634798883e+01 1.477356288127090693e+03 3.428421015781356346e+03 1.233173561214388201e+02 -3.889591483025782850e+02 4.080208910858306126e+02 -5.105400708186190059e+03 -8.858509241085357644e+02 -1.458328615511340831e+04 1.238302774742884503e+04 3.541695806547957091e+03 -8.694405761505850023e+02 1.654785677700456574e+02 1.050412611644009985e+03 2.957705253023905811e+02
-1.796564183407655219e+04 1.416536463670041485e+04 9.573164648238634982e+03 5.271567534849915319e+03 -5.911500651686018273e+02 1.008822259990533894e+02 3.239996251780797593e+03 6.674103169258970411e+03 -1.769927287507920482e+03 1.205961761533652862e+03 1.323473009105641040e+03 1.499482221025775459e+02 -2.443610763422934542e+04 -2.893628392368377718e+03 1.219406926536243554e+04 -1.700304116570880797e+04 2.419280560340997545e+04 -5.141848025089805742e+04 -7.727279143571267923e+03 -1.330974776082315657e+04
-4.881249550560519128e+04 -1.577684588674987390e+04 -1.199634139621354620e+02 -1.416777544582300152e+03 -2.497048289725453785e+01 1.012615378875571110e+02 -3.917103956271483298e+02 -2.669236604929267287e+01 2.618360550065156644e+02 4.067757265439329331e+02 -3.163949555636000710e+01 3.493150340291278440e+02 6.684312346098934654e+01 1.309309472503562120e+02 -8.983795894467530729e+01 1.386964838029394400e+02 -4.593094040906571252e+01 7.507111934619807414e+01 -1.939745495305080425e+01 -6.500334813642372183e+02
-4.497560914768552902e+04 -1.201604209123886176e+04 5.309826484159040774e+03 1.043054283205260191e+02 -3.748424338867727670e+02 1.119628517855334167e+02 -1.248291171715571721e+02 3.567363206870639715e+03 2.175775992060212047e+02 -4.081280349976337902e+02 6.180110491064102689e+02 -4.960572751337493173e+03 -8.285484604035053735e+02 -1.363918249631086110e+04 1.185007122673222511e+04 3.586646625777939335e+03 -5.047427174203558025e+02 8.135508620338129049e+01 9.193478737572453383e+02 8.169647232449574403e+02
-1.708636728398345076e+04 2.835189174431263746e+04 6.586308687313712653e+03 -4.901950806097448549e+03 1.834501097847515439e+03 1.047673046542375914e+03 1.521118082522547866e+03 3.529827770442487235e+03 -3.096794889893596701e+04 -4.028766569875828282e+04 -1.560307267959708588e+04 -2.689018817350478002e+03 2.364681543432397575e+03 4.393882550741889645e+03 7.508663857060430473e+02 2.230344054615500681e+03 -6.242688887996139329e+02 -4.744686105552486310e+02 -7.202272152496884701e+02 -1.552508230545669221e+03
-1.605336477769360135e+04 1.331043834907711425e+04 1.402755547027175271e+04 1.594042865647852295e+03 -1.456469620907165108e+03 -5.294679682683793089e+02 -1.994233294914008366e+04 3.617968934194076610e+03 -1.825287547069695165e+03 -2.187469099398597336e+03 -8.641117866166674503e+03 -7.719014107171999967e+03 -1.846568517674744726e+03 -5.521704907560462743e+03 6.111396464723622557e+03 -3.506047527534024994e+04 -2.385412636429330087e+04 -1.525006994068778852e+02 -6.838277196968149383e+02 -3.339615679349507218e+02
-1.616957070239209315e+04 1.549260441385403647e+04 2.100986156310778097e+04 1.717826018159427258e+04 3.539562207951801611e+03 1.243589284577142826e+05 -8.903083625394458068e+03 2.095232016871096130e+04 -1.692700214929471840e+05 1.184531270002242527e+05 5.098057188817907445e+04 -6.200185144232703169e+04 2.546664624940538943e+03 1.586582097694131953e+05 1.174710539782122942e+05 -3.875294177500521073e+03 -1.715180492200609024e+03 2.282585845696030083e+04 1.449209846996728156e+05 9.355771282713178152e+03
-2.413574834580094830e+04 1.615413807664076376e+04 1.335808360119995996e+04 1.881693870846425125e+04 1.480432960536523751e+04 9.447289904462605773e+04 -6.253588451471419830e+03 3.305378685247679823e+04 -2.117997073953030340e+05 5.439939522818040859e+04 3.398870794599440160e+03 -1.348725453124401429e+04 5.333469178057663157e+03 -9.669979835705303412e+04 -1.498050181821524748e+05 -2.465731323078200512e+04 3.019071291087395730e+04 6.533436935958219692e+04 4.029698492349046865e+05 1.167858697726261380e+04
-1.792564718963803898e+04 1.867326140844728070e+04 2.964766928509963327e+04 5.123700933941324183e+04 8.670866189417332862e+03 3.647423599859862006e+05 -7.084917457497375835e+03 4.590400510671852680e+04 -4.396937866792267305e+05 3.530329688495713635e+05 1.520624149758229614e+05 -1.724290875408199208e+05 5.733210854809984085e+03 4.938149533702675835e+05 3.841543657864021952e+05 -1.486594004922091881e+04 -2.323256034307213213e+03 6.009412612440636440e+04 4.194725621765013202e+05 2.808365613295190997e+04
-1.481595150345340153e+04 1.242803385237396469e+04 1.570190999130454475e+04 1.332070778568963760e+04 7.331774773974005075e+04 2.303748805841373905e+04 -4.776697990587164895e+03 8.826555493126554211e+03 -8.769083453062106855e+04 1.623034366748756656e+04 -1.979901638079014219e+03 -1.235571809333492820e+04 2.497292714653250187e+03 -3.209301768533386712e+04 -6.532737381000786991e+04 -1.050471927483525360e+04 1.397416992311689864e+04 2.449318132345656340e+04 1.970052021911061893e+05 6.292012046977737555e+03
-2.667307012480458070e+04 1.688303316189733232e+04 3.470679530951398192e+04 6.347401993662309542e+04 1.066666701744943384e+04 5.344877336623698939e+05 -1.962183949303543613e+03 2.722020817019253082e+04 -2.308887160214585019e+05 1.803681433361823729e+05 7.676278497324860655e+04 -5.486753062163489813e+04 3.825572521949389738e+03 1.575850462544158217e+05 1.324229513965095684e+05 -2.182678003544222884e+04 2.742717307425338731e+04 -5.148999513208147982e+04 -2.664728291696823726e+04 -6.990027387352782853e+02
-4.376298751331433596e+04 -1.058330092971776685e+04 7.172701999343729767e+03 -5.872386363511673153e+02 -6.943790351761176680e+02 -8.485342276409033957e+01 -1.182396418001269467e+03 1.444427965888356084e+03 -4.544092815599825030e+02 -5.436605251655840220e+03 1.080466513485560245e+04 3.148936270670007161e+03 2.133425405736719824e+02 3.721877102419626908e+02 -2.439839949531493346e+02 -2.725209255215005442e+02 -1.135325348444999690e+03 -3.366900012548089194e+02 4.363385680403755487e+02 -4.687303045840947675e+02
-1.755750249036651803e+04 2.465946300197526944e+04 2.416761361509706694e+04 1.347226636612360153e+03 -1.701714669924275086e+03 1.603106539774578050e+04 -3.357311921499283199e+04 1.286216942004994235e+04 -3.585144188564868091e+04 1.691919381434176103e+04 -4.421251110355095989e+03 -4.924607435810167772e+03 -6.764629261772062137e+02 -2.233892107164239133e+04 -2.644326024041783967e+04 -1.085336667720612013e+03 1.796896670678589999e+03 -5.234799596074243482e+02 4.020197215810208490e+03 2.720431497921410369e+02
-2.592282117684369223e+04 5.456365822390285030e+04 -2.522556316431714095e+03 -1.045432135405905319e+04 -1.413628303982958641e+03 2.577224811229133365e+02 -1.221353774411714403e+04 -2.167800224704356879e+03 4.983432939786749785e+02 2.071607064597532712e+02 1.893859271720242759e+03 2.432869703482321256e+03 1.802222159129108547e+02 1.624737448220083934e+03 -1.317101521613104069e+03 9.109120358599724341e+02 -6.057293326244171112e+02 -5.931437763988237748e+02 7.641536151629532014e+01 6.654974882183473710e+02
-1.975279732357382818e+04 1.188896676397127885e+04 1.111619161521476053e+04 1.026547776009725931e+04 -1.230277706200320836e+03 -4.889341961081766499e+02 8.468010766779689220e+02 7.342521935907755505e+03 1.804033169218152807e+03 -1.973082836182893288e+03 2.919771365860566675e+03 -9.017182091690283414e+03 -1.342837847044487944e+03 -1.396346573268299653e+04 1.160959129600610140e+04 2.582753342512626659e+03 8.747951525559017227e+02 -7.818023262406879326e+01 1.366325193159148967e+03 4.422388689908414108e+02
-3.496165029394930571e+03 1.517552906602677649e+04 2.214791959881136063e+04 -3.055696457143122188e+03 -9.582815293805407464e+02 -2.715613838027750262e+02 1.676631330519216135e+03 2.173204621588219197e+03 8.940593463091306603e+02 1.236783726911827216e+03 -3.050892639981100729e+03 -8.289965189151761251e+02 -1.180602778615374326e+01 7.410999128250139165e+02 -7.024171016014888664e+02 5.435351874946331918e+01 2.121253578597392107e+02 2.182204966746530417e-01 1.070871896420767229e+02 7.028031844253104055e+01
-2.271576311655306563e+04 8.142144684340538333e+03 -4.392238294709232832e+03 4.346097887517719209e+04 -4.691938913572318597e+03 -4.244690636867433568e+03 -7.299204821414082289e+02 4.576119973824788758e+03 3.584099695288825842e+03 -1.887813098579503276e+03 2.090997454288726658e+03 -9.635111783660939182e+03 -6.325182057828230882e+02 2.067081534717386603e+03 -2.019728943323743124e+03 -6.496411039369675109e+02 1.985493124789745480e+03 -1.195476488426342257e+03 1.783096216303125630e+02 4.175035182331255328e+02
