2.099516953713400653e+04 -3.093364704694577085e+03 -3.395692535204427259e+03 -4.312914836620521442e+02 1.632688026197752720e+02 9.576812257691354091e+01 -9.449600280651343098e+01 2.137859068282537578e+02 5.141685828031419270e+00 -4.420235061702754109e+01 1.123771369403966247e+02 4.006630320107284859e+01 4.025076644560063421e+00 8.525736949665249753e+00 -8.427321812719334559e+00 8.718392554902450797e+00 -3.282690032475998265e+01 -2.476360741192647552e+01 5.119356131717524683e+00 1.808562464475250264e+00
-4.991571080011846061e+04 -1.533943064117153153e+04 3.640159293507687153e+02 -1.080232494485200505e+03 -7.629666405380790195e+01 5.616374110443302925e+01 -3.879488964640765403e+02 -3.472051306545239413e+01 2.825882683992245461e+02 3.863817535692662659e+02 -1.453207066591191143e+01 2.471344179737588718e+02 5.406758641019739997e+01 1.090712425627236399e+02 -7.612520959731311621e+01 9.316478006704929271e+01 1.819271388195996053e+01 9.723989574499282185e+01 -1.266269349498429619e+01 -6.656787633473173855e+02
-3.079707101702370437e+03 1.078638243207921732e+04 1.737546617627988599e+04 -2.035487049108905694e+03 -6.887596595127356522e+02 -2.552182101906498985e+02 4.810145317698246799e+03 1.222216757093269962e+03 6.736733735019533924e+02 9.530716805575150374e+02 -2.428122525498861705e+03 -6.816837169705534052e+02 -8.856014900623863539e+00 9.716680884388317736e+02 -8.314001149134270463e+02 -3.506696503394742592e+01 2.348696889682185542e+02 1.098686563065312924e+02 -8.565412774851185418e+01 8.270203593869334213e+01
-4.260948431411076308e+04 3.583855509581115621e+04 -2.622797651666524325e+04 -5.116649880567123546e+03 9.131961599864264372e+02 4.989456331225946428e+02 1.728144262842204398e+03 -2.218498231378158380e+03 3.045779122336502951e+02 8.541935419314213505e+02 1.106450894734567100e+03 -7.796438708707576382e+01 -1.458836760046524432e+02 -5.319505716565829516e+02 9.963067892269386050e+00 1.461385001137608413e+02 -3.419524236107096726e+02 -6.901205402121807708e+01 -1.414862374861591547e+02 -7.898995258054789019e+02
-1.650666982890503641e+04 1.774149940408444309e+04 3.354194217966894939e+04 2.950019933723994109e+04 2.445404479301906540e+05 -6.592987705253838612e+03 -4.996337265476839093e+03 -4.437134037346885634e+03 3.271684621877502195e+03 2.327225036297279075e+03 7.192095948217832984e+02 1.107512370020260505e+03 6.724402912618126038e+02 1.151739383039563791e+03 1.858193690529451771e+02 3.745353200078663463e+02 -4.245219336441814448e+02 7.460463922584183649e+01 -1.860304572619632609e+03 1.331164923114179146e+02
-1.173081598927358391e+04 7.538737874440569612e+03 5.184862237087660333e+02 3.705829943433379958e+04 -4.326067220825839286e+03 -3.563654089625420056e+03 -1.936206823509030812e+02 1.193083371534951539e+03 1.648937723577003680e+03 1.819582262048263601e+02 -1.462256754069248245e+03 -3.082078606436685732e+03 3.465529489741821862e+02 1.236293356948648352e+03 -8.741523481780468501e+02 1.472873191511316236e+03 -1.649684181712532563e+03 -1.504241591401871347e+03 1.793207274306505781e+02 1.265061905025303730e+02
-2.526453035560741046e+04 4.444472669138551282e+04 7.377008612880375586e+04 1.667412331157379376e+05 1.493705606932060800e+04 1.466414314343673177e+06 -2.802717923809582771e+03 -2.346521660321276431e+04 -9.237804425527285275e+03 3.232638898700806749e+04 2.991672128163318848e+04 -1.749737816649088927e+04 4.957015334456363576e+02 9.101359860904086963e+04 5.358278815693398064e+04 5.187350187974319851e+03 -1.797233859911886975e+04 1.889587042832404768e+04 -4.458338193041580962e+04 -5.903833228715079713e+03
-3.390361032988087391e+04 7.461490853905177210e+04 1.565464070198635163e+05 6.688038500037605409e+05 9.269461209923577553e+04 7.429178814210163429e+06 -7.226347487304396054e+04 -6.452495208701075753e+05 2.697222315995696001e+06 -1.839428319571936736e+06 -9.099011106334049255e+05 4.952719504703676794e+05 -1.449154183666315657e+04 -1.352397542225514771e+06 -1.006791201424730825e+06 1.677897437323605482e+04 5.029670213864884863e+04 3.157114726211919697e+04 3.748489633779013529e+05 3.634773474928404903e+04
-4.216163863508220857e+03 3.733181786801129874e+03 6.104740270395209336e+03 8.681609490524595458e+03 -1.810459674943589562e+03 -1.332314281551748991e+03 1.776717938139992839e+03 -8.861428568345276290e+03 -7.124125860090900915e+02 1.518985678232231294e+03 -2.101262256553271982e+03 3.628108536442513099e+01 -7.312790089878590472e+00 -2.534103372328338537e+02 1.448470845394556932e+02 1.730492481395125282e+01 -2.248048273173829159e+00 1.561079479524843521e+02 -8.410267594477021191e+01 -1.133240465156888149e+03
-3.771398559677776939e+04 4.238943456543293723e+04 -2.854633109844401406e+04 3.700538298942534311e+04 -3.311912335033794534e+03 -2.512057335460389368e+03 9.128685027492244899e+02 2.364152339492820101e+04 1.555545260210946026e+03 1.418825603878923175e+03 -6.365173369542720138e+03 2.878338876823145984e+04 7.912291450582522884e+03 1.945578063125222116e+03 8.856102242452316204e+03 -1.979389406201463316e+03 7.085132920289593130e+02 6.214154813555243891e+03 3.440567866958325794e+03 1.999465901591516968e+02
-8.185230574407458334e+03 1.211880027160756254e+04 1.948742599467290347e+04 6.159486515997419929e+02 -9.803328836099359478e+02 -4.127098475554658989e+02 1.479489259506882718e+03 2.000605924044528592e+03 -4.826501627564879300e+02 -5.672680992282123043e+03 1.121777837256336534e+04 2.786662987223877280e+03 1.432057712819616313e+02 -4.504131750741252631e+02 6.077049027898934952e+01 -4.169689898731022595e+02 -1.347788415567976017e+03 -2.518831860808741396e+02 5.484699379100604801e+02 -1.063628676447930047e+03
3.746973160122689023e+03 2.652317954581521553e+04 2.346029159606683243e+04 -6.646511466511172330e+03 -4.183702214710055159e+03 -1.169805102144090228e+02 -7.641903516135503014e+04 4.097604150077601844e+03 1.974543662456343782e+03 7.117420238977971167e+03 -1.312492838026995014e+04 -3.537538239449903358e+03 1.718887399583472870e+02 1.194608219258948111e+03 -1.170364369711317778e+02 5.174013177668915887e+03 3.447529355432905959e+03 8.582267939536390031e+02 -1.714933119850373942e+03 -9.714949353375645842e+02
-2.548561330810720392e+04 5.279444695112013869e+04 -2.736772939060693716e+03 -9.940100802314906105e+03 -1.293237932681261782e+03 2.070166246322869199e+02 -9.186534333304261963e+03 -2.569305601289146580e+03 4.098931105623956910e+02 -2.673351253511934260e+02 2.813994921007807534e+03 2.744582187245694968e+03 1.873474645490271087e+02 1.661910298848025150e+03 -1.335856333136847525e+03 8.645889061241275613e+02 -6.035236599014054946e+02 -6.008803695008967907e+02 1.386230480009789687e+02 6.964163594315903083e+02
-5.569963073253937182e+04 4.000524081454399857e+04 -3.540128080195652728e+04 3.386319163456542447e+04 -2.646326352393198704e+03 -2.978421476435593831e+03 -1.702351305725791235e+02 1.327873263919393503e+04 5.935383108813371109e+03 -3.183994423268694391e+03 6.244542103277305614e+03 -1.249485013510049248e+04 -9.808736907070554025e+02 3.113819815720319639e+03 -3.199804087729558887e+03 -1.210436065684011055e+03 2.932243729220827390e+03 -1.852565111011800127e+03 4.739180552032481160e+02 9.570104494953679932e+02
-4.142454675950141973e+04 3.523850570149484702e+04 -2.515506530893176750e+04 -4.466433699781152427e+03 3.209028064838177670e+03 1.699567357136365217e+03 1.763476369302904686e+03 4.092785316881571816e+03 -4.750326482840350218e+04 -6.440203181907712860e+04 -2.928720186911208657e+04 -7.725173647918448296e+03 3.226093495274218640e+03 8.890972319773056370e+03 5.042511881140102560e+03 6.726269444693120931e+03 6.023368736693599885e+02 -1.096511664455956179e+03 -5.759330611979780770e+03 -1.424599122030882427e+03
-9.045574359854301292e+03 2.509472781560665226e+03 6.052602049672834710e+02 8.564211321167173082e+03 -5.749691222825024397e+02 -1.042737895624301245e+03 -5.479558260491888859e+02 2.337874444150976615e+03 2.716819043223619701e+03 -5.838273971440327841e+03 9.895888114277091518e+03 -2.375673958914053947e+04 -4.361648984331934116e+03 -3.282483414749741769e+03 -9.360360308197105041e+02 -2.595746211705441601e+04 3.979367801747012709e+04 2.336766508746085674e+04 -3.981866910769649621e+03 -2.856470254596074028e+03
-9.694564627965613909e+03 8.488103507461702975e+03 1.339269805557384461e+04 1.946830922522858145e+03 -5.770140783097276653e+02 -4.321720794852785019e+01 1.477390104296907566e+03 3.427268027513324796e+03 1.234597964540951835e+02 -3.891657219322154333e+02 4.080153687359544392e+02 -5.105346146566412244e+03 -8.859061166700090553e+02 -1.458301719516738194e+04 1.238337505033642447e+04 3.541515376398706394e+03 -8.693619334925219846e+02 1.654313697984992473e+02 1.050655288086882820e+03 2.958094083077760388e+02
-1.046304393642447621e+03 9.476711547727612924e+03 1.397797876700618872e+04 1.445902296597344866e+04 -3.718193582187480388e+03 -2.560229014465975524e+03 -1.968138229320891924e+03 -2.495869736466179529e+04 -3.975472904675672453e+03 -4.882456468001594772e+02 1.175765617246837564e+03 3.581821917003918315e+03 7.731676783634499373e+01 -7.286642437747134409e+02 1.149542039216413286e+03 -7.879282476153329071e+02 1.131460656358095321e+03 1.395130710717824911e+02 2.545648835093625735e+02 3.308276576507558275e+03
-1.598241376177477287e+04 9.999451574907421673e+03 1.470399607839533928e+04 6.376121136869941438e+03 1.783520337220188878e+02 1.650621343198215982e+04 -5.863245201898582764e+02 1.007029182814856722e+04 -3.744468204921889992e+04 1.369019717930411207e+04 2.404611421484394214e+03 -1.035065861883123489e+03 -5.420568109239881096e+02 -2.290438116655410340e+04 -2.646151961494484203e+04 -1.308390628372399988e+03 1.271253097774935668e+03 -1.700269976671239647e+01 3.906669269911396896e+03 4.397383566399369101e+02
-4.695973981114256458e+04 1.194445065011804581e+04 -1.530432689224885326e+04 1.289080514983710782e+04 5.020060061264113642e+02 -1.438480374085845597e+02 -7.944221470569218582e+02 1.602393209574427965e+04 -9.609168178236479434e+03 -1.064874809285066112e+04 -9.441530507993722495e+03 4.551974128100641246e+04 -3.319040827033228124e+05 1.377586973633221169e+04 9.635841226988772178e+03 -2.728524605081826166e+02 1.229318858023507164e+04 -3.615267632284096635e+03 1.027524570695252623e+04 1.083159678998608342e+03
-1.604702163403430677e+04 1.329364122130490796e+04 1.401994864653332297e+04 1.593564132391626799e+03 -1.454382354955353094e+03 -5.293445434841825090e+02 -1.990798156589744758e+04 3.611389188796624239e+03 -1.827242616140870496e+03 -2.191890085979504420e+03 -8.632296136990220475e+03 -7.714089375644676693e+03 -1.846428991563011550e+03 -5.522100272731086079e+03 6.111735264286296115e+03 -3.506064734384017356e+04 -2.385475581520457490e+04 -1.522809978672398188e+02 -6.834544552412654639e+02 -3.337186029761782038e+02
-1.563360480309106060e+04 1.496085156551233740e+04 2.630129647140495945e+04 1.984905078287511424e+04 1.560511772892937006e+05 -4.772554956539533123e+03 -2.810459811534921300e+03 -2.046563993186940934e+03 2.250597081058774165e+03 4.850003028675902073e+01 1.465705627972968159e+02 2.751122740204709203e+02 2.155494045568247259e+02 5.696760930554859215e+02 3.653821015610341760e+02 5.708977152275088685e+01 -6.906811676006017819e+01 -7.912500867548280326e+01 -2.077771860339607599e+02 -9.281570467278575265e+00
-3.770983126473466837e+04 5.487385780222576614e+03 1.397230955163091676e+04 2.078126879706950422e+04 7.888132223667610560e+03 5.041418500662119914e+04 -7.442846384545428009e+02 4.519229222614926402e+04 -1.758634299516984902e+05 8.380269460526382318e+04 2.220801421463676525e+04 2.007865925857896218e+04 1.205491776937907707e+04 -3.255078927226952510e+05 -2.339856602635043964e+05 -4.201601559623531066e+05 7.102285857723297086e+05 -2.104463607909047045e+06 -2.177633794808288221e+05 5.090580878107423814e+03
-3.437694586748853908e+04 4.363935132112446445e+04 -1.058773209746131943e+04 3.759636389478601632e+04 -3.302473007203103407e+03 5.203090023757315521e+02 3.528001198580455821e+03 5.042707398958568228e+04 -1.763883332873938707e+04 6.285165184307044001e+03 -3.733013923886459088e+04 1.506654891795795993e+05 3.155786175545131846e+04 -1.263532975927212101e+04 5.799432393035824498e+04 -5.395504696814205818e+04 6.698289269311170210e+04 2.988614248480087190e+04 4.635650887536800838e+03 -4.033098752045393667e+03
-3.576712506529110669e+03 1.546509571082277944e+04 2.249945467051957894e+04 -3.073330937688916038e+03 -1.011037737671247100e+03 -2.863125429945199585e+02 1.339812677890608029e+03 2.077326817571665288e+03 8.756497432951442761e+02 1.101366531303812508e+03 -2.757901540261555056e+03 -6.947298548575555515e+02 -2.751250828310209506e+00 7.784183724278335603e+02 -7.174193744784082583e+02 7.236645919540399063e+01 2.001221989868050457e+02 -1.334944629944308758e+01 1.211242232286113421e+02 8.598366846446771206e+01
-4.845963014898240363e+04 -1.541570544048269221e+04 9.484239234665999163e+01 -1.433326655135140527e+03 3.801555477882268264e+01 1.424529441474404337e+02 -7.656487647675451171e+02 1.711225375156304608e+03 3.725176719076167160e+02 -3.168186584693015106e+02 5.590535728672609821e+02 1.677176792397174836e+02 -4.114007897165317331e+02 3.639853548981849940e+02 -1.299490310205508763e+02 -2.736757961005951074e+02 2.945139405312567646e+02 -6.726279036900567689e+02 2.380974075089480664e+02 2.133488693548829906e+04
-6.885724935957829075e+03 1.665625871182941410e+04 2.590182299127784063e+04 1.285852926881003077e+04 7.209044232068186830e+03 1.359106757683623000e+05 1.255462500916595673e+03 1.018036716806816548e+04 -8.264374236973558436e+04 7.014792801531749137e+04 2.806728217481349566e+04 -2.964695692814120048e+04 9.503420380840810822e+02 7.721361212155292742e+04 7.149716320108277432e+04 -2.450084105213037446e+02 1.533066703255069797e+03 -6.287510835684982339e+03 -9.272427919467159882e+03 5.318100502226116078e+02
-4.673913713979131717e+04 -8.853704084947181400e+03 -1.324565717245835685e+03 2.174307085133191140e+04 -2.102600165915474463e+03 -2.011175907480983597e+03 -3.624408771151230667e+03 1.541652334835160400e+04 5.487938217911870197e+03 -2.391375712818432476e+03 2.051586932961602542e+03 -2.509506597473141483e+03 3.774468334439976388e+03 5.162799853388232805e+03 1.707006349575900913e+03 1.643605523803813412e+04 -2.328701136595157368e+04 -5.592925736830999813e+04 4.844322060885661631e+04 -1.025449494974027948e+04
-2.815505312981601310e+04 3.350731373381991580e+04 2.722453251394900508e+04 7.889710805677041935e+04 2.051767458049329434e+04 6.185060111238833051e+05 -5.326784612787726473e+03 4.917996910175008816e+04 -4.070814281285979087e+05 2.502359355527802836e+05 9.557268329440517118e+04 -8.625695797462640621e+04 8.559674518077230459e+03 1.795563175610450271e+05 8.429872758623586560e+04 -2.174243517848386909e+04 1.931893905063985585e+04 3.408965417291752965e+04 2.890120403327278909e+05 1.144563469332263594e+04
-2.265731297519811778e+04 2.234695506153512179e+04 2.559682736975718944e+04 5.362120212191769679e+04 1.458460980958009895e+04 6.044944385342165333e+04 -4.453231651738234177e+03 6.305195722278525500e+04 -1.940937828125434462e+05 1.020666306425275106e+05 3.933751052598218666e+04 3.646691799788355274e+04 -5.706856136956735099e+03 -1.703766007929254847e+05 -1.815877400914494647e+05 2.927582123503397816e+04 -4.394864496256425628e+04 5.316929100505715905e+04 -1.373997762314494757e+05 -4.356420208948935397e+03
-4.862165639394025493e+04 -1.529842339893701137e+04 3.930663254033984231e+02 -1.317656415185920196e+03 2.649379549757251198e+02 2.712398549095811404e+02 -4.023269044220750175e+02 2.767411446225875352e+03 -1.704809554189728806e+04 -2.703420705742861537e+04 -1.266549067580777410e+04 -3.361153797712975575e+03 1.209352596518275504e+03 6.325550221408107973e+03 3.039057757432299695e+03 5.306663666396741974e+03 7.832427720644070632e+02 -9.053938614782226750e+02 -5.976841560401635434e+03 1.023537208248454590e+03
-1.085920375403121216e+04 1.307296181514396449e+04 2.098139479013857272e+04 3.813224548891689210e+03 -6.877767673705359357e+02 4.140565509036177900e+03 3.288779178016751757e+03 1.354234792500429467e+04 -1.481321359566234423e+04 1.147797889160729210e+04 8.472478065959421656e+03 -3.651370692576099827e+04 -5.629075951953970616e+03 -1.083810986183628993e+05 1.233341660602059710e+05 5.532367128966002929e+04 -1.634244594809509726e+04 7.207423893429444433e+03 -4.248126563769072163e+03 1.813302489245689867e+04
1.731998257260002219e+03 6.818446841108747321e+03 8.514434796469809953e+03 1.087919042317680123e+03 -1.667263618918227849e+03 -5.673883920750726020e+02 -3.325179613928556500e+04 3.873765607122413144e+02 1.014285508493209591e+03 1.695583810498669891e+03 -2.900050549557490285e+03 -1.408105012409922665e+03 5.768746809807355191e+01 7.927615617644231634e+02 1.271192309825965054e+02 4.070619229409230684e+03 3.764881340145152535e+03 9.168568420695281702e+02 -9.385911392173991317e+02 -1.378974885237390936e+03
-5.941001800429052309e+03 1.435511619652482841e+04 2.310502888956640891e+04 1.020096689025661817e+03 -1.096509142721994522e+03 2.182953088030816070e+04 5.839926945080291262e+03 3.793454972435752097e+03 -9.799343798034513384e+03 6.455389559167896550e+03 1.118089076958426995e+04 -1.246555635928492165e+03 -9.778790566907792936e+01 8.510802698222412801e+03 3.292275169014460062e+03 2.233641445512015252e+03 -5.469765931957565954e+03 4.883892178390603476e+03 -1.952027175207748223e+04 -2.199996823435012629e+03
-2.498626358328367496e+04 4.994234996163115284e+04 -8.700689982705160219e+03 -1.033299835159070062e+04 -3.773446230958280694e+02 5.702901708402217764e+02 -6.953276902789554697e+03 2.194579458053838437e+02 9.537820890122687842e+02 3.205753864409487505e+03 -4.578829175184347150e+03 -4.842060254892650164e+02 -9.872323793784923751e+00 7.390455522692336672e+02 -9.302790700541868318e+02 5.818676617755334064e+02 -3.750577980755830367e+02 -3.454204420136770182e+02 -1.601018749462604376e+02 3.326438630623499080e+02
-2.142296379749858534e+04 1.041763452194973070e+04 2.081903354883680731e+04 9.463889251301739023e+02 -2.021471384070288764e+02 3.780841407464974054e+03 1.269368186513015189e+03 1.459802745676940685e+04 -2.806640317478587167e+04 5.089625832834615721e+03 6.098118569305655910e+03 2.280313857896737682e+04 2.641740493399207480e+03 -6.858081959790144174e+04 -6.816523213534760544e+03 -2.935391458730932936e+04 2.976369592426181771e+04 8.545975715258411947e+04 2.587739757612833055e+05 1.352833369631474625e+02
5.484845750204064643e+03 1.431167402570222112e+04 1.554915975567789246e+04 -2.360022558231573839e+03 -2.509105410717626910e+03 -3.918724194909898983e+02 -4.659832659070164664e+04 1.494696848040127406e+03 1.251466781102284813e+03 3.477077293402390296e+03 -6.244873873143144920e+03 -1.320018623140458885e+03 1.987737441910732059e+02 9.537083310701107166e+02 7.506416612733949023e+01 4.690261684233342748e+03 3.370140775915353515e+03 7.870327466598216688e+02 -1.083069046622745418e+03 -8.294223356638973428e+02
-2.014504633504052981e+04 1.062716118458732308e+04 2.187704603092172329e+04 -4.004992194874661493e+01 3.034039012240794364e+03 1.463018706878956800e+04 6.418620641592956417e+02 1.249289990751801088e+04 -3.150278965936683744e+04 1.978632355256641313e+04 6.865371924112107536e+02 1.736591445204674164e+04 5.441890239574639054e+03 -2.966854747822355421e+04 8.864651243631262332e+03 -4.525492308549598965e+04 7.173357789663576114e+04 -1.147044286590801494e+05 -2.054939385332365782e+04 -1.202087136806821263e+03
-1.298215121714684756e+04 8.368873805082534091e+03 -5.344632868011724440e+02 4.460997770402160677e+04 -5.077303521636416008e+03 -3.674603352077980162e+03 -3.631486205070643791e+02 4.100659817518245291e+03 1.485425573079809283e+03 8.393109297659336789e+02 -2.299628855978230149e+03 -1.342872522800861816e+03 3.357894111687788268e+02 1.436327972098825967e+03 -1.349477240347368479e+03 2.115119680043155313e+03 -2.480259168460164801e+03 -1.289874920691975376e+03 -3.188686388351322307e+02 1.834442326064727524e+02
-3.937153958005670574e+04 9.400567375560967776e+03 2.847170868239001720e+04 -7.704187854615644937e+03 -4.774978464673319650e+03 6.019810164568498294e+02 -9.283654984462929133e+04 9.804378563949623640e+03 -1.180067871268931412e+04 -9.444628457886306933e+03 -3.087097540681488681e+04 -2.959314100704528391e+04 -1.036357618702884065e+04 -4.091347559392800031e+04 4.181658393500300735e+04 -5.402395853004804812e+05 -4.130519698641552241e+05 -2.224136468164364123e+04 -2.088010960122930919e+04 2.494672799212529208e+04
-4.332376167140884354e+04 4.873417784566304908e+04 -1.491819379816078981e+04 1.183625997982947010e+05 3.774330498322490166e+04 3.272267325405126940e+03 -6.657788197464812583e+03 1.238686921783806029e+05 -1.073264803249460820e+05 -3.239254324847713360e+04 -1.485637644755731453e+05 4.946661070626931614e+05 -2.562450987102032639e+06 7.993945496745551645e+04 8.424003479697836156e+04 3.541244295918357238e+04 9.498511284400306977e+03 -2.362886442389662261e+04 3.937337699184878875e+04 -6.968172246985540551e+04
-1.335784412477532715e+04 5.392653224570921338e+03 2.971616937562581825e+03 1.905387220489508400e+04 -2.967550780421677246e+03 -2.583561633666754005e+03 7.440411009900007002e+02 -2.025390919334139471e+04 -1.802770929451634402e+03 4.385586316204738068e+03 -5.493329614280697569e+03 -1.757388606066574312e+03 4.256477700449543704e+02 -5.472627718535204622e+03 5.260608814052413436e+03 2.075946158333255880e+03 -5.314070374452280703e+03 -3.959156515725744612e+03 6.026868224275362991e+03 -8.006412039263303450e+04
-2.439337635312769271e+04 2.556589172624957428e+04 1.459093856990071799e+04 2.236113637217462383e+04 4.129685414543029037e+04 1.174352644792844367e+05 -1.642566762333440784e+04 4.586973419465351617e+04 -3.673833871780555346e+05 8.261451852837347542e+04 1.629311709118000408e+03 -5.337358320955571980e+04 9.404484438195258917e+03 -1.036570928453069064e+05 -2.312267525156718912e+05 -3.668524114174673741e+04 4.832907221750070312e+04 8.943242567625429365e+04 7.045970321282208897e+05 2.369993482404017050e+04
-2.516306191507626500e+04 3.364928701971432019e+04 5.667608663591428922e+04 1.296082849828257895e+05 1.094596507402368479e+04 1.079277343748195330e+06 2.750287945664145809e+03 -1.290779368621389494e+03 -9.959438614885779680e+04 9.455989907412629691e+04 5.322351473900814017e+04 -3.405441091477330338e+04 9.263244357733774450e+02 1.343422361497482925e+05 9.680323863228665141e+04 2.099348346707683049e+03 -1.244385628095963148e+04 3.837286509402664251e+03 -6.291952391668855125e+04 -5.169012551376621559e+03
-8.895149575281770012e+03 1.674521327162503076e+04 2.579775576005816038e+04 5.803456630991414613e+02 -2.039188951139789424e+03 -7.497754204673266258e+02 -3.325372592292022546e+03 -5.141760301546592018e+02 -9.450458711930709796e+02 -8.865761347570696671e+03 1.806952545319433557e+04 5.868429346759721739e+03 3.445035825474776061e+02 5.011550391250470398e+02 -3.396378908156435728e+02 -7.612828406052463492e+01 -1.588910617804615185e+03 -5.274668478838365218e+02 8.286912208570113307e+02 -7.077547826553305867e+02
-4.170324232268446940e+04 3.592800288983647624e+04 -2.631111025582168440e+04 -5.215194680268989032e+03 9.961860748760462911e+02 5.561228440108310451e+02 1.341938083209331353e+03 -4.304916567621630747e+02 4.213094467389594229e+02 1.276632886864747718e+02 1.716021576201648486e+03 -2.214880664581806684e+02 -6.278360627224361679e+02 -2.600806059232396592e+02 -5.757933517513069432e+01 -2.423856012809914375e+02 -3.644378215321172121e+01 -8.380023343760742591e+02 1.149647840141556401e+02 2.120631091592619487e+04
-4.589368464421356475e+04 -1.203300022316408649e+04 6.078931012906599790e+03 6.449570804826878884e+03 6.258107180087365123e+04 -1.690336489392045905e+03 -2.466131763986879832e+03 -5.761857160954552910e+02 2.130652173283457529e+01 -9.065215702016049590e+02 -4.412910171075058088e+02 3.337734950169694343e+02 -1.240196484897655438e+02 5.811739553175121955e+02 -3.358678130788853196e+02 1.142204032571900001e+02 8.788563715340116289e+01 3.897369094780199106e+01 5.515875041685845872e+02 4.181866744270755589e+02
-5.894406959444429958e+04 6.795044842876088296e+03 -1.661042554399996152e+04 1.932400888393579953e+04 -1.332303657388134070e+03 -1.708053289711754587e+03 -9.435254840154236717e+02 9.122028151944552519e+03 2.825686430064570686e+03 -4.785588187063184705e+03 4.927249209342528957e+03 -9.387068813729953035e+03 -7.702501445202721015e+02 2.022350433727584914e+03 -1.355849739012344344e+03 -1.921262030117874247e+03 3.995816811157917982e+03 -6.555603121337287575e+02 4.543271892249819075e+02 6.933356182598799933e+02
-2.643763552898166745e+04 3.733526593055090052e+04 6.763889405942482699e+04 1.420863090887261205e+05 4.313969502724552149e+04 1.271015833814267302e+06 -1.308669935687625548e+04 9.499174306960003742e+04 -1.141569845409028232e+06 9.370813689726606244e+05 4.408323173746695393e+05 -4.719446091059840401e+05 1.800154699702349899e+04 1.400029016413799254e+06 1.067892005748613970e+06 -4.399176234783912514e+04 -1.709472291622325429e+04 1.811669281306827033e+05 1.144675960023254156e+06 7.039145206546309055e+04
-4.602943147526719258e+04 -1.264689863789240917e+04 3.977983541881246310e+03 -4.699698354103416165e+01 -4.530022228453654520e+02 -1.513452401315360305e+02 -8.306502588745566754e+03 2.768450996686508006e+03 -2.053515310426852011e+03 -3.485854513877725822e+03 -5.982718044148909939e+03 -6.529510876289482439e+03 -1.815652155286429206e+03 -4.565033017427120285e+03 5.397040189435899265e+03 -3.505207940036320360e+04 -2.350753317250120745e+04 -1.858441280671968059e+02 -7.520672148716734000e+02 2.543486747477951155e+02
-1.685699526534444885e+04 1.163168892512117782e+04 -2.280311234716679337e+03 7.205259616394383193e+04 -7.970730763675010166e+03 -3.034470852296409248e+03 -7.505157353109024143e+02 1.529828452687641038e+04 -8.546817384063429017e+02 5.067245733035362719e+03 -7.493406653333549912e+03 8.288652603311737039e+03 -4.926859789415372006e+02 1.730170061777823321e+03 -4.222304445069334179e+03 4.360777485706914376e+03 -5.119065933441199377e+03 1.722940517109706889e+03 -4.334551216150793152e+03 7.231163739740790106e+02
-4.111042336978287494e+03 1.779392258936868529e+04 2.562794061939116727e+04 -2.982397517987192714e+03 -1.544104754734030394e+03 -4.791323011461102510e+02 -1.240835925559448924e+03 5.067232037339336443e+02 5.712308810122642626e+02 -7.978335493837437298e+02 1.328505616162246497e+03 1.140461835915501297e+03 1.169686356239957377e+02 1.349842943876605659e+03 -9.671958435371074074e+02 2.778108783294048294e+02 5.391309761947768209e+01 -1.716745857610272026e+02 2.798394676424109093e+02 3.113975908272023503e+02
-4.604446547773987550e+04 -1.262364005940349853e+04 4.560885374779636550e+03 1.940821919670578382e+03 4.317845024686537840e+02 1.602213110561979738e+04 -2.968695774840175091e+03 8.330601557194198904e+03 -3.707399058917172079e+04 1.345221796679972249e+04 2.528743188586112410e+03 -1.765259894647967712e+03 -5.516557672358114814e+02 -2.169698902425312917e+04 -2.671956415169627144e+04 -1.422846640825818440e+03 1.883099144622455924e+03 -5.607611065858336588e+02 4.343482302856692513e+03 9.582676483637113733e+02
-4.170287502091431088e+04 3.573332412913648295e+04 -2.476428434080881925e+04 -2.237651037304503461e+03 2.610804121557741837e+03 1.273377934100506081e+03 2.143986195991325076e+03 2.100875727473395273e+03 -3.106933149931012667e+04 -3.975689047247321287e+04 -1.568144851607226155e+04 -3.821920540806571807e+03 2.198821683992133785e+03 3.471647473715243450e+03 1.420912153860211902e+03 2.161244992773939885e+03 -5.072760719822828719e+02 -2.858207359164941863e+02 -1.038858734895923362e+03 -1.933289000979868433e+03
-2.075950754673821211e+04 1.735574884642895995e+04 2.065751150790251995e+04 3.807590349972728291e+04 6.663274109959659654e+03 4.456209492156018678e+04 -2.684955819928812161e+03 4.307311844786351139e+04 -1.324336787665481970e+05 6.853786190284221084e+04 2.318381514679079191e+04 2.247177259818720631e+04 -3.503653585848988314e+03 -1.090735297742958501e+05 -1.157568316832285345e+05 1.540087067622882023e+04 -2.283473653027709224e+04 2.692763873905591390e+04 -7.894766871936939424e+04 -2.089159672239927659e+03
-3.308849498905159999e+04 3.739501905118379364e+04 -6.967777651985716147e+03 8.189215601285402954e+04 -3.564893886387632847e+03 1.025384946617910100e+04 -3.465669858087316697e+03 6.303136547685693949e+04 -5.632253604787530639e+04 -1.676320419325043758e+03 -4.695322772910691128e+04 1.742540926786221389e+05 -8.569382038413640112e+05 1.821789362942206208e+04 9.611483513971568755e+03 1.306886468001465801e+04 4.523337664173863232e+03 -3.739869939143142346e+03 1.250991981724607831e+04 -1.600857015216674881e+04
-2.250657909997495153e+04 8.374865489084881119e+03 -4.439452650946806898e+03 4.574173403600085294e+04 -4.942348132898077893e+03 -4.214293865763175745e+03 -7.593941653450153808e+02 5.383828377793828622e+03 3.356907978584868943e+03 -1.476578103917847102e+03 1.516741055103291956e+03 -8.541694616844637494e+03 -6.030337087387491692e+02 2.078667016554279598e+03 -2.157129327166971052e+03 -2.998242883989011602e+02 1.492667124079259565e+03 -1.071158565013824045e+03 -6.589195049988852304e+01 4.341571661392619603e+02
-3.885188543786622176e+04 3.614554735393063311e+04 -1.928431437533532880e+04 -1.280410324934097162e+02 3.362278403425073975e+03 1.755579447067759611e+04 -2.080799369136945643e+03 1.022364857648575708e+04 -6.862281947477857466e+04 -2.563567161726557242e+04 -1.514341436542061820e+04 -5.569973965455727011e+03 1.649428191045172753e+03 -1.870035693211021862e+04 -2.507868034628783062e+04 7.861500935109968395e+02 1.263293472028774886e+03 -7.942321736600966915e+02 3.267838858233412793e+03 -7.707681745238854774e+02
1.158219847506659107e+03 6.415420177881243944e+03 1.010084630297382682e+04 1.419518818668150379e+04 -3.170840641300160314e+03 -2.358834977766498469e+03 7.019754656928020040e+02 -2.390276869126424936e+04 -3.768592282777552555e+03 1.056980696118689821e+03 -2.111044551148051141e+03 2.148172291923002376e+03 -2.005279825197651178e+01 -1.058054339948486586e+03 1.255757077699034880e+03 -9.496295429694459926e+02 1.260133929384857083e+03 2.747568526294805906e+02 8.102023064213473447e+01 3.163644435921462446e+03
-6.704771536573431149e+03 6.612010610788021040e+03 9.097312280332069349e+03 1.653176996391251305e+04 -2.818281314033342369e+03 -2.431441462972505178e+03 5.493281900321715057e+02 -2.035188000110596477e+04 -3.216192960894999942e+03 2.426914182461218388e+03 -6.039383578078217397e+03 -3.873012615311754416e+03 -5.579415694404016222e+02 -7.504113889450696661e+03 6.008891056378788562e+03 -3.645027432377431069e+03 1.981622542526755524e+03 3.589373647338622050e+03 1.018748877010882666e+03 -1.181726161095077077e+04
1.020414119817597748e+04 1.827118255951869287e+03 2.578017258799264710e+03 6.099677361434806926e+02 -1.558317153534177635e+02 -1.446071068172855405e+02 -1.095712575517850610e+03 6.946127096710705473e+01 -5.538277160630138418e+00 9.279283576779508991e+00 -1.604496791496430887e+02 -1.540372208770763223e+02 -1.172426864024603432e+01 -5.217434830459889099e+02 3.836291105050476631e+02 -1.143506120665588099e+02 7.294047955611101486e+01 1.103911014445181564e+02 1.895223703066588428e+02 -4.540301203375190653e+02
5.843965534960655532e+03 2.193712896397515578e+04 2.387787503234163160e+04 -3.817374722003764873e+03 -3.983571286008267634e+03 -6.301240668022870750e+02 -5.905686456607268337e+04 -3.579033521481088087e+02 9.824171156683080426e+02 1.367039755539389489e+03 -1.425133676860464675e+03 1.198918345677501748e+03 3.983746157045856080e+02 2.023766986713251754e+03 -4.384104108517810232e+02 5.218562171840187148e+03 3.175195726222637859e+03 5.389469691503717286e+02 -1.003425514915520921e+03 -4.792887812548782449e+02
-4.682772968624696659e+04 6.116359821546348394e+04 -9.153323551727844460e+03 1.852676154686700102e+03 -3.048798569974948350e+03 -3.608174880278302794e+02 -4.234548604401241755e+04 7.209896375896601057e+03 2.415099762768338223e+03 4.867778957654190890e+03 -8.481067491369507479e+03 -3.489920789605345817e+03 1.649286213989059036e+02 5.186414186047733210e+02 -1.581609576978812299e+02 1.586249813547236727e+03 -1.497782655169507279e+03 -1.545063296959306172e+03 2.635798153522530356e+02 1.697937214528572667e+03
-2.081491529800353965e+04 2.536192500879427826e+04 4.180535227300408224e+03 1.058841491485599727e+04 -6.083650581761662579e+02 5.134653224016007016e+02 3.229287961229107623e+03 2.940504650858150126e+04 -2.199605304515415628e+04 -7.173503918167863958e+03 -3.149502502192467364e+04 1.129996622069243458e+05 2.546375768909037652e+04 -1.242796357310104941e+04 5.068274152195959323e+04 -5.148634246487871133e+04 6.603048786401413963e+04 2.013479243543765915e+04 4.224748431478848033e+03 -4.690543400010045843e+03
-2.439693726185385094e+04 2.785909549516776679e+04 2.033006668368079545e+03 8.018086732002616372e+03 3.104164919969539915e+04 3.805463467722253699e+04 -4.499613902855902779e+03 1.703136772963531621e+04 -1.283704271042754699e+05 9.303126154037641754e+03 -8.353870090060090661e+03 -1.243080261888084715e+04 3.574485723900153062e+03 -4.726609492910985864e+04 -8.353985356829439115e+04 -1.023994110119387915e+04 1.450223151607293403e+04 2.534962119119770432e+04 1.984889253367295896e+05 5.987845300035765831e+03
-2.149497448214238102e+04 4.051525768997951673e+04 -5.457477585135276968e+03 -8.350524780708781691e+03 -3.002397142031674093e+02 3.658070249931914191e+02 -1.207239644016972761e+03 -5.307591518378700357e+02 8.209016070687140427e+02 2.227024795081194497e+03 -2.736292084867988706e+03 -8.593726364562314757e+01 -2.823188891507922449e+01 8.175584046789060721e+02 -9.667687352482246297e+02 4.089663070840327350e+02 -2.613071054010266607e+02 -3.066115564085641836e+02 -6.467663944415780009e+01 3.814380200709154565e+02
-1.793153155893813891e+04 1.764272991093583914e+04 1.863893326819056529e+04 2.011899118746227941e+03 -1.737234215683344701e+03 -6.068813949101952403e+02 -2.062366256200261705e+04 7.577655302728096103e+03 2.808484828885849765e+03 6.952034696062906960e+02 -3.609617755055129237e+03 -1.395718204440506452e+04 -1.555581430634390017e+03 -3.536142761313878509e+03 1.368453571038327482e+03 -8.595661810331224842e+03 1.255874501095269625e+04 5.338514552849938809e+03 1.936740377555213399e+03 -2.697757129509990364e+02
-4.158112937006740685e+04 4.483815317970489559e+04 -2.857353258614935112e+04 7.324163777358055813e+04 -7.128285292541936542e+03 3.509285498337924878e+02 7.116570390040112670e+02 3.931062106807332748e+04 -5.542660328083941749e+03 1.065225181520360275e+04 -1.779251166415891566e+04 5.241334207597999921e+04 6.423304116253339998e+03 8.002186492477609363e+02 4.842543347523881494e+03 2.484271888299128932e+03 -5.125005467554120514e+03 1.286721294746545391e+04 -4.416958589517309520e+03 9.511841731565624514e+02
-2.546321305102575570e+04 2.748212019725026403e+04 4.652734578219144169e+04 9.610378725463822775e+04 9.830332722251421728e+03 7.862454640528832097e+05 -4.464701206217535400e+03 1.658079214534048515e+04 -1.784619949583820999e+05 1.492962435087313934e+05 6.705096627426265331e+04 -4.676285304038471804e+04 2.719388404171353159e+03 1.532548747973956051e+05 1.217654228163497755e+05 -1.212212440484260696e+04 1.099655000177226430e+04 -2.920874227296278332e+04 -3.964063321740467654e+04 -2.417376668642346885e+03
-1.731020357073770720e+04 1.412605808420995345e+04 1.670325395571739864e+04 9.034121909337136458e+03 -1.792689813626131127e+03 -1.161351989219076131e+03 -2.259734971955772664e+02 4.114536050390216587e+03 1.964450315518430443e+02 -7.271215610821300288e+03 1.416235456703487034e+04 2.924812918256870489e+03 3.904751993532244683e+02 1.490865172719682334e+02 3.621477071897326994e+01 -1.956548858757205878e+01 -1.890277341901649152e+03 -1.064718346039497646e+03 1.211191731131551251e+03 -9.911273141864040781e+02
-4.041810824644749664e+04 3.790331428892402619e+04 -2.696407262980827727e+04 1.906780685152600199e+04 -1.255477924842210086e+03 -1.060807997969785902e+03 1.223550287891417383e+03 1.776709459916867854e+04 -5.668211757354421820e+01 1.361086408632590974e+03 -5.582822942084318129e+03 3.066330248663213933e+04 7.676730967966014759e+03 3.453477726134021850e+02 1.037839785242203652e+04 -3.169458614500470958e+03 1.898552908569445890e+03 7.107584960174808657e+03 3.720405887968676780e+03 -3.002252116668205417e+02
-3.885754238286243344e+04 3.844015346544401837e+04 -1.820402894868577278e+04 3.710542575426933126e+03 6.524432475835753576e+04 -3.876395604497004115e+02 -1.671777369203816988e+03 1.056917082525432761e+03 -3.129947152805522273e+04 -4.010621162932412699e+04 -1.809691994047061235e+04 -3.857216842723536502e+03 2.063647862063735374e+03 3.857529202163733771e+03 1.467494285133613175e+03 2.206912003982021815e+03 -3.207175426645683274e+02 -2.984997100814320561e+02 -3.287676974585270955e+02 -1.296538244802725330e+03
-3.974917303996800911e+04 2.992474114119260776e+04 7.071599825384917494e+04 2.119786576615697704e+05 2.921329843516815163e+04 2.260459814969441388e+06 -1.914860276708381571e+04 -1.197141876558182703e+05 3.777748173153723474e+05 -2.296517968083749874e+05 -1.297108764629842626e+05 6.304044928217919369e+04 5.534690031535938942e+03 -1.422523746465898002e+05 -6.509183787714028585e+04 -5.075145329514676996e+04 9.022648044844013930e+04 -1.260102463768135494e+05 5.543411406090674427e+04 7.031130045779574175e+03
-1.708636728398345076e+04 2.835189174431264109e+04 6.586308687313713563e+03 -4.901950806097448549e+03 1.834501097847514984e+03 1.047673046542375914e+03 1.521118082522548093e+03 3.529827770442487690e+03 -3.096794889893597428e+04 -4.028766569875828282e+04 -1.560307267959708224e+04 -2.689018817350478002e+03 2.364681543432397575e+03 4.393882550741889645e+03 7.508663857060429336e+02 2.230344054615501136e+03 -6.242688887996139329e+02 -4.744686105552486879e+02 -7.202272152496885838e+02 -1.552508230545669221e+03
-6.005034015372620343e+04 8.070957835167439043e+03 -1.902704071070110513e+04 3.653366154617021675e+04 -3.253211883411681811e+03 -3.256386661573021684e+03 -1.503810720768374722e+03 1.486027007020528072e+04 5.710326187900865989e+03 -3.779926947555591596e+03 5.390944562405255056e+03 -1.212232608237174099e+04 -7.688431442476951361e+02 3.555809184205414567e+03 -3.163505405636522482e+03 -1.265635059289773153e+03 3.206103953723849372e+03 -1.685960511494410184e+03 5.995939450668394102e+02 1.043139548058913078e+03
-2.099347216718403433e+04 1.612004758794486042e+04 3.114768775658138111e+04 5.297967524907139887e+04 9.896926299419685165e+03 4.113971494587447960e+05 -1.111502488775182883e+03 3.109367280909816691e+04 -2.168975443478182133e+05 1.506667656578370661e+05 6.222607408441062580e+04 -3.621724248659526347e+04 9.497275642737151884e+02 6.123675550356878375e+04 3.892464502621015708e+04 -4.087734359692561611e+03 3.852658151596552671e+03 -9.572700633309501427e+03 -2.552404177724001056e+04 -7.339187749621676460e+01
-4.880144757320355711e+04 -1.576639296644255410e+04 -1.040094298335599774e+02 -1.416109420597286316e+03 -2.622879074394338517e+01 1.009382718049183296e+02 -3.922421948492451520e+02 -2.469543699869461406e+01 2.605383623624860547e+02 3.976352161401645162e+02 -1.487270958764005435e+01 3.541815438181923241e+02 6.713554934326660373e+01 1.313166886024249322e+02 -9.006561481278727399e+01 1.380013988282771891e+02 -4.777990330508808370e+01 7.448650698624739164e+01 -1.867463121626542844e+01 -6.497361841710131785e+02
-4.497560914768552902e+04 -1.201604209123886358e+04 5.309826484159040774e+03 1.043054283205260191e+02 -3.748424338867728238e+02 1.119628517855333882e+02 -1.248291171715571721e+02 3.567363206870639715e+03 2.175775992060211763e+02 -4.081280349976338471e+02 6.180110491064103826e+02 -4.960572751337494083e+03 -8.285484604035052598e+02 -1.363918249631085928e+04 1.185007122673222693e+04 3.586646625777939335e+03 -5.047427174203559161e+02 8.135508620338127628e+01 9.193478737572452246e+02 8.169647232449574403e+02
-1.975279732357382818e+04 1.188896676397127703e+04 1.111619161521476053e+04 1.026547776009725931e+04 -1.230277706200320836e+03 -4.889341961081767636e+02 8.468010766779689220e+02 7.342521935907757324e+03 1.804033169218152807e+03 -1.973082836182892834e+03 2.919771365860566675e+03 -9.017182091690279776e+03 -1.342837847044487944e+03 -1.396346573268299653e+04 1.160959129600609958e+04 2.582753342512626659e+03 8.747951525559016090e+02 -7.818023262406879326e+01 1.366325193159149194e+03 4.422388689908414108e+02
-7.309920569877696835e+03 1.254007007207758215e+04 1.690983565690735122e+04 1.569918407987931641e+04 -4.121587531552635483e+03 -2.766412821024885488e+03 -5.851766163513684660e+03 -2.491526155665080660e+04 -4.057555862913794954e+03 -1.745093676024171373e+03 3.757156729663198803e+03 4.403580692410104348e+03 1.505276563889772774e+02 -8.913240656238957627e+02 1.385957269352151570e+03 -6.719952580564273603e+02 9.251156847709429485e+02 -8.413003861768226344e+00 4.834575008101799085e+02 3.331554688856681878e+03
-1.796564183407655582e+04 1.416536463670041485e+04 9.573164648238634982e+03 5.271567534849915319e+03 -5.911500651686019410e+02 1.008822259990533894e+02 3.239996251780798048e+03 6.674103169258970411e+03 -1.769927287507920482e+03 1.205961761533652634e+03 1.323473009105641495e+03 1.499482221025775175e+02 -2.443610763422934178e+04 -2.893628392368377718e+03 1.219406926536243736e+04 -1.700304116570880433e+04 2.419280560340997908e+04 -5.141848025089806470e+04 -7.727279143571267923e+03 -1.330974776082315657e+04
-1.884799672908447974e+04 1.921272659234950333e+04 2.001679563358476298e+04 1.921629752990999691e+02 -1.691797829825485223e+03 8.888843068056587526e+01 -2.449279128883364319e+04 7.665053238012561451e+03 -8.100936281920387046e+03 -1.031513183594471593e+04 -1.280156192941900918e+04 -1.090896091208857797e+04 9.198183718097759538e+02 3.231788547919656139e+03 6.860248278126699006e+03 2.017548545494818200e+02 4.040445894862559271e+03 -9.651124362270019219e+02 -6.375803546636495412e+03 -6.627001011928697153e+03
-5.546119298651986901e+04 3.804472669580615911e+04 -3.275563738231145180e+04 1.625516144212416111e+04 -7.987058034341428083e+02 -1.416083918428052584e+03 9.379621780746411730e+01 7.096371587050633934e+03 4.055630058253591415e+03 -2.334524437464613129e+03 6.265412748652393020e+03 -9.276827293513179029e+03 -1.143420311903015772e+03 1.063000791825436181e+03 -1.496643316399691912e+03 -2.072633125466175898e+03 3.644683421991551768e+03 -7.076062114956390587e+02 6.102212604987062150e+02 1.081607420375244999e+02
-4.728824940603465075e+04 -1.430966043195198836e+04 1.873231300495087225e+03 -9.301749862709275476e+02 -5.971836265009383915e+00 3.269321570387313045e+02 -3.518141723939901567e+03 3.464094542000721503e+03 -1.028552514995207275e+04 -1.527063952559631798e+04 -9.245584360149421627e+03 -5.389705270277639102e+03 3.213888460680867070e+02 3.140056888332242579e+03 4.968948099168414956e+03 1.693915729826573852e+03 1.837452250509891428e+03 -7.927914754486522497e+02 1.214907964505210884e+03 -3.445662742028666344e+03
-1.621563402925637820e+04 1.671563674605774577e+04 3.061869901781621593e+04 2.550072979578250670e+04 2.063264607276915922e+05 -5.796250796879025984e+03 -4.125813466516582594e+03 -3.309473599514585658e+03 2.735053857057269397e+03 1.378037532165206130e+03 4.468311595059714136e+02 8.749198407539637401e+02 4.841205176252078104e+02 8.174247916209598088e+02 1.867582980756261009e+02 3.366489349512785907e+02 -4.196885287780968383e+02 6.850331459134953604e+01 -1.136859645562293736e+03 8.156310703055041245e+01
-3.524441425842699391e+04 1.178637168715062398e+04 1.445507316343285493e+04 9.359982800882291485e+03 6.119413399034775694e+02 1.304539132590885492e+04 2.595996027179665361e+03 3.831054843540570437e+04 -4.155330466308815085e+04 1.914664494520594235e+04 -2.673154172047446264e+04 1.314564334532577195e+05 3.070207882282852006e+04 -3.772814138030936738e+04 6.163505172778565611e+04 -9.765686909562136861e+04 1.384372998719698226e+05 -9.459192757047677878e+04 -1.584150550664950970e+04 -5.557602230400664666e+03
-2.235486604198661371e+04 2.416618014640865658e+04 3.543543075524071173e+04 5.851090217953130195e+04 3.042747491571456521e+03 1.027573094784686546e+05 -1.545225160012829974e+03 8.473671837969536136e+04 -2.834340067104515620e+05 1.528325215690183977e+05 7.295172196053875086e+04 4.584430656133818411e+04 -8.686675688953489953e+03 -2.396390756303377857e+05 -2.578815349616229942e+05 4.549441773519770504e+04 -7.038444680056498328e+04 8.313739693864824949e+04 -2.266985218417839787e+05 -9.124035227075941293e+03
-1.903664068613314521e+04 5.858744680186845471e+03 7.083322373049138605e+02 1.760107798990678930e+04 -2.180921489274399391e+03 -2.018130164202150581e+03 8.681653878932897896e+02 -2.710106930090847982e+03 1.210649087236497735e+03 -5.333144511281501536e+02 1.203895504590994733e+03 -5.290925949930157003e+03 -6.884911511424584205e+02 3.334988978077277579e+02 -7.707572182183427003e+02 -1.235719215723223215e+03 2.228490009030360397e+03 8.751840844802195818e+01 -3.524901591371438769e+01 -3.822713699396265952e+02
-4.670803930297288025e+04 -1.331400582491061505e+04 3.042989703465956154e+03 1.325397455258352295e+02 -3.660388179805395339e+02 -1.470081578274419201e+02 -6.232822967190086274e+03 4.842649535179163649e+03 1.992493715268205278e+03 -6.801892947504318272e+02 -7.013961137362998670e+02 -1.148273314450763246e+04 -1.360781468849723979e+03 -2.810699103846010985e+03 9.374017351794175283e+02 -8.569519601647985837e+03 1.249641150957229547e+04 5.405614340076002918e+03 1.943450580900668228e+03 9.158503149339566107e+01
-3.830873054881295957e+03 1.376234788425783336e+04 2.060428352619610814e+04 -2.702134621075217183e+03 -8.327654110943032038e+02 -2.666991493596876239e+02 2.874983645109400641e+03 1.841270948193084223e+03 8.128708012360056046e+02 1.124720490544597851e+03 -2.816961817036378307e+03 -7.869677679989899843e+02 -1.379308077363662655e+01 7.938380510211451337e+02 -7.326573227376408113e+02 1.022310786970531815e+01 2.238365846640259065e+02 4.206019097434506193e+01 4.921815636097885260e+01 7.277901402736709713e+01
-1.792564718963803898e+04 1.867326140844728070e+04 2.964766928509963327e+04 5.123700933941324183e+04 8.670866189417332862e+03 3.647423599859862006e+05 -7.084917457497375835e+03 4.590400510671852680e+04 -4.396937866792267305e+05 3.530329688495713635e+05 1.520624149758229614e+05 -1.724290875408199208e+05 5.733210854809984085e+03 4.938149533702675835e+05 3.841543657864021952e+05 -1.486594004922091881e+04 -2.323256034307213213e+03 6.009412612440636440e+04 4.194725621765013202e+05 2.808365613295190997e+04
-3.910819667834944994e+04 3.635711850487681659e+04 -2.221929234384712981e+04 -3.315298859977242500e+03 2.599641030019798109e+03 1.304544047363745904e+03 -5.611903468576043451e+03 3.991677738283230610e+03 -3.372209692798650212e+04 -4.277484244078307529e+04 -2.325975603749014772e+04 -1.025429043704729702e+04 4.026306506200048148e+02 -1.524834652175862857e+03 7.162790460024280037e+03 -3.288505210012616590e+04 -2.411315516544608909e+04 -4.502570374609666146e+02 -1.754374631850071182e+03 -1.460548585888313482e+03
-3.578971238486355560e+03 1.251685239008732788e+04 1.949163980975402592e+04 -2.109279120596079792e+03 -9.850895393477309199e+02 -3.561562322137525598e+02 3.174687067831583136e+03 4.763524673794710793e+02 5.346230699270441846e+02 -5.375291406016923013e+00 -3.681344656649979470e+02 2.615368311862393398e+02 5.248063490555669830e+01 1.249176671253281711e+03 -9.518052152037842006e+02 7.654996460162678318e+01 1.602568671742807567e+02 1.987193981420125510e+01 1.359253561086497797e+01 1.999606464675862298e+02
-2.807039729350347625e+04 1.717261800869229046e+04 3.533558157846131508e+04 6.747318052960037312e+04 1.106803094366054393e+04 5.591719347556281136e+05 -2.289840247893073411e+03 2.922224259303387225e+04 -2.453755654761566257e+05 1.920532980985720933e+05 8.209823946039399016e+04 -5.824682050093898579e+04 3.986322743564703160e+03 1.694643697034229117e+05 1.409427162340161740e+05 -2.248387726794651826e+04 2.766323807773235967e+04 -5.224278444673584454e+04 -2.738460498161084615e+04 -7.749654056658566788e+02
-8.141079846004771753e+03 2.403289487363974331e+04 1.737065729222512527e+04 -4.549754071506606124e+03 -8.515898786283448771e+02 -1.093736515856513023e+02 -1.998789907674919277e+03 2.162583823739666059e+03 8.144770967431895770e+02 1.492361763291065472e+03 -3.405133591050478117e+03 -2.504389311942755683e+02 1.164130913732048924e+02 8.355823203089446451e+02 -6.222197978621769607e+02 1.464013971907559437e+02 1.450421247864047416e+02 7.988691611099571332e+01 4.990932013938677159e+01 9.893479108118992826e+01
-1.565111822506011049e+04 2.048667036234676925e+04 3.396677851449735317e+04 2.398550051632946634e+04 1.408213290311832679e+04 1.836175292621102708e+05 -1.704268109117535687e+03 3.491513027222832898e+04 -1.615029954930180975e+05 1.151685675039693451e+05 5.206802212307550508e+04 -7.379682704931290937e+04 -6.919087457710166746e+03 -8.549426763691932138e+04 1.905267469036896073e+05 7.532553606116860465e+04 -2.666221582010770362e+04 1.253163045331532157e+04 -3.154822544632164863e+04 2.506338009007180881e+04
-1.978151557106163818e+04 1.055161859636558984e+04 1.200569514483847706e+04 5.906017596262342522e+03 -9.302261774735006838e+02 -8.595287038440567358e+02 -5.843826628202738902e+03 6.987644694240098033e+03 2.698596535537673844e+03 -1.924749941779318306e+03 5.143607187488165664e+02 -1.496341125692994865e+04 -1.828741471261791958e+03 -3.141413106562826215e+03 1.121985231420640048e+03 -9.409273566079855300e+03 1.363831906301383242e+04 5.447438723204677444e+03 1.874670580782924162e+03 -5.657044760925055016e+02
-1.293643323873506415e+04 8.518375176199817361e+03 1.254434785953243227e+04 6.723221821867349490e+02 -3.000079400711368862e+02 -1.010184895290260982e+02 -1.796528821271416746e+03 3.291043297035723754e+03 -1.045232809391181218e+04 -1.570752371125434547e+04 -9.553360347429055764e+03 -5.507981092866102699e+03 1.701505249619718825e+02 2.161927337721597723e+03 5.347107122634038205e+03 1.691199419556265639e+03 1.484372940721638088e+03 -7.136961425284740699e+02 2.376531195279607346e+03 -3.556575147089272377e+03
-2.304797117705627170e+04 2.002207851283773198e+04 2.174495078092112817e+04 4.832557797812466742e+04 9.159013469818062731e+03 3.205220367971719243e+05 -3.377968763168621081e+03 1.917479202954618449e+04 -1.356857960121666838e+05 5.712824946528421424e+04 1.426616328893260652e+04 -1.412264167863538023e+04 2.548087495082229452e+03 -3.133065962557072453e+03 -3.805317258266670979e+04 -1.410202650133566203e+04 1.722137484650365877e+04 9.396202271278745854e+01 1.153865938937052852e+05 3.515842420124353794e+03
-1.755750249036652167e+04 2.465946300197526580e+04 2.416761361509706330e+04 1.347226636612359925e+03 -1.701714669924275086e+03 1.603106539774578050e+04 -3.357311921499283926e+04 1.286216942004993871e+04 -3.585144188564868091e+04 1.691919381434176103e+04 -4.421251110355095989e+03 -4.924607435810166862e+03 -6.764629261772062137e+02 -2.233892107164239133e+04 -2.644326024041784694e+04 -1.085336667720612240e+03 1.796896670678589999e+03 -5.234799596074242345e+02 4.020197215810207581e+03 2.720431497921410369e+02
-1.474214683397643785e+04 9.700945414486021036e+03 -1.214960434811923278e+03 5.594863183621436474e+04 -6.277836424795178573e+03 -3.342661751371285391e+03 -5.121554665801727424e+02 8.795690215009297390e+03 4.306508188813147626e+02 2.667280108337952697e+03 -4.512662673336464650e+03 2.710092228359463206e+03 -8.827045632589037893e+01 1.538927657554051848e+03 -2.640256181303256199e+03 2.977127270579754168e+03 -3.445018707937905674e+03 1.294861297624074155e+02 -2.138820729959313212e+03 4.366164595300949145e+02
-5.289339040723285871e+04 -1.276085589451515807e+04 -1.034991115363891367e+03 6.817485037702175759e+03 -8.077303178109578994e+02 -7.099782562192873456e+02 -7.177456256380530704e+02 3.153501049932604474e+03 1.683709024561783508e+03 -8.049346895638902879e+02 1.649976323437111205e+03 -3.916159650732447972e+03 -4.579020119617264868e+02 9.071431810860850646e+02 -1.017137911427258246e+03 -9.350967044341820156e+02 1.884863493449479392e+03 1.101987589198520112e+02 -6.986404887777788986e+01 -1.915468363767094786e+02
-2.505698311596096391e+04 4.696177264776645461e+04 -1.017699788306724804e+04 -9.262171219734116676e+03 -8.427145987595419285e+01 4.984037116499331432e+02 -1.363273682761330974e+03 -3.598305569393444898e+02 8.073702335147733038e+02 2.518094634070552274e+03 -3.282358158900879516e+03 -1.178613095429520143e+02 -7.077858529522417896e+00 7.267540116262065339e+02 -9.192954991670376330e+02 4.797949804545573329e+02 -3.718851916311379000e+02 -3.378536930032245778e+02 -7.731877841608827850e+01 3.631886115047414592e+02
-2.413574834580094830e+04 1.615413807664076376e+04 1.335808360119995996e+04 1.881693870846424761e+04 1.480432960536523751e+04 9.447289904462602863e+04 -6.253588451471419830e+03 3.305378685247679823e+04 -2.117997073953030340e+05 5.439939522818040859e+04 3.398870794599439705e+03 -1.348725453124401611e+04 5.333469178057663157e+03 -9.669979835705304868e+04 -1.498050181821524748e+05 -2.465731323078200512e+04 3.019071291087396457e+04 6.533436935958218237e+04 4.029698492349047447e+05 1.167858697726261562e+04
-4.415786982163582434e+04 5.551967358065518056e+04 -2.906096569904403441e+04 1.026432404732423893e+05 -1.047243474961683387e+04 7.946689238148010190e+03 4.381835195949440276e+03 9.311788912075902044e+04 -2.956145778250401418e+04 4.474653803794748092e+04 -6.452252902340814035e+04 2.250167476734841475e+05 3.288116928746375925e+04 -1.931408185861741003e+04 1.149129791816159695e+03 1.209828904811824032e+04 -3.602089588509352325e+04 2.741981698301203432e+05 -1.837233634404925397e+04 2.497974424268784423e+04
-1.525647844840692233e+04 7.059769588692743127e+03 9.494646837328735273e+03 3.127246376312694338e+03 -7.066108199175948812e+02 -5.916702894090316249e+02 -7.899440247211184214e+03 2.278552407548927931e+03 -2.163600870411999040e+03 -3.605373822668450430e+03 -5.932467631634001009e+03 -7.067764701722384416e+03 -1.891029357818986455e+03 -5.574151210443520540e+03 6.120833202907891064e+03 -3.533399096539276798e+04 -2.371792940755057862e+04 -7.612010461004889805e+01 -5.618731686845601416e+02 -2.615693020353783140e+02
-2.303549408660046174e+04 1.488380836293419634e+04 1.502491879176473594e+04 1.068264817035080705e+04 -1.967018674854453820e+03 -1.493425999581041879e+03 -9.467584855926062346e+02 6.001464278196282976e+03 1.966194034956304222e+03 -9.691645103188719077e+03 1.868732430264163486e+04 -5.043594109418515472e+03 -1.198756235102537403e+03 1.035282221955376826e+03 -1.723294265698248182e+03 -3.309988809658883838e+03 3.675978384962861128e+03 2.126496384745126420e+02 5.393685586899873670e+02 -5.186341018735671469e+02
-4.428273011723770469e+04 2.835777495768670997e+04 -1.249820962363164108e+04 6.197034535468228569e+04 6.322461540624270128e+03 2.605247310383077092e+03 -6.359470052987288000e+03 6.919734983440813085e+04 -8.027692382005532272e+04 -5.137047787723016518e+04 -9.412615244105744932e+04 2.474699164532501891e+05 -1.320862918929570122e+06 4.366192615055989154e+04 4.809653579688460741e+04 4.199970017624548746e+03 -6.169262635961118576e+03 -1.221516184277481079e+04 1.586541871877433732e+04 -3.669599344783027482e+04
-1.052631048399732208e+04 1.851883552638748733e+04 3.053110101702707834e+04 5.659144533990031050e+03 -1.303292483372803417e+03 4.391597968342187960e+04 4.715599102688378480e+03 6.289359303651942355e+03 -2.125216814439825248e+04 7.663504909148604384e+03 3.388221645542776241e+04 8.733207343632615220e+02 -2.892178043490093842e+01 1.660098898066484617e+04 6.471864005760280634e+03 3.901156871124001555e+03 -1.190397193962593155e+04 9.382008345467313120e+03 -3.854573542959670885e+04 -5.118473522051453074e+03
-1.581238034457228605e+04 1.132286800322325143e+04 9.120954514839097101e+03 2.350605244024207059e+04 -4.193005455345025439e+03 -3.391145711633118026e+03 -3.137984561854708318e+03 -2.010911262386473754e+04 -1.756958369739736781e+03 -2.531832729385110724e+03 4.567602595991324961e+03 -3.877779542333167228e+03 -1.031003692015782690e+03 -1.920542441625588026e+02 9.907094327835963554e+01 -3.158717936193404057e+03 5.042398093658793186e+03 5.287732731741677981e+02 2.858922412640716288e+02 3.429766098403626984e+03
-1.004700234978192566e+04 1.209965287749243180e+04 1.813675465243626604e+04 1.712040052510871647e+03 -7.375739048779150835e+02 1.845435784560194747e+02 2.735623036669632029e+02 4.489263266475012642e+03 2.570889688990666286e+02 -4.712672511445103396e+02 6.118667788308633817e+02 -5.029585627021543587e+03 -8.856876207706014839e+02 -1.477890612173666523e+04 1.216112896009011456e+04 3.723403644793715102e+03 -9.684187861485808071e+02 8.103351479174745009e+01 1.054048326653517051e+03 2.889462338942570909e+02
