2.099517227206172174e+04 -3.093365626633389184e+03 -3.395692128720170331e+03 -4.312916660996791620e+02 1.632687580261147104e+02 9.576812977346820333e+01 -9.449590264749791402e+01 2.137858611003351541e+02 5.141712554029987281e+00 -4.420226870350428783e+01 1.123769929852932705e+02 4.006634398725842061e+01 4.025077960358433238e+00 8.525868802024493931e+00 -8.427411613788960310e+00 8.718424700183273757e+00 -3.282687587772252158e+01 -2.476361744391570952e+01 5.119339731619224843e+00 1.808589391292363402e+00
-4.942994386825988477e+04 -1.550250915848971454e+04 2.025271189534775544e+02 -1.222268077808957969e+03 -5.695239998137290627e+01 7.466209356443843603e+01 -3.867139580810464849e+02 -3.949167461733157580e+01 2.686371425307426648e+02 3.949033157509329612e+02 -2.168768465176274773e+01 3.101541407419197753e+02 6.282603865569182489e+01 1.160367096476229989e+02 -7.792076733175129277e+01 1.173724444617248253e+02 -1.995067727616589082e+01 8.615869639206226793e+01 -1.380477433524430353e+01 -6.607276989409506314e+02
-7.668567475505416951e+03 1.469994682230030958e+04 2.117578368667832183e+04 -2.438533200035549726e+03 -5.263055055024221929e+02 -2.751159053388256552e+02 1.412322283841111357e+03 2.141285425754841526e+03 8.108725775773448277e+02 9.611392160626398891e+02 -2.531395521883842321e+03 -7.714435192078095724e+02 -1.541396430051137756e+01 5.429494003344112798e+02 -5.416766499389932505e+02 4.530574626729865173e+01 1.730069740227934290e+02 -2.353283183406475132e+01 2.210163963258091258e+02 1.250032993530679448e+02
-4.260948431411075580e+04 3.583855509581115621e+04 -2.622797651666525417e+04 -5.116649880567123546e+03 9.131961599864262098e+02 4.989456331225946428e+02 1.728144262842204625e+03 -2.218498231378158835e+03 3.045779122336502382e+02 8.541935419314213505e+02 1.106450894734567100e+03 -7.796438708707576382e+01 -1.458836760046524432e+02 -5.319505716565829516e+02 9.963067892269387826e+00 1.461385001137608128e+02 -3.419524236107097295e+02 -6.901205402121807708e+01 -1.414862374861591547e+02 -7.898995258054789019e+02
-1.621563402925637820e+04 1.671563674605774941e+04 3.061869901781621229e+04 2.550072979578249578e+04 2.063264607276915922e+05 -5.796250796879026893e+03 -4.125813466516583503e+03 -3.309473599514584748e+03 2.735053857057269397e+03 1.378037532165206130e+03 4.468311595059714136e+02 8.749198407539635127e+02 4.841205176252076967e+02 8.174247916209598088e+02 1.867582980756261293e+02 3.366489349512785907e+02 -4.196885287780968383e+02 6.850331459134952183e+01 -1.136859645562293736e+03 8.156310703055042666e+01
-4.206813986102445597e+03 3.733025278103884830e+03 6.109430496362044323e+03 8.674913264144661298e+03 -1.810178529362436393e+03 -1.331781675151320997e+03 1.778379045599476058e+03 -8.865695877539585126e+03 -7.138327467324006648e+02 1.520633103409824116e+03 -2.103793243463162071e+03 4.083039770068828744e+01 -6.711771811178262048e+00 -2.532426334889144641e+02 1.450146393918610386e+02 1.894567139366975539e+01 -4.766391975930392100e+00 1.552956333379425473e+02 -8.461421249808985579e+01 -1.132587051791055046e+03
-2.499172434408032859e+04 3.177995007668924154e+04 5.142890624108234624e+04 1.232215926871949923e+05 1.041832708799141255e+04 1.004386041886978666e+06 7.980719474505160633e+02 1.888755421864561413e+03 -1.125748545607703418e+05 1.019655786302429042e+05 5.135237439357850963e+04 -3.652303163092188333e+04 1.135671314274803990e+03 1.373789054204992135e+05 1.012050121201980801e+05 2.599147862392154025e+02 -8.420013343077249374e+03 -3.895641138739991334e+02 -4.947856876819871832e+04 -3.688600813123163334e+03
-1.294533908755065568e+04 8.289447279401867490e+03 -5.197538908022416990e+02 4.395306810374754423e+04 -5.006178881404688582e+03 -3.695532144493688975e+03 -3.566137565191729095e+02 3.836830486138947435e+03 1.556932952402172987e+03 7.196109318599537801e+02 -2.147277997898355352e+03 -1.624858308425975565e+03 3.521969490942308880e+02 1.434034779149297492e+03 -1.282224550836791423e+03 2.047258532209067653e+03 -2.394583510067104271e+03 -1.366552777090063273e+03 -2.153847581499647106e+02 1.709235220592285884e+02
-3.390361032988087391e+04 7.461490853905177210e+04 1.565464070198635163e+05 6.688038500037605409e+05 9.269461209923577553e+04 7.429178814210163429e+06 -7.226347487304396054e+04 -6.452495208701075753e+05 2.697222315995696001e+06 -1.839428319571936736e+06 -9.099011106334049255e+05 4.952719504703676794e+05 -1.449154183666315657e+04 -1.352397542225514771e+06 -1.006791201424730825e+06 1.677897437323605482e+04 5.029670213864884863e+04 3.157114726211919697e+04 3.748489633779013529e+05 3.634773474928404903e+04
-8.900955633518362447e+03 1.674004248754213404e+04 2.579216654501743687e+04 5.814143164326200122e+02 -2.038831552279547395e+03 -7.497657121593410920e+02 -3.323142303909869952e+03 -5.150270528805502863e+02 -9.451546057028602945e+02 -8.866168287960023008e+03 1.807006329407604062e+04 5.868590725706285411e+03 3.445280331768868791e+02 5.012467557874563227e+02 -3.392403354817083709e+02 -7.625570079832027659e+01 -1.588967977143622193e+03 -5.273695540247177860e+02 8.286905443179612121e+02 -7.078052937828564382e+02
-4.140985007607437728e+04 3.578637604821207060e+04 -2.446633808414151645e+04 -2.333260933340390238e+03 2.607783802910891154e+03 1.273529798957116782e+03 1.263595057168875655e+03 2.326372915013752845e+03 -3.135038504411277245e+04 -4.008934316372132162e+04 -1.652964872025600198e+04 -4.561929286535963001e+03 1.994875311066967470e+03 2.909601560404516476e+03 2.071226853358359222e+03 -1.808932389963789547e+03 -3.177503663770178264e+03 -3.070629019740777608e+02 -1.124444537913430850e+03 -1.874979410894962257e+03
5.654558800656659514e+03 2.188796923693572899e+04 2.375408649046720893e+04 -3.797569315353583534e+03 -3.952946242672285280e+03 -6.177742088665505662e+02 -5.883572203508041275e+04 -2.206413147451385726e+02 9.707251023169576456e+02 1.421518617097814285e+03 -1.684634932475775486e+03 1.018666454013678958e+03 3.900034633902545806e+02 1.986440639617120496e+03 -3.944735756186127560e+02 5.147319011718594993e+03 3.207038508292052029e+03 5.529618309388316675e+02 -1.023001093249091923e+03 -5.117747728916201595e+02
-2.542813170292925861e+04 5.264018979236546875e+04 -2.684643253146652569e+03 -9.911907657220452165e+03 -1.291064361691763906e+03 2.047457121349256397e+02 -9.121852810924088772e+03 -2.570785223356514052e+03 4.101198027127091450e+02 -2.701488355824576502e+02 2.817228821868909108e+03 2.740472598578631278e+03 1.865226062682626491e+02 1.661482182563574725e+03 -1.335984560740018196e+03 8.615797151775141174e+02 -6.013537733767735745e+02 -5.997160140493637073e+02 1.386853127196531830e+02 6.960461073427655947e+02
-4.042005974757455988e+04 3.790578589720102173e+04 -2.697105097200710952e+04 1.906815610624866531e+04 -1.256209689592484210e+03 -1.060688100263504111e+03 1.223162786957435173e+03 1.776626268543306287e+04 -5.731489095236402420e+01 1.361208018605773987e+03 -5.583150414799660211e+03 3.066536748980274206e+04 7.677130783349600279e+03 3.450088137393157126e+02 1.037900573333618377e+04 -3.168645157230361747e+03 1.897144526883876324e+03 7.107232609567272448e+03 3.720577252943554868e+03 -3.001713700137194678e+02
-5.546119298651985446e+04 3.804472669580615911e+04 -3.275563738231144453e+04 1.625516144212416111e+04 -7.987058034341428083e+02 -1.416083918428052584e+03 9.379621780746410309e+01 7.096371587050633934e+03 4.055630058253591869e+03 -2.334524437464613129e+03 6.265412748652393020e+03 -9.276827293513177210e+03 -1.143420311903015772e+03 1.063000791825436181e+03 -1.496643316399691685e+03 -2.072633125466175443e+03 3.644683421991551768e+03 -7.076062114956390587e+02 6.102212604987062150e+02 1.081607420375244999e+02
-9.045574359854303111e+03 2.509472781560665226e+03 6.052602049672834710e+02 8.564211321167173082e+03 -5.749691222825025534e+02 -1.042737895624301473e+03 -5.479558260491886585e+02 2.337874444150976615e+03 2.716819043223619701e+03 -5.838273971440328751e+03 9.895888114277093337e+03 -2.375673958914054310e+04 -4.361648984331934116e+03 -3.282483414749742224e+03 -9.360360308197105041e+02 -2.595746211705441601e+04 3.979367801747011981e+04 2.336766508746086038e+04 -3.981866910769650531e+03 -2.856470254596074483e+03
-3.048136133580471324e+03 1.068481665274887564e+04 1.725313253036722745e+04 -2.018254495506135072e+03 -6.699800862374358985e+02 -2.518078867840995656e+02 4.906656520739860753e+03 1.235597023434722132e+03 6.758804794853659814e+02 9.797628204560932090e+02 -2.485622624633710529e+03 -7.098682976102847988e+02 -1.084768685801146049e+01 9.654214098726587281e+02 -8.290435429677896764e+02 -3.946026668598137377e+01 2.373431484535553579e+02 1.138567206688889542e+02 -9.072533965596824146e+01 7.966071807653329984e+01
-4.230074632648596162e+04 3.173283367173568331e+04 -1.181595865101451818e+04 7.022798172212296049e+04 3.528531896716216579e+03 7.898680008489934153e+03 -5.763680276387690355e+03 7.020235113786105649e+04 -8.040181862613800331e+04 -3.238103336256204420e+04 -8.247568561438926554e+04 2.313521132912283356e+05 -1.214324406624735100e+06 3.285774123662659258e+04 3.262960412621330761e+04 7.592509437942585464e+03 -2.003601040810386849e+03 -9.984261045926943552e+03 1.619860374059043897e+04 -3.105760709461279839e+04
-9.694690093579374661e+03 8.488687340688244149e+03 1.339376291429276716e+04 1.946632692029084637e+03 -5.770086392990255035e+02 -4.309151670840398651e+01 1.477535572559090497e+03 3.427428030233035315e+03 1.235506637135386256e+02 -3.892583167534445465e+02 4.080862826372283507e+02 -5.105331655631671310e+03 -8.858941421350488099e+02 -1.458301466380016063e+04 1.238337651650261796e+04 3.541531040868595028e+03 -8.693509162825657768e+02 1.654227660973124046e+02 1.050682494559942825e+03 2.958047040591978885e+02
-1.565111822506010685e+04 2.048667036234676561e+04 3.396677851449736045e+04 2.398550051632946270e+04 1.408213290311832679e+04 1.836175292621102417e+05 -1.704268109117535232e+03 3.491513027222832898e+04 -1.615029954930181557e+05 1.151685675039693451e+05 5.206802212307549780e+04 -7.379682704931290937e+04 -6.919087457710166746e+03 -8.549426763691930682e+04 1.905267469036896364e+05 7.532553606116859009e+04 -2.666221582010769998e+04 1.253163045331532157e+04 -3.154822544632164863e+04 2.506338009007180517e+04
-2.054128303832086431e+02 1.009523788996068470e+04 1.500295409148043109e+04 1.423684522600662422e+04 -3.895645701802778149e+03 -2.600018948957655539e+03 -2.647512999065515032e+03 -2.549898133542310461e+04 -4.073695224997820787e+03 -9.982750027117810987e+02 2.297213939151444265e+03 4.171428652517287446e+03 1.155798876955384031e+02 -5.172364451289723775e+02 1.042787232657138475e+03 -7.128600665191944472e+02 1.087682934695352287e+03 9.805610963677335690e+01 2.832132912764917592e+02 3.379480028557772584e+03
-1.605336477769360499e+04 1.331043834907711243e+04 1.402755547027175271e+04 1.594042865647852295e+03 -1.456469620907164881e+03 -5.294679682683791953e+02 -1.994233294914008366e+04 3.617968934194076155e+03 -1.825287547069695165e+03 -2.187469099398597336e+03 -8.641117866166674503e+03 -7.719014107171999967e+03 -1.846568517674744726e+03 -5.521704907560463653e+03 6.111396464723622557e+03 -3.506047527534024994e+04 -2.385412636429329723e+04 -1.525006994068779136e+02 -6.838277196968148246e+02 -3.339615679349507218e+02
-1.611011649114116517e+04 1.156344744671072476e+04 1.573883681674665786e+04 5.844089188313692830e+03 2.323359685998671154e+01 1.650917267783829811e+04 -4.069901790475802500e+03 1.036528042166967498e+04 -3.732503453397876729e+04 1.406149692587713798e+04 1.716117464456627204e+03 -1.463227672067158665e+03 -5.607394662528333811e+02 -2.285596015304124376e+04 -2.648471317864619778e+04 -1.272839499655935697e+03 1.305152916366320596e+03 -5.648928353904714328e+01 3.850664711297870781e+03 4.157000003773739536e+02
-4.845963014898239635e+04 -1.541570544048269585e+04 9.484239234665999163e+01 -1.433326655135140527e+03 3.801555477882269685e+01 1.424529441474404337e+02 -7.656487647675451171e+02 1.711225375156304835e+03 3.725176719076168297e+02 -3.168186584693015106e+02 5.590535728672609821e+02 1.677176792397174552e+02 -4.114007897165316194e+02 3.639853548981849940e+02 -1.299490310205508479e+02 -2.736757961005951074e+02 2.945139405312567646e+02 -6.726279036900567689e+02 2.380974075089480948e+02 2.133488693548829906e+04
-4.679770990793898818e+04 1.215091367005377469e+04 -1.520415546602802351e+04 1.343445135677665530e+04 4.547817147043622867e+02 -1.254920919419478196e+02 -8.076833067681862985e+02 1.634449518992396224e+04 -9.798865599246739293e+03 -1.063435613024535269e+04 -9.655854007901918521e+03 4.640001193447296828e+04 -3.351305652708171401e+05 1.387256927966908916e+04 9.702717371192869905e+03 -1.708779389661585810e+02 1.221205099208779575e+04 -3.601216893248257293e+03 1.025727638613317686e+04 9.702828519210299874e+02
-1.802726877319109553e+04 1.142166989840197311e+04 2.260319014032754421e+04 -9.139733807701290971e+02 3.083079246320142374e+03 1.258714693810273639e+04 1.226799866614653638e+03 1.138722964073171352e+04 -2.642931391206449553e+04 1.778254858409381995e+04 2.005853710970411328e+02 1.734690905854991797e+04 5.482976717622820615e+03 -2.652690127629527342e+04 1.286973045765755705e+04 -4.521043423722127773e+04 7.176427765084995190e+04 -1.148760572103326849e+05 -2.044699102695754482e+04 -1.235560726068545819e+03
-3.937153958005670574e+04 9.400567375560967776e+03 2.847170868239002084e+04 -7.704187854615644937e+03 -4.774978464673319650e+03 6.019810164568499431e+02 -9.283654984462929133e+04 9.804378563949623640e+03 -1.180067871268931231e+04 -9.444628457886306933e+03 -3.087097540681488681e+04 -2.959314100704528391e+04 -1.036357618702884065e+04 -4.091347559392800031e+04 4.181658393500300735e+04 -5.402395853004804812e+05 -4.130519698641552241e+05 -2.224136468164364123e+04 -2.088010960122931283e+04 2.494672799212529208e+04
-4.862010600424792938e+04 -1.529505442462002611e+04 3.928057554860232017e+02 -1.315876707790911269e+03 2.648352865615468659e+02 2.710569731315898707e+02 -4.020242287258474789e+02 2.768182789389964910e+03 -1.704770120142714950e+04 -2.703458101401673775e+04 -1.266478381642403656e+04 -3.362395248798994089e+03 1.209380748596919375e+03 6.325574848137045592e+03 3.038848925310934192e+03 5.306320875006105780e+03 7.837657051810227813e+02 -9.054616049257274426e+02 -5.976816437616676922e+03 1.023716352143714062e+03
-1.085920375403121398e+04 1.307296181514396449e+04 2.098139479013857272e+04 3.813224548891688755e+03 -6.877767673705360494e+02 4.140565509036177900e+03 3.288779178016751757e+03 1.354234792500429285e+04 -1.481321359566234059e+04 1.147797889160729210e+04 8.472478065959423475e+03 -3.651370692576099100e+04 -5.629075951953972435e+03 -1.083810986183628993e+05 1.233341660602059419e+05 5.532367128966004384e+04 -1.634244594809509908e+04 7.207423893429443524e+03 -4.248126563769073073e+03 1.813302489245689867e+04
-2.056357624467112328e+04 1.839243296796777577e+04 2.197480438373515790e+04 4.129065331256241188e+04 8.645989009602566512e+03 4.718002961958427477e+04 -3.469942695772922434e+03 4.667505962692148751e+04 -1.432944065854789224e+05 7.468523690157214878e+04 2.614986679832513619e+04 2.459043048585571523e+04 -4.120044653371850472e+03 -1.202653313813173590e+05 -1.285894760530841886e+05 1.892170200725812538e+04 -2.820720506803717217e+04 3.403503075490195624e+04 -8.958239629488653736e+04 -2.474958168741758982e+03
-4.673913713979131717e+04 -8.853704084947181400e+03 -1.324565717245835685e+03 2.174307085133191140e+04 -2.102600165915474463e+03 -2.011175907480982687e+03 -3.624408771151230667e+03 1.541652334835160400e+04 5.487938217911870197e+03 -2.391375712818432476e+03 2.051586932961602542e+03 -2.509506597473141483e+03 3.774468334439976388e+03 5.162799853388232805e+03 1.707006349575900913e+03 1.643605523803813412e+04 -2.328701136595157368e+04 -5.592925736830999813e+04 4.844322060885660903e+04 -1.025449494974027948e+04
-2.142296379749858534e+04 1.041763452194973070e+04 2.081903354883680731e+04 9.463889251301741297e+02 -2.021471384070287911e+02 3.780841407464974964e+03 1.269368186513014962e+03 1.459802745676941049e+04 -2.806640317478588258e+04 5.089625832834615721e+03 6.098118569305655001e+03 2.280313857896738409e+04 2.641740493399207480e+03 -6.858081959790145629e+04 -6.816523213534760544e+03 -2.935391458730933664e+04 2.976369592426181407e+04 8.545975715258410492e+04 2.587739757612833055e+05 1.352833369631474341e+02
-3.437694586748853908e+04 4.363935132112445717e+04 -1.058773209746131761e+04 3.759636389478601632e+04 -3.302473007203103862e+03 5.203090023757314384e+02 3.528001198580455821e+03 5.042707398958568228e+04 -1.763883332873938707e+04 6.285165184307044001e+03 -3.733013923886459816e+04 1.506654891795795993e+05 3.155786175545132210e+04 -1.263532975927211919e+04 5.799432393035824498e+04 -5.395504696814206545e+04 6.698289269311170210e+04 2.988614248480086462e+04 4.635650887536800838e+03 -4.033098752045394576e+03
-3.770983126473466837e+04 5.487385780222576614e+03 1.397230955163091676e+04 2.078126879706950422e+04 7.888132223667610560e+03 5.041418500662119914e+04 -7.442846384545428009e+02 4.519229222614926402e+04 -1.758634299516984902e+05 8.380269460526382318e+04 2.220801421463676525e+04 2.007865925857896218e+04 1.205491776937907707e+04 -3.255078927226952510e+05 -2.339856602635043964e+05 -4.201601559623531066e+05 7.102285857723297086e+05 -2.104463607909047045e+06 -2.177633794808288221e+05 5.090580878107423814e+03
-8.227435378639889677e+03 1.213086903410934065e+04 1.947605599696760692e+04 6.560425324589496086e+02 -9.831078516213621015e+02 -4.160678661918748276e+02 1.473085750680239698e+03 2.017145647637721822e+03 -4.783575822263594546e+02 -5.677309515800233385e+03 1.122429142317511651e+04 2.785260797382489727e+03 1.446047617441930413e+02 -4.488149619876780889e+02 6.157424342900833381e+01 -4.136998767557357723e+02 -1.352015293095772904e+03 -2.579364801826664575e+02 5.549254783818304304e+02 -1.062710463875602272e+03
-1.335784412477532715e+04 5.392653224570922248e+03 2.971616937562581825e+03 1.905387220489508400e+04 -2.967550780421677700e+03 -2.583561633666754005e+03 7.440411009900009276e+02 -2.025390919334139471e+04 -1.802770929451634174e+03 4.385586316204737159e+03 -5.493329614280697569e+03 -1.757388606066574312e+03 4.256477700449543704e+02 -5.472627718535205531e+03 5.260608814052414345e+03 2.075946158333256335e+03 -5.314070374452280703e+03 -3.959156515725744157e+03 6.026868224275362991e+03 -8.006412039263304905e+04
-4.142454675950141973e+04 3.523850570149486157e+04 -2.515506530893177114e+04 -4.466433699781151518e+03 3.209028064838178125e+03 1.699567357136365445e+03 1.763476369302904004e+03 4.092785316881571816e+03 -4.750326482840349490e+04 -6.440203181907714315e+04 -2.928720186911207929e+04 -7.725173647918447386e+03 3.226093495274218185e+03 8.890972319773056370e+03 5.042511881140102560e+03 6.726269444693120931e+03 6.023368736693599885e+02 -1.096511664455956407e+03 -5.759330611979779860e+03 -1.424599122030882199e+03
-1.563360480309106788e+04 1.496085156551233922e+04 2.630129647140495945e+04 1.984905078287511060e+04 1.560511772892937006e+05 -4.772554956539533123e+03 -2.810459811534920846e+03 -2.046563993186940934e+03 2.250597081058774165e+03 4.850003028675900651e+01 1.465705627972968443e+02 2.751122740204709203e+02 2.155494045568247259e+02 5.696760930554860352e+02 3.653821015610341192e+02 5.708977152275089395e+01 -6.906811676006019241e+01 -7.912500867548281747e+01 -2.077771860339607883e+02 -9.281570467278569936e+00
-2.696516015562861503e+04 2.894751966558534332e+04 1.195837982612678570e+04 2.107060194182688792e+04 5.174707519750154461e+04 1.109300356040638144e+05 -2.007033159428018189e+04 4.736566570034220786e+04 -3.820551462341442239e+05 6.680166177239731769e+04 -8.861535348923140191e+03 -4.996218874146461894e+04 1.031935559464466678e+04 -1.439398753825854510e+05 -2.780244467520566541e+05 -3.954688010126327572e+04 5.415229679102393129e+04 9.452896496047708206e+04 7.513918041840322549e+05 2.418385804091750106e+04
-2.829215102124909754e+04 1.938465599981791456e+04 3.414844317124279769e+04 6.907472606016520876e+04 1.166129869143864926e+04 5.670196388999186456e+05 -2.450530552937285847e+03 3.144163240591330396e+04 -2.600079859157977335e+05 2.002337979448094557e+05 8.505029942097020103e+04 -6.082866015675463859e+04 4.431322234205022141e+03 1.762904418405108445e+05 1.423219992641015269e+05 -2.130170325879398297e+04 2.489173719765678834e+04 -4.294064710893455049e+04 -5.630170912187531030e+03 2.764159410143357718e+02
-5.037963260833575987e+03 1.394982229978603391e+04 2.244798792910777411e+04 4.634998159917356020e+02 -9.838126121540669828e+02 2.188307547688912382e+04 6.680720436196559604e+03 3.809991727582294516e+03 -9.558108704148897232e+03 7.906882260409970513e+03 8.159448338816692740e+03 -2.073601198377928540e+03 -1.364645570610686320e+02 8.590233936270682534e+03 3.286602452524392902e+03 2.330846010659214699e+03 -5.195510105972293786e+03 4.960663501080721289e+03 -1.963008325622726625e+04 -2.008033939217332545e+03
-2.643763552898166745e+04 3.733526593055090052e+04 6.763889405942482699e+04 1.420863090887261205e+05 4.313969502724552149e+04 1.271015833814267302e+06 -1.308669935687625548e+04 9.499174306960003742e+04 -1.141569845409028232e+06 9.370813689726606244e+05 4.408323173746695393e+05 -4.719446091059840401e+05 1.800154699702349899e+04 1.400029016413799254e+06 1.067892005748613970e+06 -4.399176234783912514e+04 -1.709472291622325429e+04 1.811669281306827033e+05 1.144675960023254156e+06 7.039145206546309055e+04
-2.633813130551665745e+04 4.655510175957761385e+04 7.792048202930274419e+04 1.705298760866867960e+05 1.350462203067128212e+04 1.490700884144200711e+06 6.954827535520939819e+02 -2.285911798945570263e+04 1.345799503622558859e+03 3.141471316059404853e+04 3.761397262943021633e+04 -1.391868318183369593e+04 -1.305982697548724616e+02 9.673595200752626988e+04 6.108608017389279121e+04 9.446909616927090610e+03 -2.587245014216454365e+04 1.938343713341616967e+04 -1.019158748384186765e+05 -9.482817074284603223e+03
-4.170324232268446212e+04 3.592800288983648352e+04 -2.631111025582168804e+04 -5.215194680268989941e+03 9.961860748760462911e+02 5.561228440108310451e+02 1.341938083209331353e+03 -4.304916567621631884e+02 4.213094467389594797e+02 1.276632886864748002e+02 1.716021576201648713e+03 -2.214880664581806684e+02 -6.278360627224361679e+02 -2.600806059232396592e+02 -5.757933517513070143e+01 -2.423856012809914660e+02 -3.644378215321171410e+01 -8.380023343760741454e+02 1.149647840141556259e+02 2.120631091592619850e+04
-7.873086207796306553e+03 5.259068764462881518e+03 5.060975646880146087e+03 3.984399443996919672e+03 -1.616903277288976824e+03 -7.774331675850050942e+02 -3.277430275672046264e+04 1.010859647200324730e+03 1.384470874287963625e+03 8.351143102483182474e+02 -1.395061149083124974e+03 -3.430100391986341947e+03 -2.741716829601660947e+02 8.972459779356566969e+02 -1.263240827824950401e+02 3.305632759752954371e+03 4.975696782947619795e+03 1.230677837018000901e+03 -1.151846241957967095e+03 -8.867828311611732488e+02
-4.602943147526719986e+04 -1.264689863789240917e+04 3.977983541881245401e+03 -4.699698354103414744e+01 -4.530022228453654520e+02 -1.513452401315360021e+02 -8.306502588745566754e+03 2.768450996686508006e+03 -2.053515310426852011e+03 -3.485854513877725822e+03 -5.982718044148910849e+03 -6.529510876289482439e+03 -1.815652155286428751e+03 -4.565033017427120285e+03 5.397040189435900174e+03 -3.505207940036319633e+04 -2.350753317250120745e+04 -1.858441280671968059e+02 -7.520672148716735137e+02 2.543486747477951724e+02
-2.442693674987886698e+04 4.523067711313383916e+04 -9.449025698493282107e+03 -8.909847851371625438e+03 -9.112588956668702167e+01 4.640704617420264526e+02 -7.759717858956028067e+02 -4.213545021010833693e+02 7.983840375990515668e+02 2.408969112157043583e+03 -3.084620108423246620e+03 -1.075525536497938077e+02 -1.310935986840039646e+01 7.262799524000558904e+02 -9.159251476795783447e+02 4.518394963143619520e+02 -3.488059226882572830e+02 -3.273024833752874656e+02 -6.946930620162163450e+01 3.649525380957545053e+02
-5.569963073253937182e+04 4.000524081454399857e+04 -3.540128080195652728e+04 3.386319163456542447e+04 -2.646326352393198704e+03 -2.978421476435594741e+03 -1.702351305725791235e+02 1.327873263919393503e+04 5.935383108813371109e+03 -3.183994423268693481e+03 6.244542103277305614e+03 -1.249485013510049248e+04 -9.808736907070555162e+02 3.113819815720318729e+03 -3.199804087729557978e+03 -1.210436065684011510e+03 2.932243729220827390e+03 -1.852565111011800127e+03 4.739180552032482865e+02 9.570104494953679932e+02
-3.537701386707983602e+03 1.419572845373504424e+04 2.115237010874507905e+04 -2.844654143143492547e+03 -9.039919061447901640e+02 -2.708660927429878598e+02 2.622538270739854397e+03 1.910325780199635574e+03 8.357527366609654109e+02 1.143569723595061987e+03 -2.855802247102226829e+03 -7.767022591503957756e+02 -1.192972564657525503e+01 7.981585916927371045e+02 -7.381790716525631524e+02 2.382922851926834085e+01 2.226964814464917310e+02 2.745940616016243396e+01 6.752924995361937022e+01 7.618136410576546780e+01
-1.726523225872782859e+04 1.200951953371125637e+04 -2.470406796998824120e+03 7.517026811981415085e+04 -8.300015639738083337e+03 -2.972229944118113508e+03 -7.972299800536613930e+02 1.655097745449373178e+04 -1.111763892481934818e+03 5.540513825068363076e+03 -8.083338707609314042e+03 9.393895320801899288e+03 -5.696955551562494975e+02 1.764893177889563276e+03 -4.528069331927206804e+03 4.634969816304112101e+03 -5.452848721292420123e+03 2.033891470323090743e+03 -4.763226776711729144e+03 7.797658194125837099e+02
-4.604627741940411943e+04 -1.259906075228155532e+04 4.576054832466073094e+03 1.937791861520115390e+03 4.289908033490660273e+02 1.602205318481283030e+04 -3.010843108189032137e+03 8.336419234093516934e+03 -3.707189018879443029e+04 1.345619431214451470e+04 2.521004675497531480e+03 -1.771540826357301512e+03 -5.522307809826711491e+02 -2.169653438903723145e+04 -2.672028257042165205e+04 -1.423384993807663705e+03 1.885098753698848668e+03 -5.605461733229215042e+02 4.342865661380818892e+03 9.581481931211824303e+02
-2.561362609168794006e+04 1.091464198721921093e+04 6.276371728547221210e+03 2.120767878952517276e+04 -2.154908064932535581e+03 -2.079342508318638920e+03 1.008508319870552555e+03 8.647537881173717324e+03 2.691439411817798828e+03 -3.501082433560671234e+03 5.020045470992920855e+03 -7.455457415697223041e+03 -7.185189616639223686e+02 9.792591249852524697e+02 -1.636021969264827931e+03 -1.027864191486579557e+03 1.962720658961992513e+03 -4.838916906108757416e+02 4.847685337895012481e+01 5.005803047624312399e+02
-2.355501195781553906e+04 2.426984973255989462e+04 3.045530167303907729e+04 5.912451571240433987e+04 8.350890648660182705e+03 8.631646067246637540e+04 -1.990197281742230189e+03 7.837111987679245067e+04 -2.531767388323281775e+05 1.347787085001167434e+05 5.998019736836873199e+04 4.462488080936217011e+04 -7.427769283151553282e+03 -2.174164048649182951e+05 -2.326986299964479113e+05 3.998201027050674020e+04 -6.119156957917978434e+04 7.300509332303371048e+04 -1.949312601985632209e+05 -7.287238835909098270e+03
-4.332376167140884354e+04 4.873417784566304908e+04 -1.491819379816078981e+04 1.183625997982947010e+05 3.774330498322490166e+04 3.272267325405126940e+03 -6.657788197464812583e+03 1.238686921783806029e+05 -1.073264803249460820e+05 -3.239254324847713360e+04 -1.485637644755731453e+05 4.946661070626931614e+05 -2.562450987102032639e+06 7.993945496745551645e+04 8.424003479697836156e+04 3.541244295918357238e+04 9.498511284400306977e+03 -2.362886442389662261e+04 3.937337699184878875e+04 -6.968172246985540551e+04
-3.995088320666758955e+04 4.425292024077456881e+04 -2.883608259626923973e+04 6.026533150892546109e+04 -5.771149066550095085e+03 -6.843465992044423274e+02 7.872461528006989511e+02 3.360548515719162242e+04 -2.890398534262284102e+03 7.453282589525808362e+03 -1.330905484586546481e+04 4.324759568421048607e+04 6.938820782236275591e+03 1.094123574484129222e+03 6.039954567473516363e+03 8.011413970632685277e+02 -2.966889359324731686e+03 1.025563786749711653e+04 -1.326280493862257345e+03 1.888096046015086813e+02
-4.589368464421355020e+04 -1.203300022316409013e+04 6.078931012906599790e+03 6.449570804826877065e+03 6.258107180087364395e+04 -1.690336489392046133e+03 -2.466131763986879832e+03 -5.761857160954552910e+02 2.130652173283455042e+01 -9.065215702016054138e+02 -4.412910171075056951e+02 3.337734950169693775e+02 -1.240196484897655154e+02 5.811739553175121955e+02 -3.358678130788852627e+02 1.142204032571900143e+02 8.788563715340113447e+01 3.897369094780199106e+01 5.515875041685845872e+02 4.181866744270756726e+02
-6.008026118141411280e+04 7.925345760965976297e+03 -1.885087684856091073e+04 3.469427096766264003e+04 -3.044916232771375235e+03 -3.089716850165859341e+03 -1.445887304410336128e+03 1.425378532097289099e+04 5.425882600689300489e+03 -3.864119584957047209e+03 5.373023272250558875e+03 -1.183344010341904141e+04 -7.724591837415420059e+02 3.387577053545164745e+03 -2.971281529910148038e+03 -1.344994084116665817e+03 3.295040575287202955e+03 -1.581092734203542477e+03 5.872741695663613655e+02 1.020918169204649416e+03
-4.647495056243402360e+04 6.063125363835535973e+04 -8.705769902807644030e+03 1.988719154720453389e+03 -3.066032513829663458e+03 -3.749212595126592191e+02 -4.235988766828115331e+04 7.276675825792529395e+03 2.388311420599457051e+03 4.792124106668050445e+03 -8.507260229641358819e+03 -3.522357225212685989e+03 1.420194522920234874e+02 5.267874283285847241e+02 -1.424748919051893949e+02 1.581665827316874811e+03 -1.483570117922385862e+03 -1.552640219013739170e+03 2.957140816272338952e+02 1.967893261718384792e+03
-2.251685676078160395e+04 8.294920568541425382e+03 -4.444086670476021027e+03 4.510046545299494755e+04 -4.873905357270316927e+03 -4.237110476832323002e+03 -7.601476360746680712e+02 5.092684861494924917e+03 3.427489126391199079e+03 -1.605162964178930451e+03 1.688482766224359921e+03 -8.849903241622734640e+03 -5.947828427230952002e+02 2.077108579999845006e+03 -2.096095651031955640e+03 -3.844438754253438333e+02 1.605569188748049328e+03 -1.138573740347789681e+03 3.239184877303730303e+01 4.271364463577961033e+02
-4.103844783337071021e+03 1.892543661212193183e+04 2.712229870062599730e+04 -3.049889223063179543e+03 -1.741031629481009986e+03 -5.421890642173580090e+02 -2.456901039942580610e+03 1.324967210051566155e+02 5.027573163005228594e+02 -1.364483199590865524e+03 2.551519555808124096e+03 1.702944392119078884e+03 1.552451321046878832e+02 1.504937825565067442e+03 -1.030332135676863118e+03 3.558986246259087807e+02 2.408658700011179654e+00 -2.335554045675615669e+02 3.449139159971084041e+02 3.760657837037272202e+02
-6.527742361526318746e+03 6.608459341318053703e+03 9.187295277817082024e+03 1.642204777830691091e+04 -2.813800200742233756e+03 -2.421343637311804741e+03 5.481902783955187033e+02 -2.041036648122932820e+04 -3.247257739687496723e+03 2.457251031882275129e+03 -6.092004848673474044e+03 -3.761739163135468061e+03 -5.401832177016163996e+02 -7.517052237755536225e+03 6.029415250217995890e+03 -3.607691037280478213e+03 1.918953107861696935e+03 3.581642683748907530e+03 1.021493335225810256e+03 -1.181803722977843245e+04
3.746973160122689023e+03 2.652317954581521553e+04 2.346029159606683606e+04 -6.646511466511172330e+03 -4.183702214710055159e+03 -1.169805102144090228e+02 -7.641903516135503014e+04 4.097604150077600934e+03 1.974543662456343782e+03 7.117420238977972986e+03 -1.312492838026995014e+04 -3.537538239449903358e+03 1.718887399583472870e+02 1.194608219258948338e+03 -1.170364369711317778e+02 5.174013177668914977e+03 3.447529355432905959e+03 8.582267939536392305e+02 -1.714933119850373942e+03 -9.714949353375648116e+02
-2.081491529800353965e+04 2.536192500879427826e+04 4.180535227300408224e+03 1.058841491485600091e+04 -6.083650581761661442e+02 5.134653224016005879e+02 3.229287961229107168e+03 2.940504650858150126e+04 -2.199605304515414900e+04 -7.173503918167863958e+03 -3.149502502192466636e+04 1.129996622069243313e+05 2.546375768909037652e+04 -1.242796357310104941e+04 5.068274152195959323e+04 -5.148634246487869677e+04 6.603048786401413963e+04 2.013479243543765915e+04 4.224748431478848033e+03 -4.690543400010044934e+03
-2.441916114927985836e+04 2.788419671664615089e+04 2.262275501637663183e+03 8.488682644348426038e+03 3.063835576325114016e+04 4.190243069915546948e+04 -4.484240988419033783e+03 1.721976299867574198e+04 -1.298792794820962008e+05 1.041130392045187546e+04 -7.849459597239047071e+03 -1.281178244620928126e+04 3.586244970339741940e+03 -4.613874958234928636e+04 -8.280195195178272843e+04 -1.030296190615244814e+04 1.452220914260553218e+04 2.524750418524984707e+04 1.984022727637327916e+05 5.976188785448664930e+03
-2.133747177160252613e+04 1.751456839649164249e+04 1.966033337603749533e+04 1.044885804737691069e+04 -2.620014230209852030e+03 -1.614932739247662994e+03 -3.708253086730685027e+03 3.731632128453655696e+03 9.771351788335872470e+02 -1.085529857265594001e+04 2.146488745747669600e+04 8.477672029597341918e+01 -4.343961744787771977e+02 1.286114180836772903e+03 -1.301355165825662880e+03 -1.791910853815874134e+03 1.295909397693461415e+03 -4.670365530915599948e+02 9.520447391315071854e+02 -5.105807933764951372e+02
-1.004781861546063010e+04 1.210097191688080602e+04 1.813868420887869797e+04 1.711385408453563286e+03 -7.377183367678123886e+02 1.846627472277811535e+02 2.700355279605315104e+02 4.489564792658856277e+03 2.571746612256347930e+02 -4.711844828215857888e+02 6.116016294149073929e+02 -5.029459786052156232e+03 -8.856706325483356750e+02 -1.477868344597409850e+04 1.216088232364853866e+04 3.723769583630458328e+03 -9.685182720610355318e+02 8.058750628118453108e+01 1.054746551730197780e+03 2.895066613082403819e+02
-1.708636728398345440e+04 2.835189174431263746e+04 6.586308687313713563e+03 -4.901950806097448549e+03 1.834501097847515211e+03 1.047673046542375914e+03 1.521118082522547866e+03 3.529827770442487235e+03 -3.096794889893596701e+04 -4.028766569875828282e+04 -1.560307267959708588e+04 -2.689018817350478457e+03 2.364681543432398030e+03 4.393882550741890554e+03 7.508663857060431610e+02 2.230344054615501136e+03 -6.242688887996140465e+02 -4.744686105552486879e+02 -7.202272152496885838e+02 -1.552508230545669448e+03
-3.885188543786621449e+04 3.614554735393064766e+04 -1.928431437533532880e+04 -1.280410324934097730e+02 3.362278403425074430e+03 1.755579447067759611e+04 -2.080799369136945643e+03 1.022364857648575344e+04 -6.862281947477857466e+04 -2.563567161726557606e+04 -1.514341436542062002e+04 -5.569973965455726102e+03 1.649428191045172753e+03 -1.870035693211021498e+04 -2.507868034628783062e+04 7.861500935109968395e+02 1.263293472028774659e+03 -7.942321736600964641e+02 3.267838858233412793e+03 -7.707681745238853637e+02
-1.564660969015262708e+04 1.251946632895799667e+04 1.580958745705341062e+04 2.053585565347261308e+03 -1.058141655817071751e+03 -5.306851331272584957e+02 -1.095632193349161207e+04 5.910887178746278551e+03 2.246499266347635512e+03 -1.171509573869043095e+02 -2.039680197782062351e+03 -1.251845435557307974e+04 -1.423732803747545177e+03 -3.780585783771338356e+03 1.599368887175141253e+03 -8.656150293566688561e+03 1.228555359407030664e+04 5.487434740869372945e+03 2.113021955866525332e+03 -5.853892630527918755e+02
-1.650666982890503641e+04 1.774149940408444309e+04 3.354194217966894939e+04 2.950019933723993017e+04 2.445404479301905667e+05 -6.592987705253836793e+03 -4.996337265476839093e+03 -4.437134037346884725e+03 3.271684621877501286e+03 2.327225036297278621e+03 7.192095948217832984e+02 1.107512370020260732e+03 6.724402912618126038e+02 1.151739383039563791e+03 1.858193690529452056e+02 3.745353200078664031e+02 -4.245219336441814448e+02 7.460463922584185070e+01 -1.860304572619632836e+03 1.331164923114179430e+02
-2.491427974686646849e+04 4.970116900217977673e+04 -8.795017160263523692e+03 -1.027211053714660920e+04 -3.515264857030879284e+02 5.652434672292055211e+02 -6.421159906533136564e+03 1.595886570542051288e+02 9.413766221100706844e+02 3.147586819930714228e+03 -4.468726401979400180e+03 -4.465469557767288507e+02 -9.541381621323283824e+00 7.445276255818608888e+02 -9.347949107799731792e+02 5.727090721556388644e+02 -3.729416120655694158e+02 -3.453442242504888213e+02 -1.519977200466293823e+02 3.369018364638864682e+02
-2.079872154026664066e+04 2.301262177311371488e+04 2.781233708410477993e+04 5.280752192131114862e+04 1.898121831730266422e+04 3.945801167727387510e+05 -8.629316190962386827e+03 4.870682226124389854e+04 -4.489198651543679298e+05 2.664641288210290950e+05 1.004053454014450544e+05 -1.278585670325097308e+05 8.105133357099221939e+03 2.505880785946081160e+05 1.227242857358850306e+05 -2.785124923055542240e+04 2.327273734393592531e+04 6.953022560114209773e+04 5.475016851465109503e+05 2.539773012891562030e+04
1.020466692481444989e+04 1.826724739075810476e+03 2.576817778640504002e+03 6.098784723558391079e+02 -1.557568190918597963e+02 -1.445699823826637953e+02 -1.095591142935036032e+03 6.950723556822944715e+01 -5.549118644627020203e+00 9.231518758643325384e+00 -1.603355840006254880e+02 -1.540237869990497188e+02 -1.172223562339311620e+01 -5.217164467256809530e+02 3.836054861383244088e+02 -1.143450676056332469e+02 7.291108241019048819e+01 1.103730590264053291e+02 1.894990366504131032e+02 -4.539660005475727189e+02
-1.525443992487793003e+04 7.077623064644822080e+03 9.512291142218751702e+03 3.118144729186643872e+03 -7.086784582558279908e+02 -5.911942364834349064e+02 -7.931795223836072182e+03 2.279317623415576236e+03 -2.163708608195961460e+03 -3.601951062749214543e+03 -5.938619848477860614e+03 -7.066364853734558892e+03 -1.890636402099750285e+03 -5.574262677188982707e+03 6.121128113676387329e+03 -3.533263166964430275e+04 -2.371934061963531713e+04 -7.632343087787161551e+01 -5.621747357555450435e+02 -2.617263423194281700e+02
-3.410960066343490780e+03 1.546629929741238266e+04 2.245660950541292914e+04 -3.114736342248067103e+03 -9.958309097504522924e+02 -2.767986024706429475e+02 1.322989577204393981e+03 2.175722107625896570e+03 8.986259329055012586e+02 1.207054325502317170e+03 -2.980858842606643520e+03 -7.838971252197401327e+02 -7.545121983836109436e+00 7.577143688639654329e+02 -7.099672081963509527e+02 6.954770256079898161e+01 2.058066790936076131e+02 -1.052851473187727827e+01 1.158247613026151583e+02 7.672071590791351525e+01
-2.573076727200919777e+04 2.767182124271905559e+04 4.691567951625710703e+04 9.520838691563530301e+04 9.811392606631392482e+03 7.806366828254138818e+05 -4.459233590847309642e+03 1.752553046246487793e+04 -1.826190455526962178e+05 1.521127086710619333e+05 6.895280314118944807e+04 -4.734137034859639971e+04 2.798280710905380147e+03 1.548792609120078268e+05 1.230216611505025357e+05 -1.245908846423236901e+04 1.127693764408537754e+04 -3.006373230103096284e+04 -4.191937455554326880e+04 -2.656304523629191408e+03
-1.446101135943584814e+04 1.045929228075896572e+04 -1.180611394577294732e+03 6.220311172162381263e+04 -6.965028090316050111e+03 -3.148755669610036421e+03 -5.557066049057217469e+02 1.123198376014062160e+04 -3.099367400233299463e+02 3.900364476082051624e+03 -6.149892328405409899e+03 5.778455457301784008e+03 -1.478168728260166347e+02 1.536927293793599347e+03 -3.184672492172380316e+03 3.801713215048917846e+03 -4.561337229788912737e+03 7.567027742537241011e+02 -3.058629091118891210e+03 5.239608382491127259e+02
-4.497560914768552902e+04 -1.201604209123886358e+04 5.309826484159040774e+03 1.043054283205260333e+02 -3.748424338867728238e+02 1.119628517855333882e+02 -1.248291171715571579e+02 3.567363206870639715e+03 2.175775992060211763e+02 -4.081280349976337902e+02 6.180110491064102689e+02 -4.960572751337494083e+03 -8.285484604035052598e+02 -1.363918249631085928e+04 1.185007122673222693e+04 3.586646625777939335e+03 -5.047427174203558025e+02 8.135508620338127628e+01 9.193478737572452246e+02 8.169647232449573266e+02
-1.786113314562291998e+04 5.580428223207805786e+03 4.391019564502050230e+02 1.797948452253839787e+04 -2.421192655590970844e+03 -2.207612583380043361e+03 5.362011947420737670e+02 -6.830782225589539848e+03 6.184194710348186845e+02 -4.803849794802781048e+02 1.206262193583550925e+03 -5.266204581607529690e+03 -7.954135433852484312e+02 2.441158990001271079e+01 -4.035778276897133878e+02 -1.787573408191684393e+03 2.938224624766929992e+03 3.543302529645500840e+02 4.082355697730839950e+01 -6.021636803502145767e+02
-1.170284222456363023e+04 7.528646811989877278e+03 5.360132194705054189e+02 3.692366779449675960e+04 -4.312829276476570158e+03 -3.563892036675378222e+03 -1.919497862231117438e+02 1.138331479824988037e+03 1.654895977651042813e+03 1.675112662333806952e+02 -1.444781315154415552e+03 -3.117008898330993816e+03 3.488403751338604479e+02 1.233725418789832020e+03 -8.630649076293497046e+02 1.462748698064711562e+03 -1.637234300561761074e+03 -1.513282716111205445e+03 1.931364156117594462e+02 1.250228493776329657e+02
-3.885754238286243344e+04 3.844015346544401837e+04 -1.820402894868576914e+04 3.710542575426932672e+03 6.524432475835754303e+04 -3.876395604497004115e+02 -1.671777369203816988e+03 1.056917082525432761e+03 -3.129947152805522273e+04 -4.010621162932413426e+04 -1.809691994047061235e+04 -3.857216842723536047e+03 2.063647862063735829e+03 3.857529202163733771e+03 1.467494285133613403e+03 2.206912003982021361e+03 -3.207175426645683274e+02 -2.984997100814321129e+02 -3.287676974585270386e+02 -1.296538244802724876e+03
-4.857974773828663456e+04 -1.584082817546240040e+04 -1.818333396304243479e+02 -1.488220832297738070e+03 -1.662340203910416037e+01 1.097491538350099347e+02 -3.917318438327867511e+02 -2.649138025753522996e+01 2.565786368172670677e+02 4.026378112178262541e+02 -2.046995944805019718e+01 3.709249057019871998e+02 6.876340323139766042e+01 1.357840886565738003e+02 -9.355124640162590310e+01 1.447870462933351803e+02 -5.670175879035710409e+01 7.173061561242408857e+01 -2.064231371649115587e+01 -6.463388780045141857e+02
-5.291264449396945565e+03 8.555459213403608373e+03 1.154431818848481271e+04 1.568626656976035883e+04 -3.288476624984919908e+03 -2.514164381907000461e+03 -9.477975024927826553e+02 -2.306673340882197954e+04 -3.609515125989136777e+03 5.839114685773105293e+02 -1.275333063540801049e+03 1.735618551328220974e+03 -7.869331603977508394e+01 -1.413085446398963086e+03 1.494878971219303821e+03 -1.086279537969881176e+03 1.403214345613231899e+03 2.503534339564156994e+02 2.375687612027953435e+02 3.119643124519840057e+03
-1.971626351740986502e+04 1.189639905263055152e+04 1.113668785422274414e+04 1.023148949720774908e+04 -1.227749726005479943e+03 -4.853166601533910125e+02 8.505652204665292402e+02 7.330395789466140741e+03 1.798446318719653163e+03 -1.967973796322538419e+03 2.911047387142068146e+03 -9.001281807517971174e+03 -1.340976994557044236e+03 -1.396626618105816488e+04 1.161211551176004468e+04 2.587281997356732063e+03 8.673731435051407743e+02 -7.772310067408986356e+01 1.365451373458727403e+03 4.415910827973891060e+02
-4.728824940603464347e+04 -1.430966043195199018e+04 1.873231300495087225e+03 -9.301749862709275476e+02 -5.971836265009381250e+00 3.269321570387313045e+02 -3.518141723939902022e+03 3.464094542000721503e+03 -1.028552514995207275e+04 -1.527063952559631980e+04 -9.245584360149419808e+03 -5.389705270277638192e+03 3.213888460680867070e+02 3.140056888332243034e+03 4.968948099168414956e+03 1.693915729826573852e+03 1.837452250509891428e+03 -7.927914754486522497e+02 1.214907964505210657e+03 -3.445662742028666344e+03
-5.291291010562104930e+04 -1.261457445449522675e+04 -1.170196893182549957e+03 7.062070917368806477e+03 -8.280241924731549261e+02 -7.315952216374473664e+02 -7.255067257206985687e+02 3.247976903907251199e+03 1.718817752717547137e+03 -8.341552402136186402e+02 1.686378221960584369e+03 -4.007665475378341853e+03 -4.658748689596152417e+02 9.301720701037845629e+02 -1.040791126864427724e+03 -9.460837728967386511e+02 1.910776538316595861e+03 1.025781021026100603e+02 -7.132565938847535847e+01 -1.767178233311630322e+02
-4.319488219543803280e+04 6.242898185686151555e+04 -2.814625898710912952e+04 1.023536748487168079e+05 -1.055835917226787569e+04 1.252674907145240468e+04 7.640337030690906431e+03 1.286150684878382017e+05 -4.581929676430006657e+04 6.699828528121227282e+04 -9.706870537884772057e+04 3.569976381445627194e+05 5.658024740362143348e+04 -3.579412319912680687e+04 7.724263761223779738e+02 1.728781271775501227e+04 -5.843533120013753069e+04 4.947576003282786696e+05 -2.498909080253474167e+04 4.660401905915700627e+04
-1.796564183407655219e+04 1.416536463670041667e+04 9.573164648238634982e+03 5.271567534849915319e+03 -5.911500651686018273e+02 1.008822259990533894e+02 3.239996251780797593e+03 6.674103169258969501e+03 -1.769927287507920482e+03 1.205961761533652862e+03 1.323473009105641040e+03 1.499482221025775459e+02 -2.443610763422934542e+04 -2.893628392368377718e+03 1.219406926536243554e+04 -1.700304116570881160e+04 2.419280560340997908e+04 -5.141848025089805742e+04 -7.727279143571267923e+03 -1.330974776082315657e+04
-1.798842538146696825e+04 4.954870057952361094e+04 6.624427122062076523e+04 1.691498248945044761e+05 3.257345805549751822e+04 1.649393917458940065e+06 -4.989629612342580367e+04 -3.554240069386406685e+04 -9.466300144692294998e+04 2.129001645318601732e+04 -3.333268620656186977e+04 -5.057967760211412678e+04 6.858889694239965138e+03 2.927014878705757292e+04 -5.219288908171098592e+04 -2.847925344146874340e+04 3.904351533213146467e+04 4.968354969310510933e+04 5.149812770130569115e+05 2.295569178063119034e+04
-6.885724935957827256e+03 1.665625871182941410e+04 2.590182299127784427e+04 1.285852926881003441e+04 7.209044232068185920e+03 1.359106757683623000e+05 1.255462500916595218e+03 1.018036716806816366e+04 -8.264374236973558436e+04 7.014792801531749137e+04 2.806728217481349566e+04 -2.964695692814120412e+04 9.503420380840810822e+02 7.721361212155294197e+04 7.149716320108277432e+04 -2.450084105213036878e+02 1.533066703255069797e+03 -6.287510835684981430e+03 -9.272427919467159882e+03 5.318100502226117214e+02
-3.933518873726527545e+03 1.642429280288665905e+04 2.387034801133252040e+04 -2.928305815159316808e+03 -1.299861530270389721e+03 -3.982610316277690572e+02 2.466094588298313397e+02 1.019068565979815389e+03 6.678964467819290576e+02 -5.177512472026570123e+01 -2.740344147117385205e+02 4.060825614865067337e+02 6.686886042178626610e+01 1.139763309121333577e+03 -8.810322926629202129e+02 1.721448104246457262e+02 1.220688538386453672e+02 -8.289742594032318834e+01 1.773257964874996730e+02 2.098956109212064689e+02
-2.859468495336197157e+04 1.435112785053184962e+04 1.068188589175028937e+04 1.093298937246961395e+04 -1.618084838516962463e+03 -1.370400965625846993e+03 -1.177497786623573847e+04 1.070699109777531521e+04 3.479820626545924824e+03 -4.046301315913658527e+03 1.559200144577671836e+03 -2.064100124395529201e+04 -2.482191616150615573e+03 -1.887984742404389181e+03 6.303359330628056796e+02 -1.048361052407389070e+04 1.616330154628842320e+04 5.284795976257235452e+03 1.006622323889253380e+03 -9.202801126615497651e+02
-3.974917303996800911e+04 2.992474114119260776e+04 7.071599825384917494e+04 2.119786576615697704e+05 2.921329843516815163e+04 2.260459814969441388e+06 -1.914860276708381571e+04 -1.197141876558182703e+05 3.777748173153723474e+05 -2.296517968083749874e+05 -1.297108764629842626e+05 6.304044928217919369e+04 5.534690031535938942e+03 -1.422523746465898002e+05 -6.509183787714028585e+04 -5.075145329514676996e+04 9.022648044844013930e+04 -1.260102463768135494e+05 5.543411406090674427e+04 7.031130045779574175e+03
-9.033685196626816833e+03 1.263403136723034368e+04 1.635585856453823908e+04 1.669818051003267828e+04 -4.189078164887256207e+03 -2.859680561502116234e+03 -5.985488511452793318e+03 -2.451895829068748935e+04 -3.852389189067519965e+03 -2.004033703210897556e+03 4.214999617095994836e+03 3.711296057757874678e+03 4.609141583219274452e+01 -7.992503850596914390e+02 1.260863294991438806e+03 -9.063492417631676972e+02 1.305268716320220619e+03 2.715157537056843751e+01 4.779400242333758229e+02 3.359898271821814433e+03
6.078317731037695921e+03 9.136276821560393728e+03 1.143288913221991061e+04 -7.617018395507195692e+02 -1.879341405922983995e+03 -4.519939695811059437e+02 -3.651776083139848924e+04 4.231263922985652357e+02 9.331288492937004548e+02 2.401146715130905704e+03 -4.192753086600947427e+03 -6.437668066414034911e+02 2.117608113155705212e+02 7.928438658842062523e+02 2.105660308636490470e+02 4.500391625261023364e+03 3.242787177220970534e+03 7.731042594349702313e+02 -8.946198550592525862e+02 -1.406982888145274046e+03
-9.906024173391100703e+03 1.651491514675655708e+04 2.670715643698551503e+04 3.782677458907302025e+03 -1.609962031171878834e+03 2.551474216259528839e+04 2.710400752652354186e+03 4.171319934776123773e+03 -1.258676831635131384e+04 1.560720077909843894e+03 2.575722263090215347e+04 2.010140764455177987e+03 4.933314105897876800e+01 9.716549842656666442e+03 3.930891778569598500e+03 2.187313584280713712e+03 -7.562876713596562695e+03 5.409642482879636191e+03 -2.250276004281622590e+04 -3.387998798970625103e+03
-4.670803930297287297e+04 -1.331400582491061323e+04 3.042989703465956154e+03 1.325397455258352295e+02 -3.660388179805395339e+02 -1.470081578274419201e+02 -6.232822967190087184e+03 4.842649535179164559e+03 1.992493715268205278e+03 -6.801892947504319409e+02 -7.013961137362998670e+02 -1.148273314450763246e+04 -1.360781468849723979e+03 -2.810699103846010985e+03 9.374017351794175283e+02 -8.569519601647985837e+03 1.249641150957229729e+04 5.405614340076002009e+03 1.943450580900668456e+03 9.158503149339566107e+01
-1.424355695842865862e+04 1.137002631572856444e+04 1.480567053628958274e+04 3.154899105092289915e+02 -6.599863976843975024e+02 -2.009812657184709650e+01 -7.993616591716646326e+03 4.404574048951248187e+03 -9.876899359132154132e+03 -1.411638525768755244e+04 -1.056446475430713144e+04 -6.862714824538134053e+03 4.421489600892426779e+02 2.465779551663719758e+03 5.886903478375659688e+03 1.312520365823626662e+03 2.128046662979676967e+03 -8.074468670956186998e+02 -2.853011535072368474e+02 -4.528613308759181564e+03
-5.030978149997938453e+04 -1.524673121296718091e+04 4.265809095407592508e+02 -9.611013593406158861e+02 -8.885853606339162525e+01 4.225926278929327395e+01 -3.939981805891733870e+02 -1.510389512461709316e+01 2.985772403436249647e+02 3.720780428875761459e+02 5.775934628500508872e+00 1.826187744487379234e+02 4.471110377954324377e+01 1.065894481713023794e+02 -7.867625674826952320e+01 7.086943009998068987e+01 5.464767591049218964e+01 1.052275441950412471e+02 -1.236027491209553197e+01 -6.677268581073321911e+02
-8.148426875917392863e+03 2.428717712929853951e+04 1.721337460458853093e+04 -4.600487312269046924e+03 -8.930643296921562069e+02 -1.060137004061436272e+02 -2.037261891528722344e+03 2.166022830172776594e+03 8.137303105520466033e+02 1.512243156740095401e+03 -3.435678736257968012e+03 -2.318307847933177186e+02 1.218536142140535503e+02 8.383093571281732466e+02 -6.185361008293203895e+02 1.470477102031264849e+02 1.429804551497607292e+02 8.428614825580592651e+01 4.763634029976003603e+01 9.738684878848175686e+01
-3.524441425842699391e+04 1.178637168715062580e+04 1.445507316343285675e+04 9.359982800882291485e+03 6.119413399034775694e+02 1.304539132590885492e+04 2.595996027179665361e+03 3.831054843540570437e+04 -4.155330466308814357e+04 1.914664494520594235e+04 -2.673154172047446264e+04 1.314564334532577195e+05 3.070207882282851642e+04 -3.772814138030936738e+04 6.163505172778565611e+04 -9.765686909562136861e+04 1.384372998719698226e+05 -9.459192757047677878e+04 -1.584150550664950970e+04 -5.557602230400664666e+03
-2.476029596204999689e+04 3.632401082147636043e+04 6.497840744970778178e+04 1.449388408518014767e+05 1.238282876076669345e+04 1.248392132826576009e+06 4.842346769624013177e+03 -1.196355488747168238e+04 -5.440350265927212604e+04 6.710946936223628290e+04 4.639504054879951582e+04 -2.552647861647497120e+04 4.477684988424879862e+02 1.167802367634338589e+05 8.129403758334662416e+04 4.502344148423728257e+03 -1.689030751550530840e+04 9.411938831219253188e+03 -7.550771284210836166e+04 -6.569709674630652444e+03
-2.218280182395266820e+04 9.540113919297598841e+03 -4.378149119871937728e+03 5.579563122622713854e+04 -6.052728893836451789e+03 -3.853944988617067338e+03 -8.247905407180967359e+02 9.333068431145058639e+03 2.097733508488182906e+03 5.734109030072256701e+02 -1.181441865518681425e+03 -3.531556671255063975e+03 -7.523133530759724863e+02 2.063859286353436801e+03 -3.104974278279245027e+03 9.933437599485903320e+02 -2.313284462749230102e+02 5.673517221026556001e+01 -1.659588610526007187e+03 5.959345151391681839e+02
-2.019628566340786710e+04 1.285835387611231999e+04 1.358166516793419214e+04 9.593845980548745501e+03 -1.504299372135591966e+03 -1.202709582248297693e+03 9.847508662968277804e+02 5.826493782060110789e+03 1.286600426697192688e+03 -7.369421162984593138e+03 1.403964685383179494e+04 -2.368868072759039478e+03 -5.433611966408778926e+02 3.180202722323433591e+02 -7.757200671583062785e+02 -1.902907284969704278e+03 1.205787118960248790e+03 -2.498784116441939318e+02 7.108802891884839710e+02 -6.986552894915508887e+02
-3.771812195284562040e+04 4.232556715922047442e+04 -2.856420222319939785e+04 3.633325655998787261e+04 -3.243993992409451039e+03 -2.563480870260202664e+03 9.165074023921454227e+02 2.335942630969299717e+04 1.690126530413263936e+03 1.262135081661320100e+03 -6.187944014152375530e+03 2.845338314643862395e+04 7.932513466631743540e+03 1.974563217708194315e+03 8.962588775968592017e+03 -2.053361062304528332e+03 8.025459880488283488e+02 6.121547056911427717e+03 3.557139491791313958e+03 1.849530816589469850e+02
-3.406029494947211788e+03 1.217052510160659040e+04 1.897869496716708090e+04 -2.211629551702993012e+03 -8.885008640452412010e+02 -3.038710127527891700e+02 3.643003621842405664e+03 9.983606504587819472e+02 6.353866214435054189e+02 5.537317923760153917e+02 -1.570318050139738489e+03 -2.744524696316797190e+02 1.823999323091127067e+01 1.063917269061412753e+03 -8.670676890402569370e+02 2.277608940069058363e+01 1.992556829098934656e+02 6.017066540521167184e+01 -2.242836389376127570e+01 1.279763465656638601e+02
-1.319236681409211451e+04 9.117875739602966860e+03 -5.547721923407414124e+02 5.081373070598499180e+04 -5.757649467304325299e+03 -3.425905980889684088e+03 -4.107285506855172343e+02 6.618579496297328660e+03 7.159516410833374493e+02 2.074204812967399448e+03 -3.872190621212162114e+03 1.540334247085086190e+03 1.570067934003043604e+02 1.432560633738711431e+03 -2.026212720458723652e+03 2.779623361630640375e+03 -3.317604631601114761e+03 -4.711989864472865293e+02 -1.395460403863183956e+03 3.116991939998083581e+02
-2.320699537126685391e+04 1.656496760433384770e+04 1.418165704694103806e+04 1.937397657021288251e+04 1.600728106357899742e+04 9.401874230093875667e+04 -6.701628404913749364e+03 3.449876533256527182e+04 -2.281477810337007104e+05 5.651536804386218137e+04 2.232531362881037694e+03 -1.743596291733194812e+04 5.702695088979801767e+03 -1.006362719869455468e+05 -1.632923204890929919e+05 -2.593529420443025811e+04 3.241792476552522930e+04 6.683192262618633686e+04 4.373139090683216928e+05 1.311443155062196820e+04
-4.250614519400518475e+04 4.525388886441407521e+04 -2.809584234514921991e+04 8.320802786790428218e+04 -8.136687372272092944e+03 1.209143943735416997e+03 6.631707491953712861e+02 4.382730267432157416e+04 -7.802252057904658614e+03 1.309699079445762618e+04 -2.129839604171935571e+04 5.956186363970323146e+04 6.151444263324798158e+03 4.582203429809004547e+02 3.756222150206346669e+03 3.766589382969293638e+03 -6.787607568113763591e+03 1.554210660505587475e+04 -6.755884861298171927e+03 1.817991746284227702e+03
1.406882336522539163e+03 6.425113583271127936e+03 1.016323293168370765e+04 1.414044489656436235e+04 -3.185802700459280459e+03 -2.359676983344616019e+03 6.917492149641722108e+02 -2.397220786189719729e+04 -3.778154128979445886e+03 1.030553491382529501e+03 -2.047800175759465901e+03 2.203551146446186976e+03 -1.478339038899884450e+01 -1.025283944905156432e+03 1.236981454951850310e+03 -9.397018922344446992e+02 1.253784452510733672e+03 2.703457735358790046e+02 7.980360794390016110e+01 3.171087441561543983e+03
-2.156150672561567262e+04 1.652027283528181215e+04 2.805932731126728322e+04 5.337661461212039285e+04 9.323071579689327336e+03 3.830168979245321825e+05 -2.104438775322078982e+03 2.445872217443867703e+04 -1.688180180125853803e+05 1.062431652777861891e+05 3.965185425442537235e+04 -2.332009715671662343e+04 1.438164428644233340e+03 2.955869774307124680e+04 4.661444491619207838e+03 -8.814259155794605249e+03 1.028595404009742015e+04 -8.203279464086570442e+03 2.739988599293706648e+04 1.293431814749771547e+03
-3.609910514739591599e+04 4.670923226139968392e+03 1.664317417428351473e+04 6.768882256749428052e+03 2.693890935057645038e+03 3.095466946728114999e+04 -3.645510394263108992e+03 2.143821520901633994e+04 -7.219191292946084286e+04 3.621830376089012134e+04 5.116451949997094744e+03 1.787770398027557530e+04 5.057578541646216763e+03 -5.542368456570978742e+04 -2.354038284646143438e+04 -4.517478554310862819e+04 7.084718145760505286e+04 -1.126247696839611745e+05 -2.351707868901270558e+04 -1.048938860589909382e+03
