-2.301982974637990264e+04 1.488129853977559651e+04 1.501593517699831136e+04 1.067221602738688125e+04 -1.965733532454587021e+03 -1.499978886514063561e+03 -9.368488271582884863e+02 5.997959086463822132e+03 1.973717401488000405e+03 -9.677876959025128599e+03 1.866207589312579876e+04 -5.043646416972522275e+03 -1.198892731787840603e+03 1.032967883775436349e+03 -1.727492509747328768e+03 -3.309289424845054327e+03 3.676964902177064232e+03 2.117796734448713494e+02 5.470265084236890516e+02 -5.144755491437935007e+02
2.099517394811727354e+04 -3.093366769540251425e+03 -3.395693392426636819e+03 -4.312916249354374258e+02 1.632687687260352902e+02 9.576814627226922028e+01 -9.449529352907617863e+01 2.137856019083780836e+02 5.141689378489677331e+00 -4.420223554544165978e+01 1.123769634230067425e+02 4.006637736802429117e+01 4.025084048595378938e+00 8.526059302202282808e+00 -8.427538919123405137e+00 8.718431117010496223e+00 -3.282686362111639511e+01 -2.476360615469408444e+01 5.119266751845111152e+00 1.808612494910539326e+00
-4.991586282720776944e+04 -1.533935370202156082e+04 3.640254450141409848e+02 -1.080093889730197816e+03 -7.630922041167328018e+01 5.614876212012867285e+01 -3.879548378782631630e+02 -3.466904199646548079e+01 2.826178053093508424e+02 3.863531603207524654e+02 -1.448417682644316784e+01 2.470330702193728314e+02 5.405215776483071721e+01 1.090804530286533094e+02 -7.614049932669084342e+01 9.312783391106660247e+01 1.825220338210066018e+01 9.724766230002740031e+01 -1.266186607160695665e+01 -6.656765032131017961e+02
-3.072286340005156035e+03 1.076402197190312654e+04 1.735995909757164554e+04 -2.026129416918643983e+03 -6.921629938343966160e+02 -2.566110369179594954e+02 4.822234942540992961e+03 1.203006990110224706e+03 6.696859789914968815e+02 9.366500435732637015e+02 -2.392874800405635142e+03 -6.669886744955850872e+02 -7.981643110478692904e+00 9.778770520170266991e+02 -8.343722911266170286e+02 -3.436234877786272790e+01 2.340916683825680025e+02 1.097198448459148352e+02 -8.615557336770675079e+01 8.446897599608932694e+01
-4.260962325147404044e+04 3.583842751717921055e+04 -2.622811379819218928e+04 -5.116946710453739797e+03 9.132361627148829939e+02 4.989753160397066267e+02 1.728177958609659754e+03 -2.218611349718681595e+03 3.045455068856800267e+02 8.541977798765497027e+02 1.106472895296245497e+03 -7.792816314169839131e+01 -1.458899073165560480e+02 -5.319770094386245773e+02 9.981802513195130899e+00 1.461177928637784476e+02 -3.419316529755798229e+02 -6.898843635267468244e+01 -1.414926287609863209e+02 -7.899197510742243367e+02
-1.563880337839357344e+04 1.496201799177275097e+04 2.630321937833740594e+04 1.985721819108813361e+04 1.561054282103281876e+05 -4.773985141533918068e+03 -2.811650997978850683e+03 -2.046804056155405988e+03 2.252289246385410934e+03 4.891562651619211977e+01 1.487029486423932667e+02 2.720150136069458426e+02 2.152115574121421844e+02 5.704489673318254290e+02 3.646951985274385493e+02 5.599574072981512529e+01 -6.717159325581746998e+01 -7.852210714450801277e+01 -2.088720227343978877e+02 -9.038638729546022432e+00
-1.332122926461359384e+04 9.519585649426944656e+03 -5.912319460920352867e+02 5.420078827744039154e+04 -6.127452336784425825e+03 -3.296906849027920089e+03 -4.377938351276608842e+02 7.990393857379923247e+03 3.088715078284675428e+02 2.733454835922640996e+03 -4.710989063744415034e+03 3.083730634199359883e+03 6.255317636467496811e+01 1.434350778307328937e+03 -2.390293488709701705e+03 3.139191355556232338e+03 -3.770687553434353049e+03 -3.694943349061625071e+01 -1.970095979347051070e+03 3.800749999011376303e+02
-2.499172434408033587e+04 3.177995007668924154e+04 5.142890624108234624e+04 1.232215926871949923e+05 1.041832708799141074e+04 1.004386041886978666e+06 7.980719474505159496e+02 1.888755421864561640e+03 -1.125748545607703272e+05 1.019655786302429187e+05 5.135237439357850963e+04 -3.652303163092188333e+04 1.135671314274803990e+03 1.373789054204991844e+05 1.012050121201980510e+05 2.599147862392154593e+02 -8.420013343077247555e+03 -3.895641138739992471e+02 -4.947856876819871832e+04 -3.688600813123163334e+03
5.850695873483061405e+03 2.181887761684012366e+04 2.371731937471545825e+04 -3.808118020453793179e+03 -3.958098930012272376e+03 -6.226486093857498645e+02 -5.894326329130452359e+04 -2.959915809908400774e+02 9.944747793386338799e+02 1.444495839042047692e+03 -1.591955582845234176e+03 1.123226577197491224e+03 3.936520126630778691e+02 2.000960822063442720e+03 -4.279103165828571491e+02 5.211824376830105393e+03 3.182088421224802460e+03 5.454738424042941460e+02 -1.009851348218472367e+03 -4.881921821651102391e+02
-4.216883361667371901e+03 3.732019149111319166e+03 6.104163058588823333e+03 8.684037967878495692e+03 -1.811159961763866249e+03 -1.332688911094600144e+03 1.779744137303424850e+03 -8.867311238962724019e+03 -7.131279731553593138e+02 1.520538626575367971e+03 -2.102798891006078520e+03 4.008959737771380105e+01 -6.839883053324391504e+00 -2.496801017544023580e+02 1.420458409775461917e+02 2.183207320798061346e+01 -7.144316395514469065e+00 1.507070428980026975e+02 -8.740447444535462296e+01 -1.126739147268139732e+03
-2.418291900600108056e+04 4.850540159930871596e+04 -9.220138702527940040e+03 -9.987330049736965520e+03 -2.353728650593374425e+02 5.425314232635906819e+02 -3.976490396076110301e+03 -7.277434045571580157e+01 8.962947019591131266e+02 2.898083811522741144e+03 -3.999850522803750664e+03 -2.800307361912088595e+02 -6.797390540870591025e+00 7.752038167304691569e+02 -9.581974031714338480e+02 5.410171232087033104e+02 -3.669823414947737206e+02 -3.525222757758568832e+02 -1.104699215927678750e+02 3.569663333604760851e+02
-3.390361032988087391e+04 7.461490853905177210e+04 1.565464070198635163e+05 6.688038500037605409e+05 9.269461209923577553e+04 7.429178814210163429e+06 -7.226347487304396054e+04 -6.452495208701075753e+05 2.697222315995696001e+06 -1.839428319571936736e+06 -9.099011106334049255e+05 4.952719504703676794e+05 -1.449154183666315657e+04 -1.352397542225514771e+06 -1.006791201424730825e+06 1.677897437323605482e+04 5.029670213864884863e+04 3.157114726211919697e+04 3.748489633779013529e+05 3.634773474928404903e+04
-3.771315434967391047e+04 4.238908057711128640e+04 -2.853801297099385920e+04 3.704656502632443880e+04 -3.314501203949099818e+03 -2.502345855454220327e+03 9.126710452516171017e+02 2.366173676923341918e+04 1.533847844150578794e+03 1.434145722859728266e+03 -6.376811645720795241e+03 2.880700884749126271e+04 7.910478501275012604e+03 1.935974947744938163e+03 8.840564354322053987e+03 -1.975183679708217596e+03 7.030829980414177953e+02 6.221176710683871534e+03 3.433523332272582593e+03 2.010680806103792690e+02
-8.104019568196190448e+03 1.324381180679124373e+04 2.066804095256455912e+04 6.390108413328839561e+02 -1.058847668104571767e+03 -4.419574671658557463e+02 9.447258256546064104e+02 2.309586069403170313e+03 -4.029982969078703832e+02 -5.634728006176766030e+03 1.112678737797784743e+04 2.756747948876198279e+03 1.513464709333917995e+02 -4.725473944657574066e+02 6.282550452823755194e+01 -3.782591733500172495e+02 -1.370625531940524752e+03 -3.099321669230755560e+02 6.154858267113286274e+02 -1.062301486611143218e+03
1.157002571617738795e+03 6.416003872979818880e+03 1.010132200519084654e+04 1.419537067225445207e+04 -3.170846254104725176e+03 -2.358855429147214181e+03 7.016388939631177664e+02 -2.390255803829792058e+04 -3.768569443637813947e+03 1.056957798661002016e+03 -2.111027954555188899e+03 2.148134069982225810e+03 -2.005179908685276757e+01 -1.058178905528539644e+03 1.255849656523700105e+03 -9.496246835975150589e+02 1.260108970592319565e+03 2.747410938624952337e+02 8.106784915405148695e+01 3.163623028762298873e+03
-4.142454675950141973e+04 3.523850570149485429e+04 -2.515506530893176750e+04 -4.466433699781151518e+03 3.209028064838178125e+03 1.699567357136365445e+03 1.763476369302904004e+03 4.092785316881571816e+03 -4.750326482840348763e+04 -6.440203181907712860e+04 -2.928720186911208657e+04 -7.725173647918447386e+03 3.226093495274218640e+03 8.890972319773056370e+03 5.042511881140102560e+03 6.726269444693120931e+03 6.023368736693599885e+02 -1.096511664455956407e+03 -5.759330611979779860e+03 -1.424599122030882199e+03
-3.544427789390570069e+03 1.506169341896188962e+04 2.202405787797602534e+04 -3.029440668069249568e+03 -9.452696643440276603e+02 -2.704875986716266425e+02 1.784772623539594633e+03 2.152400932998828466e+03 8.884958138570001438e+02 1.234515845169425575e+03 -3.047048319843700938e+03 -8.329952333623361937e+02 -1.259893575942968091e+01 7.416884425070063571e+02 -7.031425181573398504e+02 4.930115918226390903e+01 2.139435367706559816e+02 4.521509115067479989e+00 1.020960259956469400e+02 6.939994042054225076e+01
-1.369040345882621659e+04 3.120594007878114098e+03 -1.385887475126264235e+03 1.175210594079696966e+04 -7.743116666322672472e+02 -1.357903941185244321e+03 -8.752295396939066450e+02 4.036718088921748404e+03 3.632178292033510388e+03 -6.786009531532689834e+03 1.154567152629490920e+04 -2.695538082587065583e+04 -4.875741294175188159e+03 -2.898253483194550881e+03 -1.533084114818770331e+03 -2.706808631776786933e+04 4.167927632950597035e+04 2.357865603083511087e+04 -4.015923627872578891e+03 -2.679920956520084474e+03
-5.569963073253937182e+04 4.000524081454399857e+04 -3.540128080195653456e+04 3.386319163456542447e+04 -2.646326352393198704e+03 -2.978421476435594286e+03 -1.702351305725791235e+02 1.327873263919393503e+04 5.935383108813371109e+03 -3.183994423268694391e+03 6.244542103277306524e+03 -1.249485013510049248e+04 -9.808736907070554025e+02 3.113819815720319184e+03 -3.199804087729558887e+03 -1.210436065684011282e+03 2.932243729220827390e+03 -1.852565111011800127e+03 4.739180552032482296e+02 9.570104494953681069e+02
-2.259146235655217970e+04 2.229845065527578845e+04 2.584261273804583834e+04 5.338168256869957986e+04 1.882835376659268150e+04 5.972916001498368132e+04 -4.467289147242383478e+03 6.242557684546475502e+04 -1.928619818053065101e+05 1.015331307411651505e+05 3.930353288401719328e+04 3.623603295880990481e+04 -5.670081303260845743e+03 -1.696873220126782835e+05 -1.807326876367963268e+05 2.919223099156366152e+04 -4.381111808963570365e+04 5.299595695389798493e+04 -1.370683698675316409e+05 -4.351489415622026172e+03
-9.692112963328414480e+03 8.484849565273307235e+03 1.338841656887275713e+04 1.946910636382050143e+03 -5.770362702445688683e+02 -4.418857551363336711e+01 1.477142183115283842e+03 3.426193590802485687e+03 1.227025612673307791e+02 -3.887706226386077901e+02 4.082099516431778170e+02 -5.105124545297156146e+03 -8.859884065150179140e+02 -1.458333389100462227e+04 1.238378901978218892e+04 3.541948935390438237e+03 -8.697625790389366784e+02 1.651185504127606407e+02 1.049922995518127436e+03 2.966096204776908962e+02
-3.937153958005669847e+04 9.400567375560969595e+03 2.847170868239001720e+04 -7.704187854615644028e+03 -4.774978464673319650e+03 6.019810164568499431e+02 -9.283654984462929133e+04 9.804378563949623640e+03 -1.180067871268931412e+04 -9.444628457886306933e+03 -3.087097540681488681e+04 -2.959314100704528391e+04 -1.036357618702884065e+04 -4.091347559392800031e+04 4.181658393500300735e+04 -5.402395853004804812e+05 -4.130519698641552241e+05 -2.224136468164364123e+04 -2.088010960122931283e+04 2.494672799212529208e+04
-5.726304095857912216e+03 1.620971534002878252e+04 2.621034470417182456e+04 1.204379720888790507e+04 6.407777055723188823e+03 1.334669791286747495e+05 2.187770393385625084e+03 8.970211307833764295e+03 -7.793276599763767445e+04 6.810129688351377263e+04 2.767316458415528905e+04 -2.994492234104562885e+04 9.234909528212539271e+02 8.006290204375464236e+04 7.452320936439004436e+04 -1.502544521502296675e+02 1.491890016341465980e+03 -6.540517421803397156e+03 -9.300655700735203936e+03 4.568623071799310651e+02
-4.332376167140884354e+04 4.873417784566304908e+04 -1.491819379816078981e+04 1.183625997982947010e+05 3.774330498322490166e+04 3.272267325405126940e+03 -6.657788197464812583e+03 1.238686921783806029e+05 -1.073264803249460820e+05 -3.239254324847713360e+04 -1.485637644755731453e+05 4.946661070626931614e+05 -2.562450987102032639e+06 7.993945496745551645e+04 8.424003479697836156e+04 3.541244295918357238e+04 9.498511284400306977e+03 -2.362886442389662261e+04 3.937337699184878875e+04 -6.968172246985540551e+04
-4.846564480146714777e+04 -1.540960549431654181e+04 9.850529769566296068e+01 -1.430366748404298050e+03 3.704016879205403967e+01 1.413718450761612360e+02 -7.692855580424170512e+02 1.710381813062262836e+03 3.750316792459614703e+02 -3.150577269046894457e+02 5.536214988662092082e+02 1.655926593257690911e+02 -4.350014802281358470e+02 3.683461217231344449e+02 -1.287387634165593795e+02 -2.886146400424518674e+02 3.161921513276669202e+02 -3.268874740654065931e+02 5.771251629239505831e+01 2.141745065801719102e+04
-1.980788957835829206e+04 1.077998403189978853e+04 2.190977414253298411e+04 -2.310882096511745090e+02 2.948486914307005009e+03 1.411722083085397935e+04 7.098154007370515046e+02 1.214955264687918134e+04 -3.000212902696504898e+04 1.910401031320981565e+04 4.352096028445270690e+02 1.724478955231305372e+04 5.469441300981660788e+03 -2.850182481242253198e+04 1.019262057644248853e+04 -4.535708999145259440e+04 7.190117521785273857e+04 -1.149383990154285129e+05 -1.999385625972596972e+04 -1.189804141182861258e+03
-4.679770990793898818e+04 1.215091367005377469e+04 -1.520415546602802351e+04 1.343445135677665530e+04 4.547817147043622867e+02 -1.254920919419478196e+02 -8.076833067681862985e+02 1.634449518992396224e+04 -9.798865599246741112e+03 -1.063435613024535269e+04 -9.655854007901918521e+03 4.640001193447296828e+04 -3.351305652708171401e+05 1.387256927966909097e+04 9.702717371192869905e+03 -1.708779389661585810e+02 1.221205099208779575e+04 -3.601216893248256838e+03 1.025727638613317686e+04 9.702828519210299874e+02
-1.610941073560614495e+04 1.156123069481411949e+04 1.573583417761863711e+04 5.837334400462806116e+03 2.326162199564836541e+01 1.650356198031033637e+04 -4.068037780515421673e+03 1.035661891079437555e+04 -3.729946746071983216e+04 1.404683879832789535e+04 1.710821710588714268e+03 -1.469335473076033395e+03 -5.597787596941033144e+02 -2.283082617523991212e+04 -2.645860809259167581e+04 -1.277880213074028006e+03 1.312436667495431038e+03 -6.498096393245607771e+01 3.873039812661752876e+03 4.163829232774905336e+02
-1.335784412477532715e+04 5.392653224570922248e+03 2.971616937562581370e+03 1.905387220489508400e+04 -2.967550780421678155e+03 -2.583561633666754005e+03 7.440411009900009276e+02 -2.025390919334139107e+04 -1.802770929451634174e+03 4.385586316204738068e+03 -5.493329614280696660e+03 -1.757388606066574539e+03 4.256477700449544841e+02 -5.472627718535205531e+03 5.260608814052413436e+03 2.075946158333256335e+03 -5.314070374452280703e+03 -3.959156515725744612e+03 6.026868224275362991e+03 -8.006412039263303450e+04
-4.602943147526719986e+04 -1.264689863789240917e+04 3.977983541881245856e+03 -4.699698354103416165e+01 -4.530022228453654520e+02 -1.513452401315360021e+02 -8.306502588745566754e+03 2.768450996686508006e+03 -2.053515310426852011e+03 -3.485854513877726276e+03 -5.982718044148910849e+03 -6.529510876289482439e+03 -1.815652155286428751e+03 -4.565033017427119375e+03 5.397040189435899265e+03 -3.505207940036319633e+04 -2.350753317250120745e+04 -1.858441280671967775e+02 -7.520672148716735137e+02 2.543486747477951724e+02
-3.440633898858170869e+04 4.370198342291025619e+04 -1.064626052042681113e+04 3.781222159796579217e+04 -3.326659294419986509e+03 5.603304692726538860e+02 3.541708984687491011e+03 5.068770063791318535e+04 -1.773276820685792336e+04 6.487542251296728864e+03 -3.752926779266454832e+04 1.513532630094628839e+05 3.164126970761188932e+04 -1.271252573740496882e+04 5.780358427184413449e+04 -5.371757076918907114e+04 6.656483194680088491e+04 3.143571401094579778e+04 4.536901748569896881e+03 -3.864308359341386677e+03
-3.770983126473466837e+04 5.487385780222576614e+03 1.397230955163091676e+04 2.078126879706950422e+04 7.888132223667610560e+03 5.041418500662119914e+04 -7.442846384545428009e+02 4.519229222614926402e+04 -1.758634299516984902e+05 8.380269460526382318e+04 2.220801421463676525e+04 2.007865925857896218e+04 1.205491776937907707e+04 -3.255078927226952510e+05 -2.339856602635043964e+05 -4.201601559623531066e+05 7.102285857723297086e+05 -2.104463607909047045e+06 -2.177633794808288221e+05 5.090580878107423814e+03
-2.439693726185385094e+04 2.785909549516777042e+04 2.033006668368079772e+03 8.018086732002616372e+03 3.104164919969539551e+04 3.805463467722252972e+04 -4.499613902855902779e+03 1.703136772963531621e+04 -1.283704271042754408e+05 9.303126154037641754e+03 -8.353870090060090661e+03 -1.243080261888084715e+04 3.574485723900153062e+03 -4.726609492910986592e+04 -8.353985356829439115e+04 -1.023994110119387915e+04 1.450223151607293403e+04 2.534962119119771160e+04 1.984889253367295896e+05 5.987845300035765831e+03
-1.645088875616123187e+04 1.704819727580363542e+04 3.137438465052452011e+04 2.650163202453150734e+04 2.155912381405302731e+05 -5.994673772856851429e+03 -4.368367216336891943e+03 -3.534770514861028914e+03 2.891902352879016235e+03 1.601339258990943790e+03 5.326794161989337226e+02 8.699061824954995927e+02 5.239976712826307903e+02 8.921392047872393505e+02 2.044054693286300335e+02 2.991703484916632760e+02 -3.483368298310521141e+02 1.384741751926782705e+01 -1.312664990203306616e+03 9.199530766916601010e+01
-4.862715968868274649e+04 -1.531682621818754160e+04 3.984252676962466921e+02 -1.327558512540370884e+03 2.655201962076535551e+02 2.722080945702363692e+02 -4.031235238257550577e+02 2.763510611911165597e+03 -1.704992345615236627e+04 -2.703217137423892200e+04 -1.266879702820838611e+04 -3.355412501494585740e+03 1.210745504802346886e+03 6.325313842583821497e+03 3.039808206237001741e+03 5.308657772615640170e+03 7.800599605514132691e+02 -9.047089311248017793e+02 -5.976243147976745604e+03 1.023954442123969557e+03
-1.171234183858937831e+04 7.535899560920887780e+03 5.257591497513003560e+02 3.702996278870871902e+04 -4.323450952863699968e+03 -3.563694607329602604e+03 -1.932742359242819532e+02 1.181034451739440783e+03 1.649267423272463475e+03 1.804809073256035106e+02 -1.461591503697442249e+03 -3.083467659634341089e+03 3.484170132099971511e+02 1.235356991679090015e+03 -8.704607709442357191e+02 1.473438301109386202e+03 -1.651535775618184971e+03 -1.507534229321276143e+03 1.830730039136034009e+02 1.257102796576300108e+02
-9.906024173391100703e+03 1.651491514675655708e+04 2.670715643698551503e+04 3.782677458907302480e+03 -1.609962031171879289e+03 2.551474216259528839e+04 2.710400752652353731e+03 4.171319934776123773e+03 -1.258676831635131384e+04 1.560720077909843894e+03 2.575722263090215711e+04 2.010140764455177987e+03 4.933314105897876800e+01 9.716549842656664623e+03 3.930891778569598500e+03 2.187313584280713712e+03 -7.562876713596563604e+03 5.409642482879636191e+03 -2.250276004281621863e+04 -3.387998798970625103e+03
-4.677452260288513207e+04 -8.891797796966659007e+03 -1.324639611162701158e+03 2.175294566116495480e+04 -2.111813977059402987e+03 -2.012954900243028078e+03 -3.629136535878314589e+03 1.542098548503336679e+04 5.534610355422695648e+03 -2.340942790617088576e+03 2.074091243969442985e+03 -2.496120373209503214e+03 3.771319123387598665e+03 5.185196941168886951e+03 1.711892767929959973e+03 1.643053262375268605e+04 -2.329824766190701848e+04 -5.595897440419515624e+04 4.848177685411692801e+04 -1.030224505686982411e+04
-2.643763552898166745e+04 3.733526593055090052e+04 6.763889405942482699e+04 1.420863090887261205e+05 4.313969502724552149e+04 1.271015833814267302e+06 -1.308669935687625548e+04 9.499174306960003742e+04 -1.141569845409028232e+06 9.370813689726606244e+05 4.408323173746695393e+05 -4.719446091059840401e+05 1.800154699702349899e+04 1.400029016413799254e+06 1.067892005748613970e+06 -4.399176234783912514e+04 -1.709472291622325429e+04 1.811669281306827033e+05 1.144675960023254156e+06 7.039145206546309055e+04
-2.498077186318731765e+04 2.631406486892719113e+04 1.344071925778906552e+04 2.127311319339059992e+04 4.416544705451139453e+04 1.061912859416343708e+05 -1.723220074456119255e+04 4.577454139849750936e+04 -3.619698877772307605e+05 6.661055775790552434e+04 -7.400150531655300256e+03 -4.627292921978038066e+04 9.580569618015855667e+03 -1.375425073673045263e+05 -2.645146302816238021e+05 -3.758171222240931093e+04 5.122431712113193498e+04 8.928945180183403136e+04 7.115093977176988265e+05 2.303182656337289154e+04
-8.896483170810173760e+03 1.674556458026699693e+04 2.579928822553093778e+04 5.794420050461520759e+02 -2.039318369927528920e+03 -7.497691231123191073e+02 -3.325913785724704667e+03 -5.153322274306510735e+02 -9.453899015252710569e+02 -8.866728852037354955e+03 1.807170387633785504e+04 5.869492873929221787e+03 3.445355652822980801e+02 5.012660204512872610e+02 -3.397663107636403197e+02 -7.608063750566820715e+01 -1.588945425172093792e+03 -5.274233795870788981e+02 8.286713155138313596e+02 -7.076420621701063283e+02
-2.829215102124909390e+04 1.938465599981791456e+04 3.414844317124279769e+04 6.907472606016520876e+04 1.166129869143865108e+04 5.670196388999186456e+05 -2.450530552937285393e+03 3.144163240591330759e+04 -2.600079859157977626e+05 2.002337979448094557e+05 8.505029942097021558e+04 -6.082866015675464587e+04 4.431322234205022141e+03 1.762904418405108445e+05 1.423219992641015269e+05 -2.130170325879398297e+04 2.489173719765678470e+04 -4.294064710893455049e+04 -5.630170912187529211e+03 2.764159410143357718e+02
-4.037217180250145611e+04 3.524377365261040541e+04 -2.314062733301076150e+04 -2.168722284576324910e+03 2.541827256359991225e+03 1.241708426979502974e+03 2.042471684001320000e+03 2.216941743491805937e+03 -3.101912042172698784e+04 -4.001159582952018536e+04 -1.506187849196115167e+04 -3.651590920435593944e+03 2.214357477030813698e+03 3.499395822736185892e+03 1.423356814091193201e+03 2.143009554700968238e+03 -5.536462364472280342e+02 -3.226991036869918617e+02 -1.021333904656718573e+03 -1.936156757911889144e+03
-1.565431860897010483e+04 1.021999815884061536e+04 1.179740651223027089e+04 2.346213713229607038e+03 -1.086107606658901659e+03 -5.599716063191060584e+02 -1.399614024867304943e+04 2.952116945742137432e+03 -1.992692129882280824e+03 -2.888164469709504374e+03 -7.301874075604535392e+03 -7.402089494802117770e+03 -1.869880277507742676e+03 -5.547891574685118940e+03 6.114283808092419349e+03 -3.519455290090428753e+04 -2.378787923844265970e+04 -1.162953781752269435e+02 -6.242019605014401122e+02 -2.981934544794703470e+02
-1.085920375403121216e+04 1.307296181514396449e+04 2.098139479013857272e+04 3.813224548891689210e+03 -6.877767673705359357e+02 4.140565509036177900e+03 3.288779178016751757e+03 1.354234792500429467e+04 -1.481321359566234059e+04 1.147797889160729210e+04 8.472478065959421656e+03 -3.651370692576100555e+04 -5.629075951953971526e+03 -1.083810986183628993e+05 1.233341660602059856e+05 5.532367128966002929e+04 -1.634244594809510272e+04 7.207423893429441705e+03 -4.248126563769073073e+03 1.813302489245689867e+04
-4.604627741940412670e+04 -1.259906075228155714e+04 4.576054832466073094e+03 1.937791861520115390e+03 4.289908033490660841e+02 1.602205318481282848e+04 -3.010843108189032137e+03 8.336419234093518753e+03 -3.707189018879443756e+04 1.345619431214451288e+04 2.521004675497531480e+03 -1.771540826357301512e+03 -5.522307809826711491e+02 -2.169653438903723509e+04 -2.672028257042165205e+04 -1.423384993807663477e+03 1.885098753698848668e+03 -5.605461733229213905e+02 4.342865661380819802e+03 9.581481931211824303e+02
-4.230074632648596162e+04 3.173283367173568331e+04 -1.181595865101451818e+04 7.022798172212296049e+04 3.528531896716216579e+03 7.898680008489934153e+03 -5.763680276387690355e+03 7.020235113786105649e+04 -8.040181862613800331e+04 -3.238103336256204420e+04 -8.247568561438926554e+04 2.313521132912283356e+05 -1.214324406624735100e+06 3.285774123662659258e+04 3.262960412621330761e+04 7.592509437942585464e+03 -2.003601040810386849e+03 -9.984261045926943552e+03 1.619860374059043897e+04 -3.105760709461279839e+04
-3.974917303996800911e+04 2.992474114119260776e+04 7.071599825384917494e+04 2.119786576615697704e+05 2.921329843516815163e+04 2.260459814969441388e+06 -1.914860276708381571e+04 -1.197141876558182703e+05 3.777748173153723474e+05 -2.296517968083749874e+05 -1.297108764629842626e+05 6.304044928217919369e+04 5.534690031535938942e+03 -1.422523746465898002e+05 -6.509183787714028585e+04 -5.075145329514676996e+04 9.022648044844013930e+04 -1.260102463768135494e+05 5.543411406090674427e+04 7.031130045779574175e+03
-4.170324232268446212e+04 3.592800288983647624e+04 -2.631111025582168440e+04 -5.215194680268989941e+03 9.961860748760464048e+02 5.561228440108310451e+02 1.341938083209331353e+03 -4.304916567621631884e+02 4.213094467389594229e+02 1.276632886864747860e+02 1.716021576201648713e+03 -2.214880664581807252e+02 -6.278360627224361679e+02 -2.600806059232396592e+02 -5.757933517513068722e+01 -2.423856012809914091e+02 -3.644378215321171410e+01 -8.380023343760742591e+02 1.149647840141556401e+02 2.120631091592619487e+04
-6.009984719362606847e+04 7.916524320454376721e+03 -1.885025634159961555e+04 3.470670415699220757e+04 -3.049636583297136440e+03 -3.091182075714770235e+03 -1.447587543939561328e+03 1.425396888927994041e+04 5.459489809858884655e+03 -3.812782411798271823e+03 5.394585770121188943e+03 -1.182787688707839334e+04 -7.790510533993596027e+02 3.377432308809110964e+03 -2.977088700947572761e+03 -1.354852073511419803e+03 3.294091345036786606e+03 -1.578776700915965421e+03 6.065686890865518990e+02 1.016915907897635520e+03
-4.589368464421355748e+04 -1.203300022316408649e+04 6.078931012906599790e+03 6.449570804826877975e+03 6.258107180087365123e+04 -1.690336489392045905e+03 -2.466131763986878923e+03 -5.761857160954552910e+02 2.130652173283455753e+01 -9.065215702016049590e+02 -4.412910171075056951e+02 3.337734950169694343e+02 -1.240196484897655154e+02 5.811739553175123092e+02 -3.358678130788853196e+02 1.142204032571900001e+02 8.788563715340114868e+01 3.897369094780199106e+01 5.515875041685844735e+02 4.181866744270755589e+02
-2.252683572607220412e+04 8.301394294805382742e+03 -4.431850587764580268e+03 4.507738291387480422e+04 -4.869547534338148580e+03 -4.233313407810939680e+03 -7.531253958332142702e+02 5.129040363154362240e+03 3.432508283058637062e+03 -1.603757223303221053e+03 1.685162579697783713e+03 -8.856113856335950913e+03 -5.961463776664721763e+02 2.077687505099601367e+03 -2.099215170303777995e+03 -3.847588457442305412e+02 1.606603395665658581e+03 -1.136308727235555580e+03 3.000188681979607708e+01 4.247588798035503714e+02
4.451992079962942626e+03 8.384781270791916540e+03 1.066146704537996084e+04 -4.020261952800193512e+02 -1.802720928041257366e+03 -4.628012100724080824e+02 -3.578335752881670487e+04 2.719396731810342658e+02 8.751513020533595864e+02 2.271416932340801850e+03 -3.949791173156781952e+03 -6.421302549099516455e+02 2.056558419830431603e+02 7.483405248050238470e+02 2.447692949362571539e+02 4.456596248046176697e+03 3.262998990466533996e+03 8.165440695395960802e+02 -9.247855592378971323e+02 -1.360857846160758982e+03
-4.161313609180256753e+04 4.485833937187746051e+04 -2.857399822060958104e+04 7.342522059856487613e+04 -7.147547635326703130e+03 3.787462652981037081e+02 7.165916196461229219e+02 3.945571135009588761e+04 -5.615497919158735385e+03 1.074772644658362333e+04 -1.791488276287733970e+04 5.279061122559754585e+04 6.456094998618345016e+03 7.608573222836162131e+02 4.821134528279585538e+03 2.517853316918646669e+03 -5.197553683742189605e+03 1.329530895538381446e+04 -4.473857509560351900e+03 9.885516550589499047e+02
-2.548176917306626638e+04 5.280142183202556771e+04 -2.732079598151697610e+03 -9.942386160928164827e+03 -1.293815370505821647e+03 2.070167929109321960e+02 -9.191283485476320493e+03 -2.569355591924929740e+03 4.100155754742655745e+02 -2.675544371558367516e+02 2.814614008757703232e+03 2.745390287812484985e+03 1.874247612062766848e+02 1.662380475985846715e+03 -1.336158023289574430e+03 8.648944314450396860e+02 -6.036012908022737520e+02 -6.010967031564044873e+02 1.387799190338696178e+02 6.965781456004959864e+02
-2.633813130551665381e+04 4.655510175957761385e+04 7.792048202930272964e+04 1.705298760866867960e+05 1.350462203067128394e+04 1.490700884144200711e+06 6.954827535520938682e+02 -2.285911798945570263e+04 1.345799503622558859e+03 3.141471316059404853e+04 3.761397262943021633e+04 -1.391868318183369593e+04 -1.305982697548724900e+02 9.673595200752626988e+04 6.108608017389279121e+04 9.446909616927090610e+03 -2.587245014216454729e+04 1.938343713341616967e+04 -1.019158748384186765e+05 -9.482817074284603223e+03
-2.235486604198661371e+04 2.416618014640865294e+04 3.543543075524071173e+04 5.851090217953130195e+04 3.042747491571457431e+03 1.027573094784686837e+05 -1.545225160012830202e+03 8.473671837969534681e+04 -2.834340067104515620e+05 1.528325215690184268e+05 7.295172196053873631e+04 4.584430656133816956e+04 -8.686675688953488134e+03 -2.396390756303377857e+05 -2.578815349616229651e+05 4.549441773519770504e+04 -7.038444680056498328e+04 8.313739693864823494e+04 -2.266985218417840370e+05 -9.124035227075943112e+03
-1.901992503526721339e+04 5.895847128412440725e+03 7.422884819614240541e+02 1.753520546026751254e+04 -2.173844562009588117e+03 -2.012493063154450965e+03 8.849325926859239644e+02 -2.681169327634891033e+03 1.213190097647316861e+03 -5.439289761956487155e+02 1.205275153025653708e+03 -5.312782447033838253e+03 -6.931767846385540679e+02 3.370041981945868770e+02 -7.739415704345899485e+02 -1.249685203286474689e+03 2.248711438020021433e+03 9.814468632105540280e+01 -3.677701190674790865e+01 -3.871481062811262746e+02
-2.142296379749858534e+04 1.041763452194973070e+04 2.081903354883680731e+04 9.463889251301742433e+02 -2.021471384070288195e+02 3.780841407464974054e+03 1.269368186513014962e+03 1.459802745676941049e+04 -2.806640317478587167e+04 5.089625832834615721e+03 6.098118569305655001e+03 2.280313857896737682e+04 2.641740493399207480e+03 -6.858081959790145629e+04 -6.816523213534760544e+03 -2.935391458730934028e+04 2.976369592426181407e+04 8.545975715258410492e+04 2.587739757612833346e+05 1.352833369631474625e+02
-2.161339434955101751e+04 4.095101674856876343e+04 -5.719762562554488795e+03 -8.442116647754990481e+03 -2.848462281465984915e+02 3.761706319742319806e+02 -1.166784889206529897e+03 -5.191088468151234565e+02 8.212244450928227479e+02 2.258038270520790320e+03 -2.793679578270481670e+03 -7.201700900179105247e+01 -2.408570609146166674e+01 8.213874655185046549e+02 -9.708126744976668761e+02 4.301291640773016525e+02 -2.901436439344853397e+02 -3.204407728474538430e+02 -6.678802095478332035e+01 3.807224270305483742e+02
-5.037963260833575077e+03 1.394982229978603209e+04 2.244798792910777047e+04 4.634998159917357725e+02 -9.838126121540668692e+02 2.188307547688912382e+04 6.680720436196559604e+03 3.809991727582294516e+03 -9.558108704148897232e+03 7.906882260409971423e+03 8.159448338816694559e+03 -2.073601198377928085e+03 -1.364645570610686036e+02 8.590233936270682534e+03 3.286602452524392902e+03 2.330846010659215153e+03 -5.195510105972294696e+03 4.960663501080720380e+03 -1.963008325622725897e+04 -2.008033939217332318e+03
3.746973160122689023e+03 2.652317954581521553e+04 2.346029159606683606e+04 -6.646511466511172330e+03 -4.183702214710055159e+03 -1.169805102144090228e+02 -7.641903516135503014e+04 4.097604150077600934e+03 1.974543662456343782e+03 7.117420238977972986e+03 -1.312492838026995014e+04 -3.537538239449903358e+03 1.718887399583472870e+02 1.194608219258948338e+03 -1.170364369711317778e+02 5.174013177668914977e+03 3.447529355432905959e+03 8.582267939536392305e+02 -1.714933119850373942e+03 -9.714949353375648116e+02
-6.030135370662675996e+03 2.112730784450778174e+03 1.897920111253503819e+03 6.494619195249426411e+03 -4.455552584721016274e+02 -8.381310173940194090e+02 -3.354886081530000865e+02 1.234979320600348274e+03 2.122564677957637741e+03 -5.223000793794580204e+03 8.824843062173618819e+03 -2.168017072252558864e+04 -4.027898492739444919e+03 -3.531926804751411055e+03 -5.484303659931150605e+02 -2.523644107498583253e+04 3.856954112310610799e+04 2.323068904303375530e+04 -3.959757173165136919e+03 -2.971086664713423033e+03
-4.713600865978793445e+04 6.135588242410560633e+04 -9.362980449333976139e+03 1.961459351967898556e+03 -3.057897968102338382e+03 -3.679890545980110801e+02 -4.245189866607556905e+04 7.232306830281841030e+03 2.424136466216233202e+03 4.869730114471112756e+03 -8.470287517397571719e+03 -3.494303785541408160e+03 1.771634312323934637e+02 5.161468667020023986e+02 -1.540776166623465713e+02 1.597231319709696891e+03 -1.514698703512622615e+03 -1.554109002903218652e+03 2.707219325088603341e+02 1.581770440151206685e+03
-2.873831528163464463e+04 1.413863383670350959e+04 1.047073027976293270e+04 1.112384254801818315e+04 -1.601873200111008828e+03 -1.449513273376511506e+03 -1.114719053490431907e+04 1.073336778630364461e+04 4.640443616165681306e+03 -2.978331344805592380e+03 2.610511316114944293e+03 -2.114437328130685273e+04 -2.778291936653268749e+03 -2.577170022705541669e+03 1.244466953466473846e+01 -1.148438151808938346e+04 1.719487855329817103e+04 5.967071136271020805e+03 1.881053763007310181e+03 -2.193720378109708804e+02
-1.244505567974377664e+04 1.598657466790696526e+04 1.097215924285833717e+04 -2.379733957772234135e+03 5.658429434332576875e+02 2.735524942548851755e+02 3.752403556778694451e+02 2.655996258078966093e+03 -1.916204854896822872e+04 -2.644613612938370352e+04 -1.352504293012898052e+04 -3.177547895657303798e+03 5.921222764188129304e+02 2.725902607679400262e+03 2.489625285913437438e+03 2.769602172562088981e+03 -3.054873040747773416e+02 -5.629559033760724560e+02 5.300926580299559646e+03 -1.098069238169075788e+03
-4.145931055408150314e+03 1.842720430125668645e+04 2.642091526135444656e+04 -2.942098139066402382e+03 -1.683777346063557843e+03 -5.339209456982626989e+02 -1.948494122919011033e+03 4.547872700320470329e+01 4.813828493130918105e+02 -1.348159383247446385e+03 2.516833512893091211e+03 1.674551134469972112e+03 1.520181783873037205e+02 1.517661920296591006e+03 -1.040253957735270433e+03 3.360281311354280547e+02 1.079257756874525853e+01 -2.127471108250493899e+02 3.147236146761820237e+02 3.708484715389981830e+02
-4.041682704772890429e+04 3.790480861416200787e+04 -2.695958532765179189e+04 1.906615754994966119e+04 -1.255892572666806245e+03 -1.060734797819115329e+03 1.215485852177158222e+03 1.776780513156793677e+04 -5.714778355135887011e+01 1.361142969201207507e+03 -5.585714397539826678e+03 3.066150245850925785e+04 7.676294154338782391e+03 3.442297488822472360e+02 1.037962450487858951e+04 -3.177315815596892662e+03 1.893264721702516226e+03 7.107640676549087402e+03 3.720064091195793480e+03 -3.002592297900991412e+02
-3.744697493838310493e+03 1.295650383305246578e+04 1.976777664538880344e+04 -2.414895525790861939e+03 -8.513100205332416408e+02 -2.912310246949004977e+02 3.213546331075021953e+03 1.345695991621611029e+03 7.081235698507015286e+02 7.635880329338236834e+02 -2.031641834287546089e+03 -4.640639033472932624e+02 6.371862082685192163e+00 9.499456665278236187e+02 -8.082351816767593391e+02 2.196051804276244113e+01 2.059784426476705903e+02 4.722261025498035991e+01 1.700943921010376059e+01 1.096713196190028725e+02
-1.524522135712813542e+04 1.131890703993283205e+04 1.478414201480570227e+04 2.414256127049255156e+03 -9.187198520858730717e+02 -5.509285397134279947e+02 -8.596529644457636095e+03 5.534496172589730122e+03 2.140041594856088977e+03 -3.715043724576484010e+02 -1.517449311453359996e+03 -1.211639527512515087e+04 -1.397101846616380953e+03 -3.793111244018908565e+03 1.650881999354184700e+03 -8.578756184133499119e+03 1.206276983171143547e+04 5.537762941536747348e+03 2.214660281312124880e+03 -8.976976727165774719e+02
-1.975279732357382090e+04 1.188896676397127521e+04 1.111619161521476053e+04 1.026547776009725931e+04 -1.230277706200320608e+03 -4.889341961081766499e+02 8.468010766779689220e+02 7.342521935907757324e+03 1.804033169218152807e+03 -1.973082836182892834e+03 2.919771365860567130e+03 -9.017182091690281595e+03 -1.342837847044487717e+03 -1.396346573268299653e+04 1.160959129600610140e+04 2.582753342512626659e+03 8.747951525559016090e+02 -7.818023262406879326e+01 1.366325193159149194e+03 4.422388689908412971e+02
-3.885754238286243344e+04 3.844015346544401837e+04 -1.820402894868576914e+04 3.710542575426932672e+03 6.524432475835753576e+04 -3.876395604497004115e+02 -1.671777369203816988e+03 1.056917082525432761e+03 -3.129947152805522273e+04 -4.010621162932413426e+04 -1.809691994047061235e+04 -3.857216842723536047e+03 2.063647862063735829e+03 3.857529202163734226e+03 1.467494285133613175e+03 2.206912003982021815e+03 -3.207175426645682705e+02 -2.984997100814320561e+02 -3.287676974585270955e+02 -1.296538244802725330e+03
-2.214953830128438130e+04 9.550043582943519141e+03 -4.368273708874236036e+03 5.593772130046632083e+04 -6.069170443611576047e+03 -3.844192589269010114e+03 -8.212421554926670524e+02 9.386359517621584018e+03 2.068743517580006028e+03 6.147938198579053051e+02 -1.237356673396548558e+03 -3.427772461169612598e+03 -7.535041840727378712e+02 2.060717935909064181e+03 -3.119126659719356667e+03 1.019392573564273334e+03 -2.678975572104356502e+02 7.829643977297730828e+01 -1.689489442021994364e+03 5.983150407406985778e+02
-1.579066362640951957e+04 1.133720377806550641e+04 9.145822485525995944e+03 2.351190974155806907e+04 -4.196803532064185674e+03 -3.391792670054107020e+03 -3.151299978904299223e+03 -2.011968173754301824e+04 -1.764215176566211085e+03 -2.531758586724523411e+03 4.570464511558319828e+03 -3.834399968237114081e+03 -1.023291797178186926e+03 -1.878170746715769610e+02 1.013954494494647349e+02 -3.141749373016588379e+03 5.017763513912336748e+03 5.190395427805584632e+02 2.891298179174277720e+02 3.440826492353134199e+03
-2.573076727200919413e+04 2.767182124271906650e+04 4.691567951625710703e+04 9.520838691563528846e+04 9.811392606631390663e+03 7.806366828254138818e+05 -4.459233590847309642e+03 1.752553046246488157e+04 -1.826190455526962178e+05 1.521127086710619042e+05 6.895280314118944807e+04 -4.734137034859639971e+04 2.798280710905380147e+03 1.548792609120078559e+05 1.230216611505025357e+05 -1.245908846423236901e+04 1.127693764408537936e+04 -3.006373230103096284e+04 -4.191937455554327607e+04 -2.656304523629191408e+03
-4.880149467359211849e+04 -1.576638068571936128e+04 -1.039998299588544626e+02 -1.416093772608023073e+03 -2.623056496613714472e+01 1.009364323432661905e+02 -3.922425121768897611e+02 -2.469392742914253702e+01 2.605401548919261359e+02 3.976342456734000166e+02 -1.487154482046016923e+01 3.541746107453512309e+02 6.713463866009232106e+01 1.313163032439389610e+02 -9.006567154245091444e+01 1.379990820817006920e+02 -4.777603268121970359e+01 7.448736265563199765e+01 -1.867447584320024490e+01 -6.497367208875421056e+02
-4.728824940603465075e+04 -1.430966043195198836e+04 1.873231300495086998e+03 -9.301749862709277750e+02 -5.971836265009381250e+00 3.269321570387311908e+02 -3.518141723939901567e+03 3.464094542000721503e+03 -1.028552514995207275e+04 -1.527063952559631798e+04 -9.245584360149419808e+03 -5.389705270277639102e+03 3.213888460680867070e+02 3.140056888332243034e+03 4.968948099168416775e+03 1.693915729826573852e+03 1.837452250509891428e+03 -7.927914754486522497e+02 1.214907964505210884e+03 -3.445662742028666344e+03
-1.298058188501594850e+04 8.353387364269270620e+03 -5.355051256919781508e+02 4.447613318246348354e+04 -5.062475808294669150e+03 -3.680912329852095354e+03 -3.626009879544478167e+02 4.046720473014455365e+03 1.503944372062111597e+03 8.107609960091070889e+02 -2.263316445556916278e+03 -1.409262227728891730e+03 3.401046570913333653e+02 1.436909461043208694e+03 -1.334162348859333861e+03 2.100450808457739640e+03 -2.461806959754459967e+03 -1.309337091232316880e+03 -2.937934998049391879e+02 1.803583518346500227e+02
1.021376822204777818e+04 1.821951597573638537e+03 2.571415492817871382e+03 6.065044460005155997e+02 -1.551098803854136179e+02 -1.440382693196910679e+02 -1.092900463005154734e+03 6.879587059474360444e+01 -6.063234664556233611e+00 9.820687520558401218e+00 -1.603471913807568967e+02 -1.491136617689813022e+02 -1.112955454645573816e+01 -5.170058516213288158e+02 3.800477654090560122e+02 -1.084521188391921385e+02 6.639157316638107886e+01 1.031311107725646252e+02 1.851377402301894506e+02 -4.444912355853041959e+02
-6.708722029446287706e+03 6.612827067580187759e+03 9.096257045956483125e+03 1.653413900320747052e+04 -2.818435973928245858e+03 -2.431683618690703952e+03 5.489815816573121765e+02 -2.035052787015910872e+04 -3.215501847343651662e+03 2.426219740873810224e+03 -6.038193762942041758e+03 -3.875376491383467055e+03 -5.583188955528735278e+02 -7.503882947329067974e+03 6.008488074291170960e+03 -3.645827106160529183e+03 1.982968180046557563e+03 3.589529272157121795e+03 1.018736297205756046e+03 -1.181715114402618929e+04
-1.740347722037887070e+04 1.227652981002209526e+04 1.562304529853655913e+04 1.604875995400989041e+03 -7.861569012792816693e+02 4.509726773052649662e+01 -1.041703982348280442e+04 6.109952653569932409e+03 -8.668317119984851161e+03 -1.197085329091231324e+04 -9.848815983987749860e+03 -9.983285194748763388e+03 9.804410911865037406e+02 3.206857922515316659e+03 7.117268585900644212e+03 -7.675294180411651723e+01 4.164422086646644857e+03 -9.253070786716773455e+02 -6.615257503522668230e+03 -6.765913688682151587e+03
-1.618038646031573626e+04 1.786054183565922358e+04 3.434756825287892570e+04 3.065946711427194896e+04 2.564064080203492194e+05 -6.826301691690199732e+03 -5.191576703119841113e+03 -4.907672312125115241e+03 3.368259599152955616e+03 2.642670408754950586e+03 7.485958612369164484e+02 1.344000801592452945e+03 7.474131624353923371e+02 1.268421288116970572e+03 1.435111091525027405e+02 5.055913994151076736e+02 -6.117895667600615752e+02 2.114567217726134345e+02 -2.083527464022072309e+03 1.536533107106747593e+02
-1.565111822506010685e+04 2.048667036234676561e+04 3.396677851449735317e+04 2.398550051632946634e+04 1.408213290311832679e+04 1.836175292621102708e+05 -1.704268109117535232e+03 3.491513027222832898e+04 -1.615029954930181266e+05 1.151685675039693451e+05 5.206802212307549780e+04 -7.379682704931292392e+04 -6.919087457710166746e+03 -8.549426763691930682e+04 1.905267469036896364e+05 7.532553606116861920e+04 -2.666221582010769998e+04 1.253163045331532157e+04 -3.154822544632164863e+04 2.506338009007180517e+04
-2.079872154026664066e+04 2.301262177311371488e+04 2.781233708410477993e+04 5.280752192131114862e+04 1.898121831730266422e+04 3.945801167727387510e+05 -8.629316190962386827e+03 4.870682226124389854e+04 -4.489198651543679298e+05 2.664641288210290950e+05 1.004053454014450544e+05 -1.278585670325097308e+05 8.105133357099221939e+03 2.505880785946081160e+05 1.227242857358850306e+05 -2.785124923055542240e+04 2.327273734393592531e+04 6.953022560114209773e+04 5.475016851465109503e+05 2.539773012891562030e+04
-3.885188543786622176e+04 3.614554735393062583e+04 -1.928431437533532517e+04 -1.280410324934098867e+02 3.362278403425074430e+03 1.755579447067759611e+04 -2.080799369136946098e+03 1.022364857648575526e+04 -6.862281947477857466e+04 -2.563567161726558334e+04 -1.514341436542061638e+04 -5.569973965455727011e+03 1.649428191045172980e+03 -1.870035693211021498e+04 -2.507868034628783425e+04 7.861500935109967259e+02 1.263293472028774659e+03 -7.942321736600965778e+02 3.267838858233413248e+03 -7.707681745238853637e+02
-7.305314684881080211e+03 1.253855061316913270e+04 1.691392772316850824e+04 1.568954685737382715e+04 -4.120943770074038184e+03 -2.765675831104649660e+03 -5.852425084104615053e+03 -2.491930875334320444e+04 -4.058697026772476420e+03 -1.745161545217181583e+03 3.757752738141942245e+03 4.404865510121105217e+03 1.502902875398341678e+02 -8.917309949835030238e+02 1.385990128403785093e+03 -6.724246899298797189e+02 9.257393157885560413e+02 -7.523680792934480444e+00 4.828616070029602270e+02 3.331692656634091691e+03
-2.704342593670639690e+04 4.558040521460605669e+04 -1.169994208595391683e+04 -8.244565666662636431e+03 6.639508512569854304e+01 4.419237090779112691e+02 9.355339189109466815e+02 -6.335380167415362394e+02 7.021652777363374298e+02 2.080146761395407793e+03 -2.449925844152258378e+03 1.784342244235243768e+01 -7.880341146668079055e+00 6.338790601971555816e+02 -8.415244413034115496e+02 4.056444977226166770e+02 -3.784626915897826507e+02 -3.087331137937814560e+02 -5.464215707481181994e+01 3.615056257577597307e+02
-1.633525201991601352e+04 1.148660200533085845e+04 -2.067298351003915741e+03 7.080706276133851497e+04 -7.848165693748891499e+03 -3.046559087076317610e+03 -7.187525772770544563e+02 1.475789998824044596e+04 -8.150938596826542835e+02 4.961617268854784925e+03 -7.400984960301228057e+03 8.124837449861223831e+03 -4.172675682826709931e+02 1.695199152909449140e+03 -4.061031878825842341e+03 4.354656354598096186e+03 -5.156137506281049355e+03 1.572669907555018426e+03 -4.158574404808015970e+03 6.882766048363761229e+02
-5.546119298651984718e+04 3.804472669580615184e+04 -3.275563738231145180e+04 1.625516144212416111e+04 -7.987058034341426946e+02 -1.416083918428052584e+03 9.379621780746411730e+01 7.096371587050633934e+03 4.055630058253591869e+03 -2.334524437464613129e+03 6.265412748652393020e+03 -9.276827293513179029e+03 -1.143420311903015772e+03 1.063000791825436181e+03 -1.496643316399691912e+03 -2.072633125466175443e+03 3.644683421991551768e+03 -7.076062114956390587e+02 6.102212604987062150e+02 1.081607420375244715e+02
-2.245463108896074846e+04 2.381924849497112882e+04 5.348096356406367704e+03 1.044882035644989628e+04 -4.696938765762066623e+02 1.937547822800151835e+03 3.157322968723488430e+03 3.041703536390243244e+04 -2.421846800173755400e+04 -4.182577910966294439e+03 -3.095372010130533090e+04 1.150970225758258457e+05 2.605902145428789299e+04 -1.530298377846563017e+04 5.192732222716710385e+04 -5.673299321837218304e+04 7.425853468310002063e+04 7.097665162038292692e+03 1.944492302146079510e+03 -4.789072812554433767e+03
-8.333200585370715999e+03 1.066440515097488787e+04 1.795437442983929577e+04 6.015808306750543579e+02 -8.809598225922463826e+02 -3.766049181689207899e+02 2.158064420687923757e+03 1.605118272136435735e+03 -5.828924538884396043e+02 -5.721935525810851686e+03 1.133456937590945199e+04 2.825589454943213241e+03 1.335186652654062698e+02 -4.189305569484228613e+02 5.838052542635458053e+01 -4.653403599080164099e+02 -1.318980464308258661e+03 -1.800856156558044177e+02 4.643013438438336493e+02 -1.062409495453715863e+03
-1.798842538146696825e+04 4.954870057952361094e+04 6.624427122062076523e+04 1.691498248945044761e+05 3.257345805549751822e+04 1.649393917458940065e+06 -4.989629612342580367e+04 -3.554240069386406685e+04 -9.466300144692294998e+04 2.129001645318601732e+04 -3.333268620656186977e+04 -5.057967760211412678e+04 6.858889694239965138e+03 2.927014878705757292e+04 -5.219288908171098592e+04 -2.847925344146874340e+04 3.904351533213146467e+04 4.968354969310510933e+04 5.149812770130569115e+05 2.295569178063119034e+04
-2.009698946086191063e+04 1.738085174438712056e+04 2.011535641420655156e+04 3.830091919979904924e+04 4.134016456725780699e+03 3.967143060862801212e+04 -2.572194517204474323e+03 4.296357438431137416e+04 -1.291445332043525559e+05 6.563376938718935708e+04 2.183402445174057357e+04 2.327514168475814586e+04 -3.754890327599247485e+03 -1.111040689962172328e+05 -1.190299394814083789e+05 1.698649511846541282e+04 -2.537676669627275623e+04 3.121249114991528040e+04 -7.757817468415638723e+04 -2.032431125201855139e+03
-4.497560914768553630e+04 -1.201604209123886176e+04 5.309826484159040774e+03 1.043054283205260191e+02 -3.748424338867728238e+02 1.119628517855334167e+02 -1.248291171715571721e+02 3.567363206870639260e+03 2.175775992060211195e+02 -4.081280349976337902e+02 6.180110491064101552e+02 -4.960572751337494083e+03 -8.285484604035052598e+02 -1.363918249631086110e+04 1.185007122673222511e+04 3.586646625777939335e+03 -5.047427174203558025e+02 8.135508620338127628e+01 9.193478737572451109e+02 8.169647232449573266e+02
-2.457744251865191472e+04 1.530893051868360271e+04 1.153190987534217493e+04 1.448267493384374939e+04 1.399417345557244880e+04 7.112299949353741249e+04 -6.030681781865502671e+03 3.084036637738282661e+04 -1.979761390591052186e+05 4.531608347496682836e+04 -5.300760559432221726e+02 -1.150011702800141211e+04 5.510622629169155516e+03 -9.928829226683243178e+04 -1.478155656307421159e+05 -2.584365848847516099e+04 3.202354698151607954e+04 6.578572636019650963e+04 4.099484699345896370e+05 1.174978570995376322e+04
-3.989201798161804163e+03 1.626117319135776961e+04 2.361072052997778883e+04 -3.006305720470495089e+03 -1.215537610788619531e+03 -3.625899486540928933e+02 3.860253779092300306e+02 1.397255285191727353e+03 7.412263028424750928e+02 3.264918554150394812e+02 -1.091679492915704714e+03 4.466204001299127668e+01 4.444628982902553815e+01 1.013727496911106982e+03 -8.218169268617655234e+02 1.473293173692641460e+02 1.444054638768753591e+02 -7.087020666531307711e+01 1.783542999732339922e+02 1.785301090378064259e+02
-1.832691495499770826e+04 2.419835449548832548e+04 2.256640742721619245e+04 2.537429174119135098e+02 -2.532203180681849972e+03 -3.043389330152092498e+02 -3.296464437115278997e+04 8.367430342842986647e+03 -7.094760019941672908e+02 -1.471871325599241118e+03 -9.329813096214858888e+03 -1.179149104582918699e+04 -5.370414737312403304e+02 -9.671160875580893617e+02 3.112211881307892327e+03 -3.929212663830835027e+03 7.554473623148996012e+03 2.292977708924954186e+03 -9.080790524146676717e+02 -1.677571656932006363e+03
-8.116784611867627973e+03 2.407166363247792833e+04 1.724582674103407044e+04 -4.547340436997441429e+03 -8.305407748988538970e+02 -1.076220846193425444e+02 -1.837774026731893855e+03 2.148153409637352070e+03 8.116322503856483763e+02 1.486203269007889048e+03 -3.392968729172205258e+03 -2.399468901568586432e+02 1.174357275190901788e+02 8.372802087262431314e+02 -6.228481147562346223e+02 1.438036104108573454e+02 1.455480886370947076e+02 8.141555170227971416e+01 5.078520956031084665e+01 9.967413938534576801e+01
-4.670803930297287297e+04 -1.331400582491061505e+04 3.042989703465956154e+03 1.325397455258352295e+02 -3.660388179805395339e+02 -1.470081578274419201e+02 -6.232822967190087184e+03 4.842649535179164559e+03 1.992493715268205051e+03 -6.801892947504318272e+02 -7.013961137362998670e+02 -1.148273314450763428e+04 -1.360781468849723979e+03 -2.810699103846010985e+03 9.374017351794176420e+02 -8.569519601647987656e+03 1.249641150957230093e+04 5.405614340076002918e+03 1.943450580900668456e+03 9.158503149339566107e+01
-2.476029596204999689e+04 3.632401082147636043e+04 6.497840744970778178e+04 1.449388408518014767e+05 1.238282876076669709e+04 1.248392132826576009e+06 4.842346769624013177e+03 -1.196355488747168238e+04 -5.440350265927212604e+04 6.710946936223628290e+04 4.639504054879952309e+04 -2.552647861647496757e+04 4.477684988424879862e+02 1.167802367634338589e+05 8.129403758334663871e+04 4.502344148423728257e+03 -1.689030751550531204e+04 9.411938831219253188e+03 -7.550771284210836166e+04 -6.569709674630652444e+03
-2.590961137782882724e+04 5.087894743432484393e+04 -8.346763607631144623e+03 -1.052797836519820885e+04 -4.683738464365640652e+02 5.880312234051601763e+02 -9.037665198229358793e+03 4.147764698103341630e+02 9.845193935991126182e+02 3.405336924833263311e+03 -4.955716519945023720e+03 -6.349569199901756065e+02 -1.394921498100249835e+01 6.902684440241964694e+02 -8.944622032938895018e+02 6.011625371971319964e+02 -3.799124454146418657e+02 -3.333075074665696889e+02 -1.962556250416284058e+02 3.108327342102696207e+02
-1.740600954350597749e+04 1.426932651695824643e+04 1.669416862185330319e+04 9.297650693257824969e+03 -1.823061257313203441e+03 -1.185824121933260585e+03 -2.727851039367065482e+02 4.174024849717921825e+03 2.120667691305495453e+02 -7.326550720536101835e+03 1.427314461869721345e+04 2.942803173274327037e+03 3.992460458362355666e+02 1.713752871031767597e+02 2.458794241208437015e+01 -7.069717251449951334e+00 -1.911486534395369290e+03 -1.088266804356707780e+03 1.224655040180445667e+03 -9.933055183112335271e+02
-1.796564183407655582e+04 1.416536463670041485e+04 9.573164648238634982e+03 5.271567534849915319e+03 -5.911500651686018273e+02 1.008822259990533894e+02 3.239996251780798048e+03 6.674103169258969501e+03 -1.769927287507920482e+03 1.205961761533652862e+03 1.323473009105641268e+03 1.499482221025775459e+02 -2.443610763422934542e+04 -2.893628392368377718e+03 1.219406926536243554e+04 -1.700304116570881160e+04 2.419280560340997908e+04 -5.141848025089806470e+04 -7.727279143571268833e+03 -1.330974776082315657e+04
-1.659372655877924262e+04 2.066645675643025606e+04 2.369702102235920756e+04 2.238721567233747191e+04 1.283445198251523470e+04 1.561325144644510874e+05 -6.012657545280354498e+03 2.244008220191388682e+04 -1.268187927255933610e+05 9.036516271254706953e+04 3.282806410676256928e+04 -2.553592478045315511e+04 7.874472868337257978e+02 4.722412809024848684e+04 3.980431283315626206e+04 7.320862518908995753e+02 -5.588643929373541823e+02 -1.800223048396545892e+03 -1.639113778133030428e+04 8.984991597516028605e+02
-2.033943722979445010e+04 1.486252368768295310e+04 2.851402623587960989e+04 5.284778836792970833e+04 8.704431253801067214e+03 4.093006757516037906e+05 -1.258212101514093320e+03 1.879130063213746689e+04 -1.422517175206759712e+05 1.031464012971430493e+05 4.150908161599285086e+04 -2.412752655530943957e+04 5.240433610671822180e+02 4.744393266409417265e+04 3.243926495353096107e+04 -4.082665186496622482e+03 3.928165345113497096e+03 -1.229427747681181791e+04 -3.110941269305748574e+04 -3.608116409005702963e+02
-4.824991143304976868e+04 -1.559422912394929517e+04 -1.334882419394253716e+01 -1.508795465706938103e+03 6.887729683537016001e+01 1.746547852611527674e+02 -6.489520824993029464e+02 1.745452989930281774e+03 2.954664609107809952e+02 -3.754082553960042787e+02 7.316008456690369712e+02 2.354070286981310005e+02 3.407174058253381759e+02 2.323163819905941807e+02 -1.730376632869587468e+02 2.099999447577665421e+02 -3.985731772813888938e+02 -1.168126452713577237e+04 5.993708335546843045e+03 1.869679524331207358e+04
-3.910819667834944994e+04 3.635711850487681659e+04 -2.221929234384713345e+04 -3.315298859977242046e+03 2.599641030019798563e+03 1.304544047363745904e+03 -5.611903468576045270e+03 3.991677738283229701e+03 -3.372209692798650212e+04 -4.277484244078307529e+04 -2.325975603749014772e+04 -1.025429043704729702e+04 4.026306506200048716e+02 -1.524834652175862857e+03 7.162790460024280037e+03 -3.288505210012616590e+04 -2.411315516544608909e+04 -4.502570374609667851e+02 -1.754374631850071637e+03 -1.460548585888313482e+03
-1.044779516564111873e+03 9.477735832843984099e+03 1.397940854752853738e+04 1.445924872875904839e+04 -3.718643886346848376e+03 -2.560366505820327802e+03 -1.969435373106616225e+03 -2.495978508006930133e+04 -3.975612178706612667e+03 -4.893245186922118819e+02 1.178128384101759366e+03 3.582926602278285827e+03 7.740346431449908948e+01 -7.280479339277326289e+02 1.149205580164263665e+03 -7.877818016707183233e+02 1.131389859049129655e+03 1.393932736642224484e+02 2.546045443883791393e+02 3.308436465634891192e+03
-1.005004502376178971e+04 1.209357009677625501e+04 1.813124777760974393e+04 1.713643603266484206e+03 -7.368823915778843912e+02 1.849834951239043619e+02 2.828053619171517425e+02 4.487912005204839261e+03 2.572849264255120261e+02 -4.726318147054437304e+02 6.135788431217395100e+02 -5.029040921259362221e+03 -8.855925924004779972e+02 -1.477849748649120011e+04 1.216127102082353304e+04 3.723379502259891524e+03 -9.683860791283541403e+02 8.062772914570247451e+01 1.055071087169871362e+03 2.895161857521027855e+02
-1.482418760803792611e+04 5.646288259334119175e+03 1.838122912313591996e+03 8.179270084776612748e+03 -1.862163241436694534e+03 -1.187009333939717862e+03 -3.327574116335226427e+04 3.206634760628036474e+03 2.602380673004315213e+03 -4.683876561216301866e+02 9.170761866286504755e+02 -7.672654999587597558e+03 -9.679790695280281625e+02 1.446768686576549726e+03 -9.551555824271741812e+02 1.889541382911961591e+03 7.485704202246979548e+03 1.562560653864451069e+03 -1.268487233574731363e+03 -5.046186880515754751e+02
-3.477748436682199826e+04 4.560749720700615399e+03 2.134581421194887662e+04 9.231860854243052017e+03 6.086309740724227595e+03 4.043478206363634672e+04 -1.958146484877138846e+03 2.997200792253031614e+04 -1.063618097813285131e+05 5.475887555561605404e+04 1.476717506280782618e+04 2.410014834138992592e+04 3.937450542916036284e+03 -8.864150116578915913e+04 -5.760084637134526565e+04 -3.907201750966507097e+04 6.171108780801877583e+04 -1.013152852382304845e+05 -5.381678131699621736e+04 -2.158092621718557439e+03
-5.290046299437343987e+04 -1.265525516310270177e+04 -1.112520455133267205e+03 6.856282759194224127e+03 -8.087445879340621104e+02 -7.130717482396983087e+02 -7.178381444027147609e+02 3.171303572578335661e+03 1.691228485416085732e+03 -8.136193993370777662e+02 1.665317165054012094e+03 -3.937580254910706117e+03 -4.605316998222349412e+02 9.092328557173716490e+02 -1.019623950685326008e+03 -9.408283038671927443e+02 1.894423424233789092e+03 1.093601803488567015e+02 -6.834442806601883547e+01 -1.919073259433708074e+02
-2.412647635451165479e+04 2.316714950992390004e+04 2.333352254694063231e+04 4.790332916607971856e+04 1.221375562485431874e+04 2.916460506110698916e+05 -4.502457203066738657e+03 3.609907012343542738e+04 -2.351274249901232542e+05 1.014916618438192818e+05 3.013721942247717743e+04 -2.553406377066424830e+04 3.747520604304989320e+03 -1.419921146159151613e+04 -6.994669837901095161e+04 -1.712184528847148613e+04 2.070202258184581297e+04 1.515925748492997445e+04 1.959357223691292747e+05 5.995614014622840841e+03
