2.099517227206171810e+04 -3.093365626633389184e+03 -3.395692128720169421e+03 -4.312916660996790483e+02 1.632687580261147104e+02 9.576812977346820333e+01 -9.449590264749788560e+01 2.137858611003351541e+02 5.141712554029987281e+00 -4.420226870350428783e+01 1.123769929852932705e+02 4.006634398725843482e+01 4.025077960358432350e+00 8.525868802024493931e+00 -8.427411613788962086e+00 8.718424700183271980e+00 -3.282687587772252158e+01 -2.476361744391572017e+01 5.119339731619225731e+00 1.808589391292363402e+00
-4.880268538188913226e+04 -1.576707553913488664e+04 -1.049575323588695710e+02 -1.415991648589121269e+03 -2.615933051429242440e+01 1.009445967558340413e+02 -3.921759896569601551e+02 -2.475296782649314764e+01 2.606096030585542849e+02 3.980243990172657504e+02 -1.559309842193965778e+01 3.539012704109667311e+02 6.711499308462285285e+01 1.313059895948039468e+02 -9.006227143757983811e+01 1.380204737356949067e+02 -4.767213241380532907e+01 7.451792712320863643e+01 -1.871452815325091734e+01 -6.497445829113247555e+02
-3.063065289472259792e+03 1.075434328445951724e+04 1.733668584856596863e+04 -2.028043307801806122e+03 -6.836008424764512483e+02 -2.544617112629234157e+02 4.843206082105793939e+03 1.222979078320005101e+03 6.735804707367140054e+02 9.581826063271688554e+02 -2.439175645689873363e+03 -6.878643889425716225e+02 -9.335244393291345588e+00 9.706394412028118950e+02 -8.310758798952888355e+02 -3.636290158915926440e+01 2.354316517365206778e+02 1.111295432745355924e+02 -8.740894097226008341e+01 8.194143761912147284e+01
-4.260948431411075580e+04 3.583855509581116348e+04 -2.622797651666525417e+04 -5.116649880567123546e+03 9.131961599864264372e+02 4.989456331225946428e+02 1.728144262842204853e+03 -2.218498231378158835e+03 3.045779122336502951e+02 8.541935419314213505e+02 1.106450894734566873e+03 -7.796438708707576382e+01 -1.458836760046524148e+02 -5.319505716565829516e+02 9.963067892269387826e+00 1.461385001137608413e+02 -3.419524236107096726e+02 -6.901205402121807708e+01 -1.414862374861591263e+02 -7.898995258054789019e+02
-2.216591741083248053e+04 9.577149872746729670e+03 -4.375790991705435772e+03 5.616167182900734770e+04 -6.093243200034856272e+03 -3.837884027685630372e+03 -8.238530593077800859e+02 9.476560051777136323e+03 2.046060041099073715e+03 6.538467468829694553e+02 -1.287071829827066495e+03 -3.335403287745650687e+03 -7.586948588244699749e+02 2.061961666831785806e+03 -3.141420913037596620e+03 1.042275771586836072e+03 -2.967778094747665136e+02 1.028304475773246764e+02 -1.723153911710033526e+03 6.023194336183339601e+02
-1.634734480272500696e+04 1.689519701039139909e+04 3.100873103696448015e+04 2.601264623958627635e+04 2.110497511267174850e+05 -5.905270478579877818e+03 -4.248878554481483661e+03 -3.423451831658474021e+03 2.835954355154501172e+03 1.480972562610847035e+03 4.957891204323230454e+02 8.482351965876323447e+02 5.002372427578214911e+02 8.690897002965562024e+02 1.944527582295014270e+02 3.281772234728943545e+02 -4.003895635515268623e+02 8.425132268611481834e+01 -1.216642419325169385e+03 8.708482554572532308e+01
-3.390361032988087391e+04 7.461490853905177210e+04 1.565464070198635163e+05 6.688038500037605409e+05 9.269461209923577553e+04 7.429178814210163429e+06 -7.226347487304396054e+04 -6.452495208701075753e+05 2.697222315995696001e+06 -1.839428319571936736e+06 -9.099011106334049255e+05 4.952719504703676794e+05 -1.449154183666315657e+04 -1.352397542225514771e+06 -1.006791201424730825e+06 1.677897437323605482e+04 5.029670213864884863e+04 3.157114726211919697e+04 3.748489633779013529e+05 3.634773474928404903e+04
-2.613709308319865158e+04 4.600562848850603041e+04 7.732201183473046694e+04 1.693096811890932440e+05 1.343932673217582851e+04 1.478079326701637125e+06 1.434532740099285547e+03 -2.208079327731488956e+04 -2.576194581204072620e+03 3.395483596414172644e+04 3.873836259871705988e+04 -1.453031427093349703e+04 -1.148610437924740495e+02 9.840757325070162187e+04 6.244839333567624271e+04 9.305975800342415823e+03 -2.570738997283344361e+04 1.915984071374959967e+04 -1.016624482812688657e+05 -9.439384627325041947e+03
-4.216149894277612475e+03 3.732808249866854112e+03 6.104612988780868363e+03 8.681654205142916908e+03 -1.810525248902032217e+03 -1.332338925578412955e+03 1.777306177615716251e+03 -8.862506569081197085e+03 -7.125837130623456233e+02 1.519250633841463014e+03 -2.101524350754176794e+03 3.698019534379228190e+01 -7.232990461047124953e+00 -2.528716192028914804e+02 1.444480488721944198e+02 1.799784625229150592e+01 -3.021438932750937223e+00 1.553092564764968699e+02 -8.461735302029788386e+01 -1.132270275176424775e+03
-2.491367471731535261e+04 4.969614749623525859e+04 -8.797582536259482367e+03 -1.027070062785979098e+04 -3.508548389655706501e+02 5.651335411707682397e+02 -6.408307984795110315e+03 1.582223697082480953e+02 9.410677600837726686e+02 3.146187712870331325e+03 -4.466095641982582492e+03 -4.456620470818359649e+02 -9.537488749796024123e+00 7.445635443616221210e+02 -9.348388862906201666e+02 5.724775413748960773e+02 -3.728987592450405373e+02 -3.453360152611210196e+02 -1.517845603299891479e+02 3.369921477092603936e+02
-8.901065076788019724e+03 1.674016568595769422e+04 2.579213729572093507e+04 5.814906290946905756e+02 -2.038841847594056844e+03 -7.497663523334935007e+02 -3.323464159700454729e+03 -5.148673735003404772e+02 -9.451142047248665676e+02 -8.866050604408688741e+03 1.806981162196764490e+04 5.868472550153725024e+03 3.445263295225152547e+02 5.012306376190509241e+02 -3.392272031558100025e+02 -7.625172199279462859e+01 -1.588970408847380895e+03 -5.273769849457885357e+02 8.286898902683661845e+02 -7.078179846930287340e+02
5.654558800656657695e+03 2.188796923693572535e+04 2.375408649046720529e+04 -3.797569315353583534e+03 -3.952946242672285734e+03 -6.177742088665505662e+02 -5.883572203508041275e+04 -2.206413147451385726e+02 9.707251023169576456e+02 1.421518617097814285e+03 -1.684634932475775486e+03 1.018666454013678958e+03 3.900034633902545238e+02 1.986440639617120496e+03 -3.944735756186126991e+02 5.147319011718594084e+03 3.207038508292052484e+03 5.529618309388317812e+02 -1.023001093249091923e+03 -5.117747728916201595e+02
-5.569963073253937182e+04 4.000524081454399857e+04 -3.540128080195652728e+04 3.386319163456542447e+04 -2.646326352393198704e+03 -2.978421476435594741e+03 -1.702351305725791235e+02 1.327873263919393503e+04 5.935383108813371109e+03 -3.183994423268693481e+03 6.244542103277305614e+03 -1.249485013510049248e+04 -9.808736907070555162e+02 3.113819815720318729e+03 -3.199804087729557978e+03 -1.210436065684011510e+03 2.932243729220827390e+03 -1.852565111011800127e+03 4.739180552032482865e+02 9.570104494953679932e+02
-9.694468291678385867e+03 8.489980947493048006e+03 1.339574012148746260e+04 1.946354546854191994e+03 -5.770439040882391737e+02 -4.322801811093167146e+01 1.477456989054489668e+03 3.427916041574665996e+03 1.236478620028666029e+02 -3.892461137551113097e+02 4.080524986197204385e+02 -5.105395376731832584e+03 -8.858604535289387059e+02 -1.458293030686391830e+04 1.238341882501761029e+04 3.541584273456953269e+03 -8.693485570886690539e+02 1.653705933051495265e+02 1.050739554895422089e+03 2.957938453800768457e+02
1.572716867549051585e+03 6.067147666577657219e+03 9.747965737189986612e+03 1.413264921980483996e+04 -3.141793736068846101e+03 -2.343880265105996386e+03 9.574109320096087004e+02 -2.393393279974480538e+04 -3.769545961723912114e+03 1.126419393959921308e+03 -2.250238634987994374e+03 2.101419587719671654e+03 -2.304267148357792294e+01 -1.031650560076563124e+03 1.231190640425073525e+03 -9.592822491438118959e+02 1.268884378985266039e+03 2.840787895147294080e+02 5.878616820326737979e+01 3.163724186503633973e+03
-1.369040345882621841e+04 3.120594007878113644e+03 -1.385887475126264462e+03 1.175210594079696784e+04 -7.743116666322670198e+02 -1.357903941185244094e+03 -8.752295396939065313e+02 4.036718088921748404e+03 3.632178292033511298e+03 -6.786009531532689834e+03 1.154567152629490738e+04 -2.695538082587065583e+04 -4.875741294175187249e+03 -2.898253483194550427e+03 -1.533084114818770104e+03 -2.706808631776786933e+04 4.167927632950597035e+04 2.357865603083511451e+04 -4.015923627872578891e+03 -2.679920956520084019e+03
-2.630632247950874444e+04 2.719070004821422845e+04 4.563282067852479668e+04 9.179608408679792774e+04 1.000440457254567809e+04 7.590454420235006837e+05 -6.308348186680076651e+03 1.819658012167605193e+04 -1.862627266429749143e+05 1.543176645268219581e+05 6.780257603977755934e+04 -4.765840526585786574e+04 3.126594906902764251e+03 1.528588035019786621e+05 1.236248259109198116e+05 -1.515647024547524052e+04 1.601512876219895043e+04 -3.649337789541024540e+04 -3.674909093649762508e+04 -2.087644830656097838e+03
-4.142454675950141973e+04 3.523850570149485429e+04 -2.515506530893176750e+04 -4.466433699781152427e+03 3.209028064838178125e+03 1.699567357136365217e+03 1.763476369302904004e+03 4.092785316881571816e+03 -4.750326482840349490e+04 -6.440203181907714315e+04 -2.928720186911207929e+04 -7.725173647918445567e+03 3.226093495274218640e+03 8.890972319773058189e+03 5.042511881140104379e+03 6.726269444693120931e+03 6.023368736693599885e+02 -1.096511664455956407e+03 -5.759330611979780770e+03 -1.424599122030882199e+03
-4.332376167140884354e+04 4.873417784566304908e+04 -1.491819379816078981e+04 1.183625997982947010e+05 3.774330498322490166e+04 3.272267325405126940e+03 -6.657788197464812583e+03 1.238686921783806029e+05 -1.073264803249460820e+05 -3.239254324847713360e+04 -1.485637644755731453e+05 4.946661070626931614e+05 -2.562450987102032639e+06 7.993945496745551645e+04 8.424003479697836156e+04 3.541244295918357238e+04 9.498511284400306977e+03 -2.362886442389662261e+04 3.937337699184878875e+04 -6.968172246985540551e+04
-3.418191373994442984e+03 1.517292607319366107e+04 2.216213833443918338e+04 -3.062600724405745495e+03 -9.611666423045893453e+02 -2.721930314455124744e+02 1.697942591010463502e+03 2.163231034180693314e+03 8.940965869557624046e+02 1.232045128561996080e+03 -3.040082563307499640e+03 -8.207488369590603270e+02 -1.116073973043978107e+01 7.495738259041791025e+02 -7.081403137856336798e+02 5.566271929016391340e+01 2.123190280162605177e+02 -1.122590644893079137e+00 1.072859335022944407e+02 7.222809858327462962e+01
-1.298389251363797848e+04 8.365999829217782462e+03 -5.374502113068066365e+02 4.458979165451182052e+04 -5.074869987173777190e+03 -3.676529890039999827e+03 -3.631826714290429550e+02 4.091924067385657963e+03 1.489984073221936342e+03 8.330335220517482639e+02 -2.291651918148455934e+03 -1.356895529493533786e+03 3.369636295444169036e+02 1.436906608303640724e+03 -1.346306968257294329e+03 2.112569803477147161e+03 -2.477130373553710342e+03 -1.294689630603370915e+03 -3.131546539910306137e+02 1.827522274341345963e+02
-4.415786982163582434e+04 5.551967358065518056e+04 -2.906096569904403441e+04 1.026432404732423893e+05 -1.047243474961683387e+04 7.946689238148010190e+03 4.381835195949440276e+03 9.311788912075902044e+04 -2.956145778250401418e+04 4.474653803794748092e+04 -6.452252902340814035e+04 2.250167476734841475e+05 3.288116928746375925e+04 -1.931408185861741003e+04 1.149129791816159695e+03 1.209828904811824032e+04 -3.602089588509352325e+04 2.741981698301203432e+05 -1.837233634404925397e+04 2.497974424268784423e+04
-4.042142587498453940e+04 3.790675700933213375e+04 -2.696733091519686786e+04 1.906891566256824444e+04 -1.256813184713279043e+03 -1.060853756672714781e+03 1.214940499248282322e+03 1.776808476658453947e+04 -5.712237119658139051e+01 1.360734663953967583e+03 -5.584940536326982510e+03 3.066154879255192645e+04 7.676381557295942912e+03 3.441333353963174204e+02 1.037984470297187727e+04 -3.177185550969705218e+03 1.892998004211515990e+03 7.107417655632546484e+03 3.720226498708742838e+03 -3.003206644889675658e+02
-4.695973981114256458e+04 1.194445065011804581e+04 -1.530432689224885326e+04 1.289080514983710782e+04 5.020060061264113642e+02 -1.438480374085845597e+02 -7.944221470569218582e+02 1.602393209574427965e+04 -9.609168178236479434e+03 -1.064874809285066294e+04 -9.441530507993722495e+03 4.551974128100641246e+04 -3.319040827033228124e+05 1.377586973633220987e+04 9.635841226988772178e+03 -2.728524605081826735e+02 1.229318858023507164e+04 -3.615267632284096635e+03 1.027524570695252623e+04 1.083159678998608342e+03
-6.885724935957829075e+03 1.665625871182941410e+04 2.590182299127783335e+04 1.285852926881003259e+04 7.209044232068187739e+03 1.359106757683623291e+05 1.255462500916595218e+03 1.018036716806816548e+04 -8.264374236973558436e+04 7.014792801531747682e+04 2.806728217481349566e+04 -2.964695692814121139e+04 9.503420380840810822e+02 7.721361212155291287e+04 7.149716320108277432e+04 -2.450084105213037446e+02 1.533066703255069797e+03 -6.287510835684981430e+03 -9.272427919467159882e+03 5.318100502226117214e+02
-2.265731297519812142e+04 2.234695506153512542e+04 2.559682736975719308e+04 5.362120212191769679e+04 1.458460980958009714e+04 6.044944385342165333e+04 -4.453231651738232358e+03 6.305195722278525500e+04 -1.940937828125434462e+05 1.020666306425275106e+05 3.933751052598218666e+04 3.646691799788355274e+04 -5.706856136956736918e+03 -1.703766007929254847e+05 -1.815877400914494647e+05 2.927582123503397452e+04 -4.394864496256424172e+04 5.316929100505715905e+04 -1.373997762314494757e+05 -4.356420208948935397e+03
-4.845963014898240363e+04 -1.541570544048269039e+04 9.484239234665999163e+01 -1.433326655135140527e+03 3.801555477882267553e+01 1.424529441474404337e+02 -7.656487647675451171e+02 1.711225375156304835e+03 3.725176719076168865e+02 -3.168186584693015106e+02 5.590535728672609821e+02 1.677176792397174552e+02 -4.114007897165316763e+02 3.639853548981849940e+02 -1.299490310205508479e+02 -2.736757961005950506e+02 2.945139405312567646e+02 -6.726279036900566553e+02 2.380974075089480948e+02 2.133488693548829906e+04
-4.839379218042678986e+04 -1.512571092713860526e+04 6.404425019310476728e+02 -1.250708515517440674e+03 2.195286271727769645e+02 2.802979906428964227e+02 -9.224885301670631179e+02 2.884750867893784289e+03 -1.591547658352264625e+04 -2.506544805408153115e+04 -1.209188500404242768e+04 -3.701686775265242431e+03 1.060687331629287883e+03 5.791885942927143333e+03 3.361732215999430082e+03 4.701545490000163227e+03 9.598598973416270610e+02 -8.865292531958305062e+02 -4.769375793305299339e+03 2.758897218884704330e+02
-1.481595150345340153e+04 1.242803385237396469e+04 1.570190999130454293e+04 1.332070778568963942e+04 7.331774773974003620e+04 2.303748805841373905e+04 -4.776697990587163986e+03 8.826555493126554211e+03 -8.769083453062108310e+04 1.623034366748756656e+04 -1.979901638079014447e+03 -1.235571809333492820e+04 2.497292714653250187e+03 -3.209301768533386712e+04 -6.532737381000786263e+04 -1.050471927483525542e+04 1.397416992311689683e+04 2.449318132345656340e+04 1.970052021911061893e+05 6.292012046977737555e+03
-3.937153958005670574e+04 9.400567375560967776e+03 2.847170868239002084e+04 -7.704187854615644937e+03 -4.774978464673319650e+03 6.019810164568498294e+02 -9.283654984462929133e+04 9.804378563949621821e+03 -1.180067871268931412e+04 -9.444628457886306933e+03 -3.087097540681488681e+04 -2.959314100704528391e+04 -1.036357618702884065e+04 -4.091347559392800031e+04 4.181658393500300735e+04 -5.402395853004803648e+05 -4.130519698641552241e+05 -2.224136468164363396e+04 -2.088010960122931283e+04 2.494672799212529571e+04
-1.565431860897010483e+04 1.021999815884061536e+04 1.179740651223026725e+04 2.346213713229607038e+03 -1.086107606658901886e+03 -5.599716063191061721e+02 -1.399614024867304943e+04 2.952116945742138341e+03 -1.992692129882281279e+03 -2.888164469709503919e+03 -7.301874075604535392e+03 -7.402089494802118679e+03 -1.869880277507742221e+03 -5.547891574685118030e+03 6.114283808092419349e+03 -3.519455290090428753e+04 -2.378787923844265606e+04 -1.162953781752269862e+02 -6.242019605014398849e+02 -2.981934544794703470e+02
-4.604446547773989005e+04 -1.262364005940349853e+04 4.560885374779636550e+03 1.940821919670577927e+03 4.317845024686537840e+02 1.602213110561979738e+04 -2.968695774840175091e+03 8.330601557194200723e+03 -3.707399058917172806e+04 1.345221796679972249e+04 2.528743188586112865e+03 -1.765259894647967485e+03 -5.516557672358114814e+02 -2.169698902425312917e+04 -2.671956415169627144e+04 -1.422846640825817985e+03 1.883099144622455924e+03 -5.607611065858336588e+02 4.343482302856693423e+03 9.582676483637112597e+02
-3.770983126473466837e+04 5.487385780222576614e+03 1.397230955163091676e+04 2.078126879706950422e+04 7.888132223667610560e+03 5.041418500662119914e+04 -7.442846384545428009e+02 4.519229222614926402e+04 -1.758634299516984902e+05 8.380269460526382318e+04 2.220801421463676525e+04 2.007865925857896218e+04 1.205491776937907707e+04 -3.255078927226952510e+05 -2.339856602635043964e+05 -4.201601559623531066e+05 7.102285857723297086e+05 -2.104463607909047045e+06 -2.177633794808288221e+05 5.090580878107423814e+03
-8.235916816279695922e+03 1.213154573893830820e+04 1.947154761074750058e+04 6.621260080116468316e+02 -9.835283038887799876e+02 -4.165465241118305357e+02 1.472257885232328363e+03 2.019126494029432479e+03 -4.776744891054768232e+02 -5.677822939221679917e+03 1.122490836790150388e+04 2.784882073054322973e+03 1.447659816602937326e+02 -4.482883407422816049e+02 6.161107730819065864e+01 -4.133549658882685662e+02 -1.352362891741577869e+03 -2.586389760690378239e+02 5.556378382425332347e+02 -1.062487962297942659e+03
-1.335784412477532533e+04 5.392653224570922248e+03 2.971616937562581370e+03 1.905387220489508400e+04 -2.967550780421677700e+03 -2.583561633666754005e+03 7.440411009900007002e+02 -2.025390919334139107e+04 -1.802770929451634174e+03 4.385586316204737159e+03 -5.493329614280697569e+03 -1.757388606066574312e+03 4.256477700449544841e+02 -5.472627718535205531e+03 5.260608814052414345e+03 2.075946158333256335e+03 -5.314070374452280703e+03 -3.959156515725744157e+03 6.026868224275362991e+03 -8.006412039263303450e+04
-4.157636965799135942e+04 4.483794369307882880e+04 -2.857393442908036741e+04 7.322060298406508809e+04 -7.126184278414244545e+03 3.481978212829939707e+02 7.117568106346800505e+02 3.930077676710710512e+04 -5.536562892451214793e+03 1.064538560360922929e+04 -1.778425002670458707e+04 5.239463746862128028e+04 6.424513209688337156e+03 8.017656437425034710e+02 4.844962264117445557e+03 2.481290353866598252e+03 -5.120971349515534712e+03 1.286195246236413368e+04 -4.411250872156530022e+03 9.507404813457783348e+02
-1.085920375403121398e+04 1.307296181514396449e+04 2.098139479013857272e+04 3.813224548891688755e+03 -6.877767673705360494e+02 4.140565509036177900e+03 3.288779178016750848e+03 1.354234792500429285e+04 -1.481321359566234423e+04 1.147797889160729210e+04 8.472478065959421656e+03 -3.651370692576100555e+04 -5.629075951953972435e+03 -1.083810986183628993e+05 1.233341660602059710e+05 5.532367128966005112e+04 -1.634244594809509726e+04 7.207423893429446252e+03 -4.248126563769073073e+03 1.813302489245689867e+04
-9.906024173391098884e+03 1.651491514675655708e+04 2.670715643698551503e+04 3.782677458907302025e+03 -1.609962031171879062e+03 2.551474216259529203e+04 2.710400752652353731e+03 4.171319934776122864e+03 -1.258676831635131384e+04 1.560720077909843894e+03 2.575722263090215347e+04 2.010140764455177532e+03 4.933314105897877511e+01 9.716549842656664623e+03 3.930891778569598955e+03 2.187313584280713712e+03 -7.562876713596562695e+03 5.409642482879637100e+03 -2.250276004281622590e+04 -3.387998798970626012e+03
6.078317731037695012e+03 9.136276821560395547e+03 1.143288913221990515e+04 -7.617018395507195692e+02 -1.879341405922983995e+03 -4.519939695811059437e+02 -3.651776083139849652e+04 4.231263922985652925e+02 9.331288492937002275e+02 2.401146715130905250e+03 -4.192753086600947427e+03 -6.437668066414034911e+02 2.117608113155704643e+02 7.928438658842062523e+02 2.105660308636490470e+02 4.500391625261024274e+03 3.242787177220970534e+03 7.731042594349702313e+02 -8.946198550592526999e+02 -1.406982888145273819e+03
-3.620757974914005172e+04 4.708630421972669865e+03 1.582267377497945199e+04 6.131134139770449110e+03 1.736378384994234239e+03 2.897425447963285842e+04 -3.905686761482727434e+03 1.966849727051629816e+04 -6.515343913214495842e+04 3.236810463958920081e+04 3.088200684674576223e+03 1.663867177704765709e+04 5.283243569131350341e+03 -4.872922397896293842e+04 -1.662134384829728151e+04 -4.643560476398216997e+04 7.274586281647921714e+04 -1.149439820853117853e+05 -1.721836415946080888e+04 -8.107116120536660446e+02
-4.673913713979130989e+04 -8.853704084947179581e+03 -1.324565717245835685e+03 2.174307085133191140e+04 -2.102600165915474463e+03 -2.011175907480983142e+03 -3.624408771151230667e+03 1.541652334835160400e+04 5.487938217911870197e+03 -2.391375712818432476e+03 2.051586932961602542e+03 -2.509506597473141483e+03 3.774468334439976388e+03 5.162799853388232805e+03 1.707006349575900913e+03 1.643605523803813412e+04 -2.328701136595157368e+04 -5.592925736830999813e+04 4.844322060885660903e+04 -1.025449494974027948e+04
-2.643763552898166745e+04 3.733526593055090052e+04 6.763889405942482699e+04 1.420863090887261205e+05 4.313969502724552149e+04 1.271015833814267302e+06 -1.308669935687625548e+04 9.499174306960003742e+04 -1.141569845409028232e+06 9.370813689726606244e+05 4.408323173746695393e+05 -4.719446091059840401e+05 1.800154699702349899e+04 1.400029016413799254e+06 1.067892005748613970e+06 -4.399176234783912514e+04 -1.709472291622325429e+04 1.811669281306827033e+05 1.144675960023254156e+06 7.039145206546309055e+04
-4.589368464421356475e+04 -1.203300022316408831e+04 6.078931012906599790e+03 6.449570804826876156e+03 6.258107180087364395e+04 -1.690336489392046133e+03 -2.466131763986879832e+03 -5.761857160954552910e+02 2.130652173283457174e+01 -9.065215702016053001e+02 -4.412910171075057519e+02 3.337734950169694343e+02 -1.240196484897655580e+02 5.811739553175121955e+02 -3.358678130788852627e+02 1.142204032571900143e+02 8.788563715340113447e+01 3.897369094780198395e+01 5.515875041685843598e+02 4.181866744270756726e+02
-1.563360480309106424e+04 1.496085156551234286e+04 2.630129647140494853e+04 1.984905078287511424e+04 1.560511772892937006e+05 -4.772554956539534032e+03 -2.810459811534920846e+03 -2.046563993186940934e+03 2.250597081058774620e+03 4.850003028675902073e+01 1.465705627972968159e+02 2.751122740204709203e+02 2.155494045568246975e+02 5.696760930554860352e+02 3.653821015610341760e+02 5.708977152275089395e+01 -6.906811676006019241e+01 -7.912500867548280326e+01 -2.077771860339607883e+02 -9.281570467278571712e+00
-4.170324232268446212e+04 3.592800288983647624e+04 -2.631111025582168440e+04 -5.215194680268989941e+03 9.961860748760464048e+02 5.561228440108310451e+02 1.341938083209331353e+03 -4.304916567621631884e+02 4.213094467389594229e+02 1.276632886864748002e+02 1.716021576201649168e+03 -2.214880664581806684e+02 -6.278360627224361679e+02 -2.600806059232396024e+02 -5.757933517513069432e+01 -2.423856012809914660e+02 -3.644378215321171410e+01 -8.380023343760742591e+02 1.149647840141556259e+02 2.120631091592619850e+04
-4.602943147526719986e+04 -1.264689863789240917e+04 3.977983541881246310e+03 -4.699698354103414744e+01 -4.530022228453654520e+02 -1.513452401315360021e+02 -8.306502588745566754e+03 2.768450996686508006e+03 -2.053515310426852466e+03 -3.485854513877725822e+03 -5.982718044148910849e+03 -6.529510876289482439e+03 -1.815652155286429206e+03 -4.565033017427120285e+03 5.397040189435899265e+03 -3.505207940036318905e+04 -2.350753317250120745e+04 -1.858441280671967775e+02 -7.520672148716736274e+02 2.543486747477951155e+02
-2.463526882581884638e+04 3.149619626644823074e+04 5.174575081838840561e+04 1.213963107492995332e+05 1.015632803616950150e+04 9.850871827116456116e+05 1.462783187594850688e+03 3.935676545955307120e+03 -1.212124854841924243e+05 1.084859704239127022e+05 5.524430176935689815e+04 -3.806189231948307133e+04 1.139177717048746672e+03 1.419793458441082912e+05 1.043384829915677692e+05 3.878990621963439480e+02 -9.085680776978118956e+03 2.277918358256384934e+01 -5.252727274862750346e+04 -3.990434509018411973e+03
-2.253202275465132698e+04 8.309689831301064260e+03 -4.418301255997019325e+03 4.507440524533780263e+04 -4.870669621992354223e+03 -4.232776168116046392e+03 -7.575126141186198083e+02 5.115754167593228885e+03 3.428182611565395746e+03 -1.605303321226851722e+03 1.690110925644254621e+03 -8.848737694982646644e+03 -5.968581142102426611e+02 2.076482850010059337e+03 -2.098753896650195202e+03 -3.864761890028599396e+02 1.608915711482052529e+03 -1.134228290548725454e+03 2.922979038458469248e+01 4.278443999571451286e+02
-2.439337635312769271e+04 2.556589172624957791e+04 1.459093856990071436e+04 2.236113637217462747e+04 4.129685414543029765e+04 1.174352644792844367e+05 -1.642566762333440420e+04 4.586973419465350889e+04 -3.673833871780555928e+05 8.261451852837348997e+04 1.629311709118001318e+03 -5.337358320955571980e+04 9.404484438195258917e+03 -1.036570928453069064e+05 -2.312267525156718912e+05 -3.668524114174674469e+04 4.832907221750070312e+04 8.943242567625429365e+04 7.045970321282210061e+05 2.369993482404017050e+04
-4.170587323475137237e+04 3.568095269194975117e+04 -2.473796659065772110e+04 -2.162838451348631679e+03 2.604538090189770173e+03 1.263866223777013829e+03 2.139268686962769607e+03 2.132181932836943361e+03 -3.101443213554644535e+04 -3.973010668543655629e+04 -1.565188987708706554e+04 -3.853053730695455670e+03 2.197703823538944562e+03 3.483344351578282385e+03 1.419975937599373992e+03 2.164803718320965800e+03 -4.940297926262983879e+02 -2.932248527942805367e+02 -1.051548700041124903e+03 -1.919990278365265567e+03
-5.546119298651985446e+04 3.804472669580615911e+04 -3.275563738231144453e+04 1.625516144212416111e+04 -7.987058034341428083e+02 -1.416083918428052584e+03 9.379621780746410309e+01 7.096371587050633934e+03 4.055630058253591869e+03 -2.334524437464613129e+03 6.265412748652393020e+03 -9.276827293513177210e+03 -1.143420311903015772e+03 1.063000791825436181e+03 -1.496643316399691685e+03 -2.072633125466175443e+03 3.644683421991551768e+03 -7.076062114956390587e+02 6.102212604987062150e+02 1.081607420375244999e+02
-3.868561255314465234e+04 3.287639700443525362e+04 -9.732993637808676795e+03 7.193125068376815761e+04 1.378783827118318641e+03 6.429548388281088592e+03 -4.912569955537302121e+03 6.611435765563252789e+04 -6.829972993396531092e+04 -2.652339914827760731e+04 -7.053969008508218394e+04 2.108620045659361931e+05 -1.088900561385466950e+06 3.093990988999097317e+04 2.885400965542808262e+04 8.634417348819602921e+03 -8.229624858936269902e+02 -7.977515890958977252e+03 1.418766926801020782e+04 -2.635228179999850909e+04
-1.641608874086479409e+04 1.781503969921320459e+04 3.391932557508655736e+04 3.004647648016687526e+04 2.499917312753506121e+05 -6.692097632385708494e+03 -5.099177230338958907e+03 -4.633045393007049825e+03 3.300533643941049377e+03 2.482476980786642343e+03 7.369656543700307338e+02 1.217177745181498267e+03 7.091833332843809785e+02 1.185158462462908801e+03 1.749086552626279172e+02 3.980901744452095841e+02 -4.526640136990729957e+02 5.478677905212872190e+01 -1.976800365014091767e+03 1.416439360140808503e+02
-6.009038547420697432e+04 7.921478434252629995e+03 -1.884596474375770413e+04 3.469961167048907373e+04 -3.048577812124141019e+03 -3.090488110180484455e+03 -1.445940176479039565e+03 1.425334085574979144e+04 5.449017217213646290e+03 -3.828321986702192589e+03 5.387971843341514614e+03 -1.182927402232553504e+04 -7.775712251929749073e+02 3.379677582787409847e+03 -2.974644159460701758e+03 -1.352449918969333112e+03 3.294884979782955270e+03 -1.578192753150955696e+03 6.025623071713390573e+02 1.016432932844387665e+03
-9.532385208897712801e+03 1.223599056893734087e+04 1.555426429491091039e+04 1.708125480873688139e+04 -4.130052383504244062e+03 -2.867609278932151483e+03 -5.623372633890077850e+03 -2.417837112064494067e+04 -3.735270013698082039e+03 -1.857545854151349658e+03 3.863141434091696283e+03 3.196996544827652997e+03 -1.196981613377683829e+01 -8.269080174463911135e+02 1.236483114972748808e+03 -1.025596267332959087e+03 1.478900702075353593e+03 6.419273908490204406e+01 4.503978733746117200e+02 3.345593361087118865e+03
-1.598575014813775670e+04 1.000253653513443351e+04 1.471657725364052931e+04 6.385798406863780656e+03 2.279435649237064752e+02 1.656016195292598059e+04 -5.796642748226573758e+02 1.007436278880642567e+04 -3.747190314026115811e+04 1.371009049271219010e+04 2.430161567089867276e+03 -1.037721464187792890e+03 -5.422565700829655952e+02 -2.288739445288458955e+04 -2.645697524391103434e+04 -1.302437904233895551e+03 1.257191707656285871e+03 -4.187696638051709996e+00 3.855212904578795587e+03 4.344832465764131939e+02
-3.798679047534849815e+03 1.643033178932444207e+04 2.384347733954421710e+04 -3.064283908791590875e+03 -1.250344090788689982e+03 -3.644606106628806970e+02 3.139227680367542916e+02 1.424478527769420225e+03 7.513359186637300127e+02 3.382527603303332171e+02 -1.113195475662976378e+03 4.496666398009827503e+01 4.465943484847248612e+01 1.013326042555673553e+03 -8.235680305008143023e+02 1.475971169133018179e+02 1.461527269580055020e+02 -6.953140907537809312e+01 1.726852620628002057e+02 1.702725748845357145e+02
-2.067417878240816208e+04 1.293336987020434572e+04 1.336831267512470367e+04 1.012316800599312592e+04 -1.542463937717660656e+03 -1.250812312373442182e+03 9.908036175633762923e+02 6.050791489605170682e+03 1.381738317543095945e+03 -7.504314999061051822e+03 1.428093047608559937e+04 -2.632821491808184874e+03 -5.682437433122348693e+02 3.600390665408941686e+02 -8.248823889459208658e+02 -1.981510354675781855e+03 1.331251644787059604e+03 -2.572683978588569289e+02 7.363834769258689903e+02 -8.221863260895485155e+02
3.746973160122689023e+03 2.652317954581521553e+04 2.346029159606683606e+04 -6.646511466511172330e+03 -4.183702214710055159e+03 -1.169805102144090228e+02 -7.641903516135503014e+04 4.097604150077600934e+03 1.974543662456343782e+03 7.117420238977972986e+03 -1.312492838026994832e+04 -3.537538239449903358e+03 1.718887399583472870e+02 1.194608219258948338e+03 -1.170364369711317778e+02 5.174013177668914977e+03 3.447529355432905959e+03 8.582267939536390031e+02 -1.714933119850373942e+03 -9.714949353375648116e+02
-2.235486604198661371e+04 2.416618014640864567e+04 3.543543075524071173e+04 5.851090217953128740e+04 3.042747491571457431e+03 1.027573094784686982e+05 -1.545225160012829974e+03 8.473671837969534681e+04 -2.834340067104515620e+05 1.528325215690184268e+05 7.295172196053875086e+04 4.584430656133816956e+04 -8.686675688953489953e+03 -2.396390756303377857e+05 -2.578815349616229651e+05 4.549441773519771232e+04 -7.038444680056499783e+04 8.313739693864824949e+04 -2.266985218417840370e+05 -9.124035227075943112e+03
-6.030135370662675086e+03 2.112730784450778174e+03 1.897920111253504047e+03 6.494619195249426411e+03 -4.455552584721016274e+02 -8.381310173940192954e+02 -3.354886081530000865e+02 1.234979320600348274e+03 2.122564677957637741e+03 -5.223000793794580204e+03 8.824843062173618819e+03 -2.168017072252558864e+04 -4.027898492739444919e+03 -3.531926804751411510e+03 -5.484303659931150605e+02 -2.523644107498582889e+04 3.856954112310611526e+04 2.323068904303375894e+04 -3.959757173165137374e+03 -2.971086664713423033e+03
-2.862527548719715560e+04 1.430926015093913702e+04 1.062219847630942604e+04 1.102020707775499613e+04 -1.617960542869528126e+03 -1.372281696615888904e+03 -1.169043162449642296e+04 1.072321366800190481e+04 3.397337369558730643e+03 -4.149366040305507340e+03 1.514582030207930984e+03 -2.061051056455368962e+04 -2.458934081652187615e+03 -1.829183105378439222e+03 6.749975754987946175e+02 -1.040952039551403504e+04 1.608696218037652943e+04 5.225814320114341172e+03 9.442939636606341764e+02 -9.693719659931734896e+02
-3.576794925657498879e+03 1.340579536240707603e+04 2.021061820451869426e+04 -2.660295517869905780e+03 -8.569256471498285919e+02 -2.650551870566290518e+02 3.059895765556991137e+03 1.738262113881713731e+03 7.938380190620508756e+02 1.108882331251572396e+03 -2.773863220767457278e+03 -7.653966560821544363e+02 -1.203589039130711846e+01 8.371244927107863987e+02 -7.592500296654228578e+02 6.459031746626103576e+00 2.270213677919074939e+02 5.171777179686739601e+01 2.468425237696152763e+01 7.557820528580982966e+01
-3.974917303996800911e+04 2.992474114119260776e+04 7.071599825384917494e+04 2.119786576615697704e+05 2.921329843516815163e+04 2.260459814969441388e+06 -1.914860276708381571e+04 -1.197141876558182703e+05 3.777748173153723474e+05 -2.296517968083749874e+05 -1.297108764629842626e+05 6.304044928217919369e+04 5.534690031535938942e+03 -1.422523746465898002e+05 -6.509183787714028585e+04 -5.075145329514676996e+04 9.022648044844013930e+04 -1.260102463768135494e+05 5.543411406090674427e+04 7.031130045779574175e+03
-6.625316376058530295e+03 6.619124367100088421e+03 9.146240488969200669e+03 1.648505985776176021e+04 -2.817424522422760674e+03 -2.427560649916598322e+03 5.435704119723246777e+02 -2.037677727619853249e+04 -3.229061625230296613e+03 2.438382989570264726e+03 -6.059296062509104559e+03 -3.826146064463672246e+03 -5.506079563193516151e+02 -7.509836683369927414e+03 6.017732741663239722e+03 -3.629822606474243457e+03 1.956207898355371753e+03 3.586472721911840836e+03 1.020268092142451337e+03 -1.181492580885642019e+04
-1.343650434139507706e+04 9.666131159300324725e+03 -6.570382821513142062e+02 5.540459668318925105e+04 -6.254679580395729317e+03 -3.274838625744666842e+03 -4.551003809179316590e+02 8.474462435790432210e+03 2.102237351932525939e+02 2.918768246317902594e+03 -4.946667014578850285e+03 3.526353758997497607e+03 3.991265535574687107e+01 1.447423853551228376e+03 -2.501244824263040300e+03 3.256239787671504473e+03 -3.918634895967607008e+03 7.313146494226904792e+01 -2.128185874807920754e+03 3.983973384326697555e+02
-1.886485570270857716e+04 6.186648024146365060e+03 1.089087231803470559e+03 1.829804775744104700e+04 -2.338277156516494415e+03 -2.150177093874932325e+03 6.988629442317630946e+02 -4.244337613590365436e+03 9.827759776310472262e+02 -6.390315730973975406e+02 1.312388620306752046e+03 -5.502165394192196800e+03 -7.642560493980233787e+02 2.154142870193852275e+02 -6.687661653280845258e+02 -1.528612788279108372e+03 2.634342777407460744e+03 1.973104320874604696e+02 -1.894304780599676263e+01 -1.973257385198078566e+02
-4.603656939205362869e+04 6.038667040273424936e+04 -8.443038476440071463e+03 1.819720923602802941e+03 -3.049573448227739846e+03 -3.630752441140593305e+02 -4.218670181054138084e+04 7.236363770099110297e+03 2.278857103565853777e+03 4.648335578771001565e+03 -8.600993113988528421e+03 -3.531174230585871555e+03 1.366015887482049322e+02 5.427320463229367533e+02 -1.209392400804117216e+02 1.594691418204827414e+03 -1.467599807196443180e+03 -1.535973827377284351e+03 3.609158174215576764e+02 1.910222595395738836e+03
-2.002374549165551434e+04 1.687041543386205740e+04 2.300469739311021112e+04 6.357449594165266171e+04 7.585847926121818091e+03 3.960265867557746242e+05 -3.290796295222597564e+03 7.923861778172120466e+03 -5.811564657989046827e+04 2.922667604640820718e+04 2.156107581174742336e+03 -2.834278594564513241e+03 3.202324766821909634e+02 -2.225318271827735771e+03 -2.458172057175211012e+04 -4.741630518491482690e+03 4.235906311445201936e+03 4.815195762358313004e+03 5.331651399602094898e+04 2.388065138190537255e+03
-2.142296379749858534e+04 1.041763452194973070e+04 2.081903354883681095e+04 9.463889251301739023e+02 -2.021471384070287911e+02 3.780841407464974054e+03 1.269368186513014962e+03 1.459802745676940685e+04 -2.806640317478587531e+04 5.089625832834614812e+03 6.098118569305655001e+03 2.280313857896737682e+04 2.641740493399207026e+03 -6.858081959790144174e+04 -6.816523213534760544e+03 -2.935391458730933664e+04 2.976369592426181771e+04 8.545975715258410492e+04 2.587739757612833346e+05 1.352833369631474625e+02
-5.037963260833575077e+03 1.394982229978603755e+04 2.244798792910777047e+04 4.634998159917356020e+02 -9.838126121540669828e+02 2.188307547688912746e+04 6.680720436196558694e+03 3.809991727582294516e+03 -9.558108704148895413e+03 7.906882260409971423e+03 8.159448338816693649e+03 -2.073601198377928085e+03 -1.364645570610686036e+02 8.590233936270682534e+03 3.286602452524392902e+03 2.330846010659215153e+03 -5.195510105972293786e+03 4.960663501080720380e+03 -1.963008325622725897e+04 -2.008033939217332545e+03
-1.796564183407655582e+04 1.416536463670041667e+04 9.573164648238634982e+03 5.271567534849915319e+03 -5.911500651686018273e+02 1.008822259990534036e+02 3.239996251780797593e+03 6.674103169258969501e+03 -1.769927287507920482e+03 1.205961761533652634e+03 1.323473009105641040e+03 1.499482221025775459e+02 -2.443610763422934542e+04 -2.893628392368377718e+03 1.219406926536243736e+04 -1.700304116570880797e+04 2.419280560340997545e+04 -5.141848025089805742e+04 -7.727279143571267923e+03 -1.330974776082315657e+04
-1.419332282131756801e+04 1.126600244176987508e+04 1.479956059594508224e+04 2.840961450843822149e+02 -6.453447442217692469e+02 -1.620817634950349273e+01 -7.825186974384301720e+03 4.377414835831913479e+03 -9.880268026694675427e+03 -1.412231394011644625e+04 -1.052496136298760757e+04 -6.865809653823070221e+03 4.431597622678212929e+02 2.466269565059092201e+03 5.894637763369628374e+03 1.297864035212413910e+03 2.146621341633054726e+03 -8.020319318925661491e+02 -3.233713974067746335e+02 -4.539401008957596787e+03
-3.885754238286244072e+04 3.844015346544403292e+04 -1.820402894868576914e+04 3.710542575426931762e+03 6.524432475835753576e+04 -3.876395604497004115e+02 -1.671777369203816988e+03 1.056917082525432761e+03 -3.129947152805522273e+04 -4.010621162932414154e+04 -1.809691994047060871e+04 -3.857216842723534683e+03 2.063647862063735829e+03 3.857529202163734226e+03 1.467494285133613175e+03 2.206912003982021361e+03 -3.207175426645683274e+02 -2.984997100814320561e+02 -3.287676974585270386e+02 -1.296538244802725330e+03
-2.457744251865191472e+04 1.530893051868360089e+04 1.153190987534217493e+04 1.448267493384374939e+04 1.399417345557244880e+04 7.112299949353741249e+04 -6.030681781865502671e+03 3.084036637738282661e+04 -1.979761390591051895e+05 4.531608347496682836e+04 -5.300760559432222863e+02 -1.150011702800141393e+04 5.510622629169155516e+03 -9.928829226683243178e+04 -1.478155656307420868e+05 -2.584365848847515736e+04 3.202354698151607954e+04 6.578572636019650963e+04 4.099484699345895788e+05 1.174978570995376140e+04
-4.497560914768552902e+04 -1.201604209123886358e+04 5.309826484159038955e+03 1.043054283205260191e+02 -3.748424338867728238e+02 1.119628517855334167e+02 -1.248291171715571863e+02 3.567363206870639715e+03 2.175775992060211763e+02 -4.081280349976338471e+02 6.180110491064102689e+02 -4.960572751337494083e+03 -8.285484604035052598e+02 -1.363918249631085928e+04 1.185007122673222511e+04 3.586646625777939335e+03 -5.047427174203558025e+02 8.135508620338127628e+01 9.193478737572452246e+02 8.169647232449573266e+02
-1.171670034711839980e+04 7.539644150491950313e+03 5.238711028194245500e+02 3.705812430035151192e+04 -4.326414273388183574e+03 -3.563629331315096351e+03 -1.940256567823094827e+02 1.190844189372446863e+03 1.647461994817138020e+03 1.839119961018855918e+02 -1.465873578780199068e+03 -3.074803257313494669e+03 3.480349833749721711e+02 1.235661814004080270e+03 -8.725400573362552450e+02 1.475738410081776465e+03 -1.654459805657490278e+03 -1.505634783479731823e+03 1.802340698367523828e+02 1.263061222621058306e+02
-2.542813170292925861e+04 5.264018979236546875e+04 -2.684643253146652569e+03 -9.911907657220452165e+03 -1.291064361691763906e+03 2.047457121349256397e+02 -9.121852810924090591e+03 -2.570785223356513598e+03 4.101198027127091450e+02 -2.701488355824576502e+02 2.817228821868909563e+03 2.740472598578631278e+03 1.865226062682626491e+02 1.661482182563574725e+03 -1.335984560740017969e+03 8.615797151775142311e+02 -6.013537733767734608e+02 -5.997160140493637073e+02 1.386853127196532398e+02 6.960461073427655947e+02
-3.908590504684676853e+04 1.599869885189173874e+04 3.580238714285455353e+04 5.653857451685715932e+04 1.007525755727238175e+04 5.470625511525806505e+05 -5.792380507098432645e+03 2.970597031351247642e+04 -2.410745598180942179e+05 1.870789676496311731e+05 7.492960351381669170e+04 -4.646201918775255763e+04 7.722632947820857225e+03 1.413249095590341603e+05 1.415813920250503288e+05 -5.349285971775901999e+04 7.790541041180421598e+04 -1.299876724255618028e+05 -3.560629630813477706e+04 -1.219487744741785946e+03
-1.564394134843866595e+04 1.252096753480038569e+04 1.581273601835502268e+04 2.046878754810032660e+03 -1.057895758902943498e+03 -5.301415564587846347e+02 -1.096076531479635560e+04 5.909085320945085186e+03 2.245981118760898426e+03 -1.163318243223347537e+02 -2.041052307789924953e+03 -1.251824465375620639e+04 -1.423899023751412187e+03 -3.781000706917511707e+03 1.599471076072320102e+03 -8.656363171586661338e+03 1.228592233886698887e+04 5.487985029960746942e+03 2.112633538871894871e+03 -5.854007786492265950e+02
-4.154864127321660817e+03 1.845071831642497636e+04 2.645376933488749273e+04 -2.931634286078468904e+03 -1.694491147477116556e+03 -5.379128469050885997e+02 -1.971271785083048371e+03 4.867894259318821248e+00 4.726962399590959194e+02 -1.392151232720439111e+03 2.612179220083964992e+03 1.714910274928292438e+03 1.543851296137565043e+02 1.528461590403230048e+03 -1.044643575441669100e+03 3.373966742730706869e+02 8.091139511290769804e+00 -2.123312193355072566e+02 3.120542337947144915e+02 3.715630598977069781e+02
-1.792564718963803898e+04 1.867326140844728070e+04 2.964766928509963327e+04 5.123700933941324183e+04 8.670866189417332862e+03 3.647423599859862006e+05 -7.084917457497375835e+03 4.590400510671852680e+04 -4.396937866792267305e+05 3.530329688495713635e+05 1.520624149758229614e+05 -1.724290875408199208e+05 5.733210854809984085e+03 4.938149533702675835e+05 3.841543657864021952e+05 -1.486594004922091881e+04 -2.323256034307213213e+03 6.009412612440636440e+04 4.194725621765013202e+05 2.808365613295190997e+04
-2.455901241924239366e+04 2.407918988954247834e+04 2.420305313411442694e+04 4.848862055450354819e+04 1.527600467377222594e+04 3.245929064745429205e+05 -4.901243923028468998e+03 4.044550478877250134e+04 -2.860887977227443480e+05 1.275262720820113609e+05 4.039164404154628573e+04 -3.855437035940121132e+04 4.960563404605904907e+03 1.840957501836958727e+03 -6.696840041834258591e+04 -2.111364657364003506e+04 2.559188872305134282e+04 1.992824607534841562e+04 2.499187268280553399e+05 7.705570709465333493e+03
-2.081491529800353601e+04 2.536192500879427098e+04 4.180535227300407314e+03 1.058841491485599727e+04 -6.083650581761662579e+02 5.134653224016005879e+02 3.229287961229107623e+03 2.940504650858150126e+04 -2.199605304515414900e+04 -7.173503918167863958e+03 -3.149502502192466272e+04 1.129996622069243313e+05 2.546375768909037288e+04 -1.242796357310104759e+04 5.068274152195959323e+04 -5.148634246487869677e+04 6.603048786401413963e+04 2.013479243543766279e+04 4.224748431478848033e+03 -4.690543400010044934e+03
-2.856258324376708333e+04 3.456825273116506287e+04 -3.909994776386904050e+03 5.712599317356083702e+03 1.266073679098032881e+04 4.458382885931331839e+04 -4.379142560364049132e+03 2.059867739768259707e+04 -1.460572064841251413e+05 6.291292452537675672e+03 -1.112516072135621107e+04 -1.246344806477037673e+04 4.042830510529241110e+03 -5.386308503509941511e+04 -9.145832302841896308e+04 -1.012482015613241128e+04 1.473182351301033304e+04 2.572198635108516100e+04 1.991340223565658380e+05 5.855598888321866070e+03
-2.480835672646259263e+04 3.579774879621132277e+04 6.420536604594420351e+04 1.434511646008070966e+05 1.233073539577224619e+04 1.235492890949688386e+06 4.481942786357347359e+03 -1.161774200074102919e+04 -5.624009836089748569e+04 6.825319471403244825e+04 4.612139257396627363e+04 -2.613664356576866339e+04 4.945456665061963690e+02 1.171500225772287522e+05 8.202568489352654433e+04 4.109541114795219073e+03 -1.607569185624440070e+04 8.552435041715785701e+03 -7.285505768379586516e+04 -6.294289349068616502e+03
1.020466692481444989e+04 1.826724739075810476e+03 2.576817778640504002e+03 6.098784723558389942e+02 -1.557568190918598248e+02 -1.445699823826637953e+02 -1.095591142935036487e+03 6.950723556822944715e+01 -5.549118644627022867e+00 9.231518758643325384e+00 -1.603355840006254880e+02 -1.540237869990497472e+02 -1.172223562339311620e+01 -5.217164467256810667e+02 3.836054861383244088e+02 -1.143450676056332611e+02 7.291108241019050240e+01 1.103730590264053291e+02 1.894990366504131032e+02 -4.539660005475728326e+02
-4.991581844597018062e+04 -1.533901023958946644e+04 3.645228728675651269e+02 -1.080032811133215546e+03 -7.634682882789149971e+01 5.613187063619896833e+01 -3.879384297427724846e+02 -3.466486450316364909e+01 2.826020087869410986e+02 3.862318136761815026e+02 -1.427278124541169291e+01 2.470794650771505303e+02 5.405300082601436173e+01 1.090866383574851568e+02 -7.614509623047355547e+01 9.310170348903119475e+01 1.824978400459860595e+01 9.725000684553982921e+01 -1.265169361825325289e+01 -6.656718120730363353e+02
-2.025123072899821273e+04 1.774392987428308334e+04 2.051494925076992149e+04 3.898754654349115299e+04 6.771277312475395775e+03 4.423939960982202319e+04 -2.757173597198015159e+03 4.320335684226815647e+04 -1.320792390950992121e+05 6.832222698936304369e+04 2.306629904921121124e+04 2.221653015433887049e+04 -3.731561200477904549e+03 -1.087014852785053372e+05 -1.166819985979497724e+05 1.713750100592571835e+04 -2.552550766594697780e+04 3.113308517617269899e+04 -7.863975103566842154e+04 -2.030558825615396472e+03
-1.015774040514163744e+03 1.152737520171152937e+04 1.666565145127050346e+04 1.431727975146236167e+04 -4.100079222304521863e+03 -2.674364693697740222e+03 -3.973398253075451976e+03 -2.574087400023554801e+04 -4.135607168660557363e+03 -1.617364130200732916e+03 3.606077952771106538e+03 4.728678735546125608e+03 1.538336224084726211e+02 -4.514023665878609108e+02 1.045789099787308260e+03 -6.347406138333590206e+02 1.018241070351686631e+03 2.655253281058410053e+01 3.813005454586935343e+02 3.430985028101918942e+03
-3.885188543786621449e+04 3.614554735393064038e+04 -1.928431437533532880e+04 -1.280410324934098298e+02 3.362278403425074885e+03 1.755579447067759247e+04 -2.080799369136945643e+03 1.022364857648575162e+04 -6.862281947477856011e+04 -2.563567161726557970e+04 -1.514341436542061820e+04 -5.569973965455726102e+03 1.649428191045172525e+03 -1.870035693211020771e+04 -2.507868034628783425e+04 7.861500935109966122e+02 1.263293472028774659e+03 -7.942321736600965778e+02 3.267838858233412338e+03 -7.707681745238852500e+02
-8.155928407329941365e+03 2.433540342425661220e+04 1.717797572940139435e+04 -4.608270444806828891e+03 -8.902111471529298115e+02 -1.054004238611194921e+02 -2.018464902443424535e+03 2.161162984218822658e+03 8.125617209165746999e+02 1.509085816902331999e+03 -3.428534108520434529e+03 -2.227261115035410342e+02 1.230752156269832369e+02 8.407336389359240911e+02 -6.190282722453845281e+02 1.473534777110625953e+02 1.426690949912999429e+02 8.453507301606568092e+01 4.826673972674951330e+01 9.827853036288399835e+01
-3.524441425842699391e+04 1.178637168715062580e+04 1.445507316343285493e+04 9.359982800882295123e+03 6.119413399034776830e+02 1.304539132590885492e+04 2.595996027179665361e+03 3.831054843540570437e+04 -4.155330466308815085e+04 1.914664494520594235e+04 -2.673154172047446264e+04 1.314564334532577195e+05 3.070207882282851642e+04 -3.772814138030936738e+04 6.163505172778567066e+04 -9.765686909562136861e+04 1.384372998719698226e+05 -9.459192757047677878e+04 -1.584150550664951152e+04 -5.557602230400664666e+03
-3.771387777429731068e+04 4.238851585435192101e+04 -2.854619832879155729e+04 3.699722656988644303e+04 -3.311018630149329056e+03 -2.512377654393758803e+03 9.129189576673790043e+02 2.363822343257653847e+04 1.556543472906474562e+03 1.417204035388759394e+03 -6.363094933770900752e+03 2.877958240234916957e+04 7.912522061371721065e+03 1.945568368610923017e+03 8.856978639544251564e+03 -1.980275736431510268e+03 7.096299087647844317e+02 6.213081355313241147e+03 3.441988842542652947e+03 1.997798005185401848e+02
-1.662044073588110768e+04 1.166471839181631003e+04 -2.182190031065433232e+03 7.229540691068345041e+04 -8.003909746780508613e+03 -3.011851024777384282e+03 -7.426336784149541472e+02 1.537333124371936901e+04 -9.339929080089142417e+02 5.178681999977674423e+03 -7.659067949373831652e+03 8.599784476370403354e+03 -4.732784900395361092e+02 1.714094125185876010e+03 -4.227495024017818650e+03 4.455130669615811712e+03 -5.263539661009627707e+03 1.747042034151206508e+03 -4.382794744868800080e+03 7.212773388140464021e+02
-3.437694586748853908e+04 4.363935132112446445e+04 -1.058773209746131943e+04 3.759636389478601632e+04 -3.302473007203104316e+03 5.203090023757314384e+02 3.528001198580455821e+03 5.042707398958568956e+04 -1.763883332873939071e+04 6.285165184307044001e+03 -3.733013923886458360e+04 1.506654891795795993e+05 3.155786175545132210e+04 -1.263532975927212101e+04 5.799432393035825953e+04 -5.395504696814205818e+04 6.698289269311170210e+04 2.988614248480086462e+04 4.635650887536800838e+03 -4.033098752045394576e+03
-1.975279732357382454e+04 1.188896676397127885e+04 1.111619161521476053e+04 1.026547776009725931e+04 -1.230277706200320836e+03 -4.889341961081768773e+02 8.468010766779689220e+02 7.342521935907755505e+03 1.804033169218152807e+03 -1.973082836182893288e+03 2.919771365860566220e+03 -9.017182091690281595e+03 -1.342837847044487944e+03 -1.396346573268299653e+04 1.160959129600610140e+04 2.582753342512626659e+03 8.747951525559017227e+02 -7.818023262406882168e+01 1.366325193159148739e+03 4.422388689908414108e+02
-2.442527347775359158e+04 4.522739056796272780e+04 -9.448779554751517935e+03 -8.908900677849358544e+03 -9.107297582176502715e+01 4.639932365795425540e+02 -7.736084078432825208e+02 -4.215313711468712654e+02 7.983553021993681114e+02 2.408615343577840122e+03 -3.083956897480728912e+03 -1.074144905387295665e+02 -1.310781715111462198e+01 7.263182581392035218e+02 -9.159382370922556902e+02 4.518099359844053993e+02 -3.487968104781987222e+02 -3.273130955854148851e+02 -6.942956851541573826e+01 3.649719117365048078e+02
-3.910819667834944994e+04 3.635711850487681659e+04 -2.221929234384713345e+04 -3.315298859977243410e+03 2.599641030019798109e+03 1.304544047363745904e+03 -5.611903468576045270e+03 3.991677738283229701e+03 -3.372209692798650212e+04 -4.277484244078307529e+04 -2.325975603749015136e+04 -1.025429043704729702e+04 4.026306506200048148e+02 -1.524834652175862857e+03 7.162790460024280037e+03 -3.288505210012617317e+04 -2.411315516544608909e+04 -4.502570374609668420e+02 -1.754374631850071637e+03 -1.460548585888313482e+03
-1.802726877319109190e+04 1.142166989840197493e+04 2.260319014032753694e+04 -9.139733807701290971e+02 3.083079246320142374e+03 1.258714693810273275e+04 1.226799866614653638e+03 1.138722964073171352e+04 -2.642931391206449553e+04 1.778254858409382359e+04 2.005853710970411043e+02 1.734690905854991797e+04 5.482976717622820615e+03 -2.652690127629526978e+04 1.286973045765755705e+04 -4.521043423722127045e+04 7.176427765084995190e+04 -1.148760572103326704e+05 -2.044699102695754482e+04 -1.235560726068546046e+03
-1.708636728398345076e+04 2.835189174431263746e+04 6.586308687313713563e+03 -4.901950806097447639e+03 1.834501097847514984e+03 1.047673046542375914e+03 1.521118082522548093e+03 3.529827770442486326e+03 -3.096794889893596701e+04 -4.028766569875828282e+04 -1.560307267959708588e+04 -2.689018817350478002e+03 2.364681543432397575e+03 4.393882550741889645e+03 7.508663857060430473e+02 2.230344054615500681e+03 -6.242688887996139329e+02 -4.744686105552486310e+02 -7.202272152496884701e+02 -1.552508230545669448e+03
-4.670803930297287297e+04 -1.331400582491061323e+04 3.042989703465956154e+03 1.325397455258352295e+02 -3.660388179805394770e+02 -1.470081578274419201e+02 -6.232822967190087184e+03 4.842649535179165468e+03 1.992493715268205278e+03 -6.801892947504318272e+02 -7.013961137362998670e+02 -1.148273314450763246e+04 -1.360781468849723979e+03 -2.810699103846010985e+03 9.374017351794175283e+02 -8.569519601647985837e+03 1.249641150957229547e+04 5.405614340076002009e+03 1.943450580900668456e+03 9.158503149339566107e+01
-7.873086207796308372e+03 5.259068764462881518e+03 5.060975646880146087e+03 3.984399443996919672e+03 -1.616903277288976824e+03 -7.774331675850050942e+02 -3.277430275672046264e+04 1.010859647200324730e+03 1.384470874287963852e+03 8.351143102483182474e+02 -1.395061149083125201e+03 -3.430100391986341492e+03 -2.741716829601660947e+02 8.972459779356568106e+02 -1.263240827824950543e+02 3.305632759752954371e+03 4.975696782947621614e+03 1.230677837018000901e+03 -1.151846241957967550e+03 -8.867828311611730214e+02
-2.142921824161431141e+04 1.905269806301060817e+04 3.250488432646482761e+04 6.620746726933521859e+04 1.141341611539938640e+04 5.169075972957490012e+05 -5.408156849549974368e+02 3.033854360286493102e+04 -2.438205065238497045e+05 1.841343006226170983e+05 7.998075707072399382e+04 -5.688267026930486463e+04 1.880994063623865941e+03 1.491772597185631166e+05 1.091273774392962805e+05 -3.054955286779535982e+03 -2.375594522428170876e+03 -7.810116034904381195e+02 -1.086514827060267635e+04 3.771907927707439967e+02
-2.133508008773921756e+04 1.750707903036352218e+04 1.965872568757821136e+04 1.044082335043475723e+04 -2.619220691412202086e+03 -1.614110484333608156e+03 -3.707375654619768284e+03 3.728771200376990237e+03 9.759917634266992081e+02 -1.085274375148854415e+04 2.145997797747133882e+04 8.773788017051117549e+01 -4.339602500173037356e+02 1.285620873364753152e+03 -1.300658347400932371e+03 -1.790981176648025667e+03 1.294298542953152491e+03 -4.669286463570808792e+02 9.518323803246933039e+02 -5.106496164824946504e+02
-1.755750249036652167e+04 2.465946300197526944e+04 2.416761361509706330e+04 1.347226636612360380e+03 -1.701714669924275086e+03 1.603106539774577686e+04 -3.357311921499283199e+04 1.286216942004994235e+04 -3.585144188564868091e+04 1.691919381434176466e+04 -4.421251110355096898e+03 -4.924607435810167772e+03 -6.764629261772062137e+02 -2.233892107164239496e+04 -2.644326024041785058e+04 -1.085336667720612240e+03 1.796896670678589544e+03 -5.234799596074242345e+02 4.020197215810208490e+03 2.720431497921409800e+02
-1.798842538146696825e+04 4.954870057952361094e+04 6.624427122062076523e+04 1.691498248945044761e+05 3.257345805549751822e+04 1.649393917458940065e+06 -4.989629612342580367e+04 -3.554240069386406685e+04 -9.466300144692294998e+04 2.129001645318601732e+04 -3.333268620656186977e+04 -5.057967760211412678e+04 6.858889694239965138e+03 2.927014878705757292e+04 -5.219288908171098592e+04 -2.847925344146874340e+04 3.904351533213146467e+04 4.968354969310510933e+04 5.149812770130569115e+05 2.295569178063119034e+04
-1.004851224987042042e+04 1.210241211335081061e+04 1.813942438769466753e+04 1.712052795198914055e+03 -7.378285764004169778e+02 1.848168205653234679e+02 2.695055510784922603e+02 4.490021655235660546e+03 2.572525982921972627e+02 -4.712614952569992965e+02 6.117591520992750702e+02 -5.029426852669101208e+03 -8.856711885247949567e+02 -1.477878761861553903e+04 1.216072687801485881e+04 3.723865779605123407e+03 -9.686189153766238178e+02 8.051048074464723925e+01 1.054755566101434624e+03 2.895062963837510779e+02
-5.290091471468943200e+04 -1.265075743033085200e+04 -1.113112560317652651e+03 6.859021931958689493e+03 -8.088806548662406612e+02 -7.128856168604486356e+02 -7.229785731947595195e+02 3.176179898510852581e+03 1.683650730315489909e+03 -8.248833825593334268e+02 1.658677422156284365e+03 -3.945674744475847092e+03 -4.596638791369793466e+02 9.125537250025356570e+02 -1.013781525135004699e+03 -9.410473703370339535e+02 1.898258760597111177e+03 1.082292520564206058e+02 -7.373709365606154620e+01 -1.969507770172594405e+02
-7.700799420544683926e+03 1.487299152615846106e+04 2.134290797315618329e+04 -2.479735754827928304e+03 -5.655715028148597412e+02 -2.770664249981711009e+02 1.183878823088054332e+03 2.171424302869128041e+03 8.171274450071706497e+02 9.692495685453850456e+02 -2.546843876614409055e+03 -7.740221084693620242e+02 -1.489299525233900212e+01 5.418207239391595067e+02 -5.401308168861497734e+02 5.212487202677855436e+01 1.716069506461850551e+02 -2.789676427085819199e+01 2.283512882554172450e+02 1.257294989662375571e+02
-1.565111822506011049e+04 2.048667036234676925e+04 3.396677851449736772e+04 2.398550051632946634e+04 1.408213290311832679e+04 1.836175292621102417e+05 -1.704268109117535687e+03 3.491513027222832898e+04 -1.615029954930180975e+05 1.151685675039693451e+05 5.206802212307549780e+04 -7.379682704931292392e+04 -6.919087457710164927e+03 -8.549426763691932138e+04 1.905267469036896364e+05 7.532553606116860465e+04 -2.666221582010769998e+04 1.253163045331531976e+04 -3.154822544632164863e+04 2.506338009007180517e+04
-3.543430017343422514e+04 4.780333508239095863e+03 2.231915021671045179e+04 1.113907354882504296e+04 8.252682410654793784e+03 4.413933071385575022e+04 -2.043646923555901822e+03 3.377282083612165297e+04 -1.206912434401928767e+05 6.268726675735772733e+04 1.893165573054675770e+04 2.645295870759349418e+04 3.493268983104586823e+03 -1.020073976484689774e+05 -7.152190280255710240e+04 -3.649190798363777139e+04 5.781923745236076502e+04 -9.670073107670538593e+04 -6.663496328622548026e+04 -2.652989655333825340e+03
-3.479347687410301660e+03 1.238507330213955356e+04 1.933908175486310938e+04 -2.080760243174735479e+03 -9.821178333945721306e+02 -3.534842077680905845e+02 3.313046366926883366e+03 4.771047576777339145e+02 5.330119297210735567e+02 1.908895427920680632e+01 -4.177187477704887897e+02 2.329028980700021521e+02 5.031759131436744070e+01 1.241134829685283648e+03 -9.482252908729622050e+02 6.653771513142291383e+01 1.639843797526840490e+02 3.246894118251348971e+01 -5.799301480786965612e+00 1.851560112419733741e+02
-9.189733265853560624e+02 8.369520263276670448e+03 1.234146517881436739e+04 1.449836361746986404e+04 -3.435056564421176063e+03 -2.471954676224489049e+03 -8.427156444872099428e+02 -2.418699488864625528e+04 -3.833431395941871415e+03 3.440693099010886726e+02 -6.223593942394496707e+02 2.734564550356552445e+03 1.906961811956983510e+01 -1.012380520599482338e+03 1.281063779457309010e+03 -8.797102001810540060e+02 1.202061318414584093e+03 2.063321906974875333e+02 1.972409679008602268e+02 3.211655016421805158e+03
