2.099516953713400653e+04 -3.093364704694577995e+03 -3.395692535204427259e+03 -4.312914836620520873e+02 1.632688026197753004e+02 9.576812257691354091e+01 -9.449600280651340256e+01 2.137859068282538146e+02 5.141685828031418382e+00 -4.420235061702754109e+01 1.123771369403966389e+02 4.006630320107286281e+01 4.025076644560063421e+00 8.525736949665247977e+00 -8.427321812719334559e+00 8.718392554902450797e+00 -3.282690032475997555e+01 -2.476360741192646842e+01 5.119356131717524683e+00 1.808562464475250264e+00
-4.991588019801615883e+04 -1.533940422453461360e+04 3.639601679292520657e+02 -1.080095726977723416e+03 -7.630493678924568712e+01 5.615050560382166367e+01 -3.879636475677544354e+02 -3.467243241078962512e+01 2.826166306375135946e+02 3.863493002248906123e+02 -1.447023278473054830e+01 2.470362174683423007e+02 5.405206828361684046e+01 1.090766277537294968e+02 -7.613779814423770631e+01 9.312926856608302728e+01 1.824984328884648832e+01 9.724698032227669842e+01 -1.266171496899974969e+01 -6.656811128281345873e+02
-3.534277820339229947e+03 1.237365030396811744e+04 1.933702519153781031e+04 -2.088887660098339438e+03 -9.790041984943242142e+02 -3.528379135067941661e+02 3.291728826562352424e+03 4.851528425707046495e+02 5.353368497360771698e+02 2.226758787468804002e+01 -4.272579872627052282e+02 2.319162807363728689e+02 5.048625964807312982e+01 1.243941184046432681e+03 -9.499792731235937708e+02 7.096236616277857934e+01 1.633671782414330949e+02 2.530311236878836567e+01 6.035514380851219940e+00 1.954197448887751705e+02
-4.260962325147404044e+04 3.583842751717921055e+04 -2.622811379819220019e+04 -5.116946710453739797e+03 9.132361627148829939e+02 4.989753160397066836e+02 1.728177958609659754e+03 -2.218611349718681140e+03 3.045455068856800835e+02 8.541977798765497027e+02 1.106472895296245724e+03 -7.792816314169839131e+01 -1.458899073165560480e+02 -5.319770094386244637e+02 9.981802513195130899e+00 1.461177928637784476e+02 -3.419316529755798229e+02 -6.898843635267465402e+01 -1.414926287609863209e+02 -7.899197510742243367e+02
-1.474083035348712110e+04 9.706839641126523929e+03 -1.215730362346528182e+03 5.599798777904453891e+04 -6.283185342484164721e+03 -3.341524297172419665e+03 -5.126231746335170101e+02 8.814806249391805977e+03 4.255534108299912077e+02 2.676209004054348497e+03 -4.524565227220825363e+03 2.732613994109247415e+03 -8.854398593509250759e+01 1.539115475415989977e+03 -2.644226746782244845e+03 2.983485996739394068e+03 -3.453652966851404472e+03 1.336847930961243947e+02 -2.145304819127757128e+03 4.372095961961591684e+02
-1.645088875616123187e+04 1.704819727580363178e+04 3.137438465052453830e+04 2.650163202453150734e+04 2.155912381405303313e+05 -5.994673772856852338e+03 -4.368367216336891943e+03 -3.534770514861028914e+03 2.891902352879015780e+03 1.601339258990943790e+03 5.326794161989337226e+02 8.699061824954994790e+02 5.239976712826309040e+02 8.921392047872393505e+02 2.044054693286300903e+02 2.991703484916633329e+02 -3.483368298310521709e+02 1.384741751926783238e+01 -1.312664990203306616e+03 9.199530766916603852e+01
-1.579066362640952320e+04 1.133720377806550459e+04 9.145822485525997763e+03 2.351190974155806543e+04 -4.196803532064185674e+03 -3.391792670054107020e+03 -3.151299978904299678e+03 -2.011968173754301824e+04 -1.764215176566211085e+03 -2.531758586724522957e+03 4.570464511558320737e+03 -3.834399968237114081e+03 -1.023291797178186357e+03 -1.878170746715769610e+02 1.013954494494647065e+02 -3.141749373016588834e+03 5.017763513912336748e+03 5.190395427805585769e+02 2.891298179174278289e+02 3.440826492353133290e+03
3.587026204266099285e+03 8.213092330417019184e+03 1.026435767314228360e+04 -7.256772826540485255e+01 -1.799596579254498920e+03 -4.889992195048554322e+02 -3.564670559359274921e+04 3.571653986221604669e+02 9.298991596800840398e+02 2.164116580091013020e+03 -3.757745368826219419e+03 -8.816994216012919878e+02 1.650861309098776530e+02 7.721027985809572556e+02 2.044301545837962522e+02 4.369322593372696247e+03 3.409559971446934924e+03 8.448026850036525275e+02 -9.402991387428037342e+02 -1.321250903093864963e+03
-3.390361032988087391e+04 7.461490853905177210e+04 1.565464070198635163e+05 6.688038500037605409e+05 9.269461209923577553e+04 7.429178814210163429e+06 -7.226347487304396054e+04 -6.452495208701075753e+05 2.697222315995696001e+06 -1.839428319571936736e+06 -9.099011106334049255e+05 4.952719504703676794e+05 -1.449154183666315657e+04 -1.352397542225514771e+06 -1.006791201424730825e+06 1.677897437323605482e+04 5.029670213864884863e+04 3.157114726211919697e+04 3.748489633779013529e+05 3.634773474928404903e+04
-3.771315434967391775e+04 4.238908057711128640e+04 -2.853801297099385920e+04 3.704656502632443153e+04 -3.314501203949099818e+03 -2.502345855454220782e+03 9.126710452516171017e+02 2.366173676923341918e+04 1.533847844150578794e+03 1.434145722859728266e+03 -6.376811645720795241e+03 2.880700884749126271e+04 7.910478501275012604e+03 1.935974947744938163e+03 8.840564354322055806e+03 -1.975183679708217142e+03 7.030829980414177953e+02 6.221176710683871534e+03 3.433523332272582593e+03 2.010680806103792975e+02
-2.592836166508899259e+04 4.489571777559498150e+04 7.560678517983650090e+04 1.682664205134041258e+05 1.344582463321686009e+04 1.465087101804690668e+06 1.303311602301214634e+03 -2.234127874870529922e+04 -1.767256285737642429e+03 3.322086424410602194e+04 3.651204452476602455e+04 -1.436459442051046972e+04 -8.613652453754984606e+01 9.688744406943846843e+04 6.216349611840478610e+04 8.625871688165148953e+03 -2.411140785878137103e+04 1.767973441868671216e+04 -9.595046777514930000e+04 -8.807482461357318243e+03
-4.174753997864812845e+03 3.735958353070073372e+03 6.122244830911376994e+03 8.665250922782857742e+03 -1.809909012631138239e+03 -1.330950075827532146e+03 1.779421443012116924e+03 -8.870487649833416071e+03 -7.165032278126623169e+02 1.523936622040267821e+03 -2.109839871650523037e+03 5.043223102906355138e+01 -5.094538393142987509e+00 -2.545529600072203209e+02 1.469398354888438405e+02 2.172508711198852538e+01 -9.951638519733876365e+00 1.550782205741656981e+02 -8.400594616651980573e+01 -1.133738318042052697e+03
-2.161140540240687187e+04 4.096781239618371910e+04 -5.727111530517947358e+03 -8.445797729590434756e+03 -2.845934090894677979e+02 3.766061051193851199e+02 -1.172675858499229207e+03 -5.162351326779155443e+02 8.218254138912203643e+02 2.260391996831412143e+03 -2.798365720364441586e+03 -7.316793654189221741e+01 -2.404217604298818145e+01 8.210214752666437334e+02 -9.706467003535611866e+02 4.305998618932782733e+02 -2.904280973960208030e+02 -3.207210300112450341e+02 -6.667952985833530022e+01 3.805883112205889347e+02
-4.034159857537198695e+04 3.612888234041824035e+04 -2.382751830833443091e+04 -4.102445859771593859e+03 2.974044504809193313e+03 1.736856758419656671e+03 -8.055142520156792898e+02 4.668887033619060276e+03 -4.188581218272395927e+04 -5.464253432663073909e+04 -2.645643926599343831e+04 -9.381438730192241565e+03 2.472008168719217338e+03 6.227120441744846175e+03 6.632581041769372860e+03 3.737726810405647939e+03 1.453793321115792423e+03 -1.001932043893488526e+03 3.157508183350053059e+02 -5.112090101578053691e+03
-8.266138873494557629e+03 1.211868570790124068e+04 1.944665640620659906e+04 6.646559175649974804e+02 -9.864819351181346292e+02 -4.437187724490829623e+02 1.472746200762219360e+03 1.992545933694281075e+03 -3.645712784069897339e+02 -5.738680424709938052e+03 1.119478091684036190e+04 2.763660222429798978e+03 1.486808872881406955e+02 -3.353475372235901091e+02 1.755106683304991577e+02 -4.331473558604521372e+02 -1.322784524144674378e+03 -2.954034478063279039e+02 6.528421151384600307e+02 -1.058488850760746345e+03
-2.268955508934072714e+04 2.217990958168550060e+04 2.524409818088449902e+04 5.256338488738880551e+04 1.670060596218267892e+04 5.815192330433254392e+04 -4.714875716108374036e+03 6.135382377817633824e+04 -1.888653760664935980e+05 9.935863825625657046e+04 3.801799002635345096e+04 3.542285258769345091e+04 -5.586948865209728865e+03 -1.665052940725451335e+05 -1.773031543669730017e+05 2.847058459683305773e+04 -4.266009008677530073e+04 5.156972328555530839e+04 -1.331344025221370393e+05 -4.167404635186237101e+03
-6.885724935957828166e+03 1.665625871182941046e+04 2.590182299127784427e+04 1.285852926881003259e+04 7.209044232068185920e+03 1.359106757683623291e+05 1.255462500916595445e+03 1.018036716806816548e+04 -8.264374236973558436e+04 7.014792801531749137e+04 2.806728217481349202e+04 -2.964695692814121139e+04 9.503420380840810822e+02 7.721361212155292742e+04 7.149716320108277432e+04 -2.450084105213036878e+02 1.533066703255069797e+03 -6.287510835684981430e+03 -9.272427919467159882e+03 5.318100502226118351e+02
-1.004808274425405398e+04 1.210229615548497350e+04 1.814006749084257899e+04 1.711400123281961896e+03 -7.390868985200784209e+02 1.848002346339708879e+02 2.696764671540599352e+02 4.489065209488684559e+03 2.591753915162635167e+02 -4.714764394829798562e+02 6.114543697023430013e+02 -5.029417907947974527e+03 -8.864079691887920944e+02 -1.477788675923673873e+04 1.216533452835047501e+04 3.721124762871919302e+03 -9.645444105931932199e+02 8.943376813183454033e+01 1.047628376397737611e+03 2.861415026175380376e+02
-3.937153958005669847e+04 9.400567375560969595e+03 2.847170868239001720e+04 -7.704187854615644937e+03 -4.774978464673319650e+03 6.019810164568499431e+02 -9.283654984462926222e+04 9.804378563949621821e+03 -1.180067871268931049e+04 -9.444628457886305114e+03 -3.087097540681488681e+04 -2.959314100704528391e+04 -1.036357618702884065e+04 -4.091347559392800031e+04 4.181658393500300735e+04 -5.402395853004803648e+05 -4.130519698641551659e+05 -2.224136468164364123e+04 -2.088010960122931283e+04 2.494672799212529571e+04
-2.439693726185385094e+04 2.785909549516776679e+04 2.033006668368080909e+03 8.018086732002616372e+03 3.104164919969540642e+04 3.805463467722253699e+04 -4.499613902855902779e+03 1.703136772963531621e+04 -1.283704271042754408e+05 9.303126154037643573e+03 -8.353870090060090661e+03 -1.243080261888084897e+04 3.574485723900153062e+03 -4.726609492910985864e+04 -8.353985356829439115e+04 -1.023994110119387915e+04 1.450223151607293403e+04 2.534962119119771160e+04 1.984889253367295896e+05 5.987845300035765831e+03
-1.369040345882621841e+04 3.120594007878113644e+03 -1.385887475126264462e+03 1.175210594079696784e+04 -7.743116666322670198e+02 -1.357903941185244321e+03 -8.752295396939067587e+02 4.036718088921748404e+03 3.632178292033510843e+03 -6.786009531532689834e+03 1.154567152629490920e+04 -2.695538082587065583e+04 -4.875741294175188159e+03 -2.898253483194549972e+03 -1.533084114818770331e+03 -2.706808631776786569e+04 4.167927632950597763e+04 2.357865603083511087e+04 -4.015923627872579800e+03 -2.679920956520084019e+03
-4.332376167140884354e+04 4.873417784566304908e+04 -1.491819379816078981e+04 1.183625997982947010e+05 3.774330498322490166e+04 3.272267325405126940e+03 -6.657788197464812583e+03 1.238686921783806029e+05 -1.073264803249460820e+05 -3.239254324847713360e+04 -1.485637644755731453e+05 4.946661070626931614e+05 -2.562450987102032639e+06 7.993945496745551645e+04 8.424003479697836156e+04 3.541244295918357238e+04 9.498511284400306977e+03 -2.362886442389662261e+04 3.937337699184878875e+04 -6.968172246985540551e+04
-5.569963073253937182e+04 4.000524081454399857e+04 -3.540128080195652728e+04 3.386319163456542447e+04 -2.646326352393198704e+03 -2.978421476435594741e+03 -1.702351305725791235e+02 1.327873263919393503e+04 5.935383108813371109e+03 -3.183994423268693481e+03 6.244542103277305614e+03 -1.249485013510049248e+04 -9.808736907070555162e+02 3.113819815720318729e+03 -3.199804087729557978e+03 -1.210436065684011510e+03 2.932243729220827390e+03 -1.852565111011800127e+03 4.739180552032482865e+02 9.570104494953679932e+02
-1.525443992487792821e+04 7.077623064644823899e+03 9.512291142218755340e+03 3.118144729186643872e+03 -7.086784582558279908e+02 -5.911942364834347927e+02 -7.931795223836074001e+03 2.279317623415575326e+03 -2.163708608195961460e+03 -3.601951062749215453e+03 -5.938619848477857886e+03 -7.066364853734557073e+03 -1.890636402099749603e+03 -5.574262677188980888e+03 6.121128113676387329e+03 -3.533263166964429547e+04 -2.371934061963531349e+04 -7.632343087787162972e+01 -5.621747357555451572e+02 -2.617263423194281700e+02
5.753854052768985639e+03 2.185268773257794601e+04 2.373025986117596767e+04 -3.800647691292747368e+03 -3.954986899522630210e+03 -6.207367795599417377e+02 -5.887384851883682131e+04 -2.572651048690528341e+02 1.002504011154741193e+03 1.456965219484478666e+03 -1.628487964781865912e+03 1.068168853510365579e+03 3.876329737724566940e+02 1.981673598874669096e+03 -4.218535661622373141e+02 5.167224100677995921e+03 3.201643092735581831e+03 5.573703296264120581e+02 -1.001834373447366033e+03 -4.882214759858160278e+02
-4.845963014898239635e+04 -1.541570544048269039e+04 9.484239234666000584e+01 -1.433326655135140527e+03 3.801555477882268264e+01 1.424529441474404621e+02 -7.656487647675450035e+02 1.711225375156305063e+03 3.725176719076168297e+02 -3.168186584693014538e+02 5.590535728672610958e+02 1.677176792397174836e+02 -4.114007897165317331e+02 3.639853548981849940e+02 -1.299490310205508763e+02 -2.736757961005950506e+02 2.945139405312567646e+02 -6.726279036900567689e+02 2.380974075089480948e+02 2.133488693548829906e+04
-3.498391815210085497e+03 1.518645756286134201e+04 2.216164704573224299e+04 -3.056462195470201550e+03 -9.602915875031976611e+02 -2.721009138569849597e+02 1.664085735439760583e+03 2.169905310027142150e+03 8.934234523230860532e+02 1.231827321210769924e+03 -3.040181691605565447e+03 -8.241071980826845902e+02 -1.147992675061758128e+01 7.423885958606898612e+02 -7.029232349479706272e+02 5.500450354693225563e+01 2.116826949874914590e+02 -2.847733604972838006e-01 1.076136433899435758e+02 7.082368110506116921e+01
-2.566937472134184645e+04 1.230458648376452220e+04 6.922224713626831090e+02 1.683296620134039767e+04 2.689242735738885585e+03 -4.123368056171916578e+02 -1.216883924214140279e+03 1.102179119465685653e+04 -5.292966336887276157e+03 -2.764472082436476285e+03 2.117657378906540998e+03 -6.274044978028236073e+03 2.637847657900556442e+03 -1.429907314941317054e+04 -4.525724761876510456e+03 1.409265518709372554e+04 -1.713894912820174068e+04 -3.791751075601155026e+04 3.358228720246112789e+04 1.374364377077729478e+04
-4.679770990793898818e+04 1.215091367005377469e+04 -1.520415546602802351e+04 1.343445135677665530e+04 4.547817147043622867e+02 -1.254920919419478196e+02 -8.076833067681862985e+02 1.634449518992396224e+04 -9.798865599246741112e+03 -1.063435613024535269e+04 -9.655854007901918521e+03 4.640001193447296828e+04 -3.351305652708171401e+05 1.387256927966909097e+04 9.702717371192869905e+03 -1.708779389661585810e+02 1.221205099208779575e+04 -3.601216893248256838e+03 1.025727638613317686e+04 9.702828519210299874e+02
-2.643763552898166745e+04 3.733526593055090052e+04 6.763889405942482699e+04 1.420863090887261205e+05 4.313969502724552149e+04 1.271015833814267302e+06 -1.308669935687625548e+04 9.499174306960003742e+04 -1.141569845409028232e+06 9.370813689726606244e+05 4.408323173746695393e+05 -4.719446091059840401e+05 1.800154699702349899e+04 1.400029016413799254e+06 1.067892005748613970e+06 -4.399176234783912514e+04 -1.709472291622325429e+04 1.811669281306827033e+05 1.144675960023254156e+06 7.039145206546309055e+04
-2.014504633504052981e+04 1.062716118458732308e+04 2.187704603092172692e+04 -4.004992194874646572e+01 3.034039012240794364e+03 1.463018706878956982e+04 6.418620641592956417e+02 1.249289990751801088e+04 -3.150278965936685199e+04 1.978632355256641313e+04 6.865371924112106399e+02 1.736591445204674164e+04 5.441890239574639963e+03 -2.966854747822355785e+04 8.864651243631260513e+03 -4.525492308549598965e+04 7.173357789663574658e+04 -1.147044286590801203e+05 -2.054939385332365418e+04 -1.202087136806821718e+03
-4.861527781773114111e+04 -1.528545023322096313e+04 3.926004111074195180e+02 -1.310894445300799134e+03 2.645431022066218247e+02 2.705318591597918498e+02 -4.011818451356981541e+02 2.770370772597865198e+03 -1.704663882361922879e+04 -2.703577271800816379e+04 -1.266281785144886271e+04 -3.366100194919207297e+03 1.209468549727482014e+03 6.325594667348447729e+03 3.038316903134783843e+03 5.305120081100134485e+03 7.856234012019214106e+02 -9.056088188803731782e+02 -5.977154302958126209e+03 1.023680894095672329e+03
-2.630904258420914630e+04 2.841149893035297646e+04 5.016957031911267404e+04 1.091175259690539242e+05 1.000038774374322747e+04 9.036899309353417484e+05 1.997926144490206113e+01 9.057272515463351738e+03 -1.460340354278025334e+05 1.280157773420128215e+05 6.164831510326296120e+04 -4.085131871534834499e+04 2.376077860520743798e+03 1.462862847358108265e+05 1.147047375347063644e+05 -9.651308221757515639e+03 6.613409637935026694e+03 -2.398443384221104498e+04 -4.994067859096367465e+04 -3.595705907636420761e+03
-3.440633898858170141e+04 4.370198342291024892e+04 -1.064626052042681113e+04 3.781222159796579217e+04 -3.326659294419986963e+03 5.603304692726537724e+02 3.541708984687491466e+03 5.068770063791319990e+04 -1.773276820685792336e+04 6.487542251296728864e+03 -3.752926779266454105e+04 1.513532630094628548e+05 3.164126970761189295e+04 -1.271252573740497064e+04 5.780358427184413449e+04 -5.371757076918907114e+04 6.656483194680088491e+04 3.143571401094579778e+04 4.536901748569895972e+03 -3.864308359341386677e+03
-4.161313609180256753e+04 4.485833937187746051e+04 -2.857399822060958104e+04 7.342522059856487613e+04 -7.147547635326703130e+03 3.787462652981036513e+02 7.165916196461229219e+02 3.945571135009588761e+04 -5.615497919158733566e+03 1.074772644658362333e+04 -1.791488276287733970e+04 5.279061122559754585e+04 6.456094998618345016e+03 7.608573222836162131e+02 4.821134528279585538e+03 2.517853316918646669e+03 -5.197553683742189605e+03 1.329530895538381446e+04 -4.473857509560350991e+03 9.885516550589499047e+02
-3.770983126473466837e+04 5.487385780222576614e+03 1.397230955163091676e+04 2.078126879706950422e+04 7.888132223667610560e+03 5.041418500662119914e+04 -7.442846384545428009e+02 4.519229222614926402e+04 -1.758634299516984902e+05 8.380269460526382318e+04 2.220801421463676525e+04 2.007865925857896218e+04 1.205491776937907707e+04 -3.255078927226952510e+05 -2.339856602635043964e+05 -4.201601559623531066e+05 7.102285857723297086e+05 -2.104463607909047045e+06 -2.177633794808288221e+05 5.090580878107423814e+03
-1.085920375403121579e+04 1.307296181514396449e+04 2.098139479013857999e+04 3.813224548891688755e+03 -6.877767673705359357e+02 4.140565509036177900e+03 3.288779178016751757e+03 1.354234792500429467e+04 -1.481321359566234423e+04 1.147797889160729210e+04 8.472478065959423475e+03 -3.651370692576100555e+04 -5.629075951953972435e+03 -1.083810986183628556e+05 1.233341660602059856e+05 5.532367128966004384e+04 -1.634244594809509726e+04 7.207423893429443524e+03 -4.248126563769073073e+03 1.813302489245689867e+04
-1.563880337839357344e+04 1.496201799177275097e+04 2.630321937833739867e+04 1.985721819108813725e+04 1.561054282103282167e+05 -4.773985141533918068e+03 -2.811650997978850228e+03 -2.046804056155405988e+03 2.252289246385410934e+03 4.891562651619210556e+01 1.487029486423932383e+02 2.720150136069458426e+02 2.152115574121421844e+02 5.704489673318254290e+02 3.646951985274384924e+02 5.599574072981513950e+01 -6.717159325581748419e+01 -7.852210714450798434e+01 -2.088720227343978877e+02 -9.038638729546022432e+00
-5.037963260833575077e+03 1.394982229978603391e+04 2.244798792910777411e+04 4.634998159917356588e+02 -9.838126121540669828e+02 2.188307547688912382e+04 6.680720436196559604e+03 3.809991727582295425e+03 -9.558108704148895413e+03 7.906882260409970513e+03 8.159448338816694559e+03 -2.073601198377928540e+03 -1.364645570610686320e+02 8.590233936270682534e+03 3.286602452524392902e+03 2.330846010659215608e+03 -5.195510105972294696e+03 4.960663501080720380e+03 -1.963008325622725533e+04 -2.008033939217332318e+03
-1.335784412477532715e+04 5.392653224570921338e+03 2.971616937562581825e+03 1.905387220489508400e+04 -2.967550780421677700e+03 -2.583561633666754460e+03 7.440411009900009276e+02 -2.025390919334140199e+04 -1.802770929451634402e+03 4.385586316204737159e+03 -5.493329614280699388e+03 -1.757388606066574539e+03 4.256477700449544841e+02 -5.472627718535205531e+03 5.260608814052413436e+03 2.075946158333256335e+03 -5.314070374452279793e+03 -3.959156515725744612e+03 6.026868224275362081e+03 -8.006412039263304905e+04
-1.609886674399279400e+04 1.156286320300293119e+04 1.574575676034177013e+04 5.827541956995627515e+03 1.270640698178805472e+01 1.650557861469390264e+04 -4.069494461543530633e+03 1.034831111081430754e+04 -3.729360539138802415e+04 1.405131749319647133e+04 1.706791911189036682e+03 -1.460313936622810843e+03 -5.636284232696573326e+02 -2.281040852437196008e+04 -2.645275503764619862e+04 -1.299352545193357400e+03 1.338926524295719219e+03 -3.415982414301876435e+00 3.818003127946834866e+03 3.940490681460568680e+02
-4.604627741940412670e+04 -1.259906075228155714e+04 4.576054832466072185e+03 1.937791861520115162e+03 4.289908033490660273e+02 1.602205318481282848e+04 -3.010843108189032137e+03 8.336419234093518753e+03 -3.707189018879443756e+04 1.345619431214451288e+04 2.521004675497531480e+03 -1.771540826357301512e+03 -5.522307809826711491e+02 -2.169653438903723509e+04 -2.672028257042164842e+04 -1.423384993807663250e+03 1.885098753698848668e+03 -5.605461733229212768e+02 4.342865661380819802e+03 9.581481931211824303e+02
-1.170429566025151507e+04 7.539520736791134368e+03 5.231465596600163508e+02 3.707739235978299985e+04 -4.328396100114142428e+03 -3.564096653538102601e+03 -1.948340916073277640e+02 1.197979140395935246e+03 1.646713956368932486e+03 1.866045169197825544e+02 -1.470212259804127370e+03 -3.066361374860076012e+03 3.492667443101814797e+02 1.235884152206492899e+03 -8.724247211602016705e+02 1.479701218569580533e+03 -1.660341090464178933e+03 -1.506619287897222875e+03 1.799907467588913619e+02 1.257727352868826642e+02
-8.926168961393752397e+03 1.674567301293653145e+04 2.577409803861381079e+04 5.966931571917031079e+02 -2.043474317276901047e+03 -7.750643832490238765e+02 -3.325091189956924609e+03 -5.319191576782784523e+02 -8.432196074799796861e+02 -8.922061992812929020e+03 1.804619328315565872e+04 5.849043545928701860e+03 3.484494308943267811e+02 6.012662574243219069e+02 -2.375582179228135260e+02 -9.291594940138969605e+01 -1.564500494766848078e+03 -5.618403179452353697e+02 9.166104547607902759e+02 -7.051612361826048527e+02
-4.602943147526719986e+04 -1.264689863789240917e+04 3.977983541881245856e+03 -4.699698354103416165e+01 -4.530022228453654520e+02 -1.513452401315360305e+02 -8.306502588745566754e+03 2.768450996686507551e+03 -2.053515310426852466e+03 -3.485854513877727186e+03 -5.982718044148910849e+03 -6.529510876289485168e+03 -1.815652155286429206e+03 -4.565033017427120285e+03 5.397040189435899265e+03 -3.505207940036319633e+04 -2.350753317250120745e+04 -1.858441280671968059e+02 -7.520672148716735137e+02 2.543486747477951724e+02
-4.170324232268446212e+04 3.592800288983647624e+04 -2.631111025582168804e+04 -5.215194680268989032e+03 9.961860748760462911e+02 5.561228440108310451e+02 1.341938083209331126e+03 -4.304916567621631884e+02 4.213094467389594229e+02 1.276632886864747860e+02 1.716021576201648713e+03 -2.214880664581807252e+02 -6.278360627224361679e+02 -2.600806059232396592e+02 -5.757933517513069432e+01 -2.423856012809914660e+02 -3.644378215321171410e+01 -8.380023343760741454e+02 1.149647840141556401e+02 2.120631091592619850e+04
-3.072374716732202614e+03 1.075609393913959320e+04 1.734091430998552823e+04 -2.030615025766430108e+03 -6.844687263181874641e+02 -2.543867599335777641e+02 4.835515578115578137e+03 1.224436022391458209e+03 6.739909924158987451e+02 9.591058823721016324e+02 -2.441063439744958032e+03 -6.880866343329278152e+02 -9.287722059134384978e+00 9.705562578670694620e+02 -8.310485049773299124e+02 -3.614664122678119895e+01 2.354795058868327544e+02 1.108354674174161545e+02 -8.697806823739500715e+01 8.191013110561445387e+01
-2.249183729158554343e+04 8.365684157286767004e+03 -4.456642457384938098e+03 4.579096471451118850e+04 -4.947955789940842806e+03 -4.216910563553295106e+03 -7.618249484602214352e+02 5.379805824679843681e+03 3.353926255445003335e+03 -1.471602403288600954e+03 1.508968198727098070e+03 -8.530436809394206648e+03 -6.017876977500766316e+02 2.079410649086048579e+03 -2.157688497665123123e+03 -2.948006128370513466e+02 1.485560293125420003e+03 -1.071933720763609244e+03 -6.732304686217926815e+01 4.341228354643071725e+02
-4.589368464421355748e+04 -1.203300022316408649e+04 6.078931012906599790e+03 6.449570804826877065e+03 6.258107180087364395e+04 -1.690336489392045905e+03 -2.466131763986879832e+03 -5.761857160954552910e+02 2.130652173283455397e+01 -9.065215702016053001e+02 -4.412910171075056951e+02 3.337734950169694343e+02 -1.240196484897655438e+02 5.811739553175121955e+02 -3.358678130788852627e+02 1.142204032571900001e+02 8.788563715340113447e+01 3.897369094780199106e+01 5.515875041685844735e+02 4.181866744270756158e+02
-2.548082602792415855e+04 5.280238149849505135e+04 -2.730800786667314242e+03 -9.942922832991231189e+03 -1.293922237331772521e+03 2.070509964767008739e+02 -9.193378562719877664e+03 -2.568894905157549147e+03 4.101440366120260705e+02 -2.670743254441751446e+02 2.813654054949863621e+03 2.745059166406226723e+03 1.874133611517143834e+02 1.662350142709234433e+03 -1.336162703701641021e+03 8.649338306969514178e+02 -6.035848017451546639e+02 -6.011091827298247381e+02 1.387603283792273032e+02 6.965533590003649351e+02
-2.060219496299323509e+04 2.291579854029805210e+04 2.796747340806224020e+04 5.349104890542826615e+04 2.128557880370755447e+04 2.812720954533351469e+05 -8.036841808318760741e+03 5.076115065322857845e+04 -3.223882540848855861e+05 1.270658892538890505e+05 3.483044559894074337e+04 -2.938435455718481899e+04 3.916241569165730198e+03 -7.599184707881802751e+04 -1.657206385934356076e+05 -1.516655116923676724e+04 1.552804034573704485e+04 6.172351335466767341e+04 3.471408836374252569e+05 1.110899711573344575e+04
1.157106342263972238e+03 6.415964607512650218e+03 1.010127499126985458e+04 1.419536065501136181e+04 -3.170843436064820253e+03 -2.358853255371613614e+03 7.016642751098110011e+02 -2.390255629087537454e+04 -3.768567835014863249e+03 1.056969017657469976e+03 -2.111050038468265939e+03 2.148127368784569626e+03 -2.005221606025409287e+01 -1.058174127196894460e+03 1.255845451856807813e+03 -9.496245707260551399e+02 1.260110352822438927e+03 2.747414888641847028e+02 8.106528717541638684e+01 3.163623403949523890e+03
-2.498077186318731401e+04 2.631406486892719113e+04 1.344071925778906370e+04 2.127311319339059992e+04 4.416544705451138725e+04 1.061912859416343563e+05 -1.723220074456119255e+04 4.577454139849750209e+04 -3.619698877772307605e+05 6.661055775790552434e+04 -7.400150531655300256e+03 -4.627292921978038066e+04 9.580569618015855667e+03 -1.375425073673045263e+05 -2.645146302816238021e+05 -3.758171222240931093e+04 5.122431712113192771e+04 8.928945180183404591e+04 7.115093977176988265e+05 2.303182656337289154e+04
-6.030135370662675996e+03 2.112730784450778629e+03 1.897920111253503819e+03 6.494619195249423683e+03 -4.455552584721016274e+02 -8.381310173940192954e+02 -3.354886081530000297e+02 1.234979320600348274e+03 2.122564677957637741e+03 -5.223000793794580204e+03 8.824843062173620638e+03 -2.168017072252559228e+04 -4.027898492739445373e+03 -3.531926804751411510e+03 -5.484303659931151742e+02 -2.523644107498583617e+04 3.856954112310611526e+04 2.323068904303375530e+04 -3.959757173165136919e+03 -2.971086664713423033e+03
-2.645018277856951318e+04 2.216704476834985326e+04 3.698524469104292803e+04 7.614943602168267535e+04 1.103505613050111606e+04 6.076113355810026405e+05 -5.024066096188902520e+03 2.902540510204643215e+04 -2.442555351569118793e+05 1.916820166879312019e+05 8.146941900882977643e+04 -6.009940926294044039e+04 3.732340851083020880e+03 1.783708847926968301e+05 1.416319137160065584e+05 -1.662829807792543943e+04 1.756552302273163878e+04 -3.310414789273088536e+04 -9.109748369802242451e+03 -1.833416303524146329e+01
-4.149811084688273695e+03 1.844210464114035130e+04 2.644645900345720656e+04 -2.931673762261447337e+03 -1.690774568839826316e+03 -5.375952617156237920e+02 -1.962822185863722552e+03 1.012436763568782716e+01 4.740287054654949657e+02 -1.388332941858020376e+03 2.602807254216644651e+03 1.711626862990845211e+03 1.543583341679857881e+02 1.529188513154459770e+03 -1.045266130637758806e+03 3.390928386943933219e+02 7.785308076825111279e+00 -2.151109506200477597e+02 3.167584534691789599e+02 3.747162565759566633e+02
-2.114108319505197142e+04 1.468977978107118361e+04 1.548733441202812173e+04 1.050691995302666328e+04 -1.941489764795294150e+03 -1.412170911780518509e+03 -6.655524030228592665e+02 5.395346614388610760e+03 1.346235072453511293e+03 -8.818521607990689517e+03 1.703320635636346924e+04 -2.019307969057847913e+03 -5.798090517049414530e+02 7.290503648689091278e+02 -1.032332604392193616e+03 -2.049641806072178497e+03 1.527939151021960697e+03 -2.978918704991161235e+02 8.089758622200030231e+02 -7.225429581157685561e+02
-5.546119298651985446e+04 3.804472669580615184e+04 -3.275563738231145180e+04 1.625516144212416293e+04 -7.987058034341426946e+02 -1.416083918428052584e+03 9.379621780746411730e+01 7.096371587050633934e+03 4.055630058253591869e+03 -2.334524437464613129e+03 6.265412748652393020e+03 -9.276827293513179029e+03 -1.143420311903015772e+03 1.063000791825436181e+03 -1.496643316399691685e+03 -2.072633125466175443e+03 3.644683421991551768e+03 -7.076062114956390587e+02 6.102212604987062150e+02 1.081607420375244715e+02
-1.686857588190717433e+04 1.163994450429855169e+04 -2.285333491654965655e+03 7.211068234440147353e+04 -7.976710247946327399e+03 -3.034416388679855118e+03 -7.520586556305087242e+02 1.532168293733546489e+04 -8.572364581328886288e+02 5.073674610737732110e+03 -7.501259398266624885e+03 8.303730597818737806e+03 -4.937901352658943210e+02 1.731367814631764304e+03 -4.227286040495046109e+03 4.365055948533047740e+03 -5.124140531017964349e+03 1.726870816458447052e+03 -4.340480109252689545e+03 7.239622465138030520e+02
-6.708722029446287706e+03 6.612827067580187759e+03 9.096257045956481306e+03 1.653413900320747052e+04 -2.818435973928245858e+03 -2.431683618690704407e+03 5.489815816573121765e+02 -2.035052787015910144e+04 -3.215501847343651662e+03 2.426219740873810224e+03 -6.038193762942042667e+03 -3.875376491383466600e+03 -5.583188955528734141e+02 -7.503882947329067065e+03 6.008488074291170960e+03 -3.645827106160528729e+03 1.982968180046557336e+03 3.589529272157121341e+03 1.018736297205756046e+03 -1.181715114402618929e+04
-4.230074632648596162e+04 3.173283367173568331e+04 -1.181595865101451818e+04 7.022798172212296049e+04 3.528531896716216579e+03 7.898680008489934153e+03 -5.763680276387690355e+03 7.020235113786105649e+04 -8.040181862613800331e+04 -3.238103336256204420e+04 -8.247568561438926554e+04 2.313521132912283356e+05 -1.214324406624735100e+06 3.285774123662659258e+04 3.262960412621330761e+04 7.592509437942585464e+03 -2.003601040810386849e+03 -9.984261045926943552e+03 1.619860374059043897e+04 -3.105760709461279839e+04
-2.585294360095263983e+04 3.680584857085852855e+04 6.073261518320953473e+04 1.374555033279254567e+05 1.187405834082004731e+04 1.171065054482754553e+06 3.843322171120553321e+03 -6.756938913636618054e+03 -7.764348338724859059e+04 7.771616578802751610e+04 4.891879234240524966e+04 -2.986160179825912564e+04 8.166349164320522505e+02 1.255000763511026744e+05 8.873858197371398273e+04 3.611384200454389429e+03 -1.505984797322982922e+04 6.964838563326394251e+03 -7.051458752778389317e+04 -6.098804067269739789e+03
-6.009956998970852146e+04 7.915367113930124106e+03 -1.885116069636138127e+04 3.470780096208096074e+04 -3.049522166774723246e+03 -3.091147109072690000e+03 -1.447759961584334405e+03 1.425616500662344879e+04 5.449813545098834766e+03 -3.828569816027102206e+03 5.387498265282490138e+03 -1.183027852108202751e+04 -7.773736708406605658e+02 3.380918157825157323e+03 -2.975506971144938689e+03 -1.351810369864522954e+03 3.294366253242732910e+03 -1.578906684711748085e+03 6.025281798773353330e+02 1.017453478408042429e+03
-2.607470027959588697e+04 5.098028367035398696e+04 -8.306967212406720137e+03 -1.054137061024296418e+04 -4.788244148728088021e+02 5.899995803953706854e+02 -9.316329942775313611e+03 4.424281161847083581e+02 9.873451547638642296e+02 3.428259314467519744e+03 -4.999085883078702864e+03 -6.557208795161664057e+02 -1.467339734592572675e+01 6.789480303695868315e+02 -8.859795117069645585e+02 6.029838757487918883e+02 -3.810955689023765558e+02 -3.310146010912730503e+02 -2.007847231067873963e+02 3.069915161855727206e+02
-2.419103758909961107e+04 4.859101765980287018e+04 -9.187877857850251530e+03 -1.001200972981792802e+04 -2.438610424053450458e+02 5.441944873577956514e+02 -4.133170714851961748e+03 -5.692173520743120463e+01 9.003620260446094790e+02 2.916612526428194997e+03 -4.034741613698802666e+03 -2.904918730782829925e+02 -6.819096788344456428e+00 7.759882823863069916e+02 -9.587402051276095563e+02 5.438984406916289345e+02 -3.672523304739412424e+02 -3.527626912720347150e+02 -1.130635070937201618e+02 3.562056535787013445e+02
-1.598032829432053040e+04 1.174669904802802012e+04 1.391994629115348289e+04 3.122661590041396721e+03 -1.184556471736465028e+03 -6.416985551131939474e+02 -1.380349926593924647e+04 5.739390416158244079e+03 2.373996228362576858e+03 -2.220566689326781500e+02 -1.564125478042867144e+03 -1.215246431145310635e+04 -1.402680905982327204e+03 -3.067670547109863037e+03 1.214559572736155360e+03 -7.394537724809086285e+03 1.179376623642786944e+04 4.979314662214020245e+03 1.674869135067450998e+03 -5.381454536380789477e+02
-2.235486604198661735e+04 2.416618014640864567e+04 3.543543075524071901e+04 5.851090217953128740e+04 3.042747491571457431e+03 1.027573094784686982e+05 -1.545225160012829974e+03 8.473671837969534681e+04 -2.834340067104515620e+05 1.528325215690183977e+05 7.295172196053873631e+04 4.584430656133818411e+04 -8.686675688953488134e+03 -2.396390756303377566e+05 -2.578815349616229942e+05 4.549441773519771232e+04 -7.038444680056498328e+04 8.313739693864822038e+04 -2.266985218417840661e+05 -9.124035227075941293e+03
-3.885188543786621449e+04 3.614554735393062583e+04 -1.928431437533532880e+04 -1.280410324934096877e+02 3.362278403425074430e+03 1.755579447067759247e+04 -2.080799369136945643e+03 1.022364857648575344e+04 -6.862281947477857466e+04 -2.563567161726557606e+04 -1.514341436542061820e+04 -5.569973965455727011e+03 1.649428191045172753e+03 -1.870035693211021135e+04 -2.507868034628783425e+04 7.861500935109967259e+02 1.263293472028774659e+03 -7.942321736600964641e+02 3.267838858233412793e+03 -7.707681745238853637e+02
-1.708636728398345440e+04 2.835189174431263746e+04 6.586308687313713563e+03 -4.901950806097448549e+03 1.834501097847514984e+03 1.047673046542375914e+03 1.521118082522548093e+03 3.529827770442486781e+03 -3.096794889893596337e+04 -4.028766569875829009e+04 -1.560307267959708406e+04 -2.689018817350478457e+03 2.364681543432397575e+03 4.393882550741889645e+03 7.508663857060430473e+02 2.230344054615500681e+03 -6.242688887996139329e+02 -4.744686105552485742e+02 -7.202272152496884701e+02 -1.552508230545669448e+03
-4.041810824644750392e+04 3.790331428892402619e+04 -2.696407262980827363e+04 1.906780685152600563e+04 -1.255477924842210086e+03 -1.060807997969785902e+03 1.223550287891417156e+03 1.776709459916867854e+04 -5.668211757354421820e+01 1.361086408632591201e+03 -5.582822942084318129e+03 3.066330248663213206e+04 7.676730967966014759e+03 3.453477726134021850e+02 1.037839785242203470e+04 -3.169458614500470958e+03 1.898552908569446345e+03 7.107584960174807748e+03 3.720405887968678144e+03 -3.002252116668205417e+02
-1.618038646031573444e+04 1.786054183565922358e+04 3.434756825287891843e+04 3.065946711427194896e+04 2.564064080203492776e+05 -6.826301691690199732e+03 -5.191576703119838385e+03 -4.907672312125116150e+03 3.368259599152956525e+03 2.642670408754950131e+03 7.485958612369164484e+02 1.344000801592452717e+03 7.474131624353921097e+02 1.268421288116971027e+03 1.435111091525027405e+02 5.055913994151076167e+02 -6.117895667600616889e+02 2.114567217726133777e+02 -2.083527464022072309e+03 1.536533107106747309e+02
-1.298278809486136561e+04 8.369757071098751112e+03 -5.346793448156844306e+02 4.461773816661371529e+04 -5.078141673654431543e+03 -3.674317759731291517e+03 -3.631915422598094096e+02 4.103815877063795597e+03 1.484537822987306072e+03 8.407572395469815092e+02 -2.301441272385029606e+03 -1.339546088590343743e+03 3.355404128903728065e+02 1.436350544516217269e+03 -1.350341533005030215e+03 2.115864211335965592e+03 -2.481170684274191444e+03 -1.288860075494997545e+03 -3.201901746126020498e+02 1.836091278445403816e+02
-4.164317261755430081e+04 3.505875623653649382e+04 -2.542307083898804558e+04 -4.539915658575764610e+03 3.256466606397718806e+03 1.692039363210791407e+03 2.282104856931790891e+03 3.976481754076577090e+03 -4.863731761387467122e+04 -6.637228168395500688e+04 -2.985867695178030044e+04 -7.390806426954721246e+03 3.378328435024065584e+03 9.428751422314137017e+03 4.721508309870066114e+03 7.329597200650217019e+03 4.304446269805209795e+02 -1.115605422590289209e+03 -6.985769614240263763e+03 -6.801674942944924851e+02
1.020414119817597748e+04 1.827118255951869514e+03 2.578017258799264255e+03 6.099677361434810337e+02 -1.558317153534177351e+02 -1.446071068172855405e+02 -1.095712575517850610e+03 6.946127096710704052e+01 -5.538277160630136642e+00 9.279283576779508991e+00 -1.604496791496430603e+02 -1.540372208770763223e+02 -1.172426864024603432e+01 -5.217434830459889099e+02 3.836291105050475494e+02 -1.143506120665587957e+02 7.294047955611101486e+01 1.103911014445181564e+02 1.895223703066588712e+02 -4.540301203375191790e+02
-2.081491529800353965e+04 2.536192500879427098e+04 4.180535227300408224e+03 1.058841491485599727e+04 -6.083650581761661442e+02 5.134653224016007016e+02 3.229287961229106259e+03 2.940504650858150126e+04 -2.199605304515414900e+04 -7.173503918167863958e+03 -3.149502502192466636e+04 1.129996622069243458e+05 2.546375768909037288e+04 -1.242796357310104941e+04 5.068274152195959323e+04 -5.148634246487870405e+04 6.603048786401413963e+04 2.013479243543765915e+04 4.224748431478848033e+03 -4.690543400010045843e+03
-2.142296379749858534e+04 1.041763452194973070e+04 2.081903354883681095e+04 9.463889251301742433e+02 -2.021471384070288195e+02 3.780841407464973599e+03 1.269368186513015189e+03 1.459802745676941231e+04 -2.806640317478587531e+04 5.089625832834614812e+03 6.098118569305655001e+03 2.280313857896737682e+04 2.641740493399207026e+03 -6.858081959790144174e+04 -6.816523213534762363e+03 -2.935391458730933664e+04 2.976369592426181407e+04 8.545975715258411947e+04 2.587739757612833346e+05 1.352833369631474625e+02
-2.452696359903385746e+04 9.512040326119591555e+03 1.527723399178116551e+03 2.263709283835394308e+04 -2.419396850411329524e+03 -2.288706013386527502e+03 7.139452273567809470e+02 3.310276109954182175e+03 2.025607398721726668e+03 -1.230824872150466263e+03 1.557418960839493138e+03 -5.924983776748529635e+03 -4.312073458557475192e+02 6.836952620671403338e+02 -1.096387240743475331e+03 -4.526088361287750672e+02 1.206953196491485414e+03 -5.574358445328404059e+02 5.913640848984493914e+01 -2.643527440068348611e+01
-2.056971678662710474e+04 1.702555855435663761e+04 2.045649171014644526e+04 3.740814682978676137e+04 4.541791249386498748e+03 4.469572968837908411e+04 -2.352739791646743925e+03 4.244209567748149129e+04 -1.304777905288098846e+05 6.738371272935564048e+04 2.263772298003108153e+04 2.193214536960747137e+04 -3.388877225657052804e+03 -1.062388178635332151e+05 -1.127981821204400185e+05 1.471166672576062774e+04 -2.182835740864170657e+04 2.567555675515198163e+04 -7.662994788404022984e+04 -2.015071085562205326e+03
-1.796564183407655946e+04 1.416536463670041667e+04 9.573164648238633163e+03 5.271567534849916228e+03 -5.911500651686018273e+02 1.008822259990534036e+02 3.239996251780798048e+03 6.674103169258969501e+03 -1.769927287507920482e+03 1.205961761533652634e+03 1.323473009105641040e+03 1.499482221025774891e+02 -2.443610763422934178e+04 -2.893628392368377263e+03 1.219406926536243736e+04 -1.700304116570880797e+04 2.419280560340997908e+04 -5.141848025089807197e+04 -7.727279143571267923e+03 -1.330974776082315657e+04
-1.791854219479634776e+04 1.414201657623929714e+04 1.665546828029667086e+04 1.387518832622083210e+03 -1.041383865495005239e+03 4.138498119795151098e+01 -1.423562555103928753e+04 6.577883481723288241e+03 -8.560221199997033182e+03 -1.164192192619751950e+04 -1.066967290049727671e+04 -1.027347137393987941e+04 9.636313857608249691e+02 3.243853532869620267e+03 7.038897194800625584e+03 1.530093775567431713e+01 4.131655452109996077e+03 -9.451282065313556586e+02 -6.505519442589403297e+03 -6.713846776910609151e+03
-3.524441425842699391e+04 1.178637168715062580e+04 1.445507316343285493e+04 9.359982800882295123e+03 6.119413399034775694e+02 1.304539132590885492e+04 2.595996027179665361e+03 3.831054843540570437e+04 -4.155330466308814357e+04 1.914664494520594235e+04 -2.673154172047446264e+04 1.314564334532577195e+05 3.070207882282851642e+04 -3.772814138030936738e+04 6.163505172778565611e+04 -9.765686909562136861e+04 1.384372998719698226e+05 -9.459192757047677878e+04 -1.584150550664950970e+04 -5.557602230400664666e+03
-4.012186610766905233e+03 1.642404753073518441e+04 2.379653052445196954e+04 -3.052954847875237647e+03 -1.230691271829987954e+03 -3.612991357120785096e+02 2.423134848772104419e+02 1.462807783988935398e+03 7.550515678317552783e+02 3.643048292456537638e+02 -1.173204721205813485e+03 1.294356739575034076e+01 4.283992935684032943e+01 9.956585745467262996e+02 -8.122055711403979785e+02 1.493997814039009313e+02 1.450286770222907364e+02 -7.423076391300791954e+01 1.855274613700461828e+02 1.754710773706195255e+02
-1.033443703139968420e+04 8.250418212086586209e+03 1.184988135374300145e+04 -5.351447056728619600e+02 -2.700149577128585747e+02 -2.135606960287202014e+02 -5.812480294126136187e+02 1.803767551625225906e+03 -1.153443300825400365e+04 -1.804486375640148253e+04 -1.028413498137264287e+04 -2.805980570095674011e+03 -5.781763869868914298e+02 1.383581602831624195e+03 3.851900760774316041e+03 2.983174025772195819e+03 -3.574963930382796775e+02 -5.087473060910966751e+02 9.493282842051352418e+03 -1.063266640495918637e+03
-4.750282047922097991e+04 -9.728424566993131521e+03 -1.264598030615299649e+03 2.183318735370055947e+04 -2.283609335786483825e+03 -2.033078910412214782e+03 -3.736420071042373365e+03 1.558747867711679828e+04 5.846341342745555266e+03 -2.331577262770537345e+03 2.052473192722109161e+03 -2.356933737733948419e+03 3.814144485748289753e+03 5.885250957547760663e+03 1.926972745264109108e+03 1.652930671002752570e+04 -2.352979038239612782e+04 -5.666458929380327027e+04 4.906535065817341092e+04 -1.124622888522079120e+04
-2.694779561085679961e+04 4.565029837405309809e+04 -1.162092393932188315e+04 -8.303122663628037117e+03 6.026433406070542276e+01 4.450135533553773826e+02 8.495606391396868275e+02 -6.281103141452075533e+02 7.057486698992397578e+02 2.097940001544162897e+03 -2.483125630590779565e+03 1.569297704282421435e+01 -7.835833133314794807e+00 6.396175343337456525e+02 -8.463159492675121101e+02 4.083641834017829524e+02 -3.774758243349785403e+02 -3.097590776825542775e+02 -5.540866355252836684e+01 3.620684177015837122e+02
-2.457744251865191109e+04 1.530893051868360089e+04 1.153190987534217493e+04 1.448267493384374757e+04 1.399417345557244698e+04 7.112299949353741249e+04 -6.030681781865501762e+03 3.084036637738283025e+04 -1.979761390591051604e+05 4.531608347496682836e+04 -5.300760559432221726e+02 -1.150011702800141393e+04 5.510622629169155516e+03 -9.928829226683241723e+04 -1.478155656307420868e+05 -2.584365848847516099e+04 3.202354698151607590e+04 6.578572636019650963e+04 4.099484699345896370e+05 1.174978570995376140e+04
-4.497560914768552902e+04 -1.201604209123886358e+04 5.309826484159040774e+03 1.043054283205260191e+02 -3.748424338867727670e+02 1.119628517855334167e+02 -1.248291171715571863e+02 3.567363206870639260e+03 2.175775992060211763e+02 -4.081280349976337902e+02 6.180110491064101552e+02 -4.960572751337493173e+03 -8.285484604035053735e+02 -1.363918249631086110e+04 1.185007122673222875e+04 3.586646625777939335e+03 -5.047427174203558025e+02 8.135508620338127628e+01 9.193478737572451109e+02 8.169647232449573266e+02
-2.022549093271149468e+04 1.526942270031676526e+04 2.921136151323275408e+04 5.507880309828115423e+04 8.999798318157116228e+03 4.356133871884601540e+05 -1.451109402030030196e+03 1.796295186705508240e+04 -1.410549529105238908e+05 1.022022961591441854e+05 4.110506085300845734e+04 -2.336636013185977936e+04 3.086640185380545063e+02 4.203581462465025106e+04 2.762177842152163430e+04 -2.796034172743090949e+03 2.255797787206041903e+03 -9.822551484473677192e+03 -3.383751353252294939e+04 -3.432756311972679555e+02
-9.694298905714424109e+03 8.490239001255953553e+03 1.339666560593241957e+04 1.946087344681818649e+03 -5.772543344361791924e+02 -4.307603836148680898e+01 1.477696646621319132e+03 3.427999758503451631e+03 1.234318710527099796e+02 -3.889461641217089891e+02 4.082607357297001727e+02 -5.105301856400641555e+03 -8.860794930571303212e+02 -1.458396645366400480e+04 1.238450518807370281e+04 3.541565472096378926e+03 -8.688826919933718500e+02 1.674297638956997503e+02 1.047856072792252462e+03 2.956703462187721811e+02
-1.044923180513453417e+03 9.477606269497804533e+03 1.397923590688794684e+04 1.445925836043852723e+04 -3.718607513330246547e+03 -2.560356691277098889e+03 -1.969294515768929159e+03 -2.495970330758296768e+04 -3.975600135599962414e+03 -4.892320833547079815e+02 1.177926178751497901e+03 3.582829202432633338e+03 7.739672888551793051e+01 -7.280901617172665965e+02 1.149227565142855610e+03 -7.877955122597508080e+02 1.131396148068078901e+03 1.394032052084172335e+02 2.545982557491985858e+02 3.308423337969207751e+03
-3.862840877282862948e+03 1.349390635463279068e+04 2.028671036167411512e+04 -2.626943673609938287e+03 -8.144171697267445325e+02 -2.662293531317537827e+02 3.022080233541127654e+03 1.770953240885590731e+03 7.955813812693135105e+02 1.095874088869893285e+03 -2.752881954167839012e+03 -7.691683130822935937e+02 -1.304276985217186180e+01 8.084637800583715261e+02 -7.394639288418535443e+02 4.890701993451705754e+00 2.238790970895111343e+02 5.025207481659963094e+01 3.447367961575176309e+01 7.261535833234273696e+01
-8.128401085634997798e+03 2.412861032569825329e+04 1.727251063945852366e+04 -4.558516374659787289e+03 -8.450102910032544514e+02 -1.074732143803656328e+02 -1.947025510430552686e+03 2.160547915414344061e+03 8.140703440644251714e+02 1.495636770591696177e+03 -3.410567250272636102e+03 -2.443138109277826686e+02 1.179984411337994317e+02 8.376459605804384410e+02 -6.222740907942372814e+02 1.456483044342470237e+02 1.449284254221873027e+02 8.114495775298954072e+01 4.990048864250764638e+01 9.894992494418907825e+01
-3.885754238286243344e+04 3.844015346544403292e+04 -1.820402894868577278e+04 3.710542575426932672e+03 6.524432475835753576e+04 -3.876395604497004683e+02 -1.671777369203816761e+03 1.056917082525432761e+03 -3.129947152805522637e+04 -4.010621162932413426e+04 -1.809691994047061235e+04 -3.857216842723535137e+03 2.063647862063735829e+03 3.857529202163734226e+03 1.467494285133613403e+03 2.206912003982021815e+03 -3.207175426645683274e+02 -2.984997100814321129e+02 -3.287676974585270955e+02 -1.296538244802724876e+03
-3.974917303996800911e+04 2.992474114119260776e+04 7.071599825384917494e+04 2.119786576615697704e+05 2.921329843516815163e+04 2.260459814969441388e+06 -1.914860276708381571e+04 -1.197141876558182703e+05 3.777748173153723474e+05 -2.296517968083749874e+05 -1.297108764629842626e+05 6.304044928217919369e+04 5.534690031535938942e+03 -1.422523746465898002e+05 -6.509183787714028585e+04 -5.075145329514676996e+04 9.022648044844013930e+04 -1.260102463768135494e+05 5.543411406090674427e+04 7.031130045779574175e+03
-4.724272331867729372e+04 -1.390748431346883262e+04 2.404928069404421421e+03 -6.711544867863242416e+02 -1.194046188672545270e+02 5.061108723405948240e+02 -6.084883538922646949e+03 4.466677852018684462e+03 -9.126383498283215886e+03 -1.231110916518921113e+04 -8.914799478025735880e+03 -8.181292272726835108e+03 1.167155749956358250e+03 4.054642787853440041e+03 6.631528372984205816e+03 2.621555068108696673e+02 3.906496695234651270e+03 -1.066195858933878299e+03 -6.717573407363710430e+03 -6.185899567028831370e+03
-9.906024173391102522e+03 1.651491514675655708e+04 2.670715643698551503e+04 3.782677458907302025e+03 -1.609962031171879062e+03 2.551474216259529203e+04 2.710400752652354186e+03 4.171319934776122864e+03 -1.258676831635131384e+04 1.560720077909843667e+03 2.575722263090215711e+04 2.010140764455177759e+03 4.933314105897876800e+01 9.716549842656666442e+03 3.930891778569598500e+03 2.187313584280714167e+03 -7.562876713596562695e+03 5.409642482879637100e+03 -2.250276004281622227e+04 -3.387998798970626012e+03
-1.605336477769360135e+04 1.331043834907711425e+04 1.402755547027175271e+04 1.594042865647852068e+03 -1.456469620907164881e+03 -5.294679682683791953e+02 -1.994233294914008366e+04 3.617968934194076155e+03 -1.825287547069695165e+03 -2.187469099398597336e+03 -8.641117866166670865e+03 -7.719014107171999967e+03 -1.846568517674745408e+03 -5.521704907560465472e+03 6.111396464723622557e+03 -3.506047527534024994e+04 -2.385412636429329723e+04 -1.525006994068779136e+02 -6.838277196968148246e+02 -3.339615679349507218e+02
-5.290046299437343987e+04 -1.265525516310270177e+04 -1.112520455133267205e+03 6.856282759194224127e+03 -8.087445879340621104e+02 -7.130717482396984224e+02 -7.178381444027146472e+02 3.171303572578335206e+03 1.691228485416085960e+03 -8.136193993370777662e+02 1.665317165054012094e+03 -3.937580254910705662e+03 -4.605316998222349412e+02 9.092328557173716490e+02 -1.019623950685326008e+03 -9.408283038671928580e+02 1.894423424233789319e+03 1.093601803488566873e+02 -6.834442806601883547e+01 -1.919073259433708074e+02
-4.670803930297287297e+04 -1.331400582491061323e+04 3.042989703465956154e+03 1.325397455258352295e+02 -3.660388179805395339e+02 -1.470081578274419201e+02 -6.232822967190086274e+03 4.842649535179164559e+03 1.992493715268205278e+03 -6.801892947504318272e+02 -7.013961137362998670e+02 -1.148273314450763428e+04 -1.360781468849723979e+03 -2.810699103846010985e+03 9.374017351794175283e+02 -8.569519601647987656e+03 1.249641150957229729e+04 5.405614340076002918e+03 1.943450580900668456e+03 9.158503149339566107e+01
3.746973160122689023e+03 2.652317954581521553e+04 2.346029159606683606e+04 -6.646511466511172330e+03 -4.183702214710055159e+03 -1.169805102144090228e+02 -7.641903516135503014e+04 4.097604150077600934e+03 1.974543662456343782e+03 7.117420238977972986e+03 -1.312492838026995014e+04 -3.537538239449903358e+03 1.718887399583472870e+02 1.194608219258948338e+03 -1.170364369711317778e+02 5.174013177668914977e+03 3.447529355432905959e+03 8.582267939536392305e+02 -1.714933119850373942e+03 -9.714949353375648116e+02
-1.565111822506010685e+04 2.048667036234676925e+04 3.396677851449736772e+04 2.398550051632946270e+04 1.408213290311832679e+04 1.836175292621102708e+05 -1.704268109117535232e+03 3.491513027222832898e+04 -1.615029954930180975e+05 1.151685675039693451e+05 5.206802212307549780e+04 -7.379682704931292392e+04 -6.919087457710164927e+03 -8.549426763691930682e+04 1.905267469036896364e+05 7.532553606116860465e+04 -2.666221582010770362e+04 1.253163045331531976e+04 -3.154822544632164863e+04 2.506338009007180517e+04
-7.305314684881080211e+03 1.253855061316913270e+04 1.691392772316850460e+04 1.568954685737382533e+04 -4.120943770074039094e+03 -2.765675831104649660e+03 -5.852425084104613234e+03 -2.491930875334320808e+04 -4.058697026772476420e+03 -1.745161545217182493e+03 3.757752738141942245e+03 4.404865510121106126e+03 1.502902875398342246e+02 -8.917309949835029101e+02 1.385990128403785775e+03 -6.724246899298796052e+02 9.257393157885562687e+02 -7.523680792934479555e+00 4.828616070029602270e+02 3.331692656634092145e+03
-2.855228504792898093e+04 1.417443110985414387e+04 1.053945651283265579e+04 1.104106528878505742e+04 -1.611659476576489851e+03 -1.446992232562551635e+03 -1.131941079097169313e+04 1.067551662842091537e+04 4.723880354043032639e+03 -2.807320146505794128e+03 2.625969271543362538e+03 -2.103480217335706766e+04 -2.782222843744590591e+03 -2.666703755001127774e+03 -1.756396403057978617e+01 -1.151732167037397085e+04 1.717708270437378451e+04 6.035221493709822425e+03 1.985272562766910369e+03 -2.174432181464792109e+02
-4.667953903421782888e+04 6.067842953364759887e+04 -8.790765308342428398e+03 2.131093397048437510e+03 -3.079410620757846573e+03 -3.856458730326912701e+02 -4.246745464767278463e+04 7.318579641438808721e+03 2.414015333887360157e+03 4.808559627492148138e+03 -8.482278029121251166e+03 -3.530020850324408002e+03 1.442967984754626514e+02 5.234515035987918736e+02 -1.410891296131398462e+02 1.584308181866018231e+03 -1.494369701229577458e+03 -1.565005013094158130e+03 2.913425716344962098e+02 1.991577348467184265e+03
-3.910819667834944994e+04 3.635711850487681659e+04 -2.221929234384713709e+04 -3.315298859977243410e+03 2.599641030019798109e+03 1.304544047363746131e+03 -5.611903468576043451e+03 3.991677738283229701e+03 -3.372209692798650212e+04 -4.277484244078307529e+04 -2.325975603749015136e+04 -1.025429043704729702e+04 4.026306506200048716e+02 -1.524834652175862857e+03 7.162790460024280037e+03 -3.288505210012617317e+04 -2.411315516544608909e+04 -4.502570374609667851e+02 -1.754374631850071182e+03 -1.460548585888313255e+03
-4.170569853012431849e+04 3.566951537767198897e+04 -2.472702541049672800e+04 -2.150676723236975249e+03 2.602402843072048199e+03 1.262196716088009453e+03 2.139134386596199874e+03 2.137510567544471996e+03 -3.100423441862583422e+04 -3.972437739399601560e+04 -1.564639807826947072e+04 -3.859406186008812256e+03 2.197405870810351644e+03 3.486697873221015016e+03 1.421154706905536159e+03 2.164999739239672635e+03 -4.907765030914620183e+02 -2.921943385272501814e+02 -1.049295390231101010e+03 -1.918220264845780775e+03
-4.880135713649411628e+04 -1.576627276841829007e+04 -1.038894152930532186e+02 -1.416101039884749525e+03 -2.622749385976513281e+01 1.009343249039277737e+02 -3.922316889726706108e+02 -2.467926075760412630e+01 2.605419226496189253e+02 3.976216069393382782e+02 -1.485671558870691911e+01 3.541764323240347494e+02 6.713474618743589417e+01 1.313264168458944425e+02 -9.007352083044578706e+01 1.379962223155999084e+02 -4.777438000202334223e+01 7.448610351666998497e+01 -1.867387583386364369e+01 -6.497280277142789373e+02
-1.973451364456512238e+04 1.189169867766128118e+04 1.112480902251027874e+04 1.025285694813213559e+04 -1.232211291204648433e+03 -4.872830309851174206e+02 8.546276523394548121e+02 7.335055745266110534e+03 1.806534657846169466e+03 -1.971031100614997513e+03 2.917593978552111821e+03 -9.011104656544897807e+03 -1.344803801152261940e+03 -1.395393599226537663e+04 1.161319836564190700e+04 2.571958463580952412e+03 8.878757022522092939e+02 -4.678069834853493347e+01 1.338600004076035020e+03 4.307130993390126150e+02
-2.477630515851119708e+04 3.078409732606519174e+04 2.999664890042077241e+04 7.612023462207337434e+04 2.992467788970910988e+04 6.116108975517452927e+05 -8.829628461869642706e+03 5.358518511311155453e+04 -4.963744263992229826e+05 2.357132129213989247e+05 7.528861159320781007e+04 -1.009677984289508022e+05 1.058638621685718863e+04 9.052305908288290084e+04 -5.105777819069047109e+04 -3.917433514599915361e+04 4.697435507766405499e+04 5.792033400740368234e+04 5.737343858506324468e+05 1.906473334441654515e+04
-2.471385658643139323e+04 2.320904133819487470e+04 2.256119740342036675e+04 4.697204254285495699e+04 1.070178509504544854e+04 2.933750431373590254e+05 -3.913393102191400885e+03 3.365539003513656644e+04 -2.205839534743295517e+05 9.722929060880762700e+04 2.935501505973325038e+04 -2.489234863957748530e+04 3.719400443494866977e+03 -3.900438858720432108e+03 -5.398437500994020229e+04 -1.744772764167726928e+04 2.156435295453060826e+04 7.398548173307024626e+03 1.707348621577466256e+05 5.143383497771073962e+03
-1.592879272246936853e+04 4.207099917213385197e+03 8.449687463645700518e+02 1.494932005630065214e+04 -2.063095276083801309e+03 -1.864074112602692139e+03 1.002619497148916935e+03 -5.448217562711009123e+03 7.529651938315695361e+02 -1.817599748997568270e+02 8.233588190268841345e+02 -4.775269285735219455e+03 -7.522346775666201211e+02 1.925480332688632927e+02 -5.802849213645573627e+02 -1.471673199699735733e+03 2.534348701760849508e+03 3.524615772810656154e+02 -8.421731841499997984e+01 -5.934604841843834038e+02
-1.798842538146696825e+04 4.954870057952361094e+04 6.624427122062076523e+04 1.691498248945044761e+05 3.257345805549751822e+04 1.649393917458940065e+06 -4.989629612342580367e+04 -3.554240069386406685e+04 -9.466300144692294998e+04 2.129001645318601732e+04 -3.333268620656186977e+04 -5.057967760211412678e+04 6.858889694239965138e+03 2.927014878705757292e+04 -5.219288908171098592e+04 -2.847925344146874340e+04 3.904351533213146467e+04 4.968354969310510933e+04 5.149812770130569115e+05 2.295569178063119034e+04
-4.733410029306398064e+04 -1.471470582119720530e+04 1.337741213377124495e+03 -1.191043432244125142e+03 1.082702170811281093e+02 1.464751155872706079e+02 -9.330878389334985741e+02 2.454358437856588353e+03 -1.145293653992058898e+04 -1.825128425242725280e+04 -9.578729181979095301e+03 -2.578202070426899809e+03 -5.304120666469742673e+02 2.218946000229444053e+03 3.294506372745142016e+03 3.135890651222888664e+03 -2.463535101106466811e+02 -5.174365256127579187e+02 9.203982544734666590e+03 -6.858760704767756806e+02
-8.704290390537315034e+03 1.423274175954925158e+04 2.243856732200835540e+04 1.661923255888948006e+03 -1.242466521532172692e+03 1.137911714290119335e+03 -5.950050477437931704e+02 2.971136953724417708e+03 -7.962569100063154110e+03 -3.054902413845634783e+03 1.606707279954764090e+04 5.335431555158707852e+03 -6.904766034398589269e+00 -7.350612679832092908e+03 -7.550994278000385748e+03 1.044007512093413197e+03 -3.394492679598999985e+03 1.980533934579274955e+03 -5.664707204778377672e+03 -1.135632233989785163e+03
-1.880992973114436609e+04 1.912688399663798191e+04 2.672018117594678915e+04 4.115116557093004667e+04 1.350948853109943957e+04 2.860647263832355966e+05 -8.529160055508758887e+03 4.626764083531007054e+04 -4.251925845319404616e+05 2.818395867708442383e+05 1.129637123055636766e+05 -1.413039513342891878e+05 6.864506927220239049e+03 3.306205883504707599e+05 2.096153176991727669e+05 -2.218970627283355861e+04 1.142192847707185865e+04 7.533517139801131270e+04 5.343853347944502020e+05 2.856422852116516151e+04
