2.099516953713401017e+04 -3.093364704694577085e+03 -3.395692535204426349e+03 -4.312914836620520873e+02 1.632688026197752720e+02 9.576812257691354091e+01 -9.449600280651343098e+01 2.137859068282537578e+02 5.141685828031418382e+00 -4.420235061702754109e+01 1.123771369403966247e+02 4.006630320107284859e+01 4.025076644560063421e+00 8.525736949665247977e+00 -8.427321812719334559e+00 8.718392554902449021e+00 -3.282690032475998265e+01 -2.476360741192646842e+01 5.119356131717525571e+00 1.808562464475250708e+00
-5.154372930190373154e+04 -1.269179665738620497e+04 2.800503887082957704e+02 4.931883897909831830e+03 -7.103381309263698995e+02 -5.398045541099110096e+02 -7.344812785548763259e+02 2.611091295491846722e+03 1.222924028418049829e+03 -1.547146566723724845e+03 3.189431542080337294e+03 -2.487516775286988377e+03 -3.272600854794962970e+02 7.321463741210717444e+02 -8.052466976195202051e+02 -8.091928839928137904e+02 1.311209771353017459e+03 5.948798789811239374e+01 2.112086384202905620e+01 -3.035507667624859778e+02
-3.448023570471024414e+03 1.532823285898848189e+04 2.229928389850452731e+04 -3.085245134953623165e+03 -9.729476945736438438e+02 -2.728591513093364824e+02 1.493262390159264214e+03 2.199995097220565185e+03 9.006380570114663442e+02 1.237580820830683706e+03 -3.050151474410956325e+03 -8.217268180379693376e+02 -1.050200671223683990e+01 7.400560630795746420e+02 -7.005051876149460668e+02 6.206896979502413814e+01 2.087733928559004823e+02 -5.346065478759848055e+00 1.127634746449078307e+02 7.124736166525647718e+01
-4.260962325147403317e+04 3.583842751717921783e+04 -2.622811379819220019e+04 -5.116946710453739797e+03 9.132361627148828802e+02 4.989753160397066836e+02 1.728177958609659981e+03 -2.218611349718681595e+03 3.045455068856800835e+02 8.541977798765495891e+02 1.106472895296245497e+03 -7.792816314169840552e+01 -1.458899073165560480e+02 -5.319770094386245773e+02 9.981802513195130899e+00 1.461177928637784476e+02 -3.419316529755798229e+02 -6.898843635267466823e+01 -1.414926287609863209e+02 -7.899197510742241093e+02
-1.563577366082570916e+04 1.495925150605149793e+04 2.629737641972899655e+04 1.984827533228612447e+04 1.560278014093976817e+05 -4.772143704029838773e+03 -2.809580223134650169e+03 -2.045583833870203307e+03 2.250336613600255532e+03 4.763159218217626290e+01 1.468813421014734786e+02 2.745289021973594572e+02 2.153926441920872890e+02 5.695769468101930215e+02 3.653317949692470279e+02 5.687776463926478954e+01 -6.881257617622823375e+01 -7.922285832807411055e+01 -2.074112073327279688e+02 -9.315408198881835133e+00
-1.297773426583549372e+04 8.339395673114766396e+03 -5.358043598756895562e+02 4.435805113012687798e+04 -5.049440387843546887e+03 -3.686079486174681278e+03 -3.619271156863624697e+02 3.999271799257093789e+03 1.519518422664958507e+03 7.864070614359495721e+02 -2.232365468088853049e+03 -1.465968975522694791e+03 3.437722992337857590e+02 1.437213473842721669e+03 -1.320921609052308213e+03 2.087770477557897721e+03 -2.445883868082743447e+03 -1.325817069593360429e+03 -2.724203978395290164e+02 1.776896063519023983e+02
-4.215565092991925667e+03 3.733063311024623545e+03 6.105189410376859087e+03 8.680159558634382847e+03 -1.810343214710604570e+03 -1.332193829724952820e+03 1.776895624064623689e+03 -8.861878756808971957e+03 -7.125431882257327061e+02 1.519079298351855414e+03 -2.101362107584422120e+03 3.649297126516825784e+01 -7.318922126761301605e+00 -2.535267634647626096e+02 1.449396089887999892e+02 1.717309393524512018e+01 -2.128570279397672849e+00 1.563003602623193444e+02 -8.404913392388787940e+01 -1.133456048861189856e+03
3.746973160122689023e+03 2.652317954581521553e+04 2.346029159606683606e+04 -6.646511466511172330e+03 -4.183702214710055159e+03 -1.169805102144090228e+02 -7.641903516135503014e+04 4.097604150077600934e+03 1.974543662456343782e+03 7.117420238977972986e+03 -1.312492838026994832e+04 -3.537538239449903358e+03 1.718887399583472870e+02 1.194608219258948338e+03 -1.170364369711317778e+02 5.174013177668914977e+03 3.447529355432905959e+03 8.582267939536390031e+02 -1.714933119850373942e+03 -9.714949353375648116e+02
-2.592836166508898896e+04 4.489571777559498150e+04 7.560678517983650090e+04 1.682664205134041258e+05 1.344582463321686009e+04 1.465087101804690668e+06 1.303311602301214634e+03 -2.234127874870529922e+04 -1.767256285737639246e+03 3.322086424410602194e+04 3.651204452476602455e+04 -1.436459442051046972e+04 -8.613652453754984606e+01 9.688744406943846843e+04 6.216349611840477155e+04 8.625871688165148953e+03 -2.411140785878136739e+04 1.767973441868671216e+04 -9.595046777514930000e+04 -8.807482461357320062e+03
-3.390361032988087391e+04 7.461490853905177210e+04 1.565464070198635163e+05 6.688038500037605409e+05 9.269461209923577553e+04 7.429178814210163429e+06 -7.226347487304396054e+04 -6.452495208701075753e+05 2.697222315995696001e+06 -1.839428319571936736e+06 -9.099011106334049255e+05 4.952719504703676794e+05 -1.449154183666315657e+04 -1.352397542225514771e+06 -1.006791201424730825e+06 1.677897437323605482e+04 5.029670213864884863e+04 3.157114726211919697e+04 3.748489633779013529e+05 3.634773474928404903e+04
-2.572342532626168759e+04 5.073764290467696992e+04 -8.405713445094999770e+03 -1.050422876775744044e+04 -4.538175474178776199e+02 5.853788965652945535e+02 -8.679135947561740977e+03 3.797708815398642628e+02 9.800959268167547407e+02 3.374132490008559216e+03 -4.896743365020063720e+03 -6.088435891074880146e+02 -1.312656673920171180e+01 7.021933066098931704e+02 -9.033730375548867642e+02 5.983367600231069900e+02 -3.786673555036264247e+02 -3.357938464659016518e+02 -1.904129758016367759e+02 3.152267377332825049e+02
-8.103826152903462571e+03 1.324523411958728866e+04 2.067032135243235825e+04 6.381030574709358234e+02 -1.058377685906141551e+03 -4.423441644615313066e+02 9.441859608215751223e+02 2.309402081517883289e+03 -4.012513838129258943e+02 -5.635403625896296944e+03 1.112580012851596257e+04 2.756624136740572339e+03 1.514360577819081470e+02 -4.704971418789938298e+02 6.408673711409831242e+01 -3.780235088552508387e+02 -1.370227890218801122e+03 -3.111123916930453106e+02 6.179667966449204641e+02 -1.061333522692440965e+03
-5.569963073253937182e+04 4.000524081454399857e+04 -3.540128080195653456e+04 3.386319163456542447e+04 -2.646326352393198704e+03 -2.978421476435594286e+03 -1.702351305725791235e+02 1.327873263919393503e+04 5.935383108813371109e+03 -3.183994423268694391e+03 6.244542103277306524e+03 -1.249485013510049248e+04 -9.808736907070554025e+02 3.113819815720319184e+03 -3.199804087729558887e+03 -1.210436065684011282e+03 2.932243729220827390e+03 -1.852565111011800127e+03 4.739180552032482296e+02 9.570104494953681069e+02
-4.142454675950141245e+04 3.523850570149484702e+04 -2.515506530893176750e+04 -4.466433699781153337e+03 3.209028064838178125e+03 1.699567357136364990e+03 1.763476369302904459e+03 4.092785316881571816e+03 -4.750326482840349490e+04 -6.440203181907714315e+04 -2.928720186911208657e+04 -7.725173647918448296e+03 3.226093495274218640e+03 8.890972319773056370e+03 5.042511881140103469e+03 6.726269444693120931e+03 6.023368736693598748e+02 -1.096511664455956407e+03 -5.759330611979780770e+03 -1.424599122030882427e+03
-1.196348100089448417e+04 1.551201305832316575e+04 2.611170430386141743e+04 2.333622923709665338e+04 3.431609719062537351e+03 1.957459514418708277e+05 -4.953158841652513047e+02 6.898590223825572139e+03 -6.844288744981637865e+04 4.960481202155826759e+04 3.680466651065306360e+04 -1.623978537931077881e+04 1.096845791565285481e+03 5.937250570091452391e+04 4.272889116261220624e+04 -3.801610663593346999e+03 6.549975412078427439e+01 -4.716951405279947721e+03 -4.149633426538426647e+03 -1.527584525502083579e+03
-1.131736509064628808e+04 8.704719570758908958e+03 1.254555688926236871e+04 3.242429980762895866e+03 -6.715057132015165280e+02 -1.536987489396449291e+02 1.307420375507323115e+03 3.886185429014585679e+03 3.535369378671904883e+02 -6.029246112949762164e+02 7.394067245332680614e+02 -5.672013641505302985e+03 -9.520695339964277082e+02 -1.447746895740736363e+04 1.231101302869590654e+04 3.386593794931348839e+03 -6.187106667216295364e+02 1.293478138688276715e+02 1.108585157011774527e+03 3.169086106094390516e+02
9.014903392843087886e+02 6.696744863342547433e+03 1.044204874625961020e+04 1.422638357184431698e+04 -3.214917631848355995e+03 -2.376273722633643956e+03 4.786999567069298109e+02 -2.397618647100398812e+04 -3.783065734411813992e+03 9.379011422872439425e+02 -1.859724091355950122e+03 2.255666592159073844e+03 -1.242139303714054677e+01 -1.038488222511261483e+03 1.252048677913894153e+03 -9.371787521137498516e+02 1.249600799902026210e+03 2.637052898306435509e+02 9.696868895250342746e+01 3.173538710584126875e+03
-4.042270839833164791e+04 3.790526278638518852e+04 -2.697182097312936094e+04 1.907056595702906998e+04 -1.256398650870260099e+03 -1.060927000112190171e+03 1.223006628831157059e+03 1.776737413711445697e+04 -5.665659459062241865e+01 1.360677998662256414e+03 -5.582048255163729664e+03 3.066334923661582070e+04 7.676818489016571220e+03 3.452515892717042902e+02 1.037861782378534917e+04 -3.169326550489249712e+03 1.898287322294795331e+03 7.107361876465457499e+03 3.720568409066731874e+03 -3.002866525419843811e+02
-4.679770990793898818e+04 1.215091367005377469e+04 -1.520415546602802351e+04 1.343445135677665530e+04 4.547817147043622867e+02 -1.254920919419478338e+02 -8.076833067681865259e+02 1.634449518992396224e+04 -9.798865599246739293e+03 -1.063435613024535269e+04 -9.655854007901918521e+03 4.640001193447296828e+04 -3.351305652708171983e+05 1.387256927966909097e+04 9.702717371192869905e+03 -1.708779389661585810e+02 1.221205099208779575e+04 -3.601216893248256838e+03 1.025727638613317686e+04 9.702828519210299874e+02
-1.605096087687483487e+04 1.330505053592808144e+04 1.402598936449996654e+04 1.593524212999431256e+03 -1.455865244241096889e+03 -5.294730663053195485e+02 -1.992997425657296117e+04 3.614653010518512019e+03 -1.826201404090495771e+03 -2.189983494636501291e+03 -8.635965945241703594e+03 -7.716329070267656789e+03 -1.846479389882312262e+03 -5.521645126543702645e+03 6.111426707804736907e+03 -3.506049155906790111e+04 -2.385438299331611779e+04 -1.524414713819255951e+02 -6.836405956906256733e+02 -3.337739742149329345e+02
-3.937153958005669847e+04 9.400567375560969595e+03 2.847170868239002084e+04 -7.704187854615644028e+03 -4.774978464673319650e+03 6.019810164568499431e+02 -9.283654984462926222e+04 9.804378563949623640e+03 -1.180067871268931412e+04 -9.444628457886305114e+03 -3.087097540681489045e+04 -2.959314100704528755e+04 -1.036357618702884065e+04 -4.091347559392800031e+04 4.181658393500300735e+04 -5.402395853004804812e+05 -4.130519698641552241e+05 -2.224136468164364123e+04 -2.088010960122931283e+04 2.494672799212529935e+04
-9.045574359854303111e+03 2.509472781560665226e+03 6.052602049672834710e+02 8.564211321167173082e+03 -5.749691222825025534e+02 -1.042737895624301473e+03 -5.479558260491886585e+02 2.337874444150976615e+03 2.716819043223620156e+03 -5.838273971440328751e+03 9.895888114277091518e+03 -2.375673958914054310e+04 -4.361648984331933207e+03 -3.282483414749741769e+03 -9.360360308197105041e+02 -2.595746211705441965e+04 3.979367801747011254e+04 2.336766508746085674e+04 -3.981866910769650531e+03 -2.856470254596074483e+03
-2.441916114927985836e+04 2.788419671664615089e+04 2.262275501637662728e+03 8.488682644348427857e+03 3.063835576325114380e+04 4.190243069915546948e+04 -4.484240988419035602e+03 1.721976299867574198e+04 -1.298792794820962008e+05 1.041130392045187546e+04 -7.849459597239047071e+03 -1.281178244620928308e+04 3.586244970339742395e+03 -4.613874958234928636e+04 -8.280195195178274298e+04 -1.030296190615244814e+04 1.452220914260553582e+04 2.524750418524983979e+04 1.984022727637327625e+05 5.976188785448664930e+03
-2.268955508934072714e+04 2.217990958168550060e+04 2.524409818088449902e+04 5.256338488738880551e+04 1.670060596218267528e+04 5.815192330433254392e+04 -4.714875716108374036e+03 6.135382377817633824e+04 -1.888653760664935980e+05 9.935863825625657046e+04 3.801799002635345823e+04 3.542285258769345819e+04 -5.586948865209730684e+03 -1.665052940725451335e+05 -1.773031543669729435e+05 2.847058459683305409e+04 -4.266009008677530073e+04 5.156972328555531567e+04 -1.331344025221370393e+05 -4.167404635186236192e+03
-2.630632247950875171e+04 2.719070004821422845e+04 4.563282067852479668e+04 9.179608408679792774e+04 1.000440457254567991e+04 7.590454420235004509e+05 -6.308348186680076651e+03 1.819658012167605193e+04 -1.862627266429749143e+05 1.543176645268219581e+05 6.780257603977757390e+04 -4.765840526585787302e+04 3.126594906902764251e+03 1.528588035019786621e+05 1.236248259109197970e+05 -1.515647024547524052e+04 1.601512876219894861e+04 -3.649337789541023812e+04 -3.674909093649762508e+04 -2.087644830656097838e+03
-3.613594481464393175e+04 4.595533243843239688e+03 1.644182452505959736e+04 6.648100059307034826e+03 2.679715780313616051e+03 3.032001284284470967e+04 -3.724812935625480350e+03 2.110948708967635685e+04 -7.090484129232852138e+04 3.549481755974821135e+04 4.646077686880973488e+03 1.769932995336671956e+04 5.096678759482975693e+03 -5.445427494048600784e+04 -2.247071902412798954e+04 -4.540836633408046328e+04 7.122993544200665201e+04 -1.130689072102676000e+05 -2.222175657530711032e+04 -9.796109910724622978e+02
-3.054412854294091176e+03 1.064989421335001134e+04 1.721371522176332292e+04 -2.014828803792956251e+03 -6.631352865237874994e+02 -2.504169317413525562e+02 4.932142467362981733e+03 1.243278331304883068e+03 6.774224994809121654e+02 9.914256381024382563e+02 -2.510681750618745355e+03 -7.211910176610582539e+02 -1.153653140818365941e+01 9.626060629284884271e+02 -8.279153702180481105e+02 -4.085397567808152530e+01 2.383718738255545304e+02 1.149092355271956052e+02 -9.191610587402998078e+01 7.818757646692449725e+01
-4.862193317847354774e+04 -1.529850877573319303e+04 3.927209617364541714e+02 -1.317094951267342367e+03 2.648951156519422625e+02 2.711965605279262945e+02 -4.022820478153704471e+02 2.767535849403412158e+03 -1.704805624467175949e+04 -2.703425760783681835e+04 -1.266543896312872675e+04 -3.361444778754190793e+03 1.210552236512430909e+03 6.325504573637392241e+03 3.038997961948017746e+03 5.306555256438728975e+03 7.833519047013472800e+02 -9.058623609475101830e+02 -5.977052151233910081e+03 1.023608309383587311e+03
-4.845963014898239635e+04 -1.541570544048269039e+04 9.484239234665999163e+01 -1.433326655135140527e+03 3.801555477882268264e+01 1.424529441474404337e+02 -7.656487647675452308e+02 1.711225375156304835e+03 3.725176719076167160e+02 -3.168186584693014538e+02 5.590535728672610958e+02 1.677176792397174552e+02 -4.114007897165317331e+02 3.639853548981849372e+02 -1.299490310205508763e+02 -2.736757961005950506e+02 2.945139405312567646e+02 -6.726279036900567689e+02 2.380974075089480664e+02 2.133488693548829906e+04
-4.332376167140884354e+04 4.873417784566304908e+04 -1.491819379816078981e+04 1.183625997982947010e+05 3.774330498322490166e+04 3.272267325405126940e+03 -6.657788197464812583e+03 1.238686921783806029e+05 -1.073264803249460820e+05 -3.239254324847713360e+04 -1.485637644755731453e+05 4.946661070626931614e+05 -2.562450987102032639e+06 7.993945496745551645e+04 8.424003479697836156e+04 3.541244295918357238e+04 9.498511284400306977e+03 -2.362886442389662261e+04 3.937337699184878875e+04 -6.968172246985540551e+04
-1.085920375403121579e+04 1.307296181514396267e+04 2.098139479013857272e+04 3.813224548891689210e+03 -6.877767673705360494e+02 4.140565509036177900e+03 3.288779178016751757e+03 1.354234792500429830e+04 -1.481321359566234059e+04 1.147797889160729210e+04 8.472478065959423475e+03 -3.651370692576099827e+04 -5.629075951953972435e+03 -1.083810986183628556e+05 1.233341660602059710e+05 5.532367128966002929e+04 -1.634244594809509908e+04 7.207423893429443524e+03 -4.248126563769073073e+03 1.813302489245689867e+04
-4.671644323815371899e+04 -8.833421144162351993e+03 -1.316056677328759179e+03 2.173438275559758767e+04 -2.098462895800227670e+03 -2.010084638459700500e+03 -3.622622482187003243e+03 1.541245215691823796e+04 5.479739826316340441e+03 -2.392003593591393837e+03 2.052666039841050861e+03 -2.516322868954957357e+03 3.772502049914236977e+03 5.133511418345481616e+03 1.713029432046041165e+03 1.643663608952853610e+04 -2.328164593565207906e+04 -5.591206601450366725e+04 4.843004162574758084e+04 -1.023217144902201289e+04
-3.440633898858170869e+04 4.370198342291024892e+04 -1.064626052042681113e+04 3.781222159796579217e+04 -3.326659294419986509e+03 5.603304692726538860e+02 3.541708984687491011e+03 5.068770063791319262e+04 -1.773276820685792336e+04 6.487542251296727954e+03 -3.752926779266454105e+04 1.513532630094628839e+05 3.164126970761188932e+04 -1.271252573740496882e+04 5.780358427184413449e+04 -5.371757076918907114e+04 6.656483194680087036e+04 3.143571401094580506e+04 4.536901748569896881e+03 -3.864308359341386677e+03
3.990450008852726114e+03 8.246934193254557613e+03 1.043844003890407475e+04 -2.710208936241474476e+02 -1.793607319212383118e+03 -4.715852182238199930e+02 -3.568950010800576274e+04 2.994423893713842517e+02 8.942007805057077121e+02 2.223159994227237803e+03 -3.863806594067732931e+03 -7.409449558884076623e+02 1.879656279010632431e+02 7.575235958298191008e+02 2.279798205601167638e+02 4.421688149218231047e+03 3.329410267790477974e+03 8.340430187276865581e+02 -9.374074949712143052e+02 -1.316859009375067444e+03
-1.782581406198796685e+04 1.249615777678770064e+04 -2.677766268786324872e+03 7.909621640168208978e+04 -8.717605738742111498e+03 -2.866186645573446640e+03 -8.591976006054105710e+02 1.815227956638561955e+04 -1.471428569151234115e+03 6.167413154714674420e+03 -8.848117890430554326e+03 1.080516920046366067e+04 -7.040976278240686952e+02 1.799296117998431555e+03 -4.957353797298955215e+03 4.945137370115628073e+03 -5.808671557959626625e+03 2.501541431323548750e+03 -5.370436526336407951e+03 8.665242123179982627e+02
-3.770983126473466837e+04 5.487385780222576614e+03 1.397230955163091676e+04 2.078126879706950422e+04 7.888132223667610560e+03 5.041418500662119914e+04 -7.442846384545428009e+02 4.519229222614926402e+04 -1.758634299516984902e+05 8.380269460526382318e+04 2.220801421463676525e+04 2.007865925857896218e+04 1.205491776937907707e+04 -3.255078927226952510e+05 -2.339856602635043964e+05 -4.201601559623531066e+05 7.102285857723297086e+05 -2.104463607909047045e+06 -2.177633794808288221e+05 5.090580878107423814e+03
-4.604446547773987550e+04 -1.262364005940349853e+04 4.560885374779635640e+03 1.940821919670577927e+03 4.317845024686537840e+02 1.602213110561979738e+04 -2.968695774840175545e+03 8.330601557194200723e+03 -3.707399058917172806e+04 1.345221796679972249e+04 2.528743188586112865e+03 -1.765259894647967940e+03 -5.516557672358113678e+02 -2.169698902425312917e+04 -2.671956415169627144e+04 -1.422846640825818440e+03 1.883099144622455697e+03 -5.607611065858336588e+02 4.343482302856692513e+03 9.582676483637113733e+02
-5.037963260833575077e+03 1.394982229978603755e+04 2.244798792910777047e+04 4.634998159917356020e+02 -9.838126121540669828e+02 2.188307547688912746e+04 6.680720436196560513e+03 3.809991727582294516e+03 -9.558108704148897232e+03 7.906882260409971423e+03 8.159448338816692740e+03 -2.073601198377928085e+03 -1.364645570610686036e+02 8.590233936270684353e+03 3.286602452524392447e+03 2.330846010659215608e+03 -5.195510105972293786e+03 4.960663501080721289e+03 -1.963008325622725897e+04 -2.008033939217332318e+03
-2.643763552898166745e+04 3.733526593055090052e+04 6.763889405942482699e+04 1.420863090887261205e+05 4.313969502724552149e+04 1.271015833814267302e+06 -1.308669935687625548e+04 9.499174306960003742e+04 -1.141569845409028232e+06 9.370813689726606244e+05 4.408323173746695393e+05 -4.719446091059840401e+05 1.800154699702349899e+04 1.400029016413799254e+06 1.067892005748613970e+06 -4.399176234783912514e+04 -1.709472291622325429e+04 1.811669281306827033e+05 1.144675960023254156e+06 7.039145206546309055e+04
-2.272519452956487658e+04 8.137918393262001700e+03 -4.398923202713859610e+03 4.345192173274917877e+04 -4.690627921774163951e+03 -4.245937335986825929e+03 -7.303857531984109528e+02 4.571787299814082871e+03 3.587148455494317659e+03 -1.892473895252933289e+03 2.097847772410705147e+03 -9.647669311325829767e+03 -6.328634393843161661e+02 2.063786977849386858e+03 -2.015186847088740024e+03 -6.517979235268016964e+02 1.989746911258304863e+03 -1.197515021765937263e+03 1.815681302730247637e+02 4.173849356856491113e+02
-1.615637163357414647e+04 1.786214480489359994e+04 3.436408774159039604e+04 3.065120232218298406e+04 2.564666784396731528e+05 -6.826096761149231497e+03 -5.192515992265114619e+03 -4.916795417923607602e+03 3.364686672716815337e+03 2.648861164856418782e+03 7.407634981558105665e+02 1.360117185023640104e+03 7.502919963914782784e+02 1.267209226262396896e+03 1.460876091418358556e+02 5.113115369818475529e+02 -6.211713147935921597e+02 2.102550507370900448e+02 -2.084214059303589693e+03 1.530703163511707885e+02
-1.335784412477532533e+04 5.392653224570922248e+03 2.971616937562581370e+03 1.905387220489508763e+04 -2.967550780421677700e+03 -2.583561633666754460e+03 7.440411009900009276e+02 -2.025390919334139471e+04 -1.802770929451634629e+03 4.385586316204737159e+03 -5.493329614280697569e+03 -1.757388606066574539e+03 4.256477700449544841e+02 -5.472627718535205531e+03 5.260608814052413436e+03 2.075946158333255880e+03 -5.314070374452280703e+03 -3.959156515725744157e+03 6.026868224275362991e+03 -8.006412039263304905e+04
-8.898411663056822363e+03 1.674552631781891250e+04 2.579854863707349068e+04 5.812361945368513716e+02 -2.039439553262521031e+03 -7.499067627904437359e+02 -3.326078666838651316e+03 -5.147306929094160068e+02 -9.452390128670499507e+02 -8.866844581254292279e+03 1.807184162453168392e+04 5.869514798361043177e+03 3.446103742131792274e+02 5.013120128625338907e+02 -3.396753758860092489e+02 -7.595319483174077391e+01 -1.589165121218399690e+03 -5.275987688342954698e+02 8.288092707694239607e+02 -7.076741528199266895e+02
-1.708636728398345076e+04 2.835189174431264109e+04 6.586308687313713563e+03 -4.901950806097448549e+03 1.834501097847515211e+03 1.047673046542375914e+03 1.521118082522547866e+03 3.529827770442487235e+03 -3.096794889893596701e+04 -4.028766569875828282e+04 -1.560307267959708406e+04 -2.689018817350478457e+03 2.364681543432398030e+03 4.393882550741890554e+03 7.508663857060431610e+02 2.230344054615501136e+03 -6.242688887996139329e+02 -4.744686105552486310e+02 -7.202272152496885838e+02 -1.552508230545669448e+03
-1.598575014813775852e+04 1.000253653513443533e+04 1.471657725364052749e+04 6.385798406863781565e+03 2.279435649237064752e+02 1.656016195292598059e+04 -5.796642748226573758e+02 1.007436278880642749e+04 -3.747190314026115084e+04 1.371009049271219737e+04 2.430161567089866821e+03 -1.037721464187792890e+03 -5.422565700829655952e+02 -2.288739445288459683e+04 -2.645697524391103070e+04 -1.302437904233895551e+03 1.257191707656285871e+03 -4.187696638051712661e+00 3.855212904578796497e+03 4.344832465764130802e+02
-4.170324232268446940e+04 3.592800288983647624e+04 -2.631111025582168440e+04 -5.215194680268988122e+03 9.961860748760464048e+02 5.561228440108310451e+02 1.341938083209331353e+03 -4.304916567621630747e+02 4.213094467389594229e+02 1.276632886864747860e+02 1.716021576201648713e+03 -2.214880664581806400e+02 -6.278360627224361679e+02 -2.600806059232396592e+02 -5.757933517513069432e+01 -2.423856012809914375e+02 -3.644378215321172121e+01 -8.380023343760742591e+02 1.149647840141556259e+02 2.120631091592619850e+04
-4.161313609180256753e+04 4.485833937187746051e+04 -2.857399822060958104e+04 7.342522059856487613e+04 -7.147547635326703130e+03 3.787462652981036513e+02 7.165916196461229219e+02 3.945571135009588761e+04 -5.615497919158733566e+03 1.074772644658362333e+04 -1.791488276287733970e+04 5.279061122559754585e+04 6.456094998618345016e+03 7.608573222836162131e+02 4.821134528279585538e+03 2.517853316918646669e+03 -5.197553683742189605e+03 1.329530895538381446e+04 -4.473857509560350991e+03 9.885516550589499047e+02
-4.230074632648596162e+04 3.173283367173568331e+04 -1.181595865101451818e+04 7.022798172212296049e+04 3.528531896716216579e+03 7.898680008489934153e+03 -5.763680276387690355e+03 7.020235113786105649e+04 -8.040181862613800331e+04 -3.238103336256204420e+04 -8.247568561438926554e+04 2.313521132912283356e+05 -1.214324406624735100e+06 3.285774123662659258e+04 3.262960412621330761e+04 7.592509437942585464e+03 -2.003601040810386849e+03 -9.984261045926943552e+03 1.619860374059043897e+04 -3.105760709461279839e+04
5.834276500719184696e+03 2.182971158179690974e+04 2.372527245016922097e+04 -3.812440432075410172e+03 -3.957015674469985242e+03 -6.218028912264280734e+02 -5.891943523997873854e+04 -2.880066073618352220e+02 9.953709165135145440e+02 1.449137242076955999e+03 -1.602856648199483516e+03 1.117570576443530626e+03 3.931310198375283562e+02 1.999126179345688115e+03 -4.279757890476147395e+02 5.206373825301676334e+03 3.178322757453492159e+03 5.448655528410247371e+02 -1.009352873369089707e+03 -4.880298866490684304e+02
-4.602943147526719258e+04 -1.264689863789240917e+04 3.977983541881245856e+03 -4.699698354103414744e+01 -4.530022228453655089e+02 -1.513452401315360305e+02 -8.306502588745564935e+03 2.768450996686508006e+03 -2.053515310426852466e+03 -3.485854513877727186e+03 -5.982718044148910849e+03 -6.529510876289483349e+03 -1.815652155286428751e+03 -4.565033017427119375e+03 5.397040189435899265e+03 -3.505207940036319633e+04 -2.350753317250121108e+04 -1.858441280671967206e+02 -7.520672148716735137e+02 2.543486747477951155e+02
-4.589368464421355748e+04 -1.203300022316408649e+04 6.078931012906599790e+03 6.449570804826877975e+03 6.258107180087365123e+04 -1.690336489392045905e+03 -2.466131763986879832e+03 -5.761857160954552910e+02 2.130652173283455042e+01 -9.065215702016053001e+02 -4.412910171075056951e+02 3.337734950169694343e+02 -1.240196484897655580e+02 5.811739553175121955e+02 -3.358678130788852059e+02 1.142204032571900285e+02 8.788563715340114868e+01 3.897369094780199106e+01 5.515875041685845872e+02 4.181866744270756158e+02
-1.802726877319109190e+04 1.142166989840197311e+04 2.260319014032753330e+04 -9.139733807701292108e+02 3.083079246320142374e+03 1.258714693810273457e+04 1.226799866614653638e+03 1.138722964073171352e+04 -2.642931391206450280e+04 1.778254858409382359e+04 2.005853710970410759e+02 1.734690905854991797e+04 5.482976717622821525e+03 -2.652690127629526978e+04 1.286973045765755705e+04 -4.521043423722127045e+04 7.176427765084995190e+04 -1.148760572103326704e+05 -2.044699102695754482e+04 -1.235560726068546046e+03
-1.620671403844383167e+04 1.670986104938509743e+04 3.060470070103744729e+04 2.548021568401121112e+04 2.061521845393398253e+05 -5.792315953712548435e+03 -4.117724438305374861e+03 -3.304555275275417443e+03 2.732584653331477966e+03 1.373217334816788480e+03 4.468404409934496471e+02 8.722916632865965312e+02 4.828994548818935186e+02 8.167059642339567063e+02 1.856369160436398147e+02 3.356272045756554689e+02 -4.178263979447898464e+02 6.845695845292534898e+01 -1.134253059525680328e+03 8.152454468974706003e+01
-1.602166997602239644e+04 1.088079861627351602e+04 -1.899224300355967671e+03 6.587853486205337686e+04 -7.319334072976040261e+03 -3.163930913411902111e+03 -6.580263543840756029e+02 1.280316502446338563e+04 -3.435355881196677501e+02 4.130853806754039397e+03 -6.335099532826295217e+03 6.127280481695649542e+03 -3.248976921772912760e+02 1.661674152904517086e+03 -3.600205667727608670e+03 3.839633499443432356e+03 -4.495056701026502196e+03 1.083065726981621310e+03 -3.466482132973137141e+03 6.065573060814871269e+02
-6.466382423303522046e+03 1.674702213099305300e+04 2.585734687672278233e+04 1.202697034945009182e+04 7.559012983042433007e+03 1.311207874353824882e+05 1.407439087313189020e+03 1.046576259014019888e+04 -8.384167159023530257e+04 7.191399721706651326e+04 2.719387611275723611e+04 -3.081410973140281567e+04 9.341641262009343336e+02 7.864615169493030407e+04 7.390319808497351187e+04 6.798666616695398091e+01 1.675459044790841517e+03 -6.427630247187109489e+03 -9.680260168666778554e+03 7.220179052024643624e+02
-1.890237985402014965e+04 5.785704126455760161e+03 6.906059416221371521e+02 1.750382704975258457e+04 -2.177645335448675723e+03 -2.011317754253537032e+03 8.671781885313390603e+02 -2.842273494879518694e+03 1.180371609688012086e+03 -5.073255795997608857e+02 1.168853630755357472e+03 -5.226417532018723250e+03 -6.796235165272704535e+02 2.908014336377042923e+02 -7.210150371470424489e+02 -1.217084646480714582e+03 2.202894808807578556e+03 8.944013516230188543e+01 -2.797709020551108239e+01 -4.127864133853058775e+02
-4.189024865709068763e+03 1.135450625650869006e+04 1.596194280529967364e+04 1.503645674294624587e+04 -4.001628049809149161e+03 -2.686485537116359410e+03 -4.283732390279146784e+03 -2.516320171578461304e+04 -4.062404266764370277e+03 -1.370844710959072700e+03 3.016902248736478668e+03 4.254078235285024675e+03 1.298813537160814633e+02 -7.351355970224832390e+02 1.234203813561215384e+03 -7.022643168822296502e+02 1.008178447364950443e+03 4.827563431934369476e+01 3.864291487824515343e+02 3.348936513612487033e+03
-2.463526882581884638e+04 3.149619626644823074e+04 5.174575081838840561e+04 1.213963107492995332e+05 1.015632803616950332e+04 9.850871827116456116e+05 1.462783187594850915e+03 3.935676545955307120e+03 -1.212124854841923952e+05 1.084859704239127022e+05 5.524430176935689815e+04 -3.806189231948307861e+04 1.139177717048746672e+03 1.419793458441082621e+05 1.043384829915677838e+05 3.878990621963440049e+02 -9.085680776978118956e+03 2.277918358256382447e+01 -5.252727274862750346e+04 -3.990434509018411973e+03
-2.548204232787376532e+04 5.279891489870874648e+04 -2.732668088139459542e+03 -9.941900620674427046e+03 -1.293646802192492714e+03 2.070318653475290205e+02 -9.190022352844296620e+03 -2.569090178978166023e+03 4.100636044748847553e+02 -2.671700515507837395e+02 2.813765502965864925e+03 2.744879818555604288e+03 1.873875138505302971e+02 1.662220965735180471e+03 -1.336086035213747437e+03 8.647933752716149911e+02 -6.035461555551270294e+02 -6.010316226325626303e+02 1.387232187522708386e+02 6.965107454394469642e+02
-2.385462484451163618e+04 2.486420997840817654e+04 1.985899062703092932e+04 2.606566015606248766e+04 6.524290081974828354e+04 1.197540857949026977e+05 -2.522104053184604345e+04 5.138320005340837815e+04 -4.068107338129751734e+05 8.717485765783698298e+04 -3.440020882090481336e+03 -5.435636039916195296e+04 1.055315242262187348e+04 -1.586191986537564371e+05 -3.060571469498720253e+05 -4.426287458800330933e+04 5.977519011678752577e+04 1.055942142556195031e+05 8.310966173137951409e+05 2.717668291618834337e+04
-1.891526613943079792e+04 1.220119800986577320e+04 1.395681887055544939e+04 4.580054025150971029e+03 -1.102863935804741686e+03 -7.740052108405245690e+02 -9.450237608760460716e+03 7.001829178533818776e+03 2.856917803173901120e+03 -9.897739449520678363e+02 -4.900129179153068435e+02 -1.464595697024129186e+04 -1.780933608776862229e+03 -3.504675202461469325e+03 1.179093810065346361e+03 -9.438275898873602273e+03 1.358167514172894334e+04 5.631676408517554592e+03 2.099468058410539925e+03 -4.487587331395358774e+02
-4.170569853012431122e+04 3.566951537767198897e+04 -2.472702541049672800e+04 -2.150676723236974794e+03 2.602402843072049109e+03 1.262196716088009680e+03 2.139134386596199874e+03 2.137510567544471542e+03 -3.100423441862583422e+04 -3.972437739399601560e+04 -1.564639807826947253e+04 -3.859406186008812710e+03 2.197405870810351644e+03 3.486697873221015016e+03 1.421154706905535932e+03 2.164999739239672635e+03 -4.907765030914620183e+02 -2.921943385272501246e+02 -1.049295390231101237e+03 -1.918220264845780775e+03
-2.235486604198661371e+04 2.416618014640865294e+04 3.543543075524071173e+04 5.851090217953130195e+04 3.042747491571457431e+03 1.027573094784686982e+05 -1.545225160012829974e+03 8.473671837969534681e+04 -2.834340067104515620e+05 1.528325215690183977e+05 7.295172196053873631e+04 4.584430656133818411e+04 -8.686675688953488134e+03 -2.396390756303377566e+05 -2.578815349616229651e+05 4.549441773519771232e+04 -7.038444680056499783e+04 8.313739693864822038e+04 -2.266985218417840661e+05 -9.124035227075941293e+03
-6.716441755637224560e+03 6.614812436083683679e+03 9.094444297933230700e+03 1.653904025800112140e+04 -2.818783591825708299e+03 -2.432189553783933661e+03 5.481201593585117280e+02 -2.034765309172445268e+04 -3.214072466250664093e+03 2.424835011295474942e+03 -6.035834831509892865e+03 -3.880115013193387767e+03 -5.590644843180465386e+02 -7.503415014980651904e+03 6.007684725549084760e+03 -3.647397743981332496e+03 1.985636724490341521e+03 3.589801109035485752e+03 1.018748608085457818e+03 -1.181692992546995447e+04
-6.007949422529078583e+04 7.927723153561638355e+03 -1.884367616881591312e+04 3.469369102608295361e+04 -3.047899773124687272e+03 -3.090036077922638469e+03 -1.448383492267932752e+03 1.425318703619986991e+04 5.449238882247753281e+03 -3.828714029937173564e+03 5.388140676357132179e+03 -1.183493994252709672e+04 -7.785297114936250864e+02 3.376874849872573577e+03 -2.973207211406223450e+03 -1.357963345606920939e+03 3.302327370259392865e+03 -1.574622838042387230e+03 6.037878277830012621e+02 1.015877304065962676e+03
-4.713600865978793445e+04 6.135588242410559906e+04 -9.362980449333976139e+03 1.961459351967898101e+03 -3.057897968102338837e+03 -3.679890545980111369e+02 -4.245189866607556905e+04 7.232306830281841030e+03 2.424136466216233202e+03 4.869730114471112756e+03 -8.470287517397571719e+03 -3.494303785541408160e+03 1.771634312323934637e+02 5.161468667020022849e+02 -1.540776166623465713e+02 1.597231319709696436e+03 -1.514698703512622387e+03 -1.554109002903218652e+03 2.707219325088602773e+02 1.581770440151206685e+03
-2.142296379749858534e+04 1.041763452194973070e+04 2.081903354883681095e+04 9.463889251301739023e+02 -2.021471384070287911e+02 3.780841407464974964e+03 1.269368186513014962e+03 1.459802745676941049e+04 -2.806640317478588258e+04 5.089625832834613902e+03 6.098118569305655001e+03 2.280313857896737682e+04 2.641740493399207026e+03 -6.858081959790144174e+04 -6.816523213534760544e+03 -2.935391458730934028e+04 2.976369592426181771e+04 8.545975715258410492e+04 2.587739757612833346e+05 1.352833369631474909e+02
-3.974917303996800911e+04 2.992474114119260776e+04 7.071599825384917494e+04 2.119786576615697704e+05 2.921329843516815163e+04 2.260459814969441388e+06 -1.914860276708381571e+04 -1.197141876558182703e+05 3.777748173153723474e+05 -2.296517968083749874e+05 -1.297108764629842626e+05 6.304044928217919369e+04 5.534690031535938942e+03 -1.422523746465898002e+05 -6.509183787714028585e+04 -5.075145329514676996e+04 9.022648044844013930e+04 -1.260102463768135494e+05 5.543411406090674427e+04 7.031130045779574175e+03
-4.880407211991483200e+04 -1.577386287931177867e+04 -1.157041297639075594e+02 -1.418214776023070499e+03 -2.518556010944502432e+01 1.013107105167290598e+02 -3.918184054914500507e+02 -2.632863700608464441e+01 2.616220154891420293e+02 4.057203603676994703e+02 -2.983306511618297563e+01 3.504009335375002934e+02 6.694583721399251885e+01 1.311893546030940740e+02 -9.000926296909702273e+01 1.387294989019278546e+02 -4.635985583697144108e+01 7.491073104044424724e+01 -1.927500779884743309e+01 -6.498064439647715744e+02
-2.325968363901496195e+04 1.788727383684726010e+04 1.901800921461101461e+04 1.049787729855928956e+04 -2.613109836684215679e+03 -1.686325474660812233e+03 -3.929521770166674742e+03 4.326007029029678051e+03 1.586100777099569541e+03 -1.156923632539685423e+04 2.276472648092942109e+04 -2.741338333709234576e+03 -1.001595760242136180e+03 1.563435413618326265e+03 -1.894259460618567573e+03 -2.951461515660559598e+03 3.264923562790343567e+03 -4.179224847618368877e+00 7.295509749043004604e+02 -3.305136690927263885e+02
-2.038657175831549830e+04 1.720247601946962095e+04 2.046744275970186209e+04 3.774399950402927789e+04 4.553613798113716257e+03 4.470349820184594137e+04 -2.376273698397365479e+03 4.252839085940038058e+04 -1.304819450575916271e+05 6.738540180848294403e+04 2.266007005816929814e+04 2.184777942650664772e+04 -3.472425605896572506e+03 -1.061496844097534195e+05 -1.131879321086370473e+05 1.534873857989848148e+04 -2.282300185739952212e+04 2.720750094711285783e+04 -7.667121883685392095e+04 -2.005961898761499469e+03
-4.497560914768552902e+04 -1.201604209123886358e+04 5.309826484159040774e+03 1.043054283205260191e+02 -3.748424338867728238e+02 1.119628517855334167e+02 -1.248291171715571721e+02 3.567363206870638351e+03 2.175775992060211763e+02 -4.081280349976337334e+02 6.180110491064101552e+02 -4.960572751337493173e+03 -8.285484604035052598e+02 -1.363918249631085928e+04 1.185007122673222511e+04 3.586646625777939335e+03 -5.047427174203558025e+02 8.135508620338127628e+01 9.193478737572451109e+02 8.169647232449573266e+02
-5.546119298651985446e+04 3.804472669580615911e+04 -3.275563738231145180e+04 1.625516144212416293e+04 -7.987058034341426946e+02 -1.416083918428052584e+03 9.379621780746411730e+01 7.096371587050633025e+03 4.055630058253592324e+03 -2.334524437464613129e+03 6.265412748652393020e+03 -9.276827293513177210e+03 -1.143420311903015772e+03 1.063000791825436181e+03 -1.496643316399691685e+03 -2.072633125466175443e+03 3.644683421991551768e+03 -7.076062114956390587e+02 6.102212604987062150e+02 1.081607420375244857e+02
-4.208323836416785525e+03 1.442112961439802712e+04 2.152215549425053177e+04 -2.185494824404471274e+03 -1.192665936673594160e+03 -4.530234832603258042e+02 1.524693220970836137e+03 -2.648222069290062564e+02 3.950966033542059108e+02 -9.734475812087592885e+02 1.714776697685867703e+03 1.221852493458639401e+03 1.151183423718574943e+02 1.519788074371106859e+03 -1.067183561976051578e+03 1.904996931071489712e+02 7.949096610979870547e+01 -6.998575274115715672e+01 1.121522256960811887e+02 3.137281525047378068e+02
-2.416929601169170201e+04 4.837192823047193087e+04 -9.271056566793222373e+03 -9.949745289682143266e+03 -2.221378736161949519e+02 5.399945927146495706e+02 -3.730296916220436742e+03 -9.822414872141736453e+01 8.899389587280561500e+02 2.869685259133581894e+03 -3.946432770705599069e+03 -2.639185588314053916e+02 -6.795054431233723768e+00 7.744572609015334592e+02 -9.577501740395540537e+02 5.363784678436769582e+02 -3.663757605886045212e+02 -3.520391708510870217e+02 -1.066202403066782978e+02 3.582231786927850976e+02
-1.565111822506010685e+04 2.048667036234676561e+04 3.396677851449735317e+04 2.398550051632946634e+04 1.408213290311832679e+04 1.836175292621102708e+05 -1.704268109117535232e+03 3.491513027222832898e+04 -1.615029954930180975e+05 1.151685675039693451e+05 5.206802212307549780e+04 -7.379682704931290937e+04 -6.919087457710166746e+03 -8.549426763691930682e+04 1.905267469036896655e+05 7.532553606116860465e+04 -2.666221582010770362e+04 1.253163045331532157e+04 -3.154822544632164863e+04 2.506338009007180881e+04
-3.524441425842699391e+04 1.178637168715062398e+04 1.445507316343285493e+04 9.359982800882293304e+03 6.119413399034775694e+02 1.304539132590885492e+04 2.595996027179665816e+03 3.831054843540570437e+04 -4.155330466308814357e+04 1.914664494520594235e+04 -2.673154172047445900e+04 1.314564334532577195e+05 3.070207882282851642e+04 -3.772814138030936738e+04 6.163505172778567066e+04 -9.765686909562136861e+04 1.384372998719698226e+05 -9.459192757047677878e+04 -1.584150550664950970e+04 -5.557602230400664666e+03
-2.829215102124909754e+04 1.938465599981791456e+04 3.414844317124279041e+04 6.907472606016520876e+04 1.166129869143865108e+04 5.670196388999186456e+05 -2.450530552937285393e+03 3.144163240591331123e+04 -2.600079859157977626e+05 2.002337979448094557e+05 8.505029942097021558e+04 -6.082866015675463859e+04 4.431322234205021232e+03 1.762904418405108445e+05 1.423219992641015269e+05 -2.130170325879398297e+04 2.489173719765678470e+04 -4.294064710893455049e+04 -5.630170912187531940e+03 2.764159410143359423e+02
-3.352908965281111250e+03 1.195069269121052457e+04 1.873635107272851747e+04 -2.187892089837791900e+03 -8.688220658564624728e+02 -2.968499465941906124e+02 3.809249854793978102e+03 1.032672235550094229e+03 6.412292781511731619e+02 6.134233016299548353e+02 -1.699299742922986752e+03 -3.360093379316750202e+02 1.419002277936058576e+01 1.052024505720488833e+03 -8.628246524477851835e+02 1.516343827834889879e+01 2.047696377045843406e+02 6.573757314212605252e+01 -2.894980495272548282e+01 1.243059558567557730e+02
-1.729054128794128337e+04 1.412148852652254755e+04 1.663119892774625987e+04 9.261887754114613927e+03 -1.802158228570820256e+03 -1.176458518024493969e+03 -1.736142513556678182e+02 4.187019249658966146e+03 2.057815715627387760e+02 -7.264250556962902920e+03 1.414236367585908920e+04 2.935908701947736063e+03 4.023527468943261738e+02 1.447179535550444314e+02 4.683448115150735447e+01 2.338711342207346444e+00 -1.932266239660684960e+03 -1.086672455037676855e+03 1.223475495676737864e+03 -1.000149523684938458e+03
-8.156626005801028441e+03 2.411002137118062456e+04 1.722793305381898244e+04 -4.562916525450784320e+03 -8.413161075292123314e+02 -1.063809460016332764e+02 -1.902811217047694754e+03 2.158282800877379486e+03 8.126912703242097678e+02 1.497027120413511284e+03 -3.413936723359519419e+03 -2.359757371913725592e+02 1.195504334479306721e+02 8.383732759147799243e+02 -6.208950180763346225e+02 1.444871306127571984e+02 1.458896433372824220e+02 8.309611457769447895e+01 5.037560254676554905e+01 9.981887702157577280e+01
-8.329007566196232801e+03 1.066695763985312806e+04 1.795784083547561022e+04 6.017730382556947006e+02 -8.808878497943693446e+02 -3.761331431752150820e+02 2.158213499716442584e+03 1.606415099970834717e+03 -5.850244422399811128e+02 -5.721635639354761224e+03 1.133673356536622123e+04 2.826071463713364210e+03 1.334148148168819716e+02 -4.214339996608142087e+02 5.648912059680106523e+01 -4.651050891020248628e+02 -1.319718579431874105e+03 -1.794410695993994409e+02 4.626442220124578739e+02 -1.062774406901495468e+03
-1.168049467337500209e+04 7.536295198694871033e+03 5.353284844721936224e+02 3.701822424032825074e+04 -4.322752920986939898e+03 -3.563777787859733053e+03 -1.935657122556004595e+02 1.175613173668582476e+03 1.647939652033651782e+03 1.826544092672521913e+02 -1.466689904509929875e+03 -3.072653938484668288e+03 3.519231215723061723e+02 1.234831705495949109e+03 -8.667699388458155454e+02 1.479148432712972863e+03 -1.660995666742887806e+03 -1.512051192069347962e+03 1.863226010219601392e+02 1.255775071287054345e+02
-9.906024173391100703e+03 1.651491514675655708e+04 2.670715643698551503e+04 3.782677458907302935e+03 -1.609962031171879062e+03 2.551474216259529203e+04 2.710400752652353731e+03 4.171319934776121954e+03 -1.258676831635131384e+04 1.560720077909843667e+03 2.575722263090215347e+04 2.010140764455177759e+03 4.933314105897877511e+01 9.716549842656666442e+03 3.930891778569598500e+03 2.187313584280713258e+03 -7.562876713596561785e+03 5.409642482879637100e+03 -2.250276004281622227e+04 -3.387998798970626012e+03
-3.885754238286243344e+04 3.844015346544403292e+04 -1.820402894868577278e+04 3.710542575426932672e+03 6.524432475835752848e+04 -3.876395604497004115e+02 -1.671777369203816988e+03 1.056917082525432761e+03 -3.129947152805522273e+04 -4.010621162932413426e+04 -1.809691994047061235e+04 -3.857216842723535137e+03 2.063647862063735829e+03 3.857529202163734226e+03 1.467494285133613175e+03 2.206912003982021815e+03 -3.207175426645683274e+02 -2.984997100814321129e+02 -3.287676974585270955e+02 -1.296538244802725330e+03
-2.160891044361723471e+04 4.089816796915629675e+04 -5.698918019137371630e+03 -8.430803981307089998e+03 -2.852037971212148477e+02 3.749945390185080214e+02 -1.147932494961911743e+03 -5.247506200451555287e+02 8.200040588890803974e+02 2.252542692664423157e+03 -2.783074830471399309e+03 -6.984412210854478076e+01 -2.426579357964013184e+01 8.218207007192193032e+02 -9.708489404000937384e+02 4.289535762816960300e+02 -2.893595830285613602e+02 -3.197675981465170025e+02 -6.690398225853761005e+01 3.809899569256861582e+02
-4.005862724175499352e+03 1.655909883989218724e+04 2.395956132206906477e+04 -3.077951362076902114e+03 -1.250447104025746285e+03 -3.644150552583396347e+02 1.273766168179361102e+02 1.465708782990863256e+03 7.566190143766882557e+02 3.475055095333439681e+02 -1.136423560093699507e+03 3.278129552993206630e+01 4.432338185497937388e+01 9.975603474353547426e+02 -8.123605832774527471e+02 1.536610876915755171e+02 1.429148262075666196e+02 -7.761131654928762202e+01 1.895388607895424400e+02 1.762320505546876177e+02
-1.553467967972324368e+04 1.140746496447717618e+04 9.398204079552628173e+03 2.344020753333039829e+04 -4.213987567454618329e+03 -3.385324395450061729e+03 -3.247790674415356534e+03 -2.022895576480185628e+04 -1.837676127598429957e+03 -2.494264910128519205e+03 4.518383762402861066e+03 -3.479561647091820760e+03 -9.604324775367475695e+02 -1.963459287450741897e+02 1.515712787810592488e+02 -3.009415602060585115e+03 4.806628676318331600e+03 4.624301680652726532e+02 3.141633627839890437e+02 3.455435005711012309e+03
-1.525529913979938829e+04 7.070621551349411675e+03 9.504822819945262381e+03 3.121739420594929925e+03 -7.077953429270025936e+02 -5.913130573230009759e+02 -7.920329924845804271e+03 2.280027295739721012e+03 -2.163451717539035599e+03 -3.602215607590395393e+03 -5.938471158844083220e+03 -7.067806285758588274e+03 -1.890816347606430099e+03 -5.574429594480741798e+03 6.121116661966115316e+03 -3.533316191167898069e+04 -2.371880662069620666e+04 -7.623106928181391595e+01 -5.621221185610443172e+02 -2.617735189479201381e+02
-2.223525871558094514e+04 2.518230195544693925e+04 2.689467098360735690e+04 5.359277821226011292e+04 2.413639438124532899e+04 4.094989951661151135e+05 -9.401515557694892777e+03 5.010823083850658440e+04 -4.535329043919385877e+05 2.231797088067580189e+05 7.457681061425611551e+04 -1.055733067783546430e+05 9.291094608243840412e+03 1.289746412067784113e+05 -7.990754289373542633e+03 -3.434390382122268056e+04 3.607073403305748798e+04 7.424827533950997167e+04 6.115162466315157944e+05 2.405476712689747728e+04
-1.831491665240460134e+04 1.599517831791787830e+04 1.312843373391850946e+04 4.530715857933170810e+03 -2.185619140152854015e+03 -6.945308251303655425e+02 -3.198378673320947928e+04 6.697249397844256237e+03 -4.100513501497318316e+02 -2.931473322990610995e+03 -5.369229484543265244e+03 -1.117708110498798669e+04 -6.223110323636935846e+02 7.921546491892220274e+02 2.010315365934135571e+03 -1.459839840983886006e+03 7.776807464682946375e+03 1.635190147165189273e+03 -1.995826787937156269e+03 -2.149828690275060126e+03
-2.413574834580094466e+04 1.615413807664076376e+04 1.335808360119995996e+04 1.881693870846424761e+04 1.480432960536523569e+04 9.447289904462604318e+04 -6.253588451471419830e+03 3.305378685247679095e+04 -2.117997073953030340e+05 5.439939522818040859e+04 3.398870794599439705e+03 -1.348725453124401429e+04 5.333469178057664067e+03 -9.669979835705303412e+04 -1.498050181821524748e+05 -2.465731323078200512e+04 3.019071291087395730e+04 6.533436935958219692e+04 4.029698492349046865e+05 1.167858697726261562e+04
-3.771453907122791861e+04 4.239404333257312101e+04 -2.854700153592386778e+04 3.704628725535429112e+04 -3.316393710585973622e+03 -2.510453706432524996e+03 9.126143981143924293e+02 2.365807199557768399e+04 1.550544493752253175e+03 1.426951667688876569e+03 -6.375588529046475742e+03 2.880246411306951268e+04 7.911136177279655385e+03 1.945627827483936926e+03 8.851709090752176053e+03 -1.974946195797051132e+03 7.029155806465971636e+02 6.219532795140713461e+03 3.433447560651568438e+03 2.007823992215706141e+02
-2.492927038177137001e+04 3.604789106492716382e+04 6.492422197282512207e+04 1.416533334563438257e+05 1.218322686479038020e+04 1.223033895713996142e+06 5.043298106611952790e+03 -9.951693068007483816e+03 -6.406037648962551611e+04 7.354970067281788215e+04 5.010545867255509802e+04 -2.781529952195472652e+04 5.312252913180094538e+02 1.215830063672814576e+05 8.486458001200610306e+04 4.395129933345559039e+03 -1.706620499849237603e+04 9.261655488423028146e+03 -7.710810705502615019e+04 -6.770017917492183187e+03
-9.902943889204187144e+03 1.178947569202287377e+04 1.781171612393199393e+04 1.700497490177242298e+03 -7.165673290870521441e+02 1.809412031230093305e+02 4.979220911582367535e+02 4.421652196526684747e+03 2.475797661600343531e+02 -4.656429496007405646e+02 5.964618567447081432e+02 -5.037678690667293267e+03 -8.840428596354526007e+02 -1.476266823112161910e+04 1.216756071948379213e+04 3.711611314889837558e+03 -9.587442154908981138e+02 9.237438529297361356e+01 1.044963822999241529e+03 2.880720514032336155e+02
1.020414119817597748e+04 1.827118255951869287e+03 2.578017258799264710e+03 6.099677361434808063e+02 -1.558317153534177351e+02 -1.446071068172855973e+02 -1.095712575517850610e+03 6.946127096710701210e+01 -5.538277160630134865e+00 9.279283576779507214e+00 -1.604496791496430603e+02 -1.540372208770763507e+02 -1.172426864024603788e+01 -5.217434830459890236e+02 3.836291105050476631e+02 -1.143506120665588099e+02 7.294047955611100065e+01 1.103911014445181848e+02 1.895223703066588428e+02 -4.540301203375191790e+02
-1.688943544836298315e+04 1.760508064138800910e+04 3.262585569837904768e+04 2.820224477289404967e+04 2.311681329404919816e+05 -6.331468418976076464e+03 -4.782005896003598536e+03 -3.904529165895533879e+03 3.165975212496214681e+03 1.969006332548425007e+03 6.894181828850834108e+02 8.325659626561562163e+02 5.863751671775652312e+02 1.021529314860090608e+03 2.320812891185890976e+02 2.259323637343604787e+02 -2.122013499127952230e+02 -7.393452324058519309e+01 -1.607797854394949582e+03 1.104391024365799865e+02
-2.171853467848091532e+04 1.682630085207456068e+04 2.875601985628569673e+04 5.385641445161896991e+04 9.506635821784104337e+03 3.879158302782377577e+05 -2.169621429131368586e+03 2.604048551194578977e+04 -1.784603090223400795e+05 1.121266438682166336e+05 4.192097389986325288e+04 -2.436877971028277170e+04 1.532360945936969074e+03 3.017709100128888167e+04 4.506268405824141155e+03 -9.180107317736623372e+03 1.088542291226904490e+04 -8.477364587019037572e+03 2.906575585764949938e+04 1.373110895682413002e+03
-2.306965827085746787e+04 1.320634105768766312e+04 1.241247669693723037e+04 1.104584953573709390e+04 -1.571736252718364767e+03 -1.338964937949325758e+03 7.617245742444075631e+02 7.132399852288618604e+03 2.222721177479088965e+03 -8.204763743731497016e+03 1.534020691424589495e+04 -6.708652228578755057e+03 -1.323905999624601463e+03 4.986495347701000469e+01 -9.903495854178187301e+02 -3.213894687890863679e+03 3.835626844267900651e+03 2.966466045338248136e+02 4.824329567941983896e+02 -5.276410844832172415e+02
-2.081491529800353965e+04 2.536192500879427098e+04 4.180535227300408224e+03 1.058841491485599727e+04 -6.083650581761662579e+02 5.134653224016007016e+02 3.229287961229107168e+03 2.940504650858150490e+04 -2.199605304515414900e+04 -7.173503918167863958e+03 -3.149502502192466636e+04 1.129996622069243458e+05 2.546375768909037652e+04 -1.242796357310104941e+04 5.068274152195959323e+04 -5.148634246487870405e+04 6.603048786401415418e+04 2.013479243543765915e+04 4.224748431478848943e+03 -4.690543400010044934e+03
-3.913046533578290109e+03 1.400822155075595219e+04 2.090377877194048779e+04 -2.746969486980814054e+03 -8.535509815103033588e+02 -2.713702326409677994e+02 2.718380716695942738e+03 1.854439167206347065e+03 8.166182870535417351e+02 1.100534750639864114e+03 -2.767478851764274623e+03 -7.610913423147444519e+02 -1.224728626124667663e+01 7.901731898383060297e+02 -7.296466903857235593e+02 1.555119617878282945e+01 2.211366783940726464e+02 3.508184801129679897e+01 6.172695842428540658e+01 7.574318683922065532e+01
-2.207020531346896314e+04 8.948915207458721852e+03 -4.404130340011428416e+03 5.090276528743581730e+04 -5.513721050639276655e+03 -4.076558189516210405e+03 -7.949412097693071928e+02 7.326581455388622089e+03 2.744322426359533893e+03 -4.399913552313072955e+02 9.917170259364500851e+01 -5.861074487364874585e+03 -5.852432785977516687e+02 2.077514165805449920e+03 -2.537645562535423323e+03 4.855261495005192387e+02 3.980814865850144315e+02 -6.524801562675118021e+02 -7.512216728509590666e+02 4.857496448076041133e+02
-1.796564183407655582e+04 1.416536463670041485e+04 9.573164648238634982e+03 5.271567534849915319e+03 -5.911500651686019410e+02 1.008822259990533894e+02 3.239996251780798048e+03 6.674103169258969501e+03 -1.769927287507920255e+03 1.205961761533652862e+03 1.323473009105641268e+03 1.499482221025775459e+02 -2.443610763422934542e+04 -2.893628392368377718e+03 1.219406926536243736e+04 -1.700304116570880797e+04 2.419280560340997908e+04 -5.141848025089806470e+04 -7.727279143571267923e+03 -1.330974776082315657e+04
-1.792564718963803898e+04 1.867326140844728070e+04 2.964766928509963327e+04 5.123700933941324183e+04 8.670866189417332862e+03 3.647423599859862006e+05 -7.084917457497375835e+03 4.590400510671852680e+04 -4.396937866792267305e+05 3.530329688495713635e+05 1.520624149758229614e+05 -1.724290875408199208e+05 5.733210854809984085e+03 4.938149533702675835e+05 3.841543657864021952e+05 -1.486594004922091881e+04 -2.323256034307213213e+03 6.009412612440636440e+04 4.194725621765013202e+05 2.808365613295190997e+04
-1.755750249036652167e+04 2.465946300197527307e+04 2.416761361509705603e+04 1.347226636612360153e+03 -1.701714669924275086e+03 1.603106539774578050e+04 -3.357311921499283199e+04 1.286216942004993689e+04 -3.585144188564867363e+04 1.691919381434176103e+04 -4.421251110355096898e+03 -4.924607435810167772e+03 -6.764629261772062137e+02 -2.233892107164239133e+04 -2.644326024041784694e+04 -1.085336667720612013e+03 1.796896670678589771e+03 -5.234799596074242345e+02 4.020197215810208945e+03 2.720431497921410937e+02
-4.728824940603464347e+04 -1.430966043195198836e+04 1.873231300495086998e+03 -9.301749862709275476e+02 -5.971836265009381250e+00 3.269321570387311908e+02 -3.518141723939902022e+03 3.464094542000722413e+03 -1.028552514995207275e+04 -1.527063952559631980e+04 -9.245584360149421627e+03 -5.389705270277638192e+03 3.213888460680867070e+02 3.140056888332242579e+03 4.968948099168415865e+03 1.693915729826573852e+03 1.837452250509891428e+03 -7.927914754486522497e+02 1.214907964505210657e+03 -3.445662742028666344e+03
-1.407624505455182589e+04 9.781849652201692152e+03 1.345506762203854851e+04 7.939274219178082603e+02 -4.602235088563833187e+02 -7.245893396408925469e+01 -4.550890335184750256e+03 4.015856781937492087e+03 -1.003524381636664293e+04 -1.487157602423217213e+04 -9.778149743096344537e+03 -6.610626350878244921e+03 3.076870160465448407e+02 2.395790782399371892e+03 5.679899761408576524e+03 1.304287614001766542e+03 2.105986924205682953e+03 -7.451027453474322328e+02 5.126712528917906866e+02 -4.208815410867317951e+03
-3.885188543786622176e+04 3.614554735393063311e+04 -1.928431437533532880e+04 -1.280410324934098014e+02 3.362278403425075339e+03 1.755579447067759611e+04 -2.080799369136946098e+03 1.022364857648575162e+04 -6.862281947477858921e+04 -2.563567161726557242e+04 -1.514341436542062002e+04 -5.569973965455727011e+03 1.649428191045172753e+03 -1.870035693211021498e+04 -2.507868034628783062e+04 7.861500935109968395e+02 1.263293472028775113e+03 -7.942321736600964641e+02 3.267838858233412793e+03 -7.707681745238853637e+02
-4.670803930297285842e+04 -1.331400582491061505e+04 3.042989703465956154e+03 1.325397455258352295e+02 -3.660388179805395339e+02 -1.470081578274419485e+02 -6.232822967190087184e+03 4.842649535179164559e+03 1.992493715268205733e+03 -6.801892947504319409e+02 -7.013961137362999807e+02 -1.148273314450763428e+04 -1.360781468849723979e+03 -2.810699103846010985e+03 9.374017351794174147e+02 -8.569519601647987656e+03 1.249641150957229729e+04 5.405614340076002009e+03 1.943450580900668228e+03 9.158503149339566107e+01
-1.329373880073757573e+04 9.373731357004318852e+03 -5.739262890081262185e+02 5.299327241404227971e+04 -5.996327187772390062e+03 -3.335084428920083610e+03 -4.259901934069479239e+02 7.504795984146098817e+03 4.428387111481046645e+02 2.507756210207898221e+03 -4.419304481515669067e+03 2.542692542142978709e+03 8.655847189647836615e+01 1.431377132118409918e+03 -2.272419056691492642e+03 3.002663954479209679e+03 -3.593697731477651814e+03 -1.710831003689205545e+02 -1.784029743387341114e+03 3.599572492263438335e+02
-2.722762566299743048e+04 4.544758402088902221e+04 -1.182682466355776887e+04 -8.131019682018521962e+03 7.593348658294031850e+01 4.353301141585116056e+02 1.081442807182093020e+03 -6.438284966294072547e+02 6.953782087546466073e+02 2.043212602621223596e+03 -2.380273721428661247e+03 2.404049804631583598e+01 -7.796692781306264308e+00 6.230802525313584965e+02 -8.322548436854037845e+02 4.009412810508313214e+02 -3.806624748386476540e+02 -3.072110244289804086e+02 -5.262029598837010269e+01 3.605958326006518746e+02
-3.910819667834944994e+04 3.635711850487681659e+04 -2.221929234384712981e+04 -3.315298859977243410e+03 2.599641030019797654e+03 1.304544047363745904e+03 -5.611903468576043451e+03 3.991677738283230610e+03 -3.372209692798649485e+04 -4.277484244078306074e+04 -2.325975603749015136e+04 -1.025429043704729884e+04 4.026306506200048148e+02 -1.524834652175862857e+03 7.162790460024280947e+03 -3.288505210012617317e+04 -2.411315516544609272e+04 -4.502570374609667851e+02 -1.754374631850071637e+03 -1.460548585888313255e+03
-1.798842538146696825e+04 4.954870057952361094e+04 6.624427122062076523e+04 1.691498248945044761e+05 3.257345805549751822e+04 1.649393917458940065e+06 -4.989629612342580367e+04 -3.554240069386406685e+04 -9.466300144692294998e+04 2.129001645318601732e+04 -3.333268620656186977e+04 -5.057967760211412678e+04 6.858889694239965138e+03 2.927014878705757292e+04 -5.219288908171098592e+04 -2.847925344146874340e+04 3.904351533213146467e+04 4.968354969310510933e+04 5.149812770130569115e+05 2.295569178063119034e+04
-2.610691888186299911e+04 2.776391975944620208e+04 7.022447888547194452e+03 1.648056623071871218e+04 2.308799328927449460e+04 9.262848608836602943e+04 -9.243360957276338013e+03 4.016588274358663330e+04 -3.171290417414863477e+05 4.604625785797408025e+04 -1.136028018122011781e+04 -3.818949804039879382e+04 8.607986813409837850e+03 -1.164658160808526300e+05 -2.229721136133756081e+05 -3.090054985681530525e+04 4.267344412547634420e+04 7.298468934804857417e+04 5.919221781216022791e+05 1.888697021055743608e+04
-4.095557746838238472e+03 1.885762376964834039e+04 2.704717206871491362e+04 -3.050685272106088632e+03 -1.724159409638960142e+03 -5.378209255565002422e+02 -2.363018623269456839e+03 1.639614723589832579e+02 5.091466155438212127e+02 -1.321888180894845846e+03 2.459209300119830004e+03 1.661539436571312081e+03 1.523384157290084318e+02 1.492167266739018942e+03 -1.025117959090471686e+03 3.503293989293265440e+02 6.582385034841277793e+00 -2.295213348945452481e+02 3.414113751306638846e+02 3.714013683331759808e+02
-4.990984264439299295e+04 -1.534524501896869333e+04 3.602069572257546497e+02 -1.087406414631865573e+03 -7.532445004189135318e+01 5.695201286724559253e+01 -3.869556926762426201e+02 -3.838110720712491286e+01 2.817704767324048589e+02 3.922121447741192810e+02 -2.514379744185154664e+01 2.496953898725089118e+02 5.466394726655967418e+01 1.084984782939249186e+02 -7.533532916800467660e+01 9.510189695995096315e+01 1.637082382535960434e+01 9.722782735896208806e+01 -1.301430791014228383e+01 -6.659224316280532321e+02
