2.099517227206171810e+04 -3.093365626633388274e+03 -3.395692128720169421e+03 -4.312916660996791620e+02 1.632687580261147104e+02 9.576812977346820333e+01 -9.449590264749789981e+01 2.137858611003351257e+02 5.141712554029987281e+00 -4.420226870350429493e+01 1.123769929852932421e+02 4.006634398725842772e+01 4.025077960358432350e+00 8.525868802024493931e+00 -8.427411613788962086e+00 8.718424700183271980e+00 -3.282687587772252158e+01 -2.476361744391571307e+01 5.119339731619224843e+00 1.808589391292363402e+00
-4.991615491839669994e+04 -1.534001428807513003e+04 3.634383187335316165e+02 -1.081235963668994145e+03 -7.603378241772266222e+01 5.622134688006096326e+01 -3.867951482860846113e+02 -3.617154105722849522e+01 2.830939901571128985e+02 3.912694531894256897e+02 -2.382549946343678471e+01 2.451173256813632122e+02 5.399087317888424309e+01 1.089458453112763863e+02 -7.603645529062232811e+01 9.341931687837649179e+01 1.907486995563332144e+01 9.762456828523657748e+01 -1.297724472416620856e+01 -6.657605408897089774e+02
-3.319804434231304640e+03 1.187819388238655301e+04 1.878811275055582882e+04 -2.075940079760355729e+03 -9.392581860587475830e+02 -3.266508380495273514e+02 3.734940181313566427e+03 6.882785067117010840e+02 5.720353994433022535e+02 2.828302697318282526e+02 -9.865392676504587826e+02 -2.715996567918340787e+01 3.357673751574566978e+01 1.167792279106623255e+03 -9.168224080840943770e+02 3.825661096612469692e+01 1.848103401033003763e+02 5.264362694182609914e+01 -2.580719863839486194e+01 1.593601634595956398e+02
-4.260727684105283697e+04 3.582690831316568801e+04 -2.623322729702033030e+04 -5.150177331967022837e+03 9.167532180973482809e+02 5.020733919529451441e+02 1.737964469616573979e+03 -2.236604179989084059e+03 2.987282786702002682e+02 8.572126746601043124e+02 1.104845356278394092e+03 -6.109604441396538022e+01 -1.448452855242819624e+02 -5.303740251957950704e+02 9.217194653883534983e+00 1.547668814489933879e+02 -3.546945038728775330e+02 -7.199886806834967956e+01 -1.458137667830834800e+02 -7.905154186263659994e+02
-1.634734480272500696e+04 1.689519701039140637e+04 3.100873103696448015e+04 2.601264623958627271e+04 2.110497511267174850e+05 -5.905270478579878727e+03 -4.248878554481484571e+03 -3.423451831658474475e+03 2.835954355154500718e+03 1.480972562610847262e+03 4.957891204323230454e+02 8.482351965876323447e+02 5.002372427578214911e+02 8.690897002965563161e+02 1.944527582295013701e+02 3.281772234728943545e+02 -4.003895635515268623e+02 8.425132268611480413e+01 -1.216642419325169158e+03 8.708482554572530887e+01
-1.717798484699900291e+04 1.200994656719081649e+04 -2.433742147086323712e+03 7.515199471269990318e+04 -8.300388440320501104e+03 -2.966909271529296802e+03 -7.941034602813519996e+02 1.653781575552791401e+04 -1.128253610252828821e+03 5.560306365601841208e+03 -8.115638438951286844e+03 9.454012381094278680e+03 -5.623921539075863620e+02 1.758850772930004041e+03 -4.521423120319372174e+03 4.654191943871347576e+03 -5.484632564054597424e+03 2.033319605453694066e+03 -4.766126898770038679e+03 7.777805651573597743e+02
-1.893548311041848501e+04 5.873783194379597262e+03 7.831457878055739457e+02 1.742913226018858040e+04 -2.163256406766540294e+03 -2.003460414601263210e+03 8.879139450458125111e+02 -2.726519904658052383e+03 1.186366558137563061e+03 -5.457853627316858365e+02 1.174435317971049926e+03 -5.291057706645425242e+03 -6.871922451862658363e+02 3.414086925492129012e+02 -7.594775978437519370e+02 -1.244942929858666957e+03 2.247772861286919124e+03 9.412023747099576099e+01 -4.796058941275659748e+01 -3.933812526512569434e+02
-4.141499029296177468e+04 3.523389691399723961e+04 -2.514939815165924665e+04 -4.486413228246023209e+03 3.210761851899198973e+03 1.701461253297565008e+03 1.765085193148376220e+03 4.084728176569177776e+03 -4.751029415505033830e+04 -6.440499767024156608e+04 -2.929359132122882511e+04 -7.718367561886318072e+03 3.228152816442269796e+03 8.892472415198079034e+03 5.043836511395173147e+03 6.729303875668983892e+03 6.001466756242309657e+02 -1.096116912750500205e+03 -5.771613114198947187e+03 -1.423974634808772862e+03
-2.463526882581885366e+04 3.149619626644823802e+04 5.174575081838840561e+04 1.213963107492995332e+05 1.015632803616950150e+04 9.850871827116456116e+05 1.462783187594850688e+03 3.935676545955307120e+03 -1.212124854841924243e+05 1.084859704239127022e+05 5.524430176935689815e+04 -3.806189231948307133e+04 1.139177717048746672e+03 1.419793458441082621e+05 1.043384829915677692e+05 3.878990621963440617e+02 -9.085680776978118956e+03 2.277918358256377473e+01 -5.252727274862749618e+04 -3.990434509018412882e+03
-2.274305542742253238e+04 8.139210830311953941e+03 -4.402842843355840159e+03 4.342006254584523413e+04 -4.686562896254630687e+03 -4.248679973680585135e+03 -7.309574005476121101e+02 4.562744730123652516e+03 3.596499862631229462e+03 -1.904902590517039926e+03 2.115418902947522383e+03 -9.680124486528382477e+03 -6.338258326344625857e+02 2.069229369021507409e+03 -2.016794014299278160e+03 -6.621279181972678316e+02 2.003913552774584559e+03 -1.201729693749073022e+03 1.880220186027399905e+02 4.171283968897545265e+02
-3.390361032988087391e+04 7.461490853905177210e+04 1.565464070198635163e+05 6.688038500037605409e+05 9.269461209923577553e+04 7.429178814210163429e+06 -7.226347487304396054e+04 -6.452495208701075753e+05 2.697222315995696001e+06 -1.839428319571936736e+06 -9.099011106334049255e+05 4.952719504703676794e+05 -1.449154183666315657e+04 -1.352397542225514771e+06 -1.006791201424730825e+06 1.677897437323605482e+04 5.029670213864884863e+04 3.157114726211919697e+04 3.748489633779013529e+05 3.634773474928404903e+04
5.906625090631243438e+03 2.244378603518495947e+04 2.422598314303820007e+04 -4.004137492180898789e+03 -4.056508325399463047e+03 -6.199152757266243725e+02 -6.022144670987378777e+04 -2.630794266499915466e+02 1.014021235464094161e+03 1.512865329384959296e+03 -1.699485504794184635e+03 1.115284497254631333e+03 3.977179802204413477e+02 2.047592080128308680e+03 -4.567170565383834742e+02 5.237373176436987706e+03 3.178621241428154462e+03 5.388663886979921926e+02 -1.028107932040280502e+03 -4.828224172839753692e+02
-2.487365727856934245e+04 4.963066461862752476e+04 -8.833147172795554070e+03 -1.025485683192727629e+04 -3.424372084759781956e+02 5.638999202094624934e+02 -6.239436715748066490e+03 1.421052008449436812e+02 9.379293474510357100e+02 3.130078680250781872e+03 -4.435982624732967452e+03 -4.345256938012664136e+02 -9.389841218929220190e+00 7.465373200896722210e+02 -9.364702358125794035e+02 5.701635840697393860e+02 -3.723909522760476420e+02 -3.457179578423268254e+02 -1.490049701090659084e+02 3.384013151962573716e+02
-8.267523709239163509e+03 1.212133150607633252e+04 1.945327495878801346e+04 6.777005727855550958e+02 -9.836569711183228719e+02 -4.176441713037927457e+02 1.471027264515925253e+03 2.022663779462521461e+03 -4.761164586528172435e+02 -5.678213881210313048e+03 1.122486194979052925e+04 2.783300531525369934e+03 1.451277197689377374e+02 -4.469224973294271308e+02 6.164215655393421400e+01 -4.128432261435191890e+02 -1.352744773653380207e+03 -2.601481575710632796e+02 5.567595786715247641e+02 -1.061584831322230684e+03
-1.975279732357382454e+04 1.188896676397127885e+04 1.111619161521476053e+04 1.026547776009725931e+04 -1.230277706200320836e+03 -4.889341961081766499e+02 8.468010766779689220e+02 7.342521935907755505e+03 1.804033169218152807e+03 -1.973082836182893288e+03 2.919771365860566675e+03 -9.017182091690281595e+03 -1.342837847044487944e+03 -1.396346573268299653e+04 1.160959129600610140e+04 2.582753342512626659e+03 8.747951525559016090e+02 -7.818023262406880747e+01 1.366325193159148967e+03 4.422388689908414108e+02
-5.569963073253937182e+04 4.000524081454399857e+04 -3.540128080195652728e+04 3.386319163456542447e+04 -2.646326352393198704e+03 -2.978421476435593831e+03 -1.702351305725791235e+02 1.327873263919393503e+04 5.935383108813371109e+03 -3.183994423268694391e+03 6.244542103277305614e+03 -1.249485013510049248e+04 -9.808736907070554025e+02 3.113819815720319639e+03 -3.199804087729558887e+03 -1.210436065684011055e+03 2.932243729220827390e+03 -1.852565111011800127e+03 4.739180552032481160e+02 9.570104494953679932e+02
-3.771315434967391047e+04 4.238908057711128640e+04 -2.853801297099386284e+04 3.704656502632443153e+04 -3.314501203949099818e+03 -2.502345855454220327e+03 9.126710452516171017e+02 2.366173676923341918e+04 1.533847844150578567e+03 1.434145722859728266e+03 -6.376811645720796150e+03 2.880700884749126271e+04 7.910478501275012604e+03 1.935974947744938163e+03 8.840564354322055806e+03 -1.975183679708217596e+03 7.030829980414177953e+02 6.221176710683871534e+03 3.433523332272582593e+03 2.010680806103792690e+02
-3.937153958005669847e+04 9.400567375560969595e+03 2.847170868239002084e+04 -7.704187854615644937e+03 -4.774978464673319650e+03 6.019810164568498294e+02 -9.283654984462926222e+04 9.804378563949621821e+03 -1.180067871268931231e+04 -9.444628457886306933e+03 -3.087097540681489045e+04 -2.959314100704528391e+04 -1.036357618702884065e+04 -4.091347559392800031e+04 4.181658393500300735e+04 -5.402395853004803648e+05 -4.130519698641552241e+05 -2.224136468164364123e+04 -2.088010960122931283e+04 2.494672799212529571e+04
-2.043452637592312385e+04 1.762291502759519062e+04 2.057883602387525752e+04 3.868502158368175878e+04 6.736974894019715066e+03 4.429149552299544303e+04 -2.754085029208738433e+03 4.319134129640140600e+04 -1.322892924851925345e+05 6.843837685309385415e+04 2.310137253009554115e+04 2.233138520204332599e+04 -3.657522270513723015e+03 -1.089938439345523220e+05 -1.165132018711283454e+05 1.656049899665968042e+04 -2.462129406619773363e+04 2.971973589208089106e+04 -7.877908255972925690e+04 -2.046097486476364566e+03
-1.481595150345340335e+04 1.242803385237396469e+04 1.570190999130454475e+04 1.332070778568963942e+04 7.331774773974003620e+04 2.303748805841374269e+04 -4.776697990587163076e+03 8.826555493126554211e+03 -8.769083453062108310e+04 1.623034366748756293e+04 -1.979901638079014219e+03 -1.235571809333492820e+04 2.497292714653250187e+03 -3.209301768533386348e+04 -6.532737381000787718e+04 -1.050471927483525360e+04 1.397416992311689683e+04 2.449318132345656340e+04 1.970052021911062184e+05 6.292012046977737555e+03
-3.976770269001744509e+03 1.647392318684217025e+04 2.383043963659419751e+04 -3.084414518704463717e+03 -1.231048645083487827e+03 -3.561328640699300649e+02 2.127425211908192466e+02 1.534844426078361039e+03 7.697603124464374105e+02 4.283048895752539238e+02 -1.309527017278910535e+03 -4.474167528262094606e+01 3.933037492326342033e+01 9.727963629825816270e+02 -8.012235744160925606e+02 1.453051120139395209e+02 1.487216187073049980e+02 -7.072644025971388260e+01 1.819375651545750259e+02 1.659327178464049837e+02
-4.332376167140884354e+04 4.873417784566304908e+04 -1.491819379816078981e+04 1.183625997982947010e+05 3.774330498322490166e+04 3.272267325405126940e+03 -6.657788197464812583e+03 1.238686921783806029e+05 -1.073264803249460820e+05 -3.239254324847713360e+04 -1.485637644755731453e+05 4.946661070626931614e+05 -2.562450987102032639e+06 7.993945496745551645e+04 8.424003479697836156e+04 3.541244295918357238e+04 9.498511284400306977e+03 -2.362886442389662261e+04 3.937337699184878875e+04 -6.968172246985540551e+04
-4.862715968868274649e+04 -1.531682621818754160e+04 3.984252676962466921e+02 -1.327558512540370884e+03 2.655201962076535551e+02 2.722080945702363692e+02 -4.031235238257551146e+02 2.763510611911165597e+03 -1.704992345615236627e+04 -2.703217137423891836e+04 -1.266879702820838793e+04 -3.355412501494585740e+03 1.210745504802346886e+03 6.325313842583821497e+03 3.039808206237001741e+03 5.308657772615640170e+03 7.800599605514132691e+02 -9.047089311248017793e+02 -5.976243147976745604e+03 1.023954442123969557e+03
-1.067878693193002164e+03 8.563768988186122442e+03 1.258564615544367371e+04 1.451580642066638393e+04 -3.472036661779686256e+03 -2.485083360475283371e+03 -1.038951651885065758e+03 -2.426306233962794795e+04 -3.850587880249755017e+03 2.350140469479107139e+02 -3.895068703199067954e+02 2.844834548360756799e+03 2.792781399233589212e+01 -9.897772583264152217e+02 1.275561212594767994e+03 -8.647318432524003811e+02 1.185530045728652567e+03 1.948792624358961518e+02 2.096622328587878030e+02 3.221344410917082314e+03
-3.770983126473466837e+04 5.487385780222576614e+03 1.397230955163091676e+04 2.078126879706950422e+04 7.888132223667610560e+03 5.041418500662119914e+04 -7.442846384545428009e+02 4.519229222614926402e+04 -1.758634299516984902e+05 8.380269460526382318e+04 2.220801421463676525e+04 2.007865925857896218e+04 1.205491776937907707e+04 -3.255078927226952510e+05 -2.339856602635043964e+05 -4.201601559623531066e+05 7.102285857723297086e+05 -2.104463607909047045e+06 -2.177633794808288221e+05 5.090580878107423814e+03
-1.802726877319108826e+04 1.142166989840197130e+04 2.260319014032753694e+04 -9.139733807701290971e+02 3.083079246320142374e+03 1.258714693810273639e+04 1.226799866614653638e+03 1.138722964073171352e+04 -2.642931391206449916e+04 1.778254858409382359e+04 2.005853710970411612e+02 1.734690905854991797e+04 5.482976717622821525e+03 -2.652690127629526614e+04 1.286973045765755705e+04 -4.521043423722127773e+04 7.176427765084995190e+04 -1.148760572103326849e+05 -2.044699102695754846e+04 -1.235560726068546046e+03
-2.905214177714181278e+04 3.647711192644031689e+04 -4.805401589503968353e+03 2.708769169249829065e+04 -2.255816110445148297e+03 5.418684417173905103e+02 3.418634036052369993e+03 4.230362476878252346e+04 -1.941224405224734801e+04 1.105918002719767856e+03 -3.515214185267611174e+04 1.362442687539173930e+05 2.920770436698220510e+04 -1.260042549086100371e+04 5.499840379461688281e+04 -5.283860204324863298e+04 6.635433276267275505e+04 2.698383581453350416e+04 4.413932260018876150e+03 -4.189794890513889186e+03
-4.845963014898239635e+04 -1.541570544048269585e+04 9.484239234665999163e+01 -1.433326655135140527e+03 3.801555477882268264e+01 1.424529441474404621e+02 -7.656487647675452308e+02 1.711225375156304835e+03 3.725176719076168297e+02 -3.168186584693014538e+02 5.590535728672609821e+02 1.677176792397174836e+02 -4.114007897165317331e+02 3.639853548981849372e+02 -1.299490310205508479e+02 -2.736757961005950506e+02 2.945139405312567646e+02 -6.726279036900566553e+02 2.380974075089481232e+02 2.133488693548829906e+04
-4.673913713979131717e+04 -8.853704084947181400e+03 -1.324565717245835458e+03 2.174307085133191140e+04 -2.102600165915474463e+03 -2.011175907480983142e+03 -3.624408771151230667e+03 1.541652334835160400e+04 5.487938217911870197e+03 -2.391375712818432476e+03 2.051586932961602997e+03 -2.509506597473141483e+03 3.774468334439976388e+03 5.162799853388232805e+03 1.707006349575900913e+03 1.643605523803813412e+04 -2.328701136595157368e+04 -5.592925736830999813e+04 4.844322060885660903e+04 -1.025449494974027948e+04
-4.695973981114256458e+04 1.194445065011804581e+04 -1.530432689224885326e+04 1.289080514983710782e+04 5.020060061264113642e+02 -1.438480374085845597e+02 -7.944221470569218582e+02 1.602393209574427965e+04 -9.609168178236479434e+03 -1.064874809285066294e+04 -9.441530507993722495e+03 4.551974128100641246e+04 -3.319040827033228124e+05 1.377586973633220987e+04 9.635841226988772178e+03 -2.728524605081826735e+02 1.229318858023507164e+04 -3.615267632284096635e+03 1.027524570695252623e+04 1.083159678998608342e+03
-6.885724935957828166e+03 1.665625871182941046e+04 2.590182299127783699e+04 1.285852926881003259e+04 7.209044232068186830e+03 1.359106757683623000e+05 1.255462500916595673e+03 1.018036716806816548e+04 -8.264374236973558436e+04 7.014792801531747682e+04 2.806728217481349566e+04 -2.964695692814120412e+04 9.503420380840810822e+02 7.721361212155292742e+04 7.149716320108277432e+04 -2.450084105213036878e+02 1.533066703255069797e+03 -6.287510835684981430e+03 -9.272427919467159882e+03 5.318100502226117214e+02
-6.030135370662675996e+03 2.112730784450778629e+03 1.897920111253504047e+03 6.494619195249424592e+03 -4.455552584721016274e+02 -8.381310173940194090e+02 -3.354886081530000865e+02 1.234979320600348274e+03 2.122564677957638196e+03 -5.223000793794581114e+03 8.824843062173618819e+03 -2.168017072252558864e+04 -4.027898492739445373e+03 -3.531926804751411055e+03 -5.484303659931150605e+02 -2.523644107498583253e+04 3.856954112310610799e+04 2.323068904303375530e+04 -3.959757173165136464e+03 -2.971086664713423033e+03
-1.565431860897010665e+04 1.021999815884061900e+04 1.179740651223026543e+04 2.346213713229607038e+03 -1.086107606658901659e+03 -5.599716063191059447e+02 -1.399614024867304943e+04 2.952116945742138341e+03 -1.992692129882281279e+03 -2.888164469709503919e+03 -7.301874075604533573e+03 -7.402089494802118679e+03 -1.869880277507742221e+03 -5.547891574685118030e+03 6.114283808092419349e+03 -3.519455290090428753e+04 -2.378787923844265970e+04 -1.162953781752269578e+02 -6.242019605014399986e+02 -2.981934544794704038e+02
-1.166847496774089086e+04 7.529084212558123909e+03 5.453976374230883266e+02 3.693453947295623220e+04 -4.314361916153718994e+03 -3.563970127443910769e+03 -1.925416041950600459e+02 1.143554586323063404e+03 1.652609241121934019e+03 1.726104928304802115e+02 -1.453944433884538967e+03 -3.098199669552775049e+03 3.526292798205179224e+02 1.233593101820852326e+03 -8.606686667881488120e+02 1.471419442685541753e+03 -1.650880715949449268e+03 -1.517083576736397617e+03 1.945865726217490703e+02 1.247290836734907202e+02
-8.928819396036997205e+03 1.674660968016846164e+04 2.577723858317278791e+04 6.104187784602564761e+02 -2.040687353648016369e+03 -7.519116668577592009e+02 -3.325259957879583453e+03 -5.049114633376004804e+02 -9.428208393855616123e+02 -8.868018907540561486e+03 1.807309994991424173e+04 5.866349232501224833e+03 3.452392705757454223e+02 5.017616106022060194e+02 -3.391953512578429013e+02 -7.504994562078712761e+01 -1.591015108436851961e+03 -5.296604421575133301e+02 8.300772402592880326e+02 -7.082202815670298151e+02
-1.610941073560614495e+04 1.156123069481411767e+04 1.573583417761864075e+04 5.837334400462806116e+03 2.326162199564837252e+01 1.650356198031033637e+04 -4.068037780515421673e+03 1.035661891079437555e+04 -3.729946746071982489e+04 1.404683879832789535e+04 1.710821710588714950e+03 -1.469335473076033395e+03 -5.597787596941033144e+02 -2.283082617523991212e+04 -2.645860809259167218e+04 -1.277880213074028006e+03 1.312436667495430584e+03 -6.498096393245609192e+01 3.873039812661753331e+03 4.163829232774905904e+02
-9.906024173391100703e+03 1.651491514675656072e+04 2.670715643698551867e+04 3.782677458907301570e+03 -1.609962031171879062e+03 2.551474216259529203e+04 2.710400752652354186e+03 4.171319934776122864e+03 -1.258676831635131384e+04 1.560720077909843894e+03 2.575722263090215347e+04 2.010140764455177987e+03 4.933314105897876800e+01 9.716549842656664623e+03 3.930891778569598955e+03 2.187313584280714167e+03 -7.562876713596561785e+03 5.409642482879637100e+03 -2.250276004281622590e+04 -3.387998798970625558e+03
-2.643763552898166745e+04 3.733526593055090052e+04 6.763889405942482699e+04 1.420863090887261205e+05 4.313969502724552149e+04 1.271015833814267302e+06 -1.308669935687625548e+04 9.499174306960003742e+04 -1.141569845409028232e+06 9.370813689726606244e+05 4.408323173746695393e+05 -4.719446091059840401e+05 1.800154699702349899e+04 1.400029016413799254e+06 1.067892005748613970e+06 -4.399176234783912514e+04 -1.709472291622325429e+04 1.811669281306827033e+05 1.144675960023254156e+06 7.039145206546309055e+04
-2.610691888186299911e+04 2.776391975944620208e+04 7.022447888547194452e+03 1.648056623071871218e+04 2.308799328927449460e+04 9.262848608836602943e+04 -9.243360957276338013e+03 4.016588274358664057e+04 -3.171290417414863477e+05 4.604625785797408025e+04 -1.136028018122011781e+04 -3.818949804039880109e+04 8.607986813409837850e+03 -1.164658160808526300e+05 -2.229721136133756081e+05 -3.090054985681530525e+04 4.267344412547633692e+04 7.298468934804857417e+04 5.919221781216023955e+05 1.888697021055743608e+04
-1.085920375403121579e+04 1.307296181514396267e+04 2.098139479013857272e+04 3.813224548891688755e+03 -6.877767673705359357e+02 4.140565509036178810e+03 3.288779178016751757e+03 1.354234792500429467e+04 -1.481321359566234059e+04 1.147797889160729210e+04 8.472478065959425294e+03 -3.651370692576099827e+04 -5.629075951953971526e+03 -1.083810986183628847e+05 1.233341660602059856e+05 5.532367128966002201e+04 -1.634244594809510272e+04 7.207423893429443524e+03 -4.248126563769073982e+03 1.813302489245689867e+04
-1.335784412477532715e+04 5.392653224570921338e+03 2.971616937562581825e+03 1.905387220489508400e+04 -2.967550780421678155e+03 -2.583561633666754005e+03 7.440411009900009276e+02 -2.025390919334139471e+04 -1.802770929451634174e+03 4.385586316204737159e+03 -5.493329614280697569e+03 -1.757388606066574539e+03 4.256477700449543704e+02 -5.472627718535204622e+03 5.260608814052413436e+03 2.075946158333255880e+03 -5.314070374452279793e+03 -3.959156515725744612e+03 6.026868224275362081e+03 -8.006412039263304905e+04
-1.563360480309106424e+04 1.496085156551234104e+04 2.630129647140495217e+04 1.984905078287511424e+04 1.560511772892937006e+05 -4.772554956539533123e+03 -2.810459811534921300e+03 -2.046563993186941389e+03 2.250597081058774165e+03 4.850003028675901362e+01 1.465705627972967875e+02 2.751122740204708634e+02 2.155494045568247259e+02 5.696760930554859215e+02 3.653821015610341760e+02 5.708977152275090106e+01 -6.906811676006019241e+01 -7.912500867548281747e+01 -2.077771860339607599e+02 -9.281570467278569936e+00
-2.550769165106052242e+04 4.117031705531379703e+04 7.110886382951591804e+04 1.570609101735892764e+05 1.291420452019518234e+04 1.363169962398082484e+06 2.878042762010998558e+03 -1.712461109367463723e+04 -2.799593847684831417e+04 5.020142695093206567e+04 4.223558732383510505e+04 -2.002804920006594330e+04 1.738052926647909260e+02 1.072855755632670771e+05 7.172184723150006903e+04 6.844506738767426214e+03 -2.114500665444915649e+04 1.413528013225989707e+04 -8.801684220878167253e+04 -7.949602653414101951e+03
3.417868931687983604e+03 6.917550100649480555e+03 9.218257583732221974e+03 2.697257044138289075e+02 -1.642971095751786606e+03 -4.940922642885929577e+02 -3.330352496220597095e+04 6.401692658381162460e+01 8.292651176276182241e+02 1.947736366404353021e+03 -3.346352196169178114e+03 -6.882638137494756165e+02 1.760461821507321361e+02 7.186422771953834854e+02 2.511698944869004322e+02 4.327014784750482249e+03 3.336793761189225279e+03 8.465303941903348459e+02 -9.088276935987356637e+02 -1.444964678841579826e+03
-4.216160616000839582e+03 3.732673959688825107e+03 6.104956236228395937e+03 8.679353484051938722e+03 -1.810231364385524785e+03 -1.332113779836142157e+03 1.777009930523081493e+03 -8.862213734363276672e+03 -7.126363944779716348e+02 1.519093444697369478e+03 -2.101278610173870675e+03 3.664111352689041468e+01 -7.328517158469667336e+00 -2.536233407529381054e+02 1.450263658888196403e+02 1.710351069250141620e+01 -2.075826315201363848e+00 1.563595052416097531e+02 -8.403601411007127808e+01 -1.133554855232801174e+03
-4.141365487142388884e+04 3.732896874952898361e+04 -2.429259428526837655e+04 1.118567071182868312e+04 9.629318165692588991e+02 -6.479841603949135731e+01 2.169353591399615482e+02 7.337731629379986771e+03 -2.768111367973011875e+04 -3.872883366062417917e+04 -1.596187562123439056e+04 -7.584959518558144737e+03 1.796867181830714344e+03 5.141927208347320629e+03 5.468879183290041510e+02 2.797111053853015164e+03 -2.142410344886299889e+00 -1.154888485705556604e+03 -1.627608920949632648e+03 1.052306195505157802e+03
-4.589368464421355020e+04 -1.203300022316408831e+04 6.078931012906599790e+03 6.449570804826877975e+03 6.258107180087365123e+04 -1.690336489392046133e+03 -2.466131763986879832e+03 -5.761857160954552910e+02 2.130652173283453976e+01 -9.065215702016051864e+02 -4.412910171075056383e+02 3.337734950169694912e+02 -1.240196484897655438e+02 5.811739553175123092e+02 -3.358678130788852627e+02 1.142204032571900143e+02 8.788563715340114868e+01 3.897369094780199106e+01 5.515875041685845872e+02 4.181866744270756158e+02
-4.170324232268446212e+04 3.592800288983648352e+04 -2.631111025582168440e+04 -5.215194680268989032e+03 9.961860748760464048e+02 5.561228440108310451e+02 1.341938083209331353e+03 -4.304916567621630747e+02 4.213094467389594797e+02 1.276632886864748002e+02 1.716021576201648713e+03 -2.214880664581806400e+02 -6.278360627224361679e+02 -2.600806059232396592e+02 -5.757933517513070143e+01 -2.423856012809914375e+02 -3.644378215321171410e+01 -8.380023343760742591e+02 1.149647840141556401e+02 2.120631091592619850e+04
-1.294536988225174173e+04 8.289282002260315494e+03 -5.204463154630994950e+02 4.395325590069526515e+04 -5.006152586827245614e+03 -3.695746206081402306e+03 -3.566585686521253820e+02 3.836782669650037406e+03 1.557302439139424905e+03 7.192237991793771243e+02 -2.146804701286767795e+03 -1.625582201981889511e+03 3.523391557670273642e+02 1.434139544664135428e+03 -1.282019111316712724e+03 2.047258859629775998e+03 -2.394618229966153649e+03 -1.366989239760198188e+03 -2.149570509922000667e+02 1.708624686725224819e+02
-4.428273011723770469e+04 2.835777495768670997e+04 -1.249820962363164108e+04 6.197034535468228569e+04 6.322461540624270128e+03 2.605247310383077092e+03 -6.359470052987288000e+03 6.919734983440813085e+04 -8.027692382005532272e+04 -5.137047787723016518e+04 -9.412615244105744932e+04 2.474699164532501891e+05 -1.320862918929570122e+06 4.366192615055989154e+04 4.809653579688460741e+04 4.199970017624548746e+03 -6.169262635961118576e+03 -1.221516184277481079e+04 1.586541871877433732e+04 -3.669599344783027482e+04
-4.161313609180256753e+04 4.485833937187746051e+04 -2.857399822060958104e+04 7.342522059856487613e+04 -7.147547635326703130e+03 3.787462652981037081e+02 7.165916196461229219e+02 3.945571135009588761e+04 -5.615497919158735385e+03 1.074772644658362333e+04 -1.791488276287733970e+04 5.279061122559754585e+04 6.456094998618345016e+03 7.608573222836162131e+02 4.821134528279585538e+03 2.517853316918646669e+03 -5.197553683742189605e+03 1.329530895538381446e+04 -4.473857509560351900e+03 9.885516550589499047e+02
-2.598956743955871207e+04 5.464942500628004927e+04 -2.517326433693085619e+03 -1.048032290499296505e+04 -1.419119385061544790e+03 2.621011909409891700e+02 -1.244348374080526628e+04 -2.125065524310873116e+03 5.063498900072575566e+02 2.536804306517634870e+02 1.800739651624606722e+03 2.395083266275237293e+03 1.786582922887426434e+02 1.614741157962087982e+03 -1.311319324461836004e+03 9.122912767626111190e+02 -6.050637899776910444e+02 -5.907961994155226648e+02 7.052278202739172741e+01 6.609043685001987569e+02
-4.604627741940413398e+04 -1.259906075228155714e+04 4.576054832466073094e+03 1.937791861520115390e+03 4.289908033490660273e+02 1.602205318481282848e+04 -3.010843108189032137e+03 8.336419234093516934e+03 -3.707189018879443756e+04 1.345619431214451470e+04 2.521004675497531480e+03 -1.771540826357301739e+03 -5.522307809826711491e+02 -2.169653438903723872e+04 -2.672028257042164842e+04 -1.423384993807663477e+03 1.885098753698848441e+03 -5.605461733229213905e+02 4.342865661380819802e+03 9.581481931211824303e+02
-2.441671557713505172e+04 4.520064694798559503e+04 -9.498216764125492773e+03 -8.912659447661568265e+03 -8.095348622713939335e+01 4.672793391530555027e+02 -7.206012509884221799e+02 -3.961471825335449921e+02 8.028444324024803791e+02 2.440500441971079908e+03 -3.151581589677484772e+03 -1.308535554067466649e+02 -1.427200686436581378e+01 7.179946863961048393e+02 -9.121994762060827497e+02 4.542315116946230091e+02 -3.541823092137845492e+02 -3.285665222088498467e+02 -7.221523388615030115e+01 3.618957307985776879e+02
-1.004882203712895171e+04 1.209767558283076323e+04 1.813473962656320873e+04 1.712067677935321854e+03 -7.373653697686858095e+02 1.849522699577466938e+02 2.746586611545786241e+02 4.488769940572447922e+03 2.574107349652365997e+02 -4.716622712597897475e+02 6.119020695921929018e+02 -5.029482441322162231e+03 -8.856101589860663807e+02 -1.477849385106823684e+04 1.216118609645229844e+04 3.723559374432694312e+03 -9.683978126439658354e+02 8.061201051049924615e+01 1.054934244320875450e+03 2.894931277071232216e+02
-6.011615457091037388e+04 7.923426155967541490e+03 -1.883901362974245058e+04 3.472146429539826204e+04 -3.053357742579685691e+03 -3.093454069726107718e+03 -1.456959244900845988e+03 1.425833291643960729e+04 5.512230094998597451e+03 -3.742516467309432755e+03 5.439529579070194814e+03 -1.182810730578565017e+04 -7.884043056676428023e+02 3.358037847768515348e+03 -2.988388577374049873e+03 -1.377358823305756005e+03 3.303750706895345047e+03 -1.571618092091038989e+03 6.197051946707274510e+02 1.016268264329631279e+03
-5.171449425767157663e+03 1.211385625779590555e+04 1.679270840214846248e+04 1.521990911534639235e+04 -4.127466605514138791e+03 -2.737118115861660499e+03 -5.213548337409427404e+03 -2.530239728035322332e+04 -4.105686113949337596e+03 -1.753367192127673206e+03 3.822944631905133974e+03 4.575740015564840178e+03 1.547941582178501960e+02 -7.089974146676906912e+02 1.251057852918576828e+03 -6.588449008345859284e+02 9.549590865769055199e+02 8.244201661355676336e+00 4.382840236479240161e+02 3.372702295243730987e+03
-2.235486604198661371e+04 2.416618014640865658e+04 3.543543075524071173e+04 5.851090217953130195e+04 3.042747491571457886e+03 1.027573094784686982e+05 -1.545225160012829974e+03 8.473671837969534681e+04 -2.834340067104515037e+05 1.528325215690184268e+05 7.295172196053875086e+04 4.584430656133818411e+04 -8.686675688953489953e+03 -2.396390756303377566e+05 -2.578815349616229360e+05 4.549441773519770504e+04 -7.038444680056498328e+04 8.313739693864824949e+04 -2.266985218417840370e+05 -9.124035227075943112e+03
-2.106888135808278093e+04 1.479530792551696140e+04 1.549544677266352483e+04 1.059239424739273272e+04 -1.947090984312960245e+03 -1.415911811436571725e+03 -6.470385151973038091e+02 5.434428270915708708e+03 1.340950316241803421e+03 -8.828341799407686267e+03 1.707131843121633574e+04 -2.051273545063478196e+03 -5.847944530539416519e+02 7.138316000494331774e+02 -1.054649378759376077e+03 -2.054884072167197246e+03 1.536744678296142183e+03 -2.948028294972980348e+02 7.989795794883135613e+02 -7.230089234430714669e+02
-1.891394127774953813e+04 1.219558852480434689e+04 1.394517819369621066e+04 4.582000838125575683e+03 -1.102170748057291121e+03 -7.770908915164815198e+02 -9.441401501145150178e+03 7.002107737546632961e+03 2.857511787114088747e+03 -9.886464746650171946e+02 -4.920038420621441446e+02 -1.464994044485161976e+04 -1.781212587126043672e+03 -3.491912527359106662e+03 1.167798369874949458e+03 -9.446838299533148529e+03 1.358968883684880348e+04 5.634449680222936877e+03 2.099301784253965707e+03 -4.492150241060448366e+02
3.749558053808758814e+03 2.652323914233173491e+04 2.345675984804666950e+04 -6.648578568814038590e+03 -4.183270083533191610e+03 -1.164785018458423167e+02 -7.642554506508655322e+04 4.101615622006890590e+03 1.975487295723471789e+03 7.122825402596139611e+03 -1.313612769508205565e+04 -3.542092329328891537e+03 1.716485928551269922e+02 1.193855563441033155e+03 -1.168212736684039044e+02 5.173827759661508026e+03 3.447860358106839612e+03 8.585222476082865342e+02 -1.715509127154778298e+03 -9.719371644115707340e+02
-2.654146594003989958e+04 1.810792727257708611e+04 3.314013255354214925e+04 6.264122884819719911e+04 1.075364407758009111e+04 5.171588269712807960e+05 -1.897863044676555319e+03 2.954393907587386275e+04 -2.356029271545138326e+05 1.790358733305008500e+05 7.572051703609705146e+04 -5.129142088625360338e+04 3.512104001659097321e+03 1.401492553027661052e+05 1.134779503412076301e+05 -1.741762137647774580e+04 2.095959677203783212e+04 -3.909857522491247801e+04 -2.366056959818895120e+04 -4.898178010552035744e+02
-2.204791381838282541e+04 8.918211707955404563e+03 -4.389792885406937785e+03 5.064449916339907941e+04 -5.486442752100545476e+03 -4.081185134038604247e+03 -7.921713508438139115e+02 7.224237492962433862e+03 2.765721422218526641e+03 -4.797877372792593178e+02 1.498811517676774088e+02 -5.956689341832412538e+03 -5.806374221044194428e+02 2.074699186465012644e+03 -2.514148906068258839e+03 4.602594866485694070e+02 4.302951238363638140e+02 -6.758139512760371872e+02 -7.175673117404559207e+02 4.818035003608849820e+02
-4.602943147526719986e+04 -1.264689863789241281e+04 3.977983541881246310e+03 -4.699698354103416165e+01 -4.530022228453654520e+02 -1.513452401315360021e+02 -8.306502588745564935e+03 2.768450996686508006e+03 -2.053515310426852011e+03 -3.485854513877726276e+03 -5.982718044148910849e+03 -6.529510876289483349e+03 -1.815652155286429206e+03 -4.565033017427120285e+03 5.397040189435899265e+03 -3.505207940036320360e+04 -2.350753317250120745e+04 -1.858441280671968059e+02 -7.520672148716735137e+02 2.543486747477951724e+02
-4.724272331867729372e+04 -1.390748431346883262e+04 2.404928069404421421e+03 -6.711544867863242416e+02 -1.194046188672545270e+02 5.061108723405948240e+02 -6.084883538922646039e+03 4.466677852018684462e+03 -9.126383498283215886e+03 -1.231110916518921476e+04 -8.914799478025735880e+03 -8.181292272726835108e+03 1.167155749956358250e+03 4.054642787853440041e+03 6.631528372984206726e+03 2.621555068108697242e+02 3.906496695234651270e+03 -1.066195858933878071e+03 -6.717573407363710430e+03 -6.185899567028831370e+03
1.020576339651746457e+04 1.823962730291105345e+03 2.574538041188389798e+03 6.106245275432013386e+02 -1.554649050053751864e+02 -1.445986560239662140e+02 -1.090590943598288050e+03 6.897021589301924394e+01 -5.679843813912661687e+00 8.669135308576411347e+00 -1.592509923019009932e+02 -1.536746903919313070e+02 -1.171444041980136852e+01 -5.216729363711829137e+02 3.835856606422798336e+02 -1.144189553414088465e+02 7.290535756789275013e+01 1.103761762502443133e+02 1.895688998367720046e+02 -4.540407588041781537e+02
-6.716441755637224560e+03 6.614812436083684588e+03 9.094444297933230700e+03 1.653904025800112140e+04 -2.818783591825708299e+03 -2.432189553783933661e+03 5.481201593585117280e+02 -2.034765309172445268e+04 -3.214072466250663638e+03 2.424835011295474942e+03 -6.035834831509891956e+03 -3.880115013193387767e+03 -5.590644843180466523e+02 -7.503415014980648266e+03 6.007684725549083851e+03 -3.647397743981332042e+03 1.985636724490341521e+03 3.589801109035485752e+03 1.018748608085458159e+03 -1.181692992546995265e+04
-4.726526126930902683e+04 6.131274934192084766e+04 -9.514680248501679671e+03 2.045496356988579464e+03 -3.088625931962390041e+03 -3.867428608917765587e+02 -4.250617223569639464e+04 7.184843526829587063e+03 2.869015093232117579e+03 5.453822836084812479e+03 -8.254208726553519227e+03 -3.462591799773046205e+03 1.625063094227593297e+02 4.497404103902317161e+02 -1.701050888647270369e+02 1.566475020532518101e+03 -1.521618006510467012e+03 -1.544335463131035112e+03 2.876408418922562191e+02 1.369341272882537396e+03
-3.068836167780130381e+03 1.071107919495865644e+04 1.727970651623632148e+04 -2.027668885928729196e+03 -6.705654052076403104e+02 -2.512674114666215530e+02 4.881940436480813332e+03 1.247785304339600088e+03 6.785621937893479299e+02 9.883721395283528182e+02 -2.504081474621429152e+03 -7.166954618940674209e+02 -1.116215491171032070e+01 9.619133887189811958e+02 -8.272721923548583618e+02 -3.930458649328812015e+01 2.376752164580345266e+02 1.132725660660841243e+02 -8.945658026158619691e+01 7.883129167948435168e+01
-1.641608874086479409e+04 1.781503969921320459e+04 3.391932557508655009e+04 3.004647648016687526e+04 2.499917312753506121e+05 -6.692097632385707584e+03 -5.099177230338958907e+03 -4.633045393007049825e+03 3.300533643941048922e+03 2.482476980786642343e+03 7.369656543700308475e+02 1.217177745181498267e+03 7.091833332843809785e+02 1.185158462462909029e+03 1.749086552626278603e+02 3.980901744452095272e+02 -4.526640136990730525e+02 5.478677905212877874e+01 -1.976800365014091994e+03 1.416439360140809072e+02
-3.873543936524368291e+03 1.350725911672241818e+04 2.030449470694449337e+04 -2.625972282830232871e+03 -8.171509346463484462e+02 -2.673685387292137534e+02 3.008733947725086637e+03 1.762616558602750501e+03 7.939680581997655509e+02 1.085425230598779763e+03 -2.730887477567692713e+03 -7.591593069301529795e+02 -1.235811390213522820e+01 8.117726444030982975e+02 -7.409020337704369012e+02 6.509160238529529963e+00 2.229688139235382209e+02 4.857659285205134836e+01 3.692017116457148518e+01 7.490009486104291625e+01
-1.708636728398345440e+04 2.835189174431263746e+04 6.586308687313712653e+03 -4.901950806097448549e+03 1.834501097847514984e+03 1.047673046542375914e+03 1.521118082522548093e+03 3.529827770442487235e+03 -3.096794889893596701e+04 -4.028766569875829009e+04 -1.560307267959708224e+04 -2.689018817350478002e+03 2.364681543432398030e+03 4.393882550741889645e+03 7.508663857060430473e+02 2.230344054615500681e+03 -6.242688887996139329e+02 -4.744686105552486879e+02 -7.202272152496884701e+02 -1.552508230545669448e+03
-1.796564183407655946e+04 1.416536463670041667e+04 9.573164648238634982e+03 5.271567534849915319e+03 -5.911500651686019410e+02 1.008822259990533894e+02 3.239996251780797593e+03 6.674103169258970411e+03 -1.769927287507920482e+03 1.205961761533652634e+03 1.323473009105640813e+03 1.499482221025775743e+02 -2.443610763422934178e+04 -2.893628392368377718e+03 1.219406926536243736e+04 -1.700304116570880797e+04 2.419280560340997181e+04 -5.141848025089805742e+04 -7.727279143571267923e+03 -1.330974776082315657e+04
-4.605033864009478566e+04 3.701189056125042407e+04 -2.610417894678027369e+04 5.562701735259386624e+03 -8.367509476706045746e+01 -5.022525176327676490e+02 -3.678923800153195884e+02 3.108426180959128487e+03 2.324339674170415947e+03 -6.069898850462989230e+02 2.988477708069402979e+03 -5.896520530667467028e+03 -7.404169728033525644e+02 -3.865479711068954884e+02 -3.670708356745668084e+02 -2.180779533303383232e+03 3.324440127631461564e+03 4.516117070289127469e+02 6.660561005672921056e+02 -5.553861571847936602e+02
-1.826497054877884148e+04 1.648256059540140268e+04 1.420437079896355135e+04 3.842277313559496633e+03 -2.112768251450732350e+03 -5.933177970386483366e+02 -3.071261212150427673e+04 6.859751946286681232e+03 -1.166527940094536234e+03 -3.617209130685716445e+03 -6.163127900284126554e+03 -1.116672611846860309e+04 -4.722081653200369260e+02 9.781743866135192320e+02 2.505549232513347761e+03 -1.433583543530545739e+03 7.399007983411627720e+03 1.406967574761793458e+03 -2.411255078509108898e+03 -2.585659249100386205e+03
-4.042142587498454668e+04 3.790675700933213375e+04 -2.696733091519687514e+04 1.906891566256824808e+04 -1.256813184713278815e+03 -1.060853756672714781e+03 1.214940499248282322e+03 1.776808476658453583e+04 -5.712237119658139051e+01 1.360734663953967811e+03 -5.584940536326982510e+03 3.066154879255192645e+04 7.676381557295942912e+03 3.441333353963174204e+02 1.037984470297187727e+04 -3.177185550969704309e+03 1.892998004211515990e+03 7.107417655632548303e+03 3.720226498708742838e+03 -3.003206644889675658e+02
-1.798842538146696825e+04 4.954870057952361094e+04 6.624427122062076523e+04 1.691498248945044761e+05 3.257345805549751822e+04 1.649393917458940065e+06 -4.989629612342580367e+04 -3.554240069386406685e+04 -9.466300144692294998e+04 2.129001645318601732e+04 -3.333268620656186977e+04 -5.057967760211412678e+04 6.858889694239965138e+03 2.927014878705757292e+04 -5.219288908171098592e+04 -2.847925344146874340e+04 3.904351533213146467e+04 4.968354969310510933e+04 5.149812770130569115e+05 2.295569178063119034e+04
-3.974917303996800911e+04 2.992474114119260776e+04 7.071599825384917494e+04 2.119786576615697704e+05 2.921329843516815163e+04 2.260459814969441388e+06 -1.914860276708381571e+04 -1.197141876558182703e+05 3.777748173153723474e+05 -2.296517968083749874e+05 -1.297108764629842626e+05 6.304044928217919369e+04 5.534690031535938942e+03 -1.422523746465898002e+05 -6.509183787714028585e+04 -5.075145329514676996e+04 9.022648044844013930e+04 -1.260102463768135494e+05 5.543411406090674427e+04 7.031130045779574175e+03
-2.856258324376708333e+04 3.456825273116506287e+04 -3.909994776386904050e+03 5.712599317356084612e+03 1.266073679098032699e+04 4.458382885931331839e+04 -4.379142560364049132e+03 2.059867739768260435e+04 -1.460572064841251413e+05 6.291292452537674762e+03 -1.112516072135621107e+04 -1.246344806477037491e+04 4.042830510529240200e+03 -5.386308503509941511e+04 -9.145832302841896308e+04 -1.012482015613241128e+04 1.473182351301033486e+04 2.572198635108515737e+04 1.991340223565658380e+05 5.855598888321866070e+03
-4.086290521384647036e+03 1.884350729185744058e+04 2.701805392224298703e+04 -3.059152909405297123e+03 -1.720119240954031739e+03 -5.343190693967970901e+02 -2.347166613734313160e+03 2.010402617038141386e+02 5.163757043377632954e+02 -1.283066276658056722e+03 2.376222042758849966e+03 1.624891163950682085e+03 1.500624827337119598e+02 1.479638859126261877e+03 -1.019339348427669165e+03 3.467582580555706500e+02 9.106829857634004100e+00 -2.266012827162844587e+02 3.382025902748865178e+02 3.659505378179039212e+02
-3.496546875885580448e+03 1.517791937968079401e+04 2.215300065781964440e+04 -3.055246582654242957e+03 -9.591407778521069076e+02 -2.719240210307927441e+02 1.675769789715498746e+03 2.170048397814303371e+03 8.934575549274842388e+02 1.233243380178223106e+03 -3.043358270348469432e+03 -8.256889770623567983e+02 -1.160849463461546627e+01 7.421341602053375937e+02 -7.029042929328579703e+02 5.460010306773944677e+01 2.119239367282780222e+02 -8.811870279590922755e-03 1.073450105427618126e+02 7.066127745942969796e+01
-1.387286769797157103e+04 9.279995547334267030e+03 1.302802947823609065e+04 8.968433408868409060e+02 -3.987561239963300750e+02 -9.253835300270894493e+01 -3.425976792915765145e+03 3.817315448871517674e+03 -1.013512126637557049e+04 -1.517879096727238175e+04 -9.575543596377032372e+03 -6.360505491634909959e+03 2.573060344977616296e+02 2.335851324659970487e+03 5.568740870910010017e+03 1.375615395972997931e+03 1.982357963292239219e+03 -7.287517789741068555e+02 1.059068139144599172e+03 -4.015670725557197329e+03
-2.265731297519811778e+04 2.234695506153512542e+04 2.559682736975718944e+04 5.362120212191769679e+04 1.458460980958009895e+04 6.044944385342164605e+04 -4.453231651738232358e+03 6.305195722278524045e+04 -1.940937828125434462e+05 1.020666306425275106e+05 3.933751052598218666e+04 3.646691799788355274e+04 -5.706856136956736918e+03 -1.703766007929254556e+05 -1.815877400914494647e+05 2.927582123503398543e+04 -4.394864496256425628e+04 5.316929100505715178e+04 -1.373997762314494757e+05 -4.356420208948934487e+03
-1.547776972632634352e+04 1.045806884450483085e+04 -1.605224137184646679e+03 6.230023960740714392e+04 -6.947600757931026237e+03 -3.214517221849112047e+03 -6.011807472330866631e+02 1.135403874349904982e+04 -9.622294751914839139e+01 3.638092915275404266e+03 -5.726104623012328375e+03 4.982666648336210528e+03 -2.406580010815954722e+02 1.608364850991400090e+03 -3.259592853017605648e+03 3.545208086655085481e+03 -4.141385852326849999e+03 7.601665380153355045e+02 -3.011731526102777025e+03 5.476632417003124829e+02
-2.142296379749858534e+04 1.041763452194973252e+04 2.081903354883680731e+04 9.463889251301739023e+02 -2.021471384070288195e+02 3.780841407464975418e+03 1.269368186513014962e+03 1.459802745676941049e+04 -2.806640317478587531e+04 5.089625832834614812e+03 6.098118569305655001e+03 2.280313857896738409e+04 2.641740493399207480e+03 -6.858081959790144174e+04 -6.816523213534760544e+03 -2.935391458730932936e+04 2.976369592426181407e+04 8.545975715258410492e+04 2.587739757612833055e+05 1.352833369631474341e+02
-3.885188543786622176e+04 3.614554735393064038e+04 -1.928431437533532517e+04 -1.280410324934096877e+02 3.362278403425073975e+03 1.755579447067759975e+04 -2.080799369136945643e+03 1.022364857648575526e+04 -6.862281947477858921e+04 -2.563567161726557242e+04 -1.514341436542061638e+04 -5.569973965455726102e+03 1.649428191045172753e+03 -1.870035693211021498e+04 -2.507868034628783062e+04 7.861500935109968395e+02 1.263293472028774886e+03 -7.942321736600966915e+02 3.267838858233412793e+03 -7.707681745238853637e+02
-3.885754238286244072e+04 3.844015346544401837e+04 -1.820402894868577278e+04 3.710542575426933126e+03 6.524432475835753576e+04 -3.876395604497004115e+02 -1.671777369203816988e+03 1.056917082525432761e+03 -3.129947152805522273e+04 -4.010621162932412699e+04 -1.809691994047061235e+04 -3.857216842723536502e+03 2.063647862063735829e+03 3.857529202163733771e+03 1.467494285133613175e+03 2.206912003982021361e+03 -3.207175426645682705e+02 -2.984997100814320561e+02 -3.287676974585271523e+02 -1.296538244802725330e+03
-4.184205617919386714e+04 3.535871242138580419e+04 -2.460699848526738788e+04 -4.479735241376624799e+03 2.860804139581995059e+03 1.485191238563802699e+03 2.216840697382243889e+03 1.303724200121579315e+03 -3.146072591500983981e+04 -3.982660959192502196e+04 -1.556057282228308759e+04 -3.276085975761520331e+03 2.241027370708221952e+03 3.219207764691921966e+03 1.600508268219206002e+03 2.057381637341390160e+03 -5.223232496069044828e+02 -1.557519186570596617e+02 -9.677312623904369957e+02 -2.349562795753193768e+03
-3.524441425842699391e+04 1.178637168715062398e+04 1.445507316343285493e+04 9.359982800882291485e+03 6.119413399034775694e+02 1.304539132590885492e+04 2.595996027179665361e+03 3.831054843540570437e+04 -4.155330466308815085e+04 1.914664494520594235e+04 -2.673154172047446264e+04 1.314564334532577195e+05 3.070207882282852006e+04 -3.772814138030936738e+04 6.163505172778567066e+04 -9.765686909562136861e+04 1.384372998719698517e+05 -9.459192757047679333e+04 -1.584150550664951152e+04 -5.557602230400664666e+03
-5.037963260833575987e+03 1.394982229978603391e+04 2.244798792910777047e+04 4.634998159917356588e+02 -9.838126121540669828e+02 2.188307547688912018e+04 6.680720436196557785e+03 3.809991727582294516e+03 -9.558108704148897232e+03 7.906882260409971423e+03 8.159448338816693649e+03 -2.073601198377928540e+03 -1.364645570610686320e+02 8.590233936270682534e+03 3.286602452524392447e+03 2.330846010659214699e+03 -5.195510105972294696e+03 4.960663501080720380e+03 -1.963008325622725897e+04 -2.008033939217332545e+03
-4.670803930297287297e+04 -1.331400582491061505e+04 3.042989703465956154e+03 1.325397455258352295e+02 -3.660388179805395339e+02 -1.470081578274419201e+02 -6.232822967190087184e+03 4.842649535179164559e+03 1.992493715268205278e+03 -6.801892947504318272e+02 -7.013961137362998670e+02 -1.148273314450763428e+04 -1.360781468849723979e+03 -2.810699103846010985e+03 9.374017351794176420e+02 -8.569519601647987656e+03 1.249641150957230093e+04 5.405614340076002918e+03 1.943450580900668456e+03 9.158503149339566107e+01
-2.503043564296211480e+04 5.068975806949967955e+04 -3.037382250607280184e+03 -9.411369852923593498e+03 -1.152986391723479073e+03 1.710717710451079085e+02 -6.441375972180728240e+03 -2.809620010089133757e+03 3.533086093731887445e+02 -5.443274683299374601e+02 3.320582092880760229e+03 2.867243056269760473e+03 1.834391936199694442e+02 1.654619926894969922e+03 -1.333544120955476956e+03 8.048259010642499334e+02 -5.872534657819941231e+02 -5.912615082157003599e+02 1.749405903606695176e+02 7.055348537644579210e+02
-1.574808470510196639e+04 1.140340915506649071e+04 9.273116334262718738e+03 2.352950828163349797e+04 -4.213608363647771512e+03 -3.394489524906280167e+03 -3.239605829364156762e+03 -2.015787395859200115e+04 -1.792073394745837732e+03 -2.532929571012648921e+03 4.583465403773020626e+03 -3.674180414523182208e+03 -9.947159433202734817e+02 -1.813797050563836706e+02 1.175479283357526015e+02 -3.080798211471759259e+03 4.924979724760272802e+03 4.872481543127787518e+02 3.027548660118314388e+02 3.461092234029618339e+03
-8.171010625296504259e+03 2.416011875656726261e+04 1.714299967336441841e+04 -4.566157470646885486e+03 -8.373796445716870949e+02 -1.056528794942358473e+02 -1.839679450576636100e+03 2.145371097364300113e+03 8.118789729838086942e+02 1.493870791176670082e+03 -3.401468677882030988e+03 -2.316132442315083324e+02 1.194034315414498053e+02 8.387830617990939572e+02 -6.220667993638619464e+02 1.440103099214495046e+02 1.449427219634810626e+02 8.218953324149507011e+01 5.100381413230979888e+01 1.007511786055080023e+02
-1.792564718963803898e+04 1.867326140844728070e+04 2.964766928509963327e+04 5.123700933941324183e+04 8.670866189417332862e+03 3.647423599859862006e+05 -7.084917457497375835e+03 4.590400510671852680e+04 -4.396937866792267305e+05 3.530329688495713635e+05 1.520624149758229614e+05 -1.724290875408199208e+05 5.733210854809984085e+03 4.938149533702675835e+05 3.841543657864021952e+05 -1.486594004922091881e+04 -2.323256034307213213e+03 6.009412612440636440e+04 4.194725621765013202e+05 2.808365613295190997e+04
-9.692843369078897013e+03 8.485912760939525469e+03 1.338953784941405502e+04 1.947013172432578358e+03 -5.770284365028005595e+02 -4.408048164769614630e+01 1.477186508740880754e+03 3.426536547605298438e+03 1.229284384125319320e+02 -3.888971238024977879e+02 4.081855619623485154e+02 -5.105209695147314960e+03 -8.859503980088197750e+02 -1.458287613582538143e+04 1.238337862074220538e+04 3.541478241837314727e+03 -8.693834479883367976e+02 1.654765663891663223e+02 1.050523147856713422e+03 2.958494786875712634e+02
-1.938660088004772115e+04 1.550334022018353608e+04 2.589905844791192067e+04 6.435818113373704546e+04 8.378139763641269383e+03 4.688878076589577831e+05 -2.578062216356579029e+03 4.760779409562514047e+03 -5.577546011696041387e+04 3.928527821218324243e+04 1.064641626278094554e+04 -4.506831097819706883e+03 -6.109766930615280671e+02 1.554900710865111250e+03 -1.053915468455040900e+04 2.622122567230121035e+02 -2.149294269351397361e+03 1.786587905382060853e+03 -1.024442993544461024e+04 5.679431320938765566e+02
-2.457744251865191109e+04 1.530893051868360271e+04 1.153190987534217493e+04 1.448267493384374939e+04 1.399417345557244698e+04 7.112299949353741249e+04 -6.030681781865502671e+03 3.084036637738282661e+04 -1.979761390591051895e+05 4.531608347496682836e+04 -5.300760559432221726e+02 -1.150011702800141393e+04 5.510622629169155516e+03 -9.928829226683243178e+04 -1.478155656307420868e+05 -2.584365848847516099e+04 3.202354698151607954e+04 6.578572636019650963e+04 4.099484699345896370e+05 1.174978570995376140e+04
-5.638234987734163587e+04 3.869935618443782005e+04 -3.354980780191023223e+04 1.773229466018378662e+04 -9.176252638165957478e+02 -1.539310055815035639e+03 2.090638861148144656e+01 7.698135799216470332e+03 4.279580179257236523e+03 -2.445484030572213214e+03 6.498706875792314349e+03 -9.591518276996626810e+03 -1.140230250779481139e+03 1.160843144611746311e+03 -1.554769205879460969e+03 -2.087167651973393731e+03 3.681816827108473262e+03 -8.247748810056781394e+02 7.020629522706765329e+02 2.081361633573326060e+02
1.521124505743455074e+03 6.129520452199241845e+03 9.817787662996697691e+03 1.413993827086511737e+04 -3.148641418016882199e+03 -2.346810668585812437e+03 9.124094935557158124e+02 -2.393475328633493700e+04 -3.769766794447128632e+03 1.111656200384474232e+03 -2.219815169353521014e+03 2.112742028576940356e+03 -2.242747483274064280e+01 -1.032803310642217866e+03 1.233183278345700728e+03 -9.574260516500372660e+02 1.268246087445996181e+03 2.824386615406864962e+02 6.233880485425322604e+01 3.164520742566094214e+03
-1.319447428682048303e+04 9.118963118153831601e+03 -5.543923670338523380e+02 5.082862054239845020e+04 -5.759344994179406967e+03 -3.424350454148261633e+03 -4.102941453919908668e+02 6.625188825870939581e+03 7.126892443981785163e+02 2.078480209704281151e+03 -3.877222798717034038e+03 1.548987857651435434e+03 1.555796405912317937e+02 1.432274573050892741e+03 -2.029170497988174702e+03 2.780555518990383916e+03 -3.318333384901959107e+03 -4.668921488504823287e+02 -1.400263117423898848e+03 3.123886291534950601e+02
-3.910819667834944994e+04 3.635711850487681659e+04 -2.221929234384712981e+04 -3.315298859977242500e+03 2.599641030019798109e+03 1.304544047363745904e+03 -5.611903468576043451e+03 3.991677738283230610e+03 -3.372209692798650212e+04 -4.277484244078307529e+04 -2.325975603749014772e+04 -1.025429043704729884e+04 4.026306506200048148e+02 -1.524834652175862857e+03 7.162790460024280037e+03 -3.288505210012616590e+04 -2.411315516544608909e+04 -4.502570374609666146e+02 -1.754374631850071182e+03 -1.460548585888313482e+03
-4.433429572933347117e+03 1.499265343036015838e+04 2.209892380807104564e+04 -2.254232179867187369e+03 -1.202084164433703108e+03 -4.685108059739201281e+02 1.082354521578838103e+03 -3.248799392866042695e+02 3.866767630643345797e+02 -1.119162958705207529e+03 2.021122123465341474e+03 1.373465666895544473e+03 1.258055598481999482e+02 1.555746879240325825e+03 -1.081541474821197198e+03 2.231184474574821195e+02 6.172495039646458537e+01 -1.052619263239516556e+02 1.643747558887453692e+02 3.499693849278854714e+02
-4.497560914768552902e+04 -1.201604209123886358e+04 5.309826484159038955e+03 1.043054283205260191e+02 -3.748424338867728238e+02 1.119628517855334167e+02 -1.248291171715571579e+02 3.567363206870638351e+03 2.175775992060211763e+02 -4.081280349976337902e+02 6.180110491064101552e+02 -4.960572751337494083e+03 -8.285484604035052598e+02 -1.363918249631086110e+04 1.185007122673222511e+04 3.586646625777939335e+03 -5.047427174203558025e+02 8.135508620338127628e+01 9.193478737572451109e+02 8.169647232449574403e+02
-2.223525871558094514e+04 2.518230195544693925e+04 2.689467098360735690e+04 5.359277821226011292e+04 2.413639438124532899e+04 4.094989951661151135e+05 -9.401515557694892777e+03 5.010823083850658440e+04 -4.535329043919385877e+05 2.231797088067580189e+05 7.457681061425611551e+04 -1.055733067783546430e+05 9.291094608243840412e+03 1.289746412067784113e+05 -7.990754289373542633e+03 -3.434390382122268056e+04 3.607073403305748798e+04 7.424827533950997167e+04 6.115162466315157944e+05 2.405476712689747728e+04
-1.369040345882622023e+04 3.120594007878113644e+03 -1.385887475126264462e+03 1.175210594079696602e+04 -7.743116666322671335e+02 -1.357903941185244094e+03 -8.752295396939066450e+02 4.036718088921748404e+03 3.632178292033511298e+03 -6.786009531532690744e+03 1.154567152629490738e+04 -2.695538082587065583e+04 -4.875741294175189068e+03 -2.898253483194549972e+03 -1.533084114818770104e+03 -2.706808631776787297e+04 4.167927632950596308e+04 2.357865603083511451e+04 -4.015923627872579800e+03 -2.679920956520084019e+03
-4.733410029306398792e+04 -1.471470582119720530e+04 1.337741213377124041e+03 -1.191043432244125142e+03 1.082702170811281093e+02 1.464751155872706079e+02 -9.330878389334986878e+02 2.454358437856588807e+03 -1.145293653992058898e+04 -1.825128425242725280e+04 -9.578729181979093482e+03 -2.578202070426899809e+03 -5.304120666469742673e+02 2.218946000229444508e+03 3.294506372745142016e+03 3.135890651222888209e+03 -2.463535101106466811e+02 -5.174365256127579187e+02 9.203982544734668409e+03 -6.858760704767760217e+02
-4.881322925793768081e+04 -1.577692027364453497e+04 -1.201586352837375955e+02 -1.416574504776806407e+03 -2.497070854393203376e+01 1.012470033286695497e+02 -3.917567090373735255e+02 -2.667238283531861853e+01 2.618478628996064117e+02 4.067348420948830494e+02 -3.154649193871263080e+01 3.492600579588156506e+02 6.683491762605036968e+01 1.309031097800676662e+02 -8.981967156056416002e+01 1.386798284375132368e+02 -4.590975418979471101e+01 7.507488808831080007e+01 -1.939295247563058311e+01 -6.500578196928709076e+02
-5.291558695656672353e+04 -1.267428706541134125e+04 -1.132500182466884780e+03 6.864027044635212405e+03 -8.090027786207890586e+02 -7.133496915648730692e+02 -7.162259281568420874e+02 3.170295070992886849e+03 1.693181956938556596e+03 -8.026468182837247696e+02 1.644775107730174796e+03 -3.945090392967593743e+03 -4.609039366910494095e+02 9.086367600444255004e+02 -1.019526168300855943e+03 -9.397588657353392136e+02 1.896187356361465163e+03 1.099463121934758476e+02 -6.953465608652537355e+01 -1.924227936142111730e+02
-2.412647635451165479e+04 2.316714950992390004e+04 2.333352254694063959e+04 4.790332916607971856e+04 1.221375562485431874e+04 2.916460506110698916e+05 -4.502457203066738657e+03 3.609907012343542738e+04 -2.351274249901232542e+05 1.014916618438192818e+05 3.013721942247717743e+04 -2.553406377066424466e+04 3.747520604304989320e+03 -1.419921146159151795e+04 -6.994669837901096616e+04 -1.712184528847148613e+04 2.070202258184581297e+04 1.515925748492997445e+04 1.959357223691293038e+05 5.995614014622840841e+03
-1.565111822506010685e+04 2.048667036234676198e+04 3.396677851449735317e+04 2.398550051632946270e+04 1.408213290311832679e+04 1.836175292621102708e+05 -1.704268109117535232e+03 3.491513027222832898e+04 -1.615029954930181266e+05 1.151685675039693451e+05 5.206802212307549780e+04 -7.379682704931290937e+04 -6.919087457710166746e+03 -8.549426763691930682e+04 1.905267469036896655e+05 7.532553606116860465e+04 -2.666221582010769998e+04 1.253163045331532339e+04 -3.154822544632164136e+04 2.506338009007180517e+04
-2.636046668931586828e+04 2.729985842030625281e+04 4.586364130830935028e+04 9.232456288192600186e+04 1.037650961677774467e+04 7.603876891655274667e+05 -6.332683183812705465e+03 2.037804585182597657e+04 -2.042380547513892525e+05 1.686619262602878443e+05 7.458057620446402871e+04 -5.400901449940816383e+04 3.413746155855434608e+03 1.727447034502101887e+05 1.388398282029360998e+05 -1.601313950814408418e+04 1.615292397107502802e+04 -3.541171942425193993e+04 -2.556360877174905909e+04 -1.474994725195564115e+03
5.462626209971262142e+03 1.605847155623159597e+04 1.823109285187713976e+04 -2.387514653526236998e+03 -2.936625676741117331e+03 -5.398267950907071508e+02 -4.823356352272001095e+04 2.659119833846998517e+02 1.003758303064836127e+03 1.952663333740141752e+03 -2.975129436488305146e+03 1.977627488619925771e+02 2.988858680020628071e+02 1.369857897899639738e+03 -9.652516101651282554e+01 4.882523836142186155e+03 3.258776034995757072e+03 6.705583664493781271e+02 -9.564783671373493235e+02 -6.291488577888002283e+02
-3.308849498905159999e+04 3.739501905118379364e+04 -6.967777651985716147e+03 8.189215601285402954e+04 -3.564893886387632847e+03 1.025384946617910100e+04 -3.465669858087316697e+03 6.303136547685693949e+04 -5.632253604787530639e+04 -1.676320419325043758e+03 -4.695322772910691128e+04 1.742540926786221389e+05 -8.569382038413640112e+05 1.821789362942206208e+04 9.611483513971568755e+03 1.306886468001465801e+04 4.523337664173863232e+03 -3.739869939143142346e+03 1.250991981724607831e+04 -1.600857015216674881e+04
-3.609910514739592327e+04 4.670923226139967483e+03 1.664317417428351837e+04 6.768882256749428052e+03 2.693890935057644583e+03 3.095466946728115363e+04 -3.645510394263108992e+03 2.143821520901633630e+04 -7.219191292946082831e+04 3.621830376089012134e+04 5.116451949997094744e+03 1.787770398027557167e+04 5.057578541646218582e+03 -5.542368456570979470e+04 -2.354038284646143438e+04 -4.517478554310863547e+04 7.084718145760505286e+04 -1.126247696839612036e+05 -2.351707868901270922e+04 -1.048938860589909382e+03
-2.385462484451163618e+04 2.486420997840817654e+04 1.985899062703092932e+04 2.606566015606248766e+04 6.524290081974828354e+04 1.197540857949026977e+05 -2.522104053184604345e+04 5.138320005340837815e+04 -4.068107338129751734e+05 8.717485765783698298e+04 -3.440020882090481336e+03 -5.435636039916195296e+04 1.055315242262187348e+04 -1.586191986537564371e+05 -3.060571469498720253e+05 -4.426287458800330933e+04 5.977519011678752577e+04 1.055942142556195031e+05 8.310966173137951409e+05 2.717668291618834337e+04
-4.374101047623455815e+04 -1.054681244988653634e+04 7.181546879699663805e+03 -5.989630244241756145e+02 -6.949560184424166209e+02 -8.429275370357147779e+01 -1.193272708485797693e+03 1.445502513628280212e+03 -4.520733423515939648e+02 -5.421327139854836787e+03 1.077380343034329962e+04 3.142970806086608263e+03 2.132733542315162083e+02 3.736137790005053603e+02 -2.450743065972136776e+02 -2.711356188875213888e+02 -1.133201290194202556e+03 -3.362985613539428300e+02 4.354790828161881109e+02 -4.669779289644820324e+02
