-4.845016580139869620e+04 -1.572565024270112553e+04 1.343669663645589907e+01 -1.527083601873091538e+03 -2.581941945441521469e+01 1.084977331901167901e+02 -3.748647608350921132e+02 -5.788115657728616981e+01 2.473300262300353722e+02 4.053843123916167883e+02 -2.924688467923034452e+01 3.965801235596945844e+02 7.138931605006688130e+01 1.372440954687233159e+02 -9.336686292561263656e+01 1.441824022534187577e+02 -6.071941722323725088e+01 7.529987553989768401e+01 -2.036362325612544666e+01 -6.456884330840827033e+02
2.099517227206172174e+04 -3.093365626633389184e+03 -3.395692128720169421e+03 -4.312916660996791620e+02 1.632687580261147104e+02 9.576812977346820333e+01 -9.449590264749791402e+01 2.137858611003351257e+02 5.141712554029988169e+00 -4.420226870350429493e+01 1.123769929852932705e+02 4.006634398725843482e+01 4.025077960358433238e+00 8.525868802024490378e+00 -8.427411613788962086e+00 8.718424700183273757e+00 -3.282687587772252868e+01 -2.476361744391571307e+01 5.119339731619225731e+00 1.808589391292363180e+00
-3.865554897300802622e+03 1.350226390789838661e+04 2.029670196600810596e+04 -2.628245521802351504e+03 -8.151770247632452993e+02 -2.664400451806926071e+02 3.016340441754471613e+03 1.770931402493715950e+03 7.956167719922403876e+02 1.094527450812063535e+03 -2.750097402169880752e+03 -7.677591805133554317e+02 -1.294595736435735489e+01 8.085857372576280113e+02 -7.394732907045995489e+02 5.207338570263060795e+00 2.237199200005416913e+02 4.988642063286697237e+01 3.508631700138927556e+01 7.290423627016551222e+01
-4.260962325147404044e+04 3.583842751717921783e+04 -2.622811379819220019e+04 -5.116946710453740707e+03 9.132361627148829939e+02 4.989753160397067973e+02 1.728177958609659981e+03 -2.218611349718680685e+03 3.045455068856800267e+02 8.541977798765495891e+02 1.106472895296245724e+03 -7.792816314169839131e+01 -1.458899073165560480e+02 -5.319770094386244637e+02 9.981802513195130899e+00 1.461177928637784191e+02 -3.419316529755798797e+02 -6.898843635267465402e+01 -1.414926287609863209e+02 -7.899197510742241093e+02
-1.583022159269228359e+04 1.631024416006067440e+04 2.965087018312638247e+04 2.370641063895096522e+04 1.933632441917748365e+05 -5.447829983579837062e+03 -3.765324876573680285e+03 -3.067989937507751620e+03 2.310570014259651089e+03 1.096897457302150087e+03 2.881004523898682805e+02 8.391546462859483881e+02 4.444867124678519303e+02 5.640746032507823884e+02 9.785690892934773899e+01 3.261172838602973343e+02 -4.358215665346571086e+02 8.669831345798962730e+01 -9.972064498736240239e+02 2.718160178082420231e+01
-8.073552234980436879e+03 1.239770514028803154e+04 1.665810356170843806e+04 1.590784278688427912e+04 -4.104778599617167856e+03 -2.773129014419906980e+03 -5.836043639340113259e+03 -2.483350806141841531e+04 -4.045443746331707189e+03 -1.704674393708311982e+03 3.657454644170281881e+03 4.299824062939457690e+03 1.450734205551959235e+02 -9.282745845550825834e+02 1.409516783321206958e+03 -6.937600815616029877e+02 9.290529518849784836e+02 -4.297038891047363363e-01 4.758478474529474624e+02 3.316565949397638178e+03
-1.686399874203246873e+04 1.163831362733882816e+04 -2.283353745443814660e+03 7.209921466628178314e+04 -7.975594536977230746e+03 -3.034208176882519183e+03 -7.516483343918160926e+02 1.531693040858694985e+04 -8.573281348413255500e+02 5.073118903819024126e+03 -7.500789660621499024e+03 8.302743075912901986e+03 -4.934373122843480246e+02 1.730943078046707342e+03 -4.226238332862723837e+03 4.364761975465248725e+03 -5.124019196681687390e+03 1.726269968647603037e+03 -4.339594496790801713e+03 7.237702955622206673e+02
-2.592836166508898896e+04 4.489571777559498150e+04 7.560678517983650090e+04 1.682664205134041258e+05 1.344582463321686009e+04 1.465087101804690668e+06 1.303311602301214634e+03 -2.234127874870529922e+04 -1.767256285737639246e+03 3.322086424410602194e+04 3.651204452476602455e+04 -1.436459442051046972e+04 -8.613652453754984606e+01 9.688744406943846843e+04 6.216349611840477155e+04 8.625871688165148953e+03 -2.411140785878136739e+04 1.767973441868671216e+04 -9.595046777514930000e+04 -8.807482461357320062e+03
-1.298211096979217837e+04 8.369492461789348454e+03 -5.341717579202621664e+02 4.461519326580342749e+04 -5.077899798919360364e+03 -3.674229207277221121e+03 -3.631467625879298566e+02 4.102865874621726107e+03 1.484494839848454831e+03 8.406482276057652143e+02 -2.301307719923248897e+03 -1.339882960966997416e+03 3.355265022495252083e+02 1.436251004171974728e+03 -1.350213179931888135e+03 2.115684626135760936e+03 -2.480938154040155496e+03 -1.288844687345689636e+03 -3.201156095721210590e+02 1.835996555923734377e+02
-4.155993628886674742e+03 3.733970060184930844e+03 6.123656567555026413e+03 8.660987653933192632e+03 -1.809998247412232331e+03 -1.330645830092972346e+03 1.782696598031307076e+03 -8.874095380683807889e+03 -7.172884895132510792e+02 1.525332848071648868e+03 -2.112100135911405687e+03 5.314993196114379259e+01 -4.724176510342352309e+00 -2.533414452727602679e+02 1.462016736349235941e+02 2.270866098638190778e+01 -1.118302980357998422e+01 1.546730780477500957e+02 -8.462207594878589134e+01 -1.132518004165521234e+03
5.906625090631241619e+03 2.244378603518495584e+04 2.422598314303821098e+04 -4.004137492180899699e+03 -4.056508325399463502e+03 -6.199152757266244862e+02 -6.022144670987379504e+04 -2.630794266499915466e+02 1.014021235464093934e+03 1.512865329384959068e+03 -1.699485504794185317e+03 1.115284497254630878e+03 3.977179802204413477e+02 2.047592080128308680e+03 -4.567170565383835310e+02 5.237373176436987706e+03 3.178621241428154008e+03 5.388663886979921926e+02 -1.028107932040280730e+03 -4.828224172839753692e+02
-8.895149575281770012e+03 1.674521327162503076e+04 2.579775576005815674e+04 5.803456630991413476e+02 -2.039188951139789424e+03 -7.497754204673266258e+02 -3.325372592292022546e+03 -5.141760301546590881e+02 -9.450458711930709796e+02 -8.865761347570694852e+03 1.806952545319433193e+04 5.868429346759719920e+03 3.445035825474776061e+02 5.011550391250470398e+02 -3.396378908156435159e+02 -7.612828406052463492e+01 -1.588910617804615185e+03 -5.274668478838365218e+02 8.286912208570114444e+02 -7.077547826553305867e+02
-2.417173885706358487e+04 4.836447910898633563e+04 -9.274874919816957117e+03 -9.947527459583012387e+03 -2.212695873259487200e+02 5.398551681938172351e+02 -3.715068946346088069e+03 -1.001206153284875739e+02 8.894534120021411354e+02 2.867920600531547279e+03 -3.943109583243645829e+03 -2.629735240943915073e+02 -6.809937470486774558e+00 7.743706692104892682e+02 -9.577102140085820565e+02 5.359992303067186867e+02 -3.662998750179702370e+02 -3.519315422873392549e+02 -1.064487177885866487e+02 3.582874471629036748e+02
-1.369040345882621659e+04 3.120594007878114098e+03 -1.385887475126264235e+03 1.175210594079696784e+04 -7.743116666322672472e+02 -1.357903941185244548e+03 -8.752295396939065313e+02 4.036718088921747494e+03 3.632178292033510388e+03 -6.786009531532689834e+03 1.154567152629490920e+04 -2.695538082587065219e+04 -4.875741294175188159e+03 -2.898253483194550881e+03 -1.533084114818770558e+03 -2.706808631776786933e+04 4.167927632950597035e+04 2.357865603083511087e+04 -4.015923627872578891e+03 -2.679920956520083564e+03
-5.569963073253937182e+04 4.000524081454399857e+04 -3.540128080195652728e+04 3.386319163456542447e+04 -2.646326352393198704e+03 -2.978421476435593831e+03 -1.702351305725791235e+02 1.327873263919393503e+04 5.935383108813371109e+03 -3.183994423268694391e+03 6.244542103277305614e+03 -1.249485013510049248e+04 -9.808736907070554025e+02 3.113819815720319639e+03 -3.199804087729558887e+03 -1.210436065684011055e+03 2.932243729220827390e+03 -1.852565111011800127e+03 4.739180552032481160e+02 9.570104494953679932e+02
-3.390361032988087391e+04 7.461490853905177210e+04 1.565464070198635163e+05 6.688038500037605409e+05 9.269461209923577553e+04 7.429178814210163429e+06 -7.226347487304396054e+04 -6.452495208701075753e+05 2.697222315995696001e+06 -1.839428319571936736e+06 -9.099011106334049255e+05 4.952719504703676794e+05 -1.449154183666315657e+04 -1.352397542225514771e+06 -1.006791201424730825e+06 1.677897437323605482e+04 5.029670213864884863e+04 3.157114726211919697e+04 3.748489633779013529e+05 3.634773474928404903e+04
-4.142454675950141245e+04 3.523850570149485429e+04 -2.515506530893176750e+04 -4.466433699781152427e+03 3.209028064838177670e+03 1.699567357136365217e+03 1.763476369302904004e+03 4.092785316881571816e+03 -4.750326482840349490e+04 -6.440203181907712860e+04 -2.928720186911208657e+04 -7.725173647918448296e+03 3.226093495274218640e+03 8.890972319773056370e+03 5.042511881140103469e+03 6.726269444693120931e+03 6.023368736693599885e+02 -1.096511664455956407e+03 -5.759330611979779860e+03 -1.424599122030882199e+03
-9.692201191206808289e+03 8.484848317724421577e+03 1.338842958874120268e+04 1.946935001446386877e+03 -5.770330953116061892e+02 -4.419109343595814465e+01 1.477213161103646598e+03 3.426191772457203570e+03 1.227013549475357621e+02 -3.887817431034621336e+02 4.082294966957697966e+02 -5.105121351027081801e+03 -8.859872951200222815e+02 -1.458333928369270143e+04 1.238379285712771343e+04 3.541946766973313970e+03 -8.697629171159517227e+02 1.651183807604631397e+02 1.049926350927296198e+03 2.966090968851984826e+02
-4.041545915606410563e+04 3.790383684294592240e+04 -2.696330105663326685e+04 1.906539692206690597e+04 -1.255288798715425401e+03 -1.060569125131170949e+03 1.223706533312341207e+03 1.776598333489745346e+04 -5.734027138665347678e+01 1.361616401180304592e+03 -5.583925027948515890e+03 3.066532027462347469e+04 7.677043172230251002e+03 3.451050734403004299e+02 1.037878562503190915e+04 -3.168777404493952417e+03 1.897410430433067404e+03 7.107455772652746418e+03 3.720414693241089481e+03 -3.001099412677858709e+02
-2.340610116881334034e+04 1.939646803631302828e+04 2.360812582150463277e+04 5.160298161540442379e+04 9.928305154796080387e+03 3.330857999699342763e+05 -3.195826332809682299e+03 2.597596834963568836e+04 -1.701740725658908777e+05 8.404772336368504330e+04 2.677648101039241374e+04 -1.809403484028889943e+04 1.931732940799186053e+03 -1.086815700358277041e+02 -3.666416269864957576e+04 -9.704565607756470854e+03 1.079787340735267571e+04 6.294471274400806578e+03 9.329844915539596695e+04 3.053829019534953204e+03
-1.597546968776258473e+04 9.993773498065065723e+03 1.473324306261562560e+04 6.373887574557761582e+03 2.270631614256764408e+02 1.656567067581172159e+04 -5.848741590685814344e+02 1.007034397380356131e+04 -3.749873220263695111e+04 1.372321013700827461e+04 2.442883543151684080e+03 -1.056292566317903947e+03 -5.474961674273966992e+02 -2.291589648825070253e+04 -2.649071477950955159e+04 -1.296013008897713462e+03 1.249162337174369213e+03 -1.032756098605637218e+00 3.830342009154437619e+03 4.334152779224293113e+02
-6.885724935957827256e+03 1.665625871182941410e+04 2.590182299127784790e+04 1.285852926881002895e+04 7.209044232068185011e+03 1.359106757683623291e+05 1.255462500916595218e+03 1.018036716806816912e+04 -8.264374236973556981e+04 7.014792801531747682e+04 2.806728217481349202e+04 -2.964695692814120775e+04 9.503420380840811958e+02 7.721361212155294197e+04 7.149716320108278887e+04 -2.450084105213038015e+02 1.533066703255069569e+03 -6.287510835684981430e+03 -9.272427919467159882e+03 5.318100502226116078e+02
-4.679770990793898818e+04 1.215091367005377469e+04 -1.520415546602802351e+04 1.343445135677665530e+04 4.547817147043622867e+02 -1.254920919419478196e+02 -8.076833067681862985e+02 1.634449518992396224e+04 -9.798865599246739293e+03 -1.063435613024535269e+04 -9.655854007901918521e+03 4.640001193447296828e+04 -3.351305652708171401e+05 1.387256927966908916e+04 9.702717371192869905e+03 -1.708779389661585810e+02 1.221205099208779575e+04 -3.601216893248257293e+03 1.025727638613317686e+04 9.702828519210299874e+02
-8.185044217800864317e+03 1.211884745833649868e+04 1.948743768532577087e+04 6.160918734491016266e+02 -9.803197382570600666e+02 -4.127207062317634154e+02 1.480013945104893764e+03 2.000579000643807376e+03 -4.826778391388829164e+02 -5.672819131013855440e+03 1.121804994513677048e+04 2.786709546384796795e+03 1.431999489022938974e+02 -4.504173724730591175e+02 6.075818641183324331e+01 -4.169955861738062026e+02 -1.347800689039915369e+03 -2.516395386780286572e+02 5.483464602011126772e+02 -1.064032724798646996e+03
-4.332376167140884354e+04 4.873417784566304908e+04 -1.491819379816078981e+04 1.183625997982947010e+05 3.774330498322490166e+04 3.272267325405126940e+03 -6.657788197464812583e+03 1.238686921783806029e+05 -1.073264803249460820e+05 -3.239254324847713360e+04 -1.485637644755731453e+05 4.946661070626931614e+05 -2.562450987102032639e+06 7.993945496745551645e+04 8.424003479697836156e+04 3.541244295918357238e+04 9.498511284400306977e+03 -2.362886442389662261e+04 3.937337699184878875e+04 -6.968172246985540551e+04
-4.861925358469529601e+04 -1.529122355248909298e+04 3.919631579043586385e+02 -1.313554834091398106e+03 2.646905443256841295e+02 2.708334404544664835e+02 -4.017495442988223999e+02 2.769166628498524915e+03 -1.704728812606236534e+04 -2.703502972260869865e+04 -1.266407902671324700e+04 -3.363667376246995445e+03 1.209436609269024757e+03 6.325624154297574933e+03 3.038673012404755355e+03 5.305891173411150703e+03 7.844525373313684895e+02 -9.058141720356732094e+02 -5.976987565580396222e+03 1.023607467423242497e+03
-2.355501195781553906e+04 2.426984973255989826e+04 3.045530167303908092e+04 5.912451571240432531e+04 8.350890648660182705e+03 8.631646067246637540e+04 -1.990197281742230189e+03 7.837111987679242156e+04 -2.531767388323281775e+05 1.347787085001167434e+05 5.998019736836873199e+04 4.462488080936218466e+04 -7.427769283151555101e+03 -2.174164048649183242e+05 -2.326986299964478821e+05 3.998201027050674747e+04 -6.119156957917979162e+04 7.300509332303369592e+04 -1.949312601985632209e+05 -7.287238835909100089e+03
-3.937153958005669847e+04 9.400567375560969595e+03 2.847170868239002084e+04 -7.704187854615644028e+03 -4.774978464673318740e+03 6.019810164568499431e+02 -9.283654984462929133e+04 9.804378563949623640e+03 -1.180067871268931412e+04 -9.444628457886306933e+03 -3.087097540681489045e+04 -2.959314100704528755e+04 -1.036357618702884065e+04 -4.091347559392799303e+04 4.181658393500300735e+04 -5.402395853004804812e+05 -4.130519698641552241e+05 -2.224136468164364123e+04 -2.088010960122930919e+04 2.494672799212529208e+04
-4.845963014898239635e+04 -1.541570544048269585e+04 9.484239234665999163e+01 -1.433326655135140527e+03 3.801555477882268264e+01 1.424529441474404337e+02 -7.656487647675451171e+02 1.711225375156305063e+03 3.725176719076168297e+02 -3.168186584693014538e+02 5.590535728672609821e+02 1.677176792397174836e+02 -4.114007897165316763e+02 3.639853548981849940e+02 -1.299490310205508479e+02 -2.736757961005950506e+02 2.945139405312567646e+02 -6.726279036900567689e+02 2.380974075089480948e+02 2.133488693548829906e+04
-4.602943147526719986e+04 -1.264689863789240917e+04 3.977983541881245856e+03 -4.699698354103416165e+01 -4.530022228453654520e+02 -1.513452401315360021e+02 -8.306502588745566754e+03 2.768450996686508006e+03 -2.053515310426852466e+03 -3.485854513877726276e+03 -5.982718044148910849e+03 -6.529510876289482439e+03 -1.815652155286429206e+03 -4.565033017427121194e+03 5.397040189435900174e+03 -3.505207940036319633e+04 -2.350753317250120745e+04 -1.858441280671968059e+02 -7.520672148716736274e+02 2.543486747477951155e+02
-3.437694586748853908e+04 4.363935132112444990e+04 -1.058773209746131761e+04 3.759636389478600904e+04 -3.302473007203102952e+03 5.203090023757315521e+02 3.528001198580454911e+03 5.042707398958568228e+04 -1.763883332873939071e+04 6.285165184307043091e+03 -3.733013923886459088e+04 1.506654891795795993e+05 3.155786175545132210e+04 -1.263532975927211919e+04 5.799432393035824498e+04 -5.395504696814205818e+04 6.698289269311170210e+04 2.988614248480086462e+04 4.635650887536799928e+03 -4.033098752045393667e+03
-2.142296379749858534e+04 1.041763452194973070e+04 2.081903354883681095e+04 9.463889251301739023e+02 -2.021471384070287911e+02 3.780841407464975418e+03 1.269368186513014962e+03 1.459802745676940685e+04 -2.806640317478588258e+04 5.089625832834613902e+03 6.098118569305655001e+03 2.280313857896737682e+04 2.641740493399207480e+03 -6.858081959790144174e+04 -6.816523213534760544e+03 -2.935391458730933664e+04 2.976369592426181407e+04 8.545975715258409036e+04 2.587739757612833928e+05 1.352833369631474625e+02
-2.014504633504052254e+04 1.062716118458732308e+04 2.187704603092172692e+04 -4.004992194874638045e+01 3.034039012240795273e+03 1.463018706878956982e+04 6.418620641592956417e+02 1.249289990751800724e+04 -3.150278965936684108e+04 1.978632355256641677e+04 6.865371924112107536e+02 1.736591445204674528e+04 5.441890239574639054e+03 -2.966854747822355421e+04 8.864651243631264151e+03 -4.525492308549598965e+04 7.173357789663574658e+04 -1.147044286590801494e+05 -2.054939385332365418e+04 -1.202087136806821263e+03
-1.085920375403121216e+04 1.307296181514396449e+04 2.098139479013857272e+04 3.813224548891689210e+03 -6.877767673705360494e+02 4.140565509036177900e+03 3.288779178016751757e+03 1.354234792500429467e+04 -1.481321359566234423e+04 1.147797889160729210e+04 8.472478065959423475e+03 -3.651370692576099827e+04 -5.629075951953972435e+03 -1.083810986183628847e+05 1.233341660602060147e+05 5.532367128966004384e+04 -1.634244594809510272e+04 7.207423893429443524e+03 -4.248126563769073073e+03 1.813302489245689867e+04
-3.770983126473466837e+04 5.487385780222576614e+03 1.397230955163091676e+04 2.078126879706950422e+04 7.888132223667610560e+03 5.041418500662119914e+04 -7.442846384545428009e+02 4.519229222614926402e+04 -1.758634299516984902e+05 8.380269460526382318e+04 2.220801421463676525e+04 2.007865925857896218e+04 1.205491776937907707e+04 -3.255078927226952510e+05 -2.339856602635043964e+05 -4.201601559623531066e+05 7.102285857723297086e+05 -2.104463607909047045e+06 -2.177633794808288221e+05 5.090580878107423814e+03
-2.510199968476711365e+04 3.122939423677761442e+04 5.100802486546307046e+04 1.227017833404770208e+05 1.034321149820759638e+04 9.970211071695809951e+05 8.533102335390308326e+02 2.340851055119806460e+03 -1.143489403611174057e+05 1.033912642844154761e+05 5.175908957557151734e+04 -3.680899391736125835e+04 1.139939915681086404e+03 1.381087063601657283e+05 1.018519502176323294e+05 1.462797252735958580e+02 -8.232273262901231647e+03 -6.168859346778872350e+02 -4.892473248059737671e+04 -3.613345866011217367e+03
-2.643763552898166745e+04 3.733526593055090052e+04 6.763889405942482699e+04 1.420863090887261205e+05 4.313969502724552149e+04 1.271015833814267302e+06 -1.308669935687625548e+04 9.499174306960003742e+04 -1.141569845409028232e+06 9.370813689726606244e+05 4.408323173746695393e+05 -4.719446091059840401e+05 1.800154699702349899e+04 1.400029016413799254e+06 1.067892005748613970e+06 -4.399176234783912514e+04 -1.709472291622325429e+04 1.811669281306827033e+05 1.144675960023254156e+06 7.039145206546309055e+04
-4.170569853012431122e+04 3.566951537767198897e+04 -2.472702541049672800e+04 -2.150676723236974794e+03 2.602402843072049109e+03 1.262196716088009453e+03 2.139134386596199874e+03 2.137510567544471542e+03 -3.100423441862583422e+04 -3.972437739399601560e+04 -1.564639807826947072e+04 -3.859406186008812710e+03 2.197405870810351644e+03 3.486697873221015925e+03 1.421154706905535932e+03 2.164999739239672635e+03 -4.907765030914620183e+02 -2.921943385272501246e+02 -1.049295390231101237e+03 -1.918220264845780775e+03
-5.037963260833575077e+03 1.394982229978603755e+04 2.244798792910777411e+04 4.634998159917355451e+02 -9.838126121540668692e+02 2.188307547688912746e+04 6.680720436196558694e+03 3.809991727582294061e+03 -9.558108704148895413e+03 7.906882260409970513e+03 8.159448338816693649e+03 -2.073601198377928085e+03 -1.364645570610686036e+02 8.590233936270682534e+03 3.286602452524392447e+03 2.330846010659214699e+03 -5.195510105972293786e+03 4.960663501080720380e+03 -1.963008325622725533e+04 -2.008033939217332545e+03
-4.673913713979131717e+04 -8.853704084947181400e+03 -1.324565717245835458e+03 2.174307085133191140e+04 -2.102600165915474463e+03 -2.011175907480983142e+03 -3.624408771151230667e+03 1.541652334835160400e+04 5.487938217911870197e+03 -2.391375712818432476e+03 2.051586932961602997e+03 -2.509506597473141483e+03 3.774468334439976388e+03 5.162799853388232805e+03 1.707006349575900686e+03 1.643605523803813776e+04 -2.328701136595157368e+04 -5.592925736830999813e+04 4.844322060885660903e+04 -1.025449494974027948e+04
-1.563558754529560429e+04 1.495993102250230913e+04 2.629472658033505650e+04 1.984552208242327470e+04 1.559885730234512885e+05 -4.771416395465324058e+03 -2.809233082889541038e+03 -2.043566817982721659e+03 2.250020026017688906e+03 4.639493435879795413e+01 1.469567639494091225e+02 2.735644243281307695e+02 2.151088112325643920e+02 5.694592203686299854e+02 3.651238792378065909e+02 5.658349841098220168e+01 -6.827037936888908121e+01 -7.946932422708205479e+01 -2.066929776903518814e+02 -9.311206505949147783e+00
-1.335784412477532533e+04 5.392653224570922248e+03 2.971616937562581825e+03 1.905387220489508400e+04 -2.967550780421677246e+03 -2.583561633666754460e+03 7.440411009900009276e+02 -2.025390919334139471e+04 -1.802770929451634174e+03 4.385586316204737159e+03 -5.493329614280697569e+03 -1.757388606066574539e+03 4.256477700449544841e+02 -5.472627718535205531e+03 5.260608814052413436e+03 2.075946158333255880e+03 -5.314070374452280703e+03 -3.959156515725744612e+03 6.026868224275362991e+03 -8.006412039263303450e+04
1.658837622731832653e+03 5.971848959303707488e+03 9.642130009643487938e+03 1.411999585224687507e+04 -3.131692133797887891e+03 -2.339400243807423067e+03 1.025933363822907268e+03 -2.393380723372540160e+04 -3.769156017887376038e+03 1.147917358633848607e+03 -2.294337418049134612e+03 2.084571697974643484e+03 -2.406679209416016008e+01 -1.028728061833319316e+03 1.227215865442996801e+03 -9.622848658987392128e+02 1.270374107372127810e+03 2.865578549744960810e+02 5.324463652911244793e+01 3.162848044247648431e+03
-2.081303823523509709e+04 1.817157416201244996e+04 2.201060758109213566e+04 4.077177566681605094e+04 8.554490850500491433e+03 4.733763754826345394e+04 -3.403484791888219206e+03 4.652069384642330988e+04 -1.432079830899474327e+05 7.464975937167486700e+04 2.615881343345425557e+04 2.465849558045705999e+04 -3.992497341237765340e+03 -1.201239800959517161e+05 -1.277858689853067481e+05 1.798070703808469261e+04 -2.675841434647992355e+04 3.179403125142636782e+04 -8.951835829721749178e+04 -2.500594444517756074e+03
-1.604411891071332138e+04 1.328729153573724761e+04 1.401869283967460069e+04 1.592908500328053151e+03 -1.453595832904564986e+03 -5.293450177189773740e+02 -1.989274883666893584e+04 3.607796424199135799e+03 -1.828253773380264875e+03 -2.194675117754758048e+03 -8.626647670704767734e+03 -7.711125392865777940e+03 -1.846339007199898560e+03 -5.522156635270664992e+03 6.111833343295345003e+03 -3.506068992297455407e+04 -2.385504521139066856e+04 -1.522194400497225217e+02 -6.831873229433639381e+02 -3.335218161945887232e+02
-4.250614519400518475e+04 4.525388886441407521e+04 -2.809584234514921991e+04 8.320802786790428218e+04 -8.136687372272092944e+03 1.209143943735416997e+03 6.631707491953712861e+02 4.382730267432157416e+04 -7.802252057904658614e+03 1.309699079445762618e+04 -2.129839604171935571e+04 5.956186363970323146e+04 6.151444263324798158e+03 4.582203429809004547e+02 3.756222150206346669e+03 3.766589382969293638e+03 -6.787607568113763591e+03 1.554210660505587475e+04 -6.755884861298171927e+03 1.817991746284227702e+03
-2.610691888186299911e+04 2.776391975944620208e+04 7.022447888547194452e+03 1.648056623071871218e+04 2.308799328927449460e+04 9.262848608836602943e+04 -9.243360957276338013e+03 4.016588274358664057e+04 -3.171290417414863477e+05 4.604625785797408025e+04 -1.136028018122011781e+04 -3.818949804039880109e+04 8.607986813409837850e+03 -1.164658160808526300e+05 -2.229721136133756081e+05 -3.090054985681530525e+04 4.267344412547633692e+04 7.298468934804857417e+04 5.919221781216023955e+05 1.888697021055743608e+04
-4.009058988340433643e+03 1.640756213002597360e+04 2.377619513528631796e+04 -3.051102488111514504e+03 -1.228502766675324210e+03 -3.606662077292726281e+02 2.605842502739985207e+02 1.465462282856291722e+03 7.554762982672208409e+02 3.693448143885385662e+02 -1.184124883139045096e+03 7.705637354355060253e+00 4.246574537673554772e+01 9.942990170133622314e+02 -8.116808670528059793e+02 1.484633623704661147e+02 1.455574941054894396e+02 -7.345995562486942276e+01 1.846196663573796570e+02 1.747415499305450624e+02
-3.520182789467784460e+03 1.233654845799468058e+04 1.929458640242209731e+04 -2.087905435089408456e+03 -9.752568472942368771e+02 -3.509020582319475352e+02 3.323324751608976840e+03 4.985140516022602810e+02 5.377372692836601118e+02 4.022912515611761108e+01 -4.656785758246670639e+02 2.143214545529031625e+02 4.934139308463683449e+01 1.238881244058772836e+03 -9.478056348006884946e+02 6.868057429465893904e+01 1.648128399592081621e+02 2.730036237654338649e+01 3.558550667708565651e+00 1.928740552991638708e+02
4.777804582600316280e+03 1.642483622853671841e+04 1.849112343565507763e+04 -2.412704493442262901e+03 -2.939386924406958315e+03 -5.200062712020202298e+02 -4.814779253557251650e+04 5.182275724832069272e+02 8.920789795048141286e+02 1.831536129421328951e+03 -3.293343792520473471e+03 -1.545884552667254468e+02 2.926434801666978842e+02 1.341734306262016389e+03 3.311562243760494795e+01 4.674895175688837298e+03 3.347704776411336752e+03 6.907618262717817288e+02 -1.024460286341617120e+03 -7.272989827827509544e+02
-1.567493196256243937e+04 7.277750515069640642e+03 2.742611093169992273e+03 8.164596773074430530e+03 -1.985295177034784047e+03 -1.176052958623736458e+03 -3.392890825119930378e+04 3.726558775703711490e+03 2.362739896958253212e+03 -6.434560063620057235e+02 1.238373756428982091e+02 -7.818447579565206979e+03 -9.587029135635583543e+02 1.411832454768489242e+03 -7.730077395781559062e+02 1.736606185286086657e+03 7.214309118226466126e+03 1.447296477940065188e+03 -1.033201377089723792e+03 -1.363508680993173812e+02
-6.696886818559358289e+03 6.610386739521815798e+03 9.099420877163995101e+03 1.652706694497543867e+04 -2.817975827176836901e+03 -2.430960264027532048e+03 5.500232018563876863e+02 -2.035457273013107624e+04 -3.217571696327691370e+03 2.428302408475204629e+03 -6.041763241165952422e+03 -3.868284539745606253e+03 -5.571852625103119863e+02 -7.504572636685060388e+03 6.009696235688236811e+03 -3.643425235244527357e+03 1.978926820906463035e+03 3.589058366431379000e+03 1.018776535680982420e+03 -1.181748283256055220e+04
-2.249228487989861969e+04 8.366089954228855277e+03 -4.454984880917646478e+03 4.578410634898078570e+04 -4.947264219124046576e+03 -4.216492837586179121e+03 -7.613324707416221599e+02 5.378332469505373410e+03 3.353742355950087131e+03 -1.471798063809257201e+03 1.509292386415884721e+03 -8.531063317039584945e+03 -6.019441971014497312e+02 2.079171639830838103e+03 -2.157587364814095508e+03 -2.953384633346453825e+02 1.486274861832567467e+03 -1.071602136898674416e+03 -6.740930157081521656e+01 4.341473396701656497e+02
-4.170324232268446940e+04 3.592800288983648352e+04 -2.631111025582168440e+04 -5.215194680268989032e+03 9.961860748760464048e+02 5.561228440108310451e+02 1.341938083209331353e+03 -4.304916567621632453e+02 4.213094467389594229e+02 1.276632886864748002e+02 1.716021576201649168e+03 -2.214880664581807252e+02 -6.278360627224361679e+02 -2.600806059232396592e+02 -5.757933517513070143e+01 -2.423856012809914660e+02 -3.644378215321171410e+01 -8.380023343760741454e+02 1.149647840141556259e+02 2.120631091592619850e+04
-4.230074632648596162e+04 3.173283367173568331e+04 -1.181595865101451818e+04 7.022798172212296049e+04 3.528531896716216579e+03 7.898680008489934153e+03 -5.763680276387690355e+03 7.020235113786105649e+04 -8.040181862613800331e+04 -3.238103336256204420e+04 -8.247568561438926554e+04 2.313521132912283356e+05 -1.214324406624735100e+06 3.285774123662659258e+04 3.262960412621330761e+04 7.592509437942585464e+03 -2.003601040810386849e+03 -9.984261045926943552e+03 1.619860374059043897e+04 -3.105760709461279839e+04
-2.618816567802812278e+04 1.853365604058438475e+04 3.344225014610843209e+04 6.412515006557600282e+04 1.094515806521618470e+04 5.326386934899020707e+05 -2.002594906936905090e+03 2.925526099515774331e+04 -2.410550584536150564e+05 1.845217566098682873e+05 7.822627645399687754e+04 -5.518190690192548209e+04 3.743648535707729934e+03 1.535869831415740773e+05 1.243733690349646495e+05 -1.834342612341296262e+04 2.166803175819937678e+04 -3.886915593992499635e+04 -1.326870321142846296e+04 7.130290854291220626e+01
-4.497560914768552902e+04 -1.201604209123886358e+04 5.309826484159038955e+03 1.043054283205260191e+02 -3.748424338867728238e+02 1.119628517855334167e+02 -1.248291171715571721e+02 3.567363206870638351e+03 2.175775992060211763e+02 -4.081280349976337334e+02 6.180110491064102689e+02 -4.960572751337494083e+03 -8.285484604035051461e+02 -1.363918249631086292e+04 1.185007122673222693e+04 3.586646625777939335e+03 -5.047427174203558025e+02 8.135508620338129049e+01 9.193478737572451109e+02 8.169647232449573266e+02
-2.439693726185384730e+04 2.785909549516777042e+04 2.033006668368079772e+03 8.018086732002617282e+03 3.104164919969539915e+04 3.805463467722254427e+04 -4.499613902855901870e+03 1.703136772963531621e+04 -1.283704271042754262e+05 9.303126154037641754e+03 -8.353870090060090661e+03 -1.243080261888084715e+04 3.574485723900153062e+03 -4.726609492910986592e+04 -8.353985356829439115e+04 -1.023994110119387915e+04 1.450223151607293403e+04 2.534962119119771160e+04 1.984889253367295896e+05 5.987845300035765831e+03
-4.604446547773987550e+04 -1.262364005940350035e+04 4.560885374779636550e+03 1.940821919670578154e+03 4.317845024686537840e+02 1.602213110561979556e+04 -2.968695774840175091e+03 8.330601557194198904e+03 -3.707399058917172079e+04 1.345221796679972249e+04 2.528743188586112410e+03 -1.765259894647967712e+03 -5.516557672358113678e+02 -2.169698902425312554e+04 -2.671956415169627144e+04 -1.422846640825818440e+03 1.883099144622455697e+03 -5.607611065858337724e+02 4.343482302856692513e+03 9.582676483637113733e+02
-1.641608874086479773e+04 1.781503969921320459e+04 3.391932557508655009e+04 3.004647648016687526e+04 2.499917312753506121e+05 -6.692097632385706675e+03 -5.099177230338958907e+03 -4.633045393007049825e+03 3.300533643941049377e+03 2.482476980786642798e+03 7.369656543700307338e+02 1.217177745181498267e+03 7.091833332843812059e+02 1.185158462462909256e+03 1.749086552626278603e+02 3.980901744452095841e+02 -4.526640136990730525e+02 5.478677905212876453e+01 -1.976800365014091994e+03 1.416439360140808787e+02
-3.974917303996800911e+04 2.992474114119260776e+04 7.071599825384917494e+04 2.119786576615697704e+05 2.921329843516815163e+04 2.260459814969441388e+06 -1.914860276708381571e+04 -1.197141876558182703e+05 3.777748173153723474e+05 -2.296517968083749874e+05 -1.297108764629842626e+05 6.304044928217919369e+04 5.534690031535938942e+03 -1.422523746465898002e+05 -6.509183787714028585e+04 -5.075145329514676996e+04 9.022648044844013930e+04 -1.260102463768135494e+05 5.543411406090674427e+04 7.031130045779574175e+03
-1.004852454901529200e+04 1.209792560050037537e+04 1.813385232274283044e+04 1.712119786290754973e+03 -7.374875025529086088e+02 1.850952532673162239e+02 2.731474801987347405e+02 4.488927263430159655e+03 2.576180397820536427e+02 -4.711311095719497644e+02 6.107463590637293009e+02 -5.030117721194805199e+03 -8.856195066241172071e+02 -1.477866539182725865e+04 1.216147395531676011e+04 3.723228565090378197e+03 -9.682540696227408716e+02 8.106649030231895381e+01 1.054183522077075168e+03 2.888904189306873604e+02
-2.302713117741497263e+04 1.488401761872493262e+04 1.501533776192342702e+04 1.067773240698123300e+04 -1.966364142600723653e+03 -1.500552276059471069e+03 -9.389874356477796482e+02 5.999968111157427302e+03 1.974669647455882796e+03 -9.679895564337601172e+03 1.866604751221072001e+04 -5.046538143194337863e+03 -1.199380723879477728e+03 1.033465045928846621e+03 -1.728291252902243968e+03 -3.310354380457130901e+03 3.678836090688152126e+03 2.118492049379946991e+02 5.470912328361225718e+02 -5.142454421110583098e+02
-3.885754238286243344e+04 3.844015346544401837e+04 -1.820402894868577278e+04 3.710542575426932217e+03 6.524432475835753576e+04 -3.876395604497004683e+02 -1.671777369203816988e+03 1.056917082525432761e+03 -3.129947152805522637e+04 -4.010621162932413426e+04 -1.809691994047060871e+04 -3.857216842723536047e+03 2.063647862063735829e+03 3.857529202163734226e+03 1.467494285133613175e+03 2.206912003982021815e+03 -3.207175426645683274e+02 -2.984997100814320561e+02 -3.287676974585270955e+02 -1.296538244802725330e+03
-4.684967937829738366e+04 6.111137927128848241e+04 -9.104573402313009865e+03 1.934621533489453668e+03 -3.057969052114055103e+03 -3.677365900494097559e+02 -4.239610353364545153e+04 7.242601567039399924e+03 2.403972023908705069e+03 4.836394412478106460e+03 -8.494381737950208844e+03 -3.502849895741364890e+03 1.656622606990147517e+02 5.221654057028681564e+02 -1.504275467996145892e+02 1.592992561248405764e+03 -1.501914745805228222e+03 -1.550768990997092942e+03 2.811242573032281484e+02 1.696941591999275033e+03
-4.943432908322622097e+04 -1.578406039274477553e+04 -2.317973817924395235e+02 -1.222228137369459319e+03 -3.194794299520432901e+01 8.579416000547421106e+01 -4.175746293263227926e+02 3.180672921946494469e+01 2.817700160140482240e+02 3.729458182851641368e+02 2.678018708163617490e+01 2.827503862184556738e+02 5.930478597020881182e+01 1.227110960491131095e+02 -8.600191542153393698e+01 1.234752331660940712e+02 -2.325690350292891040e+01 7.464280305585349140e+01 -1.561903947470851861e+01 -6.542810212268824444e+02
-3.496007888009316957e+03 1.518581901712710169e+04 2.215997987748158630e+04 -3.057081503262310889e+03 -9.597055262140952436e+02 -2.718706170445019552e+02 1.665062864482550367e+03 2.172483015130802869e+03 8.939693714388870376e+02 1.234396171799212880e+03 -3.045679876411217265e+03 -8.264231169499489624e+02 -1.161405410513253678e+01 7.416580240738876455e+02 -7.025924946431192666e+02 5.488744275063781686e+01 2.118204800258318414e+02 -2.058750832427977406e-01 1.075471733485544803e+02 7.057373193221492613e+01
-4.589368464421355020e+04 -1.203300022316409013e+04 6.078931012906599790e+03 6.449570804826877065e+03 6.258107180087364395e+04 -1.690336489392045905e+03 -2.466131763986879832e+03 -5.761857160954552910e+02 2.130652173283455042e+01 -9.065215702016053001e+02 -4.412910171075056951e+02 3.337734950169694343e+02 -1.240196484897655438e+02 5.811739553175121955e+02 -3.358678130788852059e+02 1.142204032571900001e+02 8.788563715340114868e+01 3.897369094780198395e+01 5.515875041685844735e+02 4.181866744270756726e+02
-3.071881167520159124e+03 1.075297162076077257e+04 1.733651557750912980e+04 -2.030494402694007931e+03 -6.834063560469156755e+02 -2.541330246989529940e+02 4.839005414365460638e+03 1.226511628724562570e+03 6.744018978938627242e+02 9.615936338865735706e+02 -2.446422771714182545e+03 -6.905212500657970622e+02 -9.448295794031521311e+00 9.698058879335939082e+02 -8.307201351922768708e+02 -3.640709000366913273e+01 2.356681519347998517e+02 1.110886692383608931e+02 -8.719539660051273700e+01 8.154714757669596281e+01
-1.975279732357382454e+04 1.188896676397127521e+04 1.111619161521476053e+04 1.026547776009725931e+04 -1.230277706200320608e+03 -4.889341961081767636e+02 8.468010766779689220e+02 7.342521935907755505e+03 1.804033169218153262e+03 -1.973082836182893288e+03 2.919771365860566220e+03 -9.017182091690283414e+03 -1.342837847044487717e+03 -1.396346573268299471e+04 1.160959129600610140e+04 2.582753342512626659e+03 8.747951525559017227e+02 -7.818023262406875062e+01 1.366325193159149194e+03 4.422388689908414108e+02
-3.771812195284562040e+04 4.232556715922047442e+04 -2.856420222319939785e+04 3.633325655998787261e+04 -3.243993992409451039e+03 -2.563480870260202664e+03 9.165074023921454227e+02 2.335942630969299717e+04 1.690126530413263936e+03 1.262135081661320100e+03 -6.187944014152375530e+03 2.845338314643862395e+04 7.932513466631743540e+03 1.974563217708194315e+03 8.962588775968592017e+03 -2.053361062304528332e+03 8.025459880488283488e+02 6.121547056911427717e+03 3.557139491791313958e+03 1.849530816589469850e+02
-5.546119298651985446e+04 3.804472669580615184e+04 -3.275563738231145180e+04 1.625516144212416293e+04 -7.987058034341428083e+02 -1.416083918428052584e+03 9.379621780746411730e+01 7.096371587050633025e+03 4.055630058253591415e+03 -2.334524437464613129e+03 6.265412748652393020e+03 -9.276827293513179029e+03 -1.143420311903015772e+03 1.063000791825436181e+03 -1.496643316399691912e+03 -2.072633125466175443e+03 3.644683421991551313e+03 -7.076062114956390587e+02 6.102212604987063287e+02 1.081607420375244857e+02
-6.009038547420697432e+04 7.921478434252629995e+03 -1.884596474375770413e+04 3.469961167048907373e+04 -3.048577812124141019e+03 -3.090488110180484455e+03 -1.445940176479039565e+03 1.425334085574979144e+04 5.449017217213647200e+03 -3.828321986702192589e+03 5.387971843341514614e+03 -1.182927402232553504e+04 -7.775712251929749073e+02 3.379677582787409847e+03 -2.974644159460701303e+03 -1.352449918969333112e+03 3.294884979782955270e+03 -1.578192753150955696e+03 6.025623071713390573e+02 1.016432932844387665e+03
-2.725084702474454025e+04 4.542631950814193260e+04 -1.184355635041688038e+04 -8.113907876510177630e+03 7.717973129692769874e+01 4.342632409112939058e+02 1.104139359665606662e+03 -6.455009252243909259e+02 6.944322150459818204e+02 2.037415908809036637e+03 -2.369296490791965880e+03 2.528466183197736328e+01 -7.758550637296227848e+00 6.217633948901407166e+02 -8.310653010747977305e+02 4.003101703498625739e+02 -3.809885275342476803e+02 -3.070783702174007317e+02 -5.224027685889273442e+01 3.605392286939973019e+02
-2.548204232787376168e+04 5.279891489870875375e+04 -2.732668088139459087e+03 -9.941900620674427046e+03 -1.293646802192492487e+03 2.070318653475290205e+02 -9.190022352844294801e+03 -2.569090178978166023e+03 4.100636044748848121e+02 -2.671700515507837395e+02 2.813765502965864471e+03 2.744879818555603379e+03 1.873875138505302687e+02 1.662220965735180471e+03 -1.336086035213747209e+03 8.647933752716152185e+02 -6.035461555551270294e+02 -6.010316226325625166e+02 1.387232187522708386e+02 6.965107454394468505e+02
3.749558053808759723e+03 2.652323914233172763e+04 2.345675984804666950e+04 -6.648578568814038590e+03 -4.183270083533191610e+03 -1.164785018458423025e+02 -7.642554506508655322e+04 4.101615622006892409e+03 1.975487295723471334e+03 7.122825402596139611e+03 -1.313612769508205565e+04 -3.542092329328891537e+03 1.716485928551269922e+02 1.193855563441032928e+03 -1.168212736684039328e+02 5.173827759661508935e+03 3.447860358106839612e+03 8.585222476082865342e+02 -1.715509127154778298e+03 -9.719371644115709614e+02
-2.223525871558094514e+04 2.518230195544693925e+04 2.689467098360735690e+04 5.359277821226011292e+04 2.413639438124532899e+04 4.094989951661151135e+05 -9.401515557694892777e+03 5.010823083850658440e+04 -4.535329043919385877e+05 2.231797088067580189e+05 7.457681061425611551e+04 -1.055733067783546430e+05 9.291094608243840412e+03 1.289746412067784113e+05 -7.990754289373542633e+03 -3.434390382122268056e+04 3.607073403305748798e+04 7.424827533950997167e+04 6.115162466315157944e+05 2.405476712689747728e+04
-2.142756725295891374e+04 7.410126458217341678e+03 6.369962074470690823e+02 2.010893374961838344e+04 -2.348111104224924475e+03 -2.221058082067536816e+03 8.576081568753251076e+02 -4.149009674728153527e+02 1.827395558689986728e+03 -1.034205368746752356e+03 1.865190869174743057e+03 -6.722443038596377846e+03 -8.106076301332122966e+02 6.397911758764055321e+02 -1.163182181913138038e+03 -1.473691573467988064e+03 2.703789371380709781e+03 2.548016892848073667e+01 -1.584057834131884235e+01 -3.682101802320403294e+02
-1.796564183407655219e+04 1.416536463670041485e+04 9.573164648238633163e+03 5.271567534849915319e+03 -5.911500651686019410e+02 1.008822259990534036e+02 3.239996251780798048e+03 6.674103169258969501e+03 -1.769927287507920482e+03 1.205961761533652634e+03 1.323473009105641040e+03 1.499482221025775175e+02 -2.443610763422934542e+04 -2.893628392368377718e+03 1.219406926536243736e+04 -1.700304116570881160e+04 2.419280560340998272e+04 -5.141848025089805014e+04 -7.727279143571268833e+03 -1.330974776082315657e+04
-1.416690742517120634e+04 1.121643795024226165e+04 1.478941981513308019e+04 2.622956230901168624e+02 -6.374609827662442285e+02 -1.364947857986763502e+01 -7.747548245719717670e+03 4.362289342430012766e+03 -9.883833555461560536e+03 -1.412332756327151401e+04 -1.051553184126366250e+04 -6.864044951785517696e+03 4.431810646762368719e+02 2.464416685401846735e+03 5.897697560207543575e+03 1.293036221353656856e+03 2.151856508792455315e+03 -7.989950790404136569e+02 -3.345246300410581739e+02 -4.542372937164273026e+03
-3.038479110170540025e+02 1.053999479589995462e+04 1.557403362050270152e+04 1.424565106582944100e+04 -3.985463410669608493e+03 -2.628971060215006219e+03 -3.106523639313188596e+03 -2.568525310199210071e+04 -4.111953882410447477e+03 -1.270944525517672673e+03 2.882623250325451863e+03 4.434577829710089645e+03 1.327451551001785788e+02 -4.505580566100155124e+02 1.017342346722307070e+03 -6.806246501454920690e+02 1.063330971880806601e+03 7.328365273467709073e+01 3.103626821507947966e+02 3.407893285150968950e+03
-1.474110696472360723e+04 9.706327610355576326e+03 -1.215775619322760122e+03 5.599315325257272343e+04 -6.282650893268596519e+03 -3.341737679940448288e+03 -5.126173517992664301e+02 8.812891894964352105e+03 4.262293600646090113e+02 2.675154096119942551e+03 -4.523186761859999933e+03 2.730061983094081825e+03 -8.844872157085536912e+01 1.539142931906727426e+03 -2.643737864664338758e+03 2.982859936465660212e+03 -3.452822152540079969e+03 1.330634367698385461e+02 -2.144458982181849024e+03 4.371229594177228250e+02
-2.081491529800353601e+04 2.536192500879427826e+04 4.180535227300409133e+03 1.058841491485599727e+04 -6.083650581761662579e+02 5.134653224016005879e+02 3.229287961229107623e+03 2.940504650858150126e+04 -2.199605304515414900e+04 -7.173503918167861229e+03 -3.149502502192466636e+04 1.129996622069243313e+05 2.546375768909037652e+04 -1.242796357310105122e+04 5.068274152195959323e+04 -5.148634246487870405e+04 6.603048786401413963e+04 2.013479243543765915e+04 4.224748431478848033e+03 -4.690543400010045843e+03
-1.798842538146696825e+04 4.954870057952361094e+04 6.624427122062076523e+04 1.691498248945044761e+05 3.257345805549751822e+04 1.649393917458940065e+06 -4.989629612342580367e+04 -3.554240069386406685e+04 -9.466300144692294998e+04 2.129001645318601732e+04 -3.333268620656186977e+04 -5.057967760211412678e+04 6.858889694239965138e+03 2.927014878705757292e+04 -5.219288908171098592e+04 -2.847925344146874340e+04 3.904351533213146467e+04 4.968354969310510933e+04 5.149812770130569115e+05 2.295569178063119034e+04
-3.885188543786621449e+04 3.614554735393063311e+04 -1.928431437533532517e+04 -1.280410324934097162e+02 3.362278403425074885e+03 1.755579447067759611e+04 -2.080799369136946098e+03 1.022364857648575526e+04 -6.862281947477857466e+04 -2.563567161726557242e+04 -1.514341436542061820e+04 -5.569973965455726102e+03 1.649428191045172753e+03 -1.870035693211021498e+04 -2.507868034628783425e+04 7.861500935109967259e+02 1.263293472028774659e+03 -7.942321736600964641e+02 3.267838858233412793e+03 -7.707681745238854774e+02
-1.525757231372349452e+04 7.051233423456569653e+03 9.484970569453376811e+03 3.131647688621087582e+03 -7.056126744958785366e+02 -5.918210122513546594e+02 -7.886110661804078518e+03 2.279046549590848372e+03 -2.163367760848449507e+03 -3.605913455052126665e+03 -5.931778182970972921e+03 -7.069272033613658095e+03 -1.891230935689299713e+03 -5.574219014466858425e+03 6.120753508971178235e+03 -3.533460997213376686e+04 -2.371729715964947172e+04 -7.599919559274452752e+01 -5.618553659175057646e+02 -2.615984403596459629e+02
-9.906024173391100703e+03 1.651491514675656072e+04 2.670715643698552230e+04 3.782677458907302480e+03 -1.609962031171879062e+03 2.551474216259528839e+04 2.710400752652354640e+03 4.171319934776122864e+03 -1.258676831635131202e+04 1.560720077909843667e+03 2.575722263090214983e+04 2.010140764455177987e+03 4.933314105897877511e+01 9.716549842656666442e+03 3.930891778569598500e+03 2.187313584280713258e+03 -7.562876713596562695e+03 5.409642482879637100e+03 -2.250276004281622590e+04 -3.387998798970625558e+03
-5.290830391407816933e+04 -1.266252756389833667e+04 -1.122961000898616021e+03 6.868362329424460768e+03 -8.091073642162783699e+02 -7.139175155326312279e+02 -7.194041280701871983e+02 3.173444991007387216e+03 1.692164282367705482e+03 -8.145194318135414733e+02 1.667612073006231867e+03 -3.940112146288779059e+03 -4.606889600995771161e+02 9.087338975184850369e+02 -1.019467588224430074e+03 -9.407664138396869475e+02 1.894462082159376450e+03 1.090157173071981589e+02 -6.832111705218446218e+01 -1.927438363534093071e+02
-4.150122389863764511e+03 1.843516676093100614e+04 2.643804560583075363e+04 -2.933890188337117706e+03 -1.688784940512128514e+03 -5.366992423163447938e+02 -1.954805966483296743e+03 1.752871932271344591e+01 4.755763089083743012e+02 -1.378846067938124634e+03 2.582516264160190076e+03 1.702787135962394586e+03 1.537657972521099623e+02 1.526496511330198473e+03 -1.044150110823322393e+03 3.380956195794465202e+02 8.654236784636161417e+00 -2.142865010667568981e+02 3.159350365625668360e+02 3.736747072239800787e+02
-1.571044902352769896e+04 1.251044572189039536e+04 1.581872075666372439e+04 1.996617895814690428e+03 -1.056564127819021223e+03 -5.258309959881908071e+02 -1.093002814038806900e+04 5.893089365307309890e+03 2.238518129036870505e+03 -1.026146305071155069e+02 -2.059994694474182779e+03 -1.245824950261505364e+04 -1.415713184443974569e+03 -3.756083546899220437e+03 1.585617204650910253e+03 -8.613022477199578134e+03 1.222944618664299924e+04 5.455168230454687546e+03 2.098331923955679486e+03 -5.622705987753355430e+02
-1.708636728398345076e+04 2.835189174431263746e+04 6.586308687313713563e+03 -4.901950806097448549e+03 1.834501097847514984e+03 1.047673046542375914e+03 1.521118082522548093e+03 3.529827770442486781e+03 -3.096794889893596701e+04 -4.028766569875829009e+04 -1.560307267959708406e+04 -2.689018817350478457e+03 2.364681543432397575e+03 4.393882550741890554e+03 7.508663857060430473e+02 2.230344054615500681e+03 -6.242688887996139329e+02 -4.744686105552485742e+02 -7.202272152496885838e+02 -1.552508230545668994e+03
-4.992757298154319869e+04 -1.523087770890466709e+04 5.262334188355794140e+02 -1.075703406000432778e+03 -8.586192801338597747e+01 5.130894675373359348e+01 -3.768254092426728334e+02 -6.319266757598072104e+01 2.796731060285885633e+02 3.988968346888275391e+02 -4.005890516379891864e+01 2.490408722520808453e+02 5.415398189479359559e+01 1.061915968531950369e+02 -7.349392105237851069e+01 8.863776187255582784e+01 2.475683983201056293e+01 1.029955667099154226e+02 -1.243393841381527309e+01 -6.689855843591343501e+02
-8.127289511308735200e+03 2.411974591899391817e+04 1.727035085527118645e+04 -4.558888061503806966e+03 -8.439054936178590651e+02 -1.073805973042065602e+02 -1.931988134515723004e+03 2.159041480461388346e+03 8.133977807707261718e+02 1.494159696009362733e+03 -3.408377661401560545e+03 -2.427067526702880116e+02 1.180858245011518619e+02 8.376876389163973045e+02 -6.221746964526522561e+02 1.453197228508717274e+02 1.451543547529980174e+02 8.146439676627046822e+01 5.003630153130198011e+01 9.906670571318419150e+01
-6.030135370662675996e+03 2.112730784450778174e+03 1.897920111253503364e+03 6.494619195249424592e+03 -4.455552584721015137e+02 -8.381310173940194090e+02 -3.354886081530000865e+02 1.234979320600348274e+03 2.122564677957637741e+03 -5.223000793794580204e+03 8.824843062173618819e+03 -2.168017072252558864e+04 -4.027898492739445373e+03 -3.531926804751411055e+03 -5.484303659931150605e+02 -2.523644107498583253e+04 3.856954112310610799e+04 2.323068904303375530e+04 -3.959757173165136464e+03 -2.971086664713423033e+03
-1.401360691325364678e+04 3.622693972406699231e+03 2.013441894461596576e+03 1.285937786990419954e+04 -1.900439490790508671e+03 -1.650085350919132907e+03 9.761070323755026266e+02 -6.465378668070154163e+03 1.610400695537976219e+02 3.791379084874594696e+02 -1.530214857064226237e+02 -2.791567192574430464e+03 -4.474734249905777119e+02 -1.381035443518217676e+02 -1.450744998475112197e+02 -7.920614611863886694e+02 1.375765183044611376e+03 2.069970408731924749e+02 -3.852287711555792526e+01 -6.127631509636045166e+02
-2.567045182947627109e+04 2.794833680769646162e+04 4.704631923890906910e+04 9.404978360833696206e+04 9.846387603994982783e+03 7.744066590852255467e+05 -4.820475832948137395e+03 1.801983898649526236e+04 -1.850695642695416755e+05 1.537207180577712134e+05 6.960533171976139420e+04 -4.770860223886960739e+04 2.892063756442442354e+03 1.552218221153516206e+05 1.236961105311705760e+05 -1.310031448041011572e+04 1.225888527375281228e+04 -3.159532165716594682e+04 -4.199597375489419937e+04 -2.666409397999613248e+03
1.020576339651746457e+04 1.823962730291104890e+03 2.574538041188389798e+03 6.106245275432013386e+02 -1.554649050053751864e+02 -1.445986560239662140e+02 -1.090590943598288050e+03 6.897021589301924394e+01 -5.679843813912660799e+00 8.669135308576411347e+00 -1.592509923019009648e+02 -1.536746903919313070e+02 -1.171444041980137030e+01 -5.216729363711829137e+02 3.835856606422798336e+02 -1.144189553414088039e+02 7.290535756789277855e+01 1.103761762502443418e+02 1.895688998367720046e+02 -4.540407588041782674e+02
-4.319488219543803280e+04 6.242898185686151555e+04 -2.814625898710912952e+04 1.023536748487168079e+05 -1.055835917226787569e+04 1.252674907145240468e+04 7.640337030690906431e+03 1.286150684878382017e+05 -4.581929676430006657e+04 6.699828528121227282e+04 -9.706870537884772057e+04 3.569976381445627194e+05 5.658024740362143348e+04 -3.579412319912680687e+04 7.724263761223779738e+02 1.728781271775501227e+04 -5.843533120013753069e+04 4.947576003282786696e+05 -2.498909080253474167e+04 4.660401905915700627e+04
-1.792564718963803898e+04 1.867326140844728070e+04 2.964766928509963327e+04 5.123700933941324183e+04 8.670866189417332862e+03 3.647423599859862006e+05 -7.084917457497375835e+03 4.590400510671852680e+04 -4.396937866792267305e+05 3.530329688495713635e+05 1.520624149758229614e+05 -1.724290875408199208e+05 5.733210854809984085e+03 4.938149533702675835e+05 3.841543657864021952e+05 -1.486594004922091881e+04 -2.323256034307213213e+03 6.009412612440636440e+04 4.194725621765013202e+05 2.808365613295190997e+04
-3.524441425842699391e+04 1.178637168715062580e+04 1.445507316343285493e+04 9.359982800882295123e+03 6.119413399034775694e+02 1.304539132590885492e+04 2.595996027179665361e+03 3.831054843540570437e+04 -4.155330466308814357e+04 1.914664494520594235e+04 -2.673154172047446264e+04 1.314564334532577195e+05 3.070207882282851642e+04 -3.772814138030936738e+04 6.163505172778565611e+04 -9.765686909562139772e+04 1.384372998719698226e+05 -9.459192757047677878e+04 -1.584150550664950970e+04 -5.557602230400664666e+03
-1.565111822506011049e+04 2.048667036234676925e+04 3.396677851449735317e+04 2.398550051632946270e+04 1.408213290311832679e+04 1.836175292621102417e+05 -1.704268109117535687e+03 3.491513027222833625e+04 -1.615029954930181266e+05 1.151685675039693451e+05 5.206802212307549780e+04 -7.379682704931292392e+04 -6.919087457710166746e+03 -8.549426763691932138e+04 1.905267469036896655e+05 7.532553606116860465e+04 -2.666221582010770362e+04 1.253163045331531794e+04 -3.154822544632164863e+04 2.506338009007180517e+04
-2.571730407932920934e+04 5.072972603098130639e+04 -8.410068355016675923e+03 -1.050226130508363713e+04 -4.528853535722100219e+02 5.852300880377532621e+02 -8.660079914091260434e+03 3.780203120558818455e+02 9.797558206900340565e+02 3.372201866020158832e+03 -4.893093731259786182e+03 -6.074512738881846872e+02 -1.309259517526959904e+01 7.024579940318033096e+02 -9.035618064019051872e+02 5.981396494393494550e+02 -3.786512139400927595e+02 -3.358803710993457798e+02 -1.900717981612850167e+02 3.153979015333907796e+02
-1.730372771716987336e+04 1.413037816566422225e+04 1.670395980377071101e+04 9.032529462478098139e+03 -1.793310952542040468e+03 -1.161147647063079603e+03 -2.264234139561075381e+02 4.112528026091653373e+03 1.953559093037513890e+02 -7.272952310871884947e+03 1.416745661772153653e+04 2.925880148382861989e+03 3.903367620751939171e+02 1.468132289112786282e+02 3.773482550959385406e+01 -2.216635657472252063e+01 -1.890004345078750475e+03 -1.061441993129547882e+03 1.205967419119444912e+03 -9.957028212521495334e+02
-3.910819667834944994e+04 3.635711850487681659e+04 -2.221929234384713345e+04 -3.315298859977243410e+03 2.599641030019798109e+03 1.304544047363745904e+03 -5.611903468576045270e+03 3.991677738283229246e+03 -3.372209692798650212e+04 -4.277484244078306074e+04 -2.325975603749015136e+04 -1.025429043704729702e+04 4.026306506200048148e+02 -1.524834652175862857e+03 7.162790460024280947e+03 -3.288505210012617317e+04 -2.411315516544609272e+04 -4.502570374609667851e+02 -1.754374631850071182e+03 -1.460548585888313255e+03
-2.413574834580094466e+04 1.615413807664076376e+04 1.335808360119995996e+04 1.881693870846424761e+04 1.480432960536523751e+04 9.447289904462602863e+04 -6.253588451471418921e+03 3.305378685247679095e+04 -2.117997073953030049e+05 5.439939522818040859e+04 3.398870794599440160e+03 -1.348725453124401429e+04 5.333469178057664067e+03 -9.669979835705304868e+04 -1.498050181821524748e+05 -2.465731323078200876e+04 3.019071291087396457e+04 6.533436935958218237e+04 4.029698492349046282e+05 1.167858697726261562e+04
-2.492927038177137001e+04 3.604789106492716382e+04 6.492422197282512207e+04 1.416533334563438257e+05 1.218322686479038020e+04 1.223033895713996375e+06 5.043298106611952790e+03 -9.951693068007485635e+03 -6.406037648962550884e+04 7.354970067281788215e+04 5.010545867255510530e+04 -2.781529952195471924e+04 5.312252913180094538e+02 1.215830063672814576e+05 8.486458001200610306e+04 4.395129933345559039e+03 -1.706620499849237240e+04 9.261655488423028146e+03 -7.710810705502615019e+04 -6.770017917492182278e+03
-4.670803930297287297e+04 -1.331400582491061323e+04 3.042989703465956154e+03 1.325397455258352295e+02 -3.660388179805395339e+02 -1.470081578274419201e+02 -6.232822967190089003e+03 4.842649535179165468e+03 1.992493715268205278e+03 -6.801892947504318272e+02 -7.013961137362998670e+02 -1.148273314450763428e+04 -1.360781468849723751e+03 -2.810699103846010985e+03 9.374017351794176420e+02 -8.569519601647987656e+03 1.249641150957229729e+04 5.405614340076002918e+03 1.943450580900668228e+03 9.158503149339566107e+01
-2.385462484451163618e+04 2.486420997840817654e+04 1.985899062703092932e+04 2.606566015606248766e+04 6.524290081974828354e+04 1.197540857949026977e+05 -2.522104053184604345e+04 5.138320005340837815e+04 -4.068107338129751734e+05 8.717485765783698298e+04 -3.440020882090481336e+03 -5.435636039916195296e+04 1.055315242262187348e+04 -1.586191986537564371e+05 -3.060571469498720253e+05 -4.426287458800330933e+04 5.977519011678752577e+04 1.055942142556195031e+05 8.310966173137951409e+05 2.717668291618834337e+04
-2.861160963192324925e+04 1.426157559555323678e+04 1.059078538932871743e+04 1.103418170693500178e+04 -1.612117138243468162e+03 -1.374528564787466621e+03 -1.158352082069135577e+04 1.071194129089737544e+04 3.423276615159551966e+03 -4.130460374447545291e+03 1.559393211561241742e+03 -2.060888103663119909e+04 -2.465240291885294937e+03 -1.848552690037070306e+03 6.609691731448817791e+02 -1.043386880051153094e+04 1.610841469370847335e+04 5.243012543005874250e+03 9.693006948152178666e+02 -9.524044742941796358e+02
-1.755750249036652167e+04 2.465946300197527307e+04 2.416761361509706694e+04 1.347226636612359925e+03 -1.701714669924274858e+03 1.603106539774578050e+04 -3.357311921499283199e+04 1.286216942004993689e+04 -3.585144188564868091e+04 1.691919381434176103e+04 -4.421251110355096898e+03 -4.924607435810166862e+03 -6.764629261772062137e+02 -2.233892107164239496e+04 -2.644326024041785058e+04 -1.085336667720612013e+03 1.796896670678589999e+03 -5.234799596074242345e+02 4.020197215810208490e+03 2.720431497921410369e+02
-4.728824940603465075e+04 -1.430966043195198836e+04 1.873231300495087680e+03 -9.301749862709275476e+02 -5.971836265009383027e+00 3.269321570387313045e+02 -3.518141723939902022e+03 3.464094542000722413e+03 -1.028552514995207275e+04 -1.527063952559631980e+04 -9.245584360149421627e+03 -5.389705270277638192e+03 3.213888460680867070e+02 3.140056888332242579e+03 4.968948099168414956e+03 1.693915729826573852e+03 1.837452250509890973e+03 -7.927914754486521360e+02 1.214907964505210657e+03 -3.445662742028666344e+03
-3.995088320666758955e+04 4.425292024077457609e+04 -2.883608259626923609e+04 6.026533150892546109e+04 -5.771149066550095085e+03 -6.843465992044424411e+02 7.872461528006989511e+02 3.360548515719162242e+04 -2.890398534262284102e+03 7.453282589525808362e+03 -1.330905484586546481e+04 4.324759568421048607e+04 6.938820782236275591e+03 1.094123574484129222e+03 6.039954567473516363e+03 8.011413970632686414e+02 -2.966889359324731231e+03 1.025563786749711653e+04 -1.326280493862257345e+03 1.888096046015086813e+02
-2.160448548479811507e+04 4.088805247564797173e+04 -5.691588175986149508e+03 -8.428820516029360078e+03 -2.855288521800132457e+02 3.747365137849814118e+02 -1.147217246286909131e+03 -5.250036398476777322e+02 8.200108338284447882e+02 2.251809251711812976e+03 -2.781642576573860424e+03 -6.962955436462249281e+01 -2.428373249907523856e+01 8.219072341151808132e+02 -9.708768392754883507e+02 4.288692048365178380e+02 -2.892664520201118989e+02 -3.197679436147932392e+02 -6.683176731592268993e+01 3.810163694239517440e+02
4.113590653822695458e+03 7.045746493168991037e+03 9.505852500964549108e+03 6.845932174520163471e+01 -1.646507470356184058e+03 -4.790791673916913282e+02 -3.332542794859583228e+04 -1.155470431338573745e+00 7.917941883720343412e+02 2.013095570810185791e+03 -3.461476622469072936e+03 -5.217981593932371425e+02 2.039541345937619781e+02 7.005670884661525406e+02 2.802191238115237866e+02 4.380025682428959044e+03 3.230822941346974858e+03 8.218432434329480429e+02 -8.900157512392398758e+02 -1.512397980889069913e+03
-1.652085796529502477e+04 1.709149771272248836e+04 3.147429339941487342e+04 2.679689562743730494e+04 2.171001297448084806e+05 -6.062608871829216696e+03 -4.413516091191680971e+03 -3.547583003413516508e+03 3.019947150314181272e+03 1.612566239282651395e+03 5.660836315834475272e+02 8.513197295920462011e+02 5.191328476817654973e+02 9.758947170415725623e+02 2.306879853221011558e+02 3.282580828689895611e+02 -3.874627890253700571e+02 8.309040291781083454e+01 -1.290143680151072203e+03 1.077556953499616554e+02
-1.171164038693060320e+04 7.538697509440687099e+03 5.209208392569710213e+02 3.706858010842784279e+04 -4.327334280721921459e+03 -3.563981665879114644e+03 -1.943021157544140465e+02 1.196154061800668160e+03 1.647838280030097621e+03 1.846112292241062107e+02 -1.466892091988050652e+03 -3.072116897170595621e+03 3.485222581992735513e+02 1.236639228783932595e+03 -8.732503277705487790e+02 1.477666897002879978e+03 -1.656887551924986838e+03 -1.506440584356283352e+03 1.799848971684624246e+02 1.269779192573840021e+02
-8.738275567618065907e+02 8.073510658839483767e+03 1.188925023425089785e+04 1.450838010751357069e+04 -3.354008704961357580e+03 -2.446417536574945188e+03 -5.511941007464567974e+02 -2.395180595819805239e+04 -3.791934491894822258e+03 5.858427814622441474e+02 -1.144776926808731105e+03 2.497740428746993985e+03 4.350721429534893048e+00 -1.099353988033635915e+03 1.324381337908579781e+03 -9.008698699478550225e+02 1.214462438131831959e+03 2.219720442362852282e+02 1.842116659934241909e+02 3.182730927774886368e+03
-1.595259172474396837e+04 1.131347372055325104e+04 9.034356666485198730e+03 2.355576972164562540e+04 -4.191736179680327950e+03 -3.396852075255444106e+03 -3.125088772080376202e+03 -2.007009522194539750e+04 -1.727548975681519096e+03 -2.564654253243522362e+03 4.624605401964005978e+03 -4.017913710155420631e+03 -1.056570331809818299e+03 -1.903094770697711056e+02 8.141038636576909937e+01 -3.215502831402133779e+03 5.129668124272254317e+03 5.540286190897508050e+02 2.780379038534753136e+02 3.409367849589003981e+03
