-4.880149467359211849e+04 -1.576638068571935946e+04 -1.039998299588544342e+02 -1.416093772608023301e+03 -2.623056496613714472e+01 1.009364323432661763e+02 -3.922425121768897043e+02 -2.469392742914253702e+01 2.605401548919261359e+02 3.976342456734000734e+02 -1.487154482046016568e+01 3.541746107453512877e+02 6.713463866009229264e+01 1.313163032439389895e+02 -9.006567154245091444e+01 1.379990820817006920e+02 -4.777603268121969649e+01 7.448736265563198344e+01 -1.867447584320024490e+01 -6.497367208875421056e+02
2.099517394811726990e+04 -3.093366769540251425e+03 -3.395693392426635910e+03 -4.312916249354374258e+02 1.632687687260352618e+02 9.576814627226922028e+01 -9.449529352907619284e+01 2.137856019083780836e+02 5.141689378489676443e+00 -4.420223554544165268e+01 1.123769634230067282e+02 4.006637736802429828e+01 4.025084048595379826e+00 8.526059302202281032e+00 -8.427538919123405137e+00 8.718431117010496223e+00 -3.282686362111640221e+01 -2.476360615469408799e+01 5.119266751845112040e+00 1.808612494910538881e+00
-3.498294468494504599e+03 1.518673415165725419e+04 2.216223068973188856e+04 -3.056462475274595363e+03 -9.602888029572258120e+02 -2.721270127389864228e+02 1.663844736124854535e+03 2.169755322403825630e+03 8.933991947854919999e+02 1.231618102951187893e+03 -3.039732584152848631e+03 -8.239067414170463053e+02 -1.146758490813178177e+01 7.424477893705080760e+02 -7.029499521655566241e+02 5.502608362912021533e+01 2.116689525296700651e+02 -3.088394180464735794e-01 1.076373893535096755e+02 7.084771445838440229e+01
-4.260948431411075580e+04 3.583855509581115621e+04 -2.622797651666524689e+04 -5.116649880567122636e+03 9.131961599864264372e+02 4.989456331225946428e+02 1.728144262842204398e+03 -2.218498231378158835e+03 3.045779122336502382e+02 8.541935419314213505e+02 1.106450894734566873e+03 -7.796438708707576382e+01 -1.458836760046524432e+02 -5.319505716565829516e+02 9.963067892269384274e+00 1.461385001137608413e+02 -3.419524236107096158e+02 -6.901205402121807708e+01 -1.414862374861591547e+02 -7.898995258054789019e+02
-1.650666982890503641e+04 1.774149940408444309e+04 3.354194217966894939e+04 2.950019933723993381e+04 2.445404479301905958e+05 -6.592987705253838612e+03 -4.996337265476839093e+03 -4.437134037346884725e+03 3.271684621877502195e+03 2.327225036297279075e+03 7.192095948217832984e+02 1.107512370020260732e+03 6.724402912618126038e+02 1.151739383039563563e+03 1.858193690529451771e+02 3.745353200078664599e+02 -4.245219336441814448e+02 7.460463922584183649e+01 -1.860304572619632154e+03 1.331164923114179430e+02
-3.390361032988087391e+04 7.461490853905177210e+04 1.565464070198635163e+05 6.688038500037605409e+05 9.269461209923577553e+04 7.429178814210163429e+06 -7.226347487304396054e+04 -6.452495208701075753e+05 2.697222315995696001e+06 -1.839428319571936736e+06 -9.099011106334049255e+05 4.952719504703676794e+05 -1.449154183666315657e+04 -1.352397542225514771e+06 -1.006791201424730825e+06 1.677897437323605482e+04 5.029670213864884863e+04 3.157114726211919697e+04 3.748489633779013529e+05 3.634773474928404903e+04
-1.298208093234589251e+04 8.369508168466301868e+03 -5.341560463021121450e+02 4.461539649994096544e+04 -5.077923590650182632e+03 -3.674209824612924422e+03 -3.631423902663524927e+02 4.102950329595096264e+03 1.484448317456828363e+03 8.407113604923163166e+02 -2.301388002980224428e+03 -1.339739709178015573e+03 3.355155735573274001e+02 1.436245579321183868e+03 -1.350244255074384682e+03 2.115711487847328954e+03 -2.480971762793989456e+03 -1.288797162251781174e+03 -3.201727474023488185e+02 1.836063116609847725e+02
-8.894028871456044726e+03 1.674413449404118364e+04 2.579411093281487047e+04 5.678615651413293790e+02 -2.041951252144353020e+03 -7.730183505768811756e+02 -3.325284933759900014e+03 -5.407353420686664549e+02 -8.453521449486173651e+02 -8.919911199808868332e+03 1.804282918746726864e+04 5.850975865486673683e+03 3.477288454975807781e+02 6.006614987115874555e+02 -2.380255544153571350e+02 -9.396933752645871607e+01 -1.562437365775417902e+03 -5.597232322322621485e+02 9.152624131931512466e+02 -7.047057947957954411e+02
-4.216414178719441225e+03 3.732471993989825023e+03 6.104268911868063697e+03 8.683020924402788296e+03 -1.810837953001145934e+03 -1.332519686222692826e+03 1.778290005277150613e+03 -8.864473166357975060e+03 -7.127752817330392645e+02 1.519791026463812159e+03 -2.102072150979472099e+03 3.821632858242122666e+01 -7.070148536177196519e+00 -2.514358697654188575e+02 1.433588112561607488e+02 1.966781681541825222e+01 -4.793841415511248094e+00 1.532930005272111771e+02 -8.584543856271768902e+01 -1.129826905256570171e+03
-2.487746355368604054e+04 4.977497702833969379e+04 -8.762233596573685645e+03 -1.029323976051639511e+04 -3.601030124579772860e+02 5.670018759591409889e+02 -6.589503983127228821e+03 1.853359416939385369e+02 9.472862161435612052e+02 3.168993152607944012e+03 -4.509790250490314065e+03 -4.592672985845046014e+02 -9.450131906406131321e+00 7.436426130433653725e+02 -9.338525689269387158e+02 5.772585557638151386e+02 -3.741682533377663731e+02 -3.466470135748314760e+02 -1.537032642307609649e+02 3.357199024191811532e+02
-4.041545915606411290e+04 3.790383684294592240e+04 -2.696330105663325958e+04 1.906539692206690961e+04 -1.255288798715425173e+03 -1.060569125131170949e+03 1.223706533312341207e+03 1.776598333489745710e+04 -5.734027138665349099e+01 1.361616401180304592e+03 -5.583925027948515890e+03 3.066532027462348196e+04 7.677043172230249183e+03 3.451050734403004299e+02 1.037878562503190915e+04 -3.168777404493952872e+03 1.897410430433067177e+03 7.107455772652746418e+03 3.720414693241089481e+03 -3.001099412677859277e+02
-2.571658938726306224e+04 2.930124617243427201e+04 2.854015874906993849e+04 7.453661123189951468e+04 1.787677786625255249e+04 6.060589877502818126e+05 -4.254038046786969062e+03 4.356263110728932952e+04 -3.803064779557508882e+05 2.473716423407175753e+05 9.853209526228781033e+04 -8.944953037510022114e+04 7.329922562342900164e+03 2.035326706792556215e+05 1.170584972067540803e+05 -1.937581375242018476e+04 1.592734718224343851e+04 2.446085827889228676e+04 2.348002267596689344e+05 9.844258598933698522e+03
-5.546119298651985446e+04 3.804472669580615184e+04 -3.275563738231145180e+04 1.625516144212416111e+04 -7.987058034341428083e+02 -1.416083918428052584e+03 9.379621780746411730e+01 7.096371587050633934e+03 4.055630058253591415e+03 -2.334524437464613129e+03 6.265412748652393020e+03 -9.276827293513179029e+03 -1.143420311903015772e+03 1.063000791825436181e+03 -1.496643316399691685e+03 -2.072633125466175443e+03 3.644683421991551768e+03 -7.076062114956390587e+02 6.102212604987062150e+02 1.081607420375244857e+02
5.842597979487415614e+03 2.182922565867304002e+04 2.372639946861347198e+04 -3.807532826196329552e+03 -3.959331323356114353e+03 -6.229840966696017404e+02 -5.894344504129789857e+04 -2.976487036897326561e+02 9.941215409185037970e+02 1.442577389432480913e+03 -1.588159342549654411e+03 1.123671007746580926e+03 3.935130940913375639e+02 2.001168579337631400e+03 -4.283337211437296901e+02 5.209755935503389082e+03 3.181070734774490120e+03 5.450456840350743732e+02 -1.009426333135438313e+03 -4.874666983394339468e+02
-1.007495319686326184e+04 1.470240846466005860e+04 2.093911892480756796e+04 1.520375592300512380e+03 -1.127394681273676724e+03 8.782746027878731354e+01 -3.932985064047144988e+03 3.543469608532189341e+03 3.180925490252507188e+02 -1.625083501156338116e+03 2.830363317814108996e+03 -3.830483328707136934e+03 -9.333776837628222438e+02 -1.418625592818030418e+04 1.219885696486471898e+04 3.888746824070221010e+03 -1.043778416051708064e+03 -1.114716118372313645e+02 1.329587995910301061e+03 4.491232035205045463e+02
-1.597459814262001237e+04 9.990335913557597451e+03 1.472927088396076033e+04 6.366656211336403430e+03 2.272189438512551192e+02 1.655942995549838452e+04 -5.806617696431691229e+02 1.006047655965739796e+04 -3.747024308142710652e+04 1.370660941877928599e+04 2.437404266590438965e+03 -1.062875323547762491e+03 -5.464135925101691100e+02 -2.288782230571296168e+04 -2.646152154626717311e+04 -1.301664877329451201e+03 1.257274572515845193e+03 -1.049631040464024601e+01 3.855354746026532212e+03 4.341898994307068733e+02
-4.034159857537198695e+04 3.612888234041823307e+04 -2.382751830833442727e+04 -4.102445859771594769e+03 2.974044504809192858e+03 1.736856758419656671e+03 -8.055142520156791761e+02 4.668887033619059366e+03 -4.188581218272394472e+04 -5.464253432663073909e+04 -2.645643926599343831e+04 -9.381438730192241565e+03 2.472008168719217792e+03 6.227120441744847085e+03 6.632581041769372860e+03 3.737726810405648393e+03 1.453793321115792651e+03 -1.001932043893488640e+03 3.157508183350052491e+02 -5.112090101578053691e+03
-2.463526882581885366e+04 3.149619626644823802e+04 5.174575081838839105e+04 1.213963107492995332e+05 1.015632803616950150e+04 9.850871827116456116e+05 1.462783187594850915e+03 3.935676545955307120e+03 -1.212124854841923952e+05 1.084859704239127022e+05 5.524430176935690542e+04 -3.806189231948307861e+04 1.139177717048746672e+03 1.419793458441082912e+05 1.043384829915677692e+05 3.878990621963439480e+02 -9.085680776978118956e+03 2.277918358256372500e+01 -5.252727274862750346e+04 -3.990434509018411973e+03
-9.045574359854301292e+03 2.509472781560665226e+03 6.052602049672834710e+02 8.564211321167173082e+03 -5.749691222825023260e+02 -1.042737895624301245e+03 -5.479558260491886585e+02 2.337874444150976615e+03 2.716819043223620156e+03 -5.838273971440329660e+03 9.895888114277091518e+03 -2.375673958914054674e+04 -4.361648984331933207e+03 -3.282483414749741769e+03 -9.360360308197105041e+02 -2.595746211705441601e+04 3.979367801747011254e+04 2.336766508746085674e+04 -3.981866910769650531e+03 -2.856470254596074483e+03
-3.072403156097399005e+03 1.075616281182777857e+04 1.734094751178857405e+04 -2.030607090180694968e+03 -6.844702917011686623e+02 -2.543871200286962733e+02 4.835469313389167837e+03 1.224455102064570383e+03 6.739862739187892657e+02 9.590998593196765114e+02 -2.441076773338339990e+03 -6.880986992284550752e+02 -9.296312966942320344e+00 9.705440629534117534e+02 -8.310376936780514825e+02 -3.614736828918927358e+01 2.354797527922984841e+02 1.108317762575540542e+02 -8.697699401649646234e+01 8.200125044508584438e+01
-1.525443992487793003e+04 7.077623064644822080e+03 9.512291142218753521e+03 3.118144729186643417e+03 -7.086784582558279908e+02 -5.911942364834349064e+02 -7.931795223836072182e+03 2.279317623415576236e+03 -2.163708608195961006e+03 -3.601951062749213634e+03 -5.938619848477858795e+03 -7.066364853734557073e+03 -1.890636402099750057e+03 -5.574262677188982707e+03 6.121128113676388239e+03 -3.533263166964429547e+04 -2.371934061963531713e+04 -7.632343087787162972e+01 -5.621747357555450435e+02 -2.617263423194282268e+02
-1.563360480309106060e+04 1.496085156551234104e+04 2.630129647140495945e+04 1.984905078287511060e+04 1.560511772892937006e+05 -4.772554956539533123e+03 -2.810459811534921300e+03 -2.046563993186941389e+03 2.250597081058774165e+03 4.850003028675901362e+01 1.465705627972968159e+02 2.751122740204709203e+02 2.155494045568246975e+02 5.696760930554859215e+02 3.653821015610342329e+02 5.708977152275088685e+01 -6.906811676006019241e+01 -7.912500867548280326e+01 -2.077771860339607599e+02 -9.281570467278571712e+00
-4.332376167140884354e+04 4.873417784566304908e+04 -1.491819379816078981e+04 1.183625997982947010e+05 3.774330498322490166e+04 3.272267325405126940e+03 -6.657788197464812583e+03 1.238686921783806029e+05 -1.073264803249460820e+05 -3.239254324847713360e+04 -1.485637644755731453e+05 4.946661070626931614e+05 -2.562450987102032639e+06 7.993945496745551645e+04 8.424003479697836156e+04 3.541244295918357238e+04 9.498511284400306977e+03 -2.362886442389662261e+04 3.937337699184878875e+04 -6.968172246985540551e+04
1.157106342263972465e+03 6.415964607512649309e+03 1.010127499126985276e+04 1.419536065501136181e+04 -3.170843436064821162e+03 -2.358853255371614523e+03 7.016642751098110011e+02 -2.390255629087537454e+04 -3.768567835014863249e+03 1.056969017657469976e+03 -2.111050038468266393e+03 2.148127368784570535e+03 -2.005221606025409997e+01 -1.058174127196894688e+03 1.255845451856807813e+03 -9.496245707260553672e+02 1.260110352822439381e+03 2.747414888641847597e+02 8.106528717541640106e+01 3.163623403949523436e+03
-3.437694586748853908e+04 4.363935132112445717e+04 -1.058773209746131761e+04 3.759636389478601632e+04 -3.302473007203103862e+03 5.203090023757315521e+02 3.528001198580455821e+03 5.042707398958566773e+04 -1.763883332873938707e+04 6.285165184307043091e+03 -3.733013923886459816e+04 1.506654891795795993e+05 3.155786175545131846e+04 -1.263532975927211919e+04 5.799432393035824498e+04 -5.395504696814207273e+04 6.698289269311170210e+04 2.988614248480087190e+04 4.635650887536800838e+03 -4.033098752045393667e+03
-4.845963014898239635e+04 -1.541570544048269221e+04 9.484239234665999163e+01 -1.433326655135140300e+03 3.801555477882268264e+01 1.424529441474404337e+02 -7.656487647675451171e+02 1.711225375156304835e+03 3.725176719076167160e+02 -3.168186584693015106e+02 5.590535728672609821e+02 1.677176792397174836e+02 -4.114007897165317331e+02 3.639853548981849372e+02 -1.299490310205508763e+02 -2.736757961005950506e+02 2.945139405312568215e+02 -6.726279036900567689e+02 2.380974075089480664e+02 2.133488693548829906e+04
-4.679770990793898818e+04 1.215091367005377469e+04 -1.520415546602802351e+04 1.343445135677665530e+04 4.547817147043622867e+02 -1.254920919419478338e+02 -8.076833067681865259e+02 1.634449518992396224e+04 -9.798865599246739293e+03 -1.063435613024535269e+04 -9.655854007901918521e+03 4.640001193447296828e+04 -3.351305652708171983e+05 1.387256927966909097e+04 9.702717371192869905e+03 -1.708779389661585810e+02 1.221205099208779575e+04 -3.601216893248256838e+03 1.025727638613317686e+04 9.702828519210299874e+02
-1.796564183407655582e+04 1.416536463670041667e+04 9.573164648238634982e+03 5.271567534849915319e+03 -5.911500651686018273e+02 1.008822259990533752e+02 3.239996251780797593e+03 6.674103169258970411e+03 -1.769927287507920937e+03 1.205961761533652862e+03 1.323473009105641268e+03 1.499482221025775175e+02 -2.443610763422934178e+04 -2.893628392368378172e+03 1.219406926536243373e+04 -1.700304116570880797e+04 2.419280560340997908e+04 -5.141848025089806470e+04 -7.727279143571267923e+03 -1.330974776082315657e+04
-2.439693726185385094e+04 2.785909549516777042e+04 2.033006668368079545e+03 8.018086732002615463e+03 3.104164919969539551e+04 3.805463467722253699e+04 -4.499613902855902779e+03 1.703136772963531257e+04 -1.283704271042754262e+05 9.303126154037641754e+03 -8.353870090060092480e+03 -1.243080261888084715e+04 3.574485723900152607e+03 -4.726609492910985864e+04 -8.353985356829439115e+04 -1.023994110119388279e+04 1.450223151607293039e+04 2.534962119119770432e+04 1.984889253367296478e+05 5.987845300035765831e+03
-2.633813130551665381e+04 4.655510175957761385e+04 7.792048202930274419e+04 1.705298760866867669e+05 1.350462203067128394e+04 1.490700884144200478e+06 6.954827535520944366e+02 -2.285911798945570627e+04 1.345799503622559087e+03 3.141471316059404853e+04 3.761397262943021633e+04 -1.391868318183369593e+04 -1.305982697548724900e+02 9.673595200752625533e+04 6.108608017389279121e+04 9.446909616927090610e+03 -2.587245014216454729e+04 1.938343713341616603e+04 -1.019158748384186765e+05 -9.482817074284603223e+03
-3.937153958005669119e+04 9.400567375560967776e+03 2.847170868239002084e+04 -7.704187854615644028e+03 -4.774978464673319650e+03 6.019810164568498294e+02 -9.283654984462929133e+04 9.804378563949623640e+03 -1.180067871268931412e+04 -9.444628457886306933e+03 -3.087097540681488681e+04 -2.959314100704528755e+04 -1.036357618702884065e+04 -4.091347559392800031e+04 4.181658393500300735e+04 -5.402395853004803648e+05 -4.130519698641552241e+05 -2.224136468164363396e+04 -2.088010960122930919e+04 2.494672799212529208e+04
-1.085920375403121398e+04 1.307296181514396267e+04 2.098139479013857272e+04 3.813224548891688755e+03 -6.877767673705359357e+02 4.140565509036178810e+03 3.288779178016751757e+03 1.354234792500429467e+04 -1.481321359566234423e+04 1.147797889160729210e+04 8.472478065959423475e+03 -3.651370692576099100e+04 -5.629075951953970616e+03 -1.083810986183628993e+05 1.233341660602059856e+05 5.532367128966002929e+04 -1.634244594809509726e+04 7.207423893429443524e+03 -4.248126563769073073e+03 1.813302489245689503e+04
-2.268955508934072714e+04 2.217990958168549696e+04 2.524409818088449902e+04 5.256338488738879096e+04 1.670060596218267892e+04 5.815192330433254392e+04 -4.714875716108374036e+03 6.135382377817634551e+04 -1.888653760664935689e+05 9.935863825625657046e+04 3.801799002635345823e+04 3.542285258769345091e+04 -5.586948865209730684e+03 -1.665052940725451335e+05 -1.773031543669730017e+05 2.847058459683305773e+04 -4.266009008677530073e+04 5.156972328555530839e+04 -1.331344025221370684e+05 -4.167404635186236192e+03
-5.037963260833575077e+03 1.394982229978603391e+04 2.244798792910777047e+04 4.634998159917356020e+02 -9.838126121540668692e+02 2.188307547688912382e+04 6.680720436196559604e+03 3.809991727582295425e+03 -9.558108704148897232e+03 7.906882260409970513e+03 8.159448338816693649e+03 -2.073601198377928085e+03 -1.364645570610686036e+02 8.590233936270682534e+03 3.286602452524393357e+03 2.330846010659215153e+03 -5.195510105972293786e+03 4.960663501080720380e+03 -1.963008325622726625e+04 -2.008033939217332545e+03
-1.659372655877924262e+04 2.066645675643025970e+04 2.369702102235920756e+04 2.238721567233747555e+04 1.283445198251523288e+04 1.561325144644510874e+05 -6.012657545280354498e+03 2.244008220191388318e+04 -1.268187927255933610e+05 9.036516271254704043e+04 3.282806410676256928e+04 -2.553592478045315875e+04 7.874472868337257978e+02 4.722412809024847957e+04 3.980431283315626933e+04 7.320862518908998027e+02 -5.588643929373539549e+02 -1.800223048396545664e+03 -1.639113778133030428e+04 8.984991597516027468e+02
-4.850166062352623703e+04 -1.523861815929011209e+04 4.779809833276996187e+02 -1.302962923305614822e+03 2.504738316541502741e+02 2.595792345133345407e+02 -4.501417969086795665e+02 2.740173487491485503e+03 -1.653763965027541417e+04 -2.623408039740965614e+04 -1.238327814160459457e+04 -3.291217555078693294e+03 1.051012162020406549e+03 5.951446427453905926e+03 3.062379059771523316e+03 5.108414387044338582e+03 6.899225202862793367e+02 -8.701643219594022867e+02 -4.592234119057647149e+03 8.675797353235382161e+02
-1.335784412477532715e+04 5.392653224570922248e+03 2.971616937562581825e+03 1.905387220489508400e+04 -2.967550780421677246e+03 -2.583561633666754005e+03 7.440411009900009276e+02 -2.025390919334139471e+04 -1.802770929451634402e+03 4.385586316204738068e+03 -5.493329614280697569e+03 -1.757388606066574539e+03 4.256477700449543704e+02 -5.472627718535204622e+03 5.260608814052413436e+03 2.075946158333255880e+03 -5.314070374452280703e+03 -3.959156515725744612e+03 6.026868224275362081e+03 -8.006412039263304905e+04
-4.673913713979131717e+04 -8.853704084947183219e+03 -1.324565717245835458e+03 2.174307085133191504e+04 -2.102600165915474918e+03 -2.011175907480983142e+03 -3.624408771151230667e+03 1.541652334835160400e+04 5.487938217911870197e+03 -2.391375712818432476e+03 2.051586932961602542e+03 -2.509506597473141483e+03 3.774468334439976388e+03 5.162799853388232805e+03 1.707006349575900913e+03 1.643605523803813776e+04 -2.328701136595157368e+04 -5.592925736830999813e+04 4.844322060885661631e+04 -1.025449494974027948e+04
-2.014504633504052981e+04 1.062716118458732308e+04 2.187704603092172329e+04 -4.004992194874649414e+01 3.034039012240793909e+03 1.463018706878956800e+04 6.418620641592957554e+02 1.249289990751801088e+04 -3.150278965936684835e+04 1.978632355256641313e+04 6.865371924112108672e+02 1.736591445204674164e+04 5.441890239574639054e+03 -2.966854747822354693e+04 8.864651243631262332e+03 -4.525492308549599693e+04 7.173357789663576114e+04 -1.147044286590801494e+05 -2.054939385332365418e+04 -1.202087136806821263e+03
-1.686647629273000348e+04 1.164040206756672887e+04 -2.284411681821279672e+03 7.211366774051026732e+04 -7.977096638459713176e+03 -3.034195560038078384e+03 -7.520162289066172434e+02 1.532269036065277032e+04 -8.580206545603065251e+02 5.074808605333980267e+03 -7.502917590836965246e+03 8.306835531253618683e+03 -4.936339768602603044e+02 1.731225306269017210e+03 -4.227407900848859754e+03 4.365979783290364139e+03 -5.125535056711829384e+03 1.727169237790719990e+03 -4.341024392292422817e+03 7.239588291368260116e+02
-1.541530020119082110e+04 1.158785814296098215e+04 1.511329638353568407e+04 2.192228557167333747e+03 -9.434983374306473252e+02 -5.314390687629514787e+02 -9.152930972494625166e+03 5.616448399709932346e+03 2.160016626477236514e+03 -3.027466442939335138e+02 -1.667165205873734976e+03 -1.224294773282120332e+04 -1.408057511677872981e+03 -3.793064561522411168e+03 1.626651036447937713e+03 -8.631722046767989013e+03 1.217675819627102283e+04 5.519267359405909701e+03 2.165111072692733160e+03 -7.230092220630941711e+02
-8.184441821659660491e+03 1.211482308361159085e+04 1.948003127409119770e+04 6.022787581067872225e+02 -9.830459706580427337e+02 -4.389148495974287698e+02 1.481532709837789298e+03 1.969928768940728560e+03 -3.704976248833659156e+02 -5.733745377447390638e+03 1.118778079010349029e+04 2.766993025761447370e+03 1.468249277361044562e+02 -3.382787032374856722e+02 1.753948486840328655e+02 -4.372149451013714270e+02 -1.317923361589359956e+03 -2.880715188198512351e+02 6.458429595729008952e+02 -1.060254117537971979e+03
-3.770983126473466837e+04 5.487385780222576614e+03 1.397230955163091676e+04 2.078126879706950422e+04 7.888132223667610560e+03 5.041418500662119914e+04 -7.442846384545428009e+02 4.519229222614926402e+04 -1.758634299516984902e+05 8.380269460526382318e+04 2.220801421463676525e+04 2.007865925857896218e+04 1.205491776937907707e+04 -3.255078927226952510e+05 -2.339856602635043964e+05 -4.201601559623531066e+05 7.102285857723297086e+05 -2.104463607909047045e+06 -2.177633794808288221e+05 5.090580878107423814e+03
6.086389080229065257e+03 9.125681816598118530e+03 1.142265477286777059e+04 -7.584017323304653928e+02 -1.878921973803214314e+03 -4.522511734482050088e+02 -3.652135298672799399e+04 4.202219296591428019e+02 9.327336140207253266e+02 2.399772962310197727e+03 -4.189538442648739874e+03 -6.422817754496388716e+02 2.119100191448295050e+02 7.929978308320175984e+02 2.109952719707743256e+02 4.502681691150170082e+03 3.244562326408376066e+03 7.735139812146182976e+02 -8.948708371967123867e+02 -1.407683971393641059e+03
-2.643763552898166745e+04 3.733526593055090052e+04 6.763889405942482699e+04 1.420863090887261205e+05 4.313969502724552149e+04 1.271015833814267302e+06 -1.308669935687625548e+04 9.499174306960003742e+04 -1.141569845409028232e+06 9.370813689726606244e+05 4.408323173746695393e+05 -4.719446091059840401e+05 1.800154699702349899e+04 1.400029016413799254e+06 1.067892005748613970e+06 -4.399176234783912514e+04 -1.709472291622325429e+04 1.811669281306827033e+05 1.144675960023254156e+06 7.039145206546309055e+04
-1.044923180513453417e+03 9.477606269497802714e+03 1.397923590688794684e+04 1.445925836043852360e+04 -3.718607513330247002e+03 -2.560356691277099344e+03 -1.969294515768929159e+03 -2.495970330758297132e+04 -3.975600135599962414e+03 -4.892320833547079815e+02 1.177926178751497901e+03 3.582829202432633792e+03 7.739672888551793051e+01 -7.280901617172665965e+02 1.149227565142855383e+03 -7.877955122597509217e+02 1.131396148068078901e+03 1.394032052084172904e+02 2.545982557491985006e+02 3.308423337969207751e+03
-4.589368464421356475e+04 -1.203300022316408831e+04 6.078931012906599790e+03 6.449570804826876156e+03 6.258107180087365123e+04 -1.690336489392045905e+03 -2.466131763986879832e+03 -5.761857160954551773e+02 2.130652173283455753e+01 -9.065215702016053001e+02 -4.412910171075057519e+02 3.337734950169694343e+02 -1.240196484897655580e+02 5.811739553175121955e+02 -3.358678130788852627e+02 1.142204032571900001e+02 8.788563715340113447e+01 3.897369094780199106e+01 5.515875041685844735e+02 4.181866744270755589e+02
-2.385462484451163618e+04 2.486420997840818018e+04 1.985899062703092932e+04 2.606566015606248766e+04 6.524290081974829081e+04 1.197540857949026831e+05 -2.522104053184604345e+04 5.138320005340837088e+04 -4.068107338129751734e+05 8.717485765783698298e+04 -3.440020882090481336e+03 -5.435636039916195296e+04 1.055315242262187348e+04 -1.586191986537564371e+05 -3.060571469498720253e+05 -4.426287458800330933e+04 5.977519011678751849e+04 1.055942142556195031e+05 8.310966173137951409e+05 2.717668291618834337e+04
-2.250580452549349866e+04 8.375156200019884636e+03 -4.439151345675238190e+03 4.574505153948777297e+04 -4.942737933643206816e+03 -4.214062259382238153e+03 -7.593385731301681290e+02 5.385091978870405001e+03 3.356230159628070396e+03 -1.475604609588371204e+03 1.515428148117685168e+03 -8.539279823660255715e+03 -6.030717733814235544e+02 2.078593376578714015e+03 -2.157473038342057407e+03 -2.992254949691766797e+02 1.491834374454457475e+03 -1.070639927758732483e+03 -6.660233465712768464e+01 4.342173851275233574e+02
-1.902444529768307621e+04 5.919588276977850910e+03 7.862803097885924899e+02 1.751350037656791028e+04 -2.166881674539850337e+03 -2.010814104442925554e+03 8.956195404311579296e+02 -2.634282013071646361e+03 1.228623797711027464e+03 -5.446797450108017529e+02 1.214590911532113751e+03 -5.332890358926361841e+03 -6.957460308563415765e+02 3.459922008538888463e+02 -7.841281092640856514e+02 -1.255221613321948325e+03 2.260170657707250484e+03 9.666704680771817948e+01 -3.554270513895477990e+01 -3.786081681329367257e+02
-5.569963073253937182e+04 4.000524081454399857e+04 -3.540128080195652728e+04 3.386319163456542447e+04 -2.646326352393198704e+03 -2.978421476435593831e+03 -1.702351305725791235e+02 1.327873263919393503e+04 5.935383108813371109e+03 -3.183994423268694391e+03 6.244542103277305614e+03 -1.249485013510049248e+04 -9.808736907070554025e+02 3.113819815720319639e+03 -3.199804087729558887e+03 -1.210436065684011055e+03 2.932243729220827390e+03 -1.852565111011800127e+03 4.739180552032481160e+02 9.570104494953679932e+02
-4.170324232268446212e+04 3.592800288983647624e+04 -2.631111025582168440e+04 -5.215194680268989941e+03 9.961860748760462911e+02 5.561228440108310451e+02 1.341938083209331353e+03 -4.304916567621631884e+02 4.213094467389594229e+02 1.276632886864748002e+02 1.716021576201648486e+03 -2.214880664581806684e+02 -6.278360627224361679e+02 -2.600806059232396024e+02 -5.757933517513068722e+01 -2.423856012809914375e+02 -3.644378215321172831e+01 -8.380023343760742591e+02 1.149647840141556401e+02 2.120631091592619487e+04
-4.714382610647589172e+04 6.119567788910985837e+04 -9.319856663832748382e+03 2.087644347208661202e+03 -3.064732627862629670e+03 -3.765375777596656235e+02 -4.249670829229480296e+04 7.293818247007122409e+03 2.434273134991903589e+03 4.875561423267708051e+03 -8.504357266986156901e+03 -3.527209238707418535e+03 1.688183463118932082e+02 5.108737474143744635e+02 -1.456068578870222439e+02 1.594834627670462396e+03 -1.514757212052556952e+03 -1.562806017499351128e+03 2.762772011973430608e+02 1.695919062868960509e+03
-4.602943147526719258e+04 -1.264689863789241281e+04 3.977983541881246310e+03 -4.699698354103414744e+01 -4.530022228453654520e+02 -1.513452401315360305e+02 -8.306502588745566754e+03 2.768450996686508006e+03 -2.053515310426852011e+03 -3.485854513877725822e+03 -5.982718044148910849e+03 -6.529510876289483349e+03 -1.815652155286428751e+03 -4.565033017427119375e+03 5.397040189435899265e+03 -3.505207940036319633e+04 -2.350753317250121108e+04 -1.858441280671968059e+02 -7.520672148716734000e+02 2.543486747477951724e+02
-4.170587323475137237e+04 3.568095269194975117e+04 -2.473796659065772474e+04 -2.162838451348631679e+03 2.604538090189770173e+03 1.263866223777013829e+03 2.139268686962769607e+03 2.132181932836943361e+03 -3.101443213554644535e+04 -3.973010668543655629e+04 -1.565188987708706190e+04 -3.853053730695455670e+03 2.197703823538944562e+03 3.483344351578281021e+03 1.419975937599374220e+03 2.164803718320966254e+03 -4.940297926262983879e+02 -2.932248527942805367e+02 -1.051548700041124448e+03 -1.919990278365265567e+03
-1.621563402925638184e+04 1.671563674605774941e+04 3.061869901781620865e+04 2.550072979578249942e+04 2.063264607276915922e+05 -5.796250796879026893e+03 -4.125813466516583503e+03 -3.309473599514584748e+03 2.735053857057268942e+03 1.378037532165206130e+03 4.468311595059714705e+02 8.749198407539635127e+02 4.841205176252078104e+02 8.174247916209596951e+02 1.867582980756261009e+02 3.366489349512785907e+02 -4.196885287780967815e+02 6.850331459134953604e+01 -1.136859645562293963e+03 8.156310703055042666e+01
-6.708722029446289525e+03 6.612827067580188668e+03 9.096257045956481306e+03 1.653413900320747052e+04 -2.818435973928247222e+03 -2.431683618690704407e+03 5.489815816573121765e+02 -2.035052787015910508e+04 -3.215501847343651662e+03 2.426219740873810224e+03 -6.038193762942041758e+03 -3.875376491383467055e+03 -5.583188955528735278e+02 -7.503882947329069793e+03 6.008488074291170960e+03 -3.645827106160529183e+03 1.982968180046557336e+03 3.589529272157121795e+03 1.018736297205755932e+03 -1.181715114402619110e+04
-4.230074632648596162e+04 3.173283367173568331e+04 -1.181595865101451818e+04 7.022798172212296049e+04 3.528531896716216579e+03 7.898680008489934153e+03 -5.763680276387690355e+03 7.020235113786105649e+04 -8.040181862613800331e+04 -3.238103336256204420e+04 -8.247568561438926554e+04 2.313521132912283356e+05 -1.214324406624735100e+06 3.285774123662659258e+04 3.262960412621330761e+04 7.592509437942585464e+03 -2.003601040810386849e+03 -9.984261045926943552e+03 1.619860374059043897e+04 -3.105760709461279839e+04
-4.250614519400518475e+04 4.525388886441407521e+04 -2.809584234514921991e+04 8.320802786790428218e+04 -8.136687372272092944e+03 1.209143943735416997e+03 6.631707491953712861e+02 4.382730267432157416e+04 -7.802252057904658614e+03 1.309699079445762618e+04 -2.129839604171935571e+04 5.956186363970323146e+04 6.151444263324798158e+03 4.582203429809004547e+02 3.756222150206346669e+03 3.766589382969293638e+03 -6.787607568113763591e+03 1.554210660505587475e+04 -6.755884861298171927e+03 1.817991746284227702e+03
-8.119085222083780536e+03 2.411035032326974397e+04 1.722548696808070235e+04 -4.554644960504241681e+03 -8.357659710136350668e+02 -1.073491396054953242e+02 -1.830183006159706338e+03 2.147627440415014917e+03 8.109076090348045227e+02 1.485500055556169855e+03 -3.391929575283843405e+03 -2.342327306158791771e+02 1.184952356034764165e+02 8.387929245634243216e+02 -6.227241958673070030e+02 1.439163422575207107e+02 1.455916288825123956e+02 8.188225661494280416e+01 5.135231091354184230e+01 1.001140162976446391e+02
-2.302747582579085429e+04 1.488522632595372306e+04 1.501659649521990104e+04 1.067740119087467428e+04 -1.966666973572107736e+03 -1.501638753915704683e+03 -9.399696086757671765e+02 5.998741804129449520e+03 1.979009396530350386e+03 -9.682612767809574507e+03 1.866563337377025164e+04 -5.046875045587961722e+03 -1.199188183413983097e+03 1.037898119561164094e+03 -1.723876176302753720e+03 -3.311024174371082154e+03 3.679872801220401470e+03 2.103440986885819086e+02 5.509612004072921536e+02 -5.140755872324458551e+02
-4.149225531122323446e+03 1.844174371083978622e+04 2.644634666935341374e+04 -2.932079018813081348e+03 -1.690676784914194968e+03 -5.375610034942843640e+02 -1.962013059276433523e+03 9.870331760941599697e+00 4.739694095380644967e+02 -1.388361008678538155e+03 2.602874267334309934e+03 1.711710598764862198e+03 1.543479874174826421e+02 1.529196580551065608e+03 -1.045287284179323024e+03 3.390659323448833788e+02 7.819149768768681064e+00 -2.150741347996776938e+02 3.167416153243039503e+02 3.747333281047548894e+02
-6.009038547420697432e+04 7.921478434252629995e+03 -1.884596474375770413e+04 3.469961167048907373e+04 -3.048577812124141019e+03 -3.090488110180483545e+03 -1.445940176479039792e+03 1.425334085574979144e+04 5.449017217213646290e+03 -3.828321986702192135e+03 5.387971843341514614e+03 -1.182927402232553686e+04 -7.775712251929747936e+02 3.379677582787409847e+03 -2.974644159460701758e+03 -1.352449918969333112e+03 3.294884979782955270e+03 -1.578192753150955696e+03 6.025623071713390573e+02 1.016432932844387778e+03
-2.627857209244044498e+04 1.654813025030780045e+04 3.424886768340555136e+04 6.192235332131483301e+04 1.060440892709070431e+04 5.126458847472675261e+05 -1.853726856662754017e+03 2.857827264267726059e+04 -2.275117883087568625e+05 1.744657504956941702e+05 7.423315603992319666e+04 -4.905602717704964016e+04 3.036757824862767848e+03 1.321672625903723820e+05 1.092755065348071366e+05 -1.744776437007079221e+04 2.172041665582446512e+04 -4.380764838512543793e+04 -3.962877217718394240e+04 -1.136535517654582236e+03
-3.974917303996800911e+04 2.992474114119260776e+04 7.071599825384917494e+04 2.119786576615697704e+05 2.921329843516815163e+04 2.260459814969441388e+06 -1.914860276708381571e+04 -1.197141876558182703e+05 3.777748173153723474e+05 -2.296517968083749874e+05 -1.297108764629842626e+05 6.304044928217919369e+04 5.534690031535938942e+03 -1.422523746465898002e+05 -6.509183787714028585e+04 -5.075145329514676996e+04 9.022648044844013930e+04 -1.260102463768135494e+05 5.543411406090674427e+04 7.031130045779574175e+03
-4.012745015947770298e+03 1.642506667464912607e+04 2.379764079504211259e+04 -3.053053356424768026e+03 -1.231108285911101120e+03 -3.613358055766118468e+02 2.403634069126586041e+02 1.462554748010504227e+03 7.549975825993321905e+02 3.639371986191302426e+02 -1.172398611539086005e+03 1.332177482337613483e+01 4.286807804876049488e+01 9.957803634905735635e+02 -8.122500899595374904e+02 1.494732143624208618e+02 1.449869018295430010e+02 -7.427531752323977798e+01 1.855650766392608659e+02 1.755237714627411947e+02
-4.604446547773987550e+04 -1.262364005940349853e+04 4.560885374779636550e+03 1.940821919670577927e+03 4.317845024686538409e+02 1.602213110561979738e+04 -2.968695774840175091e+03 8.330601557194198904e+03 -3.707399058917172079e+04 1.345221796679972249e+04 2.528743188586112865e+03 -1.765259894647967485e+03 -5.516557672358114814e+02 -2.169698902425312917e+04 -2.671956415169626780e+04 -1.422846640825818668e+03 1.883099144622456151e+03 -5.607611065858336588e+02 4.343482302856692513e+03 9.582676483637112597e+02
-2.235486604198661371e+04 2.416618014640865658e+04 3.543543075524071173e+04 5.851090217953130195e+04 3.042747491571456521e+03 1.027573094784686982e+05 -1.545225160012829974e+03 8.473671837969533226e+04 -2.834340067104515620e+05 1.528325215690183977e+05 7.295172196053875086e+04 4.584430656133818411e+04 -8.686675688953488134e+03 -2.396390756303377566e+05 -2.578815349616229651e+05 4.549441773519770504e+04 -7.038444680056498328e+04 8.313739693864824949e+04 -2.266985218417840661e+05 -9.124035227075941293e+03
-7.305314684881079302e+03 1.253855061316913088e+04 1.691392772316850824e+04 1.568954685737382897e+04 -4.120943770074040003e+03 -2.765675831104650115e+03 -5.852425084104613234e+03 -2.491930875334320444e+04 -4.058697026772476420e+03 -1.745161545217181811e+03 3.757752738141942245e+03 4.404865510121106126e+03 1.502902875398341962e+02 -8.917309949835030238e+02 1.385990128403785320e+03 -6.724246899298797189e+02 9.257393157885561550e+02 -7.523680792934482220e+00 4.828616070029603407e+02 3.331692656634091691e+03
-9.696027441046222521e+03 8.226066255766898394e+03 1.291850719756398394e+04 2.019370445869230025e+03 -5.837745693352487706e+02 -8.899598120314867344e+01 1.359726215827308124e+03 3.307936175598430054e+03 1.241974080243067249e+02 -3.915857010292438645e+02 3.974403996448746170e+02 -5.096899705887682103e+03 -8.850529760819666762e+02 -1.454772073642281794e+04 1.242695588813239192e+04 3.526226773155824503e+03 -8.655593860638393835e+02 1.571044871380901213e+02 1.077229003724110498e+03 3.008455441862224689e+02
-2.508398189111254032e+04 5.116681448801221995e+04 -3.101587038411420508e+03 -9.518407385094655183e+03 -1.173220208321400150e+03 1.779292177052446959e+02 -6.791764768249396184e+03 -2.794707681643991236e+03 3.580521752287024810e+02 -5.216680303597250941e+02 3.286655709724898315e+03 2.876080669533334458e+03 1.861244967852094874e+02 1.664416977141206871e+03 -1.338678589244858358e+03 8.183197172643026533e+02 -5.933343098615082454e+02 -5.964471971393417107e+02 1.726451189798497126e+02 7.079023995609335316e+02
-4.497560914768553630e+04 -1.201604209123886358e+04 5.309826484159040774e+03 1.043054283205260191e+02 -3.748424338867727670e+02 1.119628517855334167e+02 -1.248291171715571721e+02 3.567363206870639260e+03 2.175775992060211763e+02 -4.081280349976338471e+02 6.180110491064101552e+02 -4.960572751337494083e+03 -8.285484604035053735e+02 -1.363918249631086110e+04 1.185007122673222693e+04 3.586646625777938880e+03 -5.047427174203558593e+02 8.135508620338127628e+01 9.193478737572451109e+02 8.169647232449573266e+02
-3.534767742556387930e+03 1.237336557536853434e+04 1.933680164111019258e+04 -2.088927989186764989e+03 -9.790792325917157086e+02 -3.528270676217395021e+02 3.291386171182319231e+03 4.850687750201585686e+02 5.353027528265025694e+02 2.236084293339665763e+01 -4.273352506474231518e+02 2.318812874786936220e+02 5.047735808332253526e+01 1.243790706635281595e+03 -9.498841848141181572e+02 7.080734916934591183e+01 1.634029442820899192e+02 2.554837062539065684e+01 5.612381318206160152e+00 1.951199698318685023e+02
3.746973160122689023e+03 2.652317954581521553e+04 2.346029159606683243e+04 -6.646511466511171420e+03 -4.183702214710055159e+03 -1.169805102144090228e+02 -7.641903516135503014e+04 4.097604150077601844e+03 1.974543662456343782e+03 7.117420238977971167e+03 -1.312492838026995014e+04 -3.537538239449903358e+03 1.718887399583472870e+02 1.194608219258948111e+03 -1.170364369711317778e+02 5.174013177668915887e+03 3.447529355432905959e+03 8.582267939536392305e+02 -1.714933119850373942e+03 -9.714949353375645842e+02
-3.885754238286244072e+04 3.844015346544401837e+04 -1.820402894868576914e+04 3.710542575426932672e+03 6.524432475835754303e+04 -3.876395604497004115e+02 -1.671777369203816988e+03 1.056917082525432761e+03 -3.129947152805522273e+04 -4.010621162932413426e+04 -1.809691994047061235e+04 -3.857216842723535137e+03 2.063647862063735829e+03 3.857529202163734226e+03 1.467494285133613403e+03 2.206912003982021815e+03 -3.207175426645683274e+02 -2.984997100814321129e+02 -3.287676974585270955e+02 -1.296538244802725330e+03
1.021065204841446212e+04 1.823727040793889728e+03 2.573410370015714307e+03 6.077262622140314079e+02 -1.553460028383769327e+02 -1.442335869103268067e+02 -1.094022699329225361e+03 6.912316001312738933e+01 -5.856290160986345583e+00 9.579953338890845771e+00 -1.603255327469625797e+02 -1.510662516028081086e+02 -1.136762565204731423e+01 -5.188899296750106487e+02 3.814672737635252133e+02 -1.108031987332734758e+02 6.899385365868437248e+01 1.060212509388834690e+02 1.868813890651228462e+02 -4.482556071903482575e+02
-1.304942919640594118e+04 8.690296112735930365e+03 1.271321857200851991e+04 6.479906549350049545e+02 -3.194574856519188302e+02 -9.152104356187065548e+01 -2.177155832310626010e+03 3.379494282339664096e+03 -1.039700999567303734e+04 -1.555879470292070982e+04 -9.599813954792125514e+03 -5.641688915464726961e+03 2.018878301490031220e+02 2.193833472163442366e+03 5.413097780677972878e+03 1.639802987267077015e+03 1.562618421738314737e+03 -7.218624048973827030e+02 2.064881747437848389e+03 -3.668970419607259373e+03
-2.142296379749858534e+04 1.041763452194973070e+04 2.081903354883680731e+04 9.463889251301739023e+02 -2.021471384070288764e+02 3.780841407464974964e+03 1.269368186513014962e+03 1.459802745676941049e+04 -2.806640317478587531e+04 5.089625832834615721e+03 6.098118569305655910e+03 2.280313857896738409e+04 2.641740493399207480e+03 -6.858081959790144174e+04 -6.816523213534760544e+03 -2.935391458730932573e+04 2.976369592426181407e+04 8.545975715258409036e+04 2.587739757612833055e+05 1.352833369631474909e+02
-1.720910708022097242e+04 2.095051411845322946e+04 2.655567889867727354e+04 1.470441755104715776e+04 2.419464947409766410e+03 1.319566965208941838e+05 -1.789441090298273411e+04 1.476684856908447910e+04 -8.472809442396438681e+04 5.879245125632795680e+04 1.789029734442466361e+04 -3.954734923524581245e+04 1.776348646204685110e+03 8.091087538797226443e+04 8.404594835337952827e+04 1.124245463738254784e+03 4.384197197778531518e+03 -7.907388630697154440e+03 -1.923745471724157323e+04 -5.429554501686952790e+03
-2.413574834580094466e+04 1.615413807664076194e+04 1.335808360119995996e+04 1.881693870846424761e+04 1.480432960536523751e+04 9.447289904462604318e+04 -6.253588451471419830e+03 3.305378685247679823e+04 -2.117997073953030049e+05 5.439939522818040859e+04 3.398870794599439705e+03 -1.348725453124401429e+04 5.333469178057664067e+03 -9.669979835705304868e+04 -1.498050181821524748e+05 -2.465731323078200512e+04 3.019071291087395730e+04 6.533436935958218237e+04 4.029698492349046865e+05 1.167858697726261744e+04
-1.000328807646499990e+04 1.150837333153149484e+04 1.750962898865238458e+04 1.722048927028951994e+03 -6.678519218621954678e+02 1.958544947779253391e+02 9.910209420528834698e+02 4.541799057425312640e+03 2.334912574329490553e+02 -3.267667151019703056e+02 3.368470304458421651e+02 -5.184592738951109823e+03 -8.804139063747667251e+02 -1.484486191483848779e+04 1.215721017476741326e+04 3.691476697454899750e+03 -9.501384078881083042e+02 1.171426292591070251e+02 1.006869683209109553e+03 2.686873396041465298e+02
-4.725446835776157241e+04 -1.390447982705425056e+04 2.400082257144388677e+03 -6.603473653499127067e+02 -1.199858468455327625e+02 5.045164410372883026e+02 -6.079521559900010288e+03 4.469561139870081206e+03 -9.126234025696239769e+03 -1.232104362470457818e+04 -8.910515196234544419e+03 -8.184641868312915904e+03 1.163583013829717402e+03 4.053586248797261760e+03 6.625858934030314231e+03 2.620080689028798702e+02 3.907430724374723468e+03 -1.064830802771429035e+03 -6.698849844504818975e+03 -6.179042141476307734e+03
-1.708636728398345440e+04 2.835189174431264109e+04 6.586308687313713563e+03 -4.901950806097448549e+03 1.834501097847514984e+03 1.047673046542375914e+03 1.521118082522548093e+03 3.529827770442487235e+03 -3.096794889893596701e+04 -4.028766569875828282e+04 -1.560307267959708406e+04 -2.689018817350478002e+03 2.364681543432397575e+03 4.393882550741890554e+03 7.508663857060431610e+02 2.230344054615501136e+03 -6.242688887996139329e+02 -4.744686105552486310e+02 -7.202272152496885838e+02 -1.552508230545669221e+03
-1.173089808114931475e+04 7.538796945373979725e+03 5.183438238657753345e+02 3.705925480450008763e+04 -4.326162513427017075e+03 -3.563652706338182725e+03 -1.936247120250667706e+02 1.193444718176186598e+03 1.648885708157940599e+03 1.820722158870654255e+02 -1.462401867605056168e+03 -3.081786065109944957e+03 3.465470112068287563e+02 1.236311176837968787e+03 -8.742217695285929722e+02 1.472964104532310557e+03 -1.649803147356838963e+03 -1.504188061340830245e+03 1.792286224789186520e+02 1.265158621437067410e+02
-2.476029596204999325e+04 3.632401082147636043e+04 6.497840744970779633e+04 1.449388408518014767e+05 1.238282876076669345e+04 1.248392132826576009e+06 4.842346769624013177e+03 -1.196355488747168238e+04 -5.440350265927211876e+04 6.710946936223628290e+04 4.639504054879950854e+04 -2.552647861647497120e+04 4.477684988424879862e+02 1.167802367634338589e+05 8.129403758334663871e+04 4.502344148423728257e+03 -1.689030751550531204e+04 9.411938831219253188e+03 -7.550771284210836166e+04 -6.569709674630652444e+03
-1.798842538146696825e+04 4.954870057952361094e+04 6.624427122062076523e+04 1.691498248945044761e+05 3.257345805549751822e+04 1.649393917458940065e+06 -4.989629612342580367e+04 -3.554240069386406685e+04 -9.466300144692294998e+04 2.129001645318601732e+04 -3.333268620656186977e+04 -5.057967760211412678e+04 6.858889694239965138e+03 2.927014878705757292e+04 -5.219288908171098592e+04 -2.847925344146874340e+04 3.904351533213146467e+04 4.968354969310510933e+04 5.149812770130569115e+05 2.295569178063119034e+04
-1.474737250935791599e+04 9.706790779316374028e+03 -1.218594709639549819e+03 5.599930569932251092e+04 -6.283141816194591229e+03 -3.341933106765708999e+03 -5.128673321155888516e+02 8.815809103676439918e+03 4.268465919429743849e+02 2.674647473243412151e+03 -4.522010047861407656e+03 2.727845054611718297e+03 -8.913186735737644995e+01 1.539581617962056271e+03 -2.644752682270767764e+03 2.981942507201863009e+03 -3.451106569617490095e+03 1.337521056895216702e+02 -2.145087459099830994e+03 4.373664169836131919e+02
-4.164317261755429354e+04 3.505875623653649382e+04 -2.542307083898804922e+04 -4.539915658575763700e+03 3.256466606397718351e+03 1.692039363210791407e+03 2.282104856931790891e+03 3.976481754076577545e+03 -4.863731761387466395e+04 -6.637228168395502144e+04 -2.985867695178030044e+04 -7.390806426954721246e+03 3.378328435024065584e+03 9.428751422314135198e+03 4.721508309870065204e+03 7.329597200650217019e+03 4.304446269805209795e+02 -1.115605422590289209e+03 -6.985769614240264673e+03 -6.801674942944924851e+02
-1.605336477769360681e+04 1.331043834907711243e+04 1.402755547027175271e+04 1.594042865647852523e+03 -1.456469620907164881e+03 -5.294679682683791953e+02 -1.994233294914008366e+04 3.617968934194076155e+03 -1.825287547069695393e+03 -2.187469099398597336e+03 -8.641117866166674503e+03 -7.719014107171999967e+03 -1.846568517674745181e+03 -5.521704907560462743e+03 6.111396464723622557e+03 -3.506047527534024994e+04 -2.385412636429329723e+04 -1.525006994068778852e+02 -6.838277196968148246e+02 -3.339615679349507218e+02
-2.081491529800353965e+04 2.536192500879427826e+04 4.180535227300409133e+03 1.058841491485599727e+04 -6.083650581761662579e+02 5.134653224016007016e+02 3.229287961229107168e+03 2.940504650858150490e+04 -2.199605304515415628e+04 -7.173503918167863958e+03 -3.149502502192466636e+04 1.129996622069243167e+05 2.546375768909037288e+04 -1.242796357310105122e+04 5.068274152195959323e+04 -5.148634246487871133e+04 6.603048786401413963e+04 2.013479243543765915e+04 4.224748431478848033e+03 -4.690543400010044934e+03
-4.670803930297287297e+04 -1.331400582491061505e+04 3.042989703465956609e+03 1.325397455258352295e+02 -3.660388179805395339e+02 -1.470081578274419201e+02 -6.232822967190087184e+03 4.842649535179164559e+03 1.992493715268205278e+03 -6.801892947504319409e+02 -7.013961137362998670e+02 -1.148273314450763246e+04 -1.360781468849723979e+03 -2.810699103846010985e+03 9.374017351794176420e+02 -8.569519601647987656e+03 1.249641150957229729e+04 5.405614340076002918e+03 1.943450580900668456e+03 9.158503149339566107e+01
-2.150970040227643403e+04 4.053206971918560157e+04 -5.686821668913319627e+03 -8.374052443983942794e+03 -2.707113549908492587e+02 3.771253432750758066e+02 -1.108805887542304617e+03 -4.563213094172591013e+02 8.345328994938688538e+02 2.317116479409668045e+03 -2.928667009530016912e+03 -1.674053114310515298e+02 -3.293640900019293127e+01 7.909695805985527386e+02 -9.545308061897669631e+02 4.027371713305822709e+02 -2.569492224359026409e+02 -3.009744548090129115e+02 -7.076463850975795822e+01 3.719778450282288418e+02
-3.885188543786622176e+04 3.614554735393062583e+04 -1.928431437533532517e+04 -1.280410324934099435e+02 3.362278403425073975e+03 1.755579447067759611e+04 -2.080799369136946098e+03 1.022364857648575344e+04 -6.862281947477857466e+04 -2.563567161726557606e+04 -1.514341436542061638e+04 -5.569973965455726102e+03 1.649428191045172980e+03 -1.870035693211021135e+04 -2.507868034628783425e+04 7.861500935109968395e+02 1.263293472028774659e+03 -7.942321736600965778e+02 3.267838858233413248e+03 -7.707681745238853637e+02
-3.524441425842699391e+04 1.178637168715062398e+04 1.445507316343285675e+04 9.359982800882291485e+03 6.119413399034775694e+02 1.304539132590885492e+04 2.595996027179665361e+03 3.831054843540570437e+04 -4.155330466308814357e+04 1.914664494520594235e+04 -2.673154172047446264e+04 1.314564334532577195e+05 3.070207882282851642e+04 -3.772814138030936738e+04 6.163505172778565611e+04 -9.765686909562136861e+04 1.384372998719698226e+05 -9.459192757047677878e+04 -1.584150550664950970e+04 -5.557602230400664666e+03
-3.771812195284562767e+04 4.232556715922047442e+04 -2.856420222319940513e+04 3.633325655998787988e+04 -3.243993992409451494e+03 -2.563480870260202209e+03 9.165074023921454227e+02 2.335942630969299717e+04 1.690126530413263936e+03 1.262135081661320100e+03 -6.187944014152375530e+03 2.845338314643862395e+04 7.932513466631743540e+03 1.974563217708194315e+03 8.962588775968592017e+03 -2.053361062304528332e+03 8.025459880488283488e+02 6.121547056911427717e+03 3.557139491791314867e+03 1.849530816589469850e+02
-5.172309215033379587e+03 1.598099259194690603e+04 2.619368384391059226e+04 1.191543394676618482e+04 6.600195622352344799e+03 1.335398436404536478e+05 3.156647561192870398e+03 8.690548983826052790e+03 -7.760492120513945702e+04 6.855040785675520601e+04 2.814514502115983487e+04 -2.948164735930790630e+04 8.823443097194216307e+02 8.002199104907747824e+04 7.406377897457037761e+04 -2.117434831799372432e+02 1.352348880394941034e+03 -6.474571881023435708e+03 -8.821248730640600115e+03 7.408561005901754015e+02
-2.517120375486451667e+04 4.684226455959787563e+04 -1.030982951774730464e+04 -9.204199319404620837e+03 -6.309749805618911722e+01 4.973089654854698551e+02 -1.111387103270444186e+03 -3.639450044835310791e+02 8.032799047120569185e+02 2.509490459814242513e+03 -3.272670894733440946e+03 -1.273950784390362543e+02 -8.631704392457910657e+00 7.135795584028976464e+02 -9.117418770880947250e+02 4.719184913483746868e+02 -3.707683776861610454e+02 -3.346404723260787364e+02 -7.592426621417740762e+01 3.609908130035586851e+02
-2.041289443346867847e+04 1.665036160529746485e+04 2.025768360117509292e+04 3.667649521510762133e+04 4.439649574165573540e+03 3.973331051704171841e+04 -2.175504418055846600e+03 4.203659732186976180e+04 -1.274182350723553245e+05 6.466616292590025841e+04 2.153297088656655615e+04 2.306603941639711411e+04 -3.402848631853048119e+03 -1.090242800253374589e+05 -1.154107368110387906e+05 1.456696423676252562e+04 -2.168516513091534216e+04 2.572542507208626193e+04 -7.601534242176800035e+04 -2.043960066406146552e+03
-3.995088320666758955e+04 4.425292024077456881e+04 -2.883608259626923973e+04 6.026533150892546109e+04 -5.771149066550095085e+03 -6.843465992044424411e+02 7.872461528006989511e+02 3.360548515719162242e+04 -2.890398534262284102e+03 7.453282589525808362e+03 -1.330905484586546481e+04 4.324759568421048607e+04 6.938820782236275591e+03 1.094123574484129222e+03 6.039954567473517272e+03 8.011413970632686414e+02 -2.966889359324731686e+03 1.025563786749711653e+04 -1.326280493862257345e+03 1.888096046015086813e+02
-2.630632247950874807e+04 2.719070004821423208e+04 4.563282067852479668e+04 9.179608408679792774e+04 1.000440457254567991e+04 7.590454420235005673e+05 -6.308348186680076651e+03 1.819658012167605193e+04 -1.862627266429749434e+05 1.543176645268219581e+05 6.780257603977757390e+04 -4.765840526585786574e+04 3.126594906902764251e+03 1.528588035019786912e+05 1.236248259109198116e+05 -1.515647024547524052e+04 1.601512876219894861e+04 -3.649337789541023812e+04 -3.674909093649762508e+04 -2.087644830656097838e+03
-9.906024173391100703e+03 1.651491514675655708e+04 2.670715643698551867e+04 3.782677458907302480e+03 -1.609962031171879516e+03 2.551474216259529203e+04 2.710400752652354186e+03 4.171319934776121954e+03 -1.258676831635131384e+04 1.560720077909843667e+03 2.575722263090215347e+04 2.010140764455177987e+03 4.933314105897877511e+01 9.716549842656666442e+03 3.930891778569598955e+03 2.187313584280714167e+03 -7.562876713596563604e+03 5.409642482879637100e+03 -2.250276004281622227e+04 -3.387998798970625103e+03
-4.319488219543803280e+04 6.242898185686151555e+04 -2.814625898710912952e+04 1.023536748487168079e+05 -1.055835917226787569e+04 1.252674907145240468e+04 7.640337030690906431e+03 1.286150684878382017e+05 -4.581929676430006657e+04 6.699828528121227282e+04 -9.706870537884772057e+04 3.569976381445627194e+05 5.658024740362143348e+04 -3.579412319912680687e+04 7.724263761223779738e+02 1.728781271775501227e+04 -5.843533120013753069e+04 4.947576003282786696e+05 -2.498909080253474167e+04 4.660401905915700627e+04
-1.832347583472008773e+04 2.121955215512622090e+04 2.123612136701574491e+04 4.177456926043842600e+01 -2.031365537565138766e+03 -9.192794973331707808e+01 -2.787094024577207165e+04 7.912395338827368505e+03 -4.416053912045684228e+03 -5.901047198385159390e+03 -1.093569790725948951e+04 -1.130483191933097987e+04 2.034587976111574221e+02 1.199525915462198554e+03 4.933332835878409242e+03 -1.985144877031567376e+03 5.907153542746390485e+03 7.245767634142313227e+02 -3.733914194677691739e+03 -4.208276951208653372e+03
-1.565111822506010685e+04 2.048667036234676561e+04 3.396677851449735317e+04 2.398550051632946270e+04 1.408213290311832679e+04 1.836175292621102708e+05 -1.704268109117535232e+03 3.491513027222832898e+04 -1.615029954930181266e+05 1.151685675039693451e+05 5.206802212307549780e+04 -7.379682704931290937e+04 -6.919087457710166746e+03 -8.549426763691930682e+04 1.905267469036896655e+05 7.532553606116860465e+04 -2.666221582010769998e+04 1.253163045331531976e+04 -3.154822544632164136e+04 2.506338009007180517e+04
-3.910819667834944994e+04 3.635711850487681659e+04 -2.221929234384713345e+04 -3.315298859977242046e+03 2.599641030019798563e+03 1.304544047363745904e+03 -5.611903468576045270e+03 3.991677738283229701e+03 -3.372209692798650212e+04 -4.277484244078307529e+04 -2.325975603749014772e+04 -1.025429043704729884e+04 4.026306506200048148e+02 -1.524834652175862857e+03 7.162790460024280037e+03 -3.288505210012616590e+04 -2.411315516544608909e+04 -4.502570374609667851e+02 -1.754374631850071182e+03 -1.460548585888313482e+03
-2.849744093246072953e+04 1.390682231213606065e+04 1.035213137156695666e+04 1.117122781997121820e+04 -1.572573237385414131e+03 -1.411984818211537004e+03 -1.074610458024082618e+04 1.064090437357815972e+04 3.903941553854374888e+03 -3.690503221542535357e+03 2.096777628056661342e+03 -2.070266129174876551e+04 -2.578514194133640558e+03 -2.169659419154475017e+03 4.100319447448919732e+02 -1.085464233633635922e+04 1.651147968898399267e+04 5.539510526680339353e+03 1.377885373308533644e+03 -6.496440682418176493e+02
-1.579066362640952320e+04 1.133720377806550459e+04 9.145822485525997763e+03 2.351190974155806907e+04 -4.196803532064186584e+03 -3.391792670054107020e+03 -3.151299978904298769e+03 -2.011968173754301824e+04 -1.764215176566211085e+03 -2.531758586724523411e+03 4.570464511558320737e+03 -3.834399968237114990e+03 -1.023291797178186812e+03 -1.878170746715769326e+02 1.013954494494647349e+02 -3.141749373016588834e+03 5.017763513912336748e+03 5.190395427805584632e+02 2.891298179174277720e+02 3.440826492353134199e+03
-8.671388311695551238e+03 1.423284771942762745e+04 2.246270032409715350e+04 1.620366938847344045e+03 -1.240404843885257833e+03 1.141595063778880103e+03 -5.988632084862950933e+02 2.955794129938886726e+03 -7.969792283494250114e+03 -3.052875189667490758e+03 1.606916635629074881e+04 5.341623798205134335e+03 -7.875797362222650477e+00 -7.354282845364682544e+03 -7.554795488199973079e+03 1.043224562189349399e+03 -3.392740488577944234e+03 1.984750930262807287e+03 -5.669562666948907463e+03 -1.134906776933174115e+03
-1.731524471062037264e+04 1.412023038245060343e+04 1.667526496665355080e+04 9.042483426254428196e+03 -1.793535780716897307e+03 -1.168765358808373321e+03 -2.130204808804274421e+02 4.115178602805880473e+03 2.299788225038493010e+02 -7.281593826077568337e+03 1.413960745421703723e+04 2.911853597433843788e+03 3.914908521256660947e+02 1.823357850368019797e+02 6.606905883032770532e+01 -2.909970447963054951e+01 -1.881675889835972612e+03 -1.072529479990819937e+03 1.233418325342818889e+03 -9.954371093356320443e+02
-2.295884097553492757e+04 2.025956612176470298e+04 2.260844880030653439e+04 5.156744934673707758e+04 9.562796414164022281e+03 3.292637443710909574e+05 -3.400602485766807149e+03 2.338529387419510022e+04 -1.573690544327403768e+05 7.186794517604715656e+04 2.013854238037493633e+04 -1.676283932310343516e+04 2.389138439216353163e+03 -1.171753619835234986e+03 -3.892525204792005388e+04 -1.249124019713447342e+04 1.484271676485989883e+04 4.346073134977867085e+03 1.157579860324903711e+05 3.701947228763277508e+03
-4.991586282720777672e+04 -1.533935370202156082e+04 3.640254450141409279e+02 -1.080093889730197589e+03 -7.630922041167326597e+01 5.614876212012868706e+01 -3.879548378782631630e+02 -3.466904199646548079e+01 2.826178053093508424e+02 3.863531603207525222e+02 -1.448417682644316784e+01 2.470330702193728314e+02 5.405215776483071721e+01 1.090804530286533094e+02 -7.614049932669084342e+01 9.312783391106658826e+01 1.825220338210066018e+01 9.724766230002738610e+01 -1.266186607160695665e+01 -6.656765032131019098e+02
-7.832965480373029095e+03 5.230796994486359836e+03 5.036405167334032740e+03 3.994072831030435736e+03 -1.614806486979618512e+03 -7.786445459870475361e+02 -3.276563573700029519e+04 9.978067466786524164e+02 1.390644918207796991e+03 8.401033307155363445e+02 -1.376759437096301781e+03 -3.420574741121926309e+03 -2.751239265336468520e+02 8.943237563503679439e+02 -1.308969360642689992e+02 3.310860208191595120e+03 4.978931015170146566e+03 1.233765575038393308e+03 -1.147665905446876195e+03 -8.828957346682344678e+02
-1.792564718963803898e+04 1.867326140844728070e+04 2.964766928509963327e+04 5.123700933941324183e+04 8.670866189417332862e+03 3.647423599859862006e+05 -7.084917457497375835e+03 4.590400510671852680e+04 -4.396937866792267305e+05 3.530329688495713635e+05 1.520624149758229614e+05 -1.724290875408199208e+05 5.733210854809984085e+03 4.938149533702675835e+05 3.841543657864021952e+05 -1.486594004922091881e+04 -2.323256034307213213e+03 6.009412612440636440e+04 4.194725621765013202e+05 2.808365613295190997e+04
-1.755750249036652531e+04 2.465946300197527307e+04 2.416761361509706330e+04 1.347226636612360153e+03 -1.701714669924275086e+03 1.603106539774577868e+04 -3.357311921499283926e+04 1.286216942004993871e+04 -3.585144188564868091e+04 1.691919381434176103e+04 -4.421251110355096898e+03 -4.924607435810165953e+03 -6.764629261772062137e+02 -2.233892107164239496e+04 -2.644326024041784694e+04 -1.085336667720612013e+03 1.796896670678589999e+03 -5.234799596074242345e+02 4.020197215810208945e+03 2.720431497921410937e+02
-1.977437731969454398e+04 1.185320774772648838e+04 1.108435599588833065e+04 1.027731260076460239e+04 -1.228144734308840498e+03 -4.902672337403144525e+02 8.669170107767894251e+02 7.352213910459708131e+03 1.810960301466363944e+03 -1.971553633518325796e+03 2.914829803256842297e+03 -9.041979067706341084e+03 -1.348313745144883796e+03 -1.395690468753866844e+04 1.160691834343759911e+04 2.570454519601293669e+03 8.949182750322030415e+02 -6.289393988870624241e+01 1.356946708719453682e+03 4.416143053974840882e+02
-3.862931761155556160e+03 1.349424716398858254e+04 2.028761332846326331e+04 -2.627101226335584670e+03 -8.145426697552524047e+02 -2.662413490240365945e+02 3.021764597374432014e+03 1.771139223904295477e+03 7.956289681166521177e+02 1.095889640687634028e+03 -2.752974816994956200e+03 -7.691711542129193049e+02 -1.303662438065509654e+01 8.084949426676031408e+02 -7.394846034884068331e+02 4.971159926307283428e+00 2.238612965839384117e+02 5.013109106877478638e+01 3.469747522079775592e+01 7.275182830676310175e+01
-2.614722506996941229e+04 5.481043849289314676e+04 -2.448183001890001833e+03 -1.052304403396660018e+04 -1.434711411148506386e+03 2.669612873190737332e+02 -1.285193311399738013e+04 -2.073309459581660576e+03 5.158996678379684226e+02 3.112369174920357864e+02 1.687933099251963085e+03 2.349058651254627421e+03 1.768764004551316589e+02 1.602848109835722198e+03 -1.304089152102305434e+03 9.147268384605814617e+02 -6.043589103237274003e+02 -5.873694616819259409e+02 6.180460318884620108e+01 6.551271531342965773e+02
-5.290046299437345442e+04 -1.265525516310270359e+04 -1.112520455133267205e+03 6.856282759194224127e+03 -8.087445879340619967e+02 -7.130717482396983087e+02 -7.178381444027147609e+02 3.171303572578335206e+03 1.691228485416085732e+03 -8.136193993370777662e+02 1.665317165054012094e+03 -3.937580254910706117e+03 -4.605316998222349412e+02 9.092328557173718764e+02 -1.019623950685326008e+03 -9.408283038671927443e+02 1.894423424233789319e+03 1.093601803488567157e+02 -6.834442806601883547e+01 -1.919073259433707790e+02
-2.482437756002054084e+04 2.612723712452270411e+04 1.037649692419654639e+04 1.939751734506434150e+04 2.214001680597590894e+04 1.155802074267898279e+05 -9.389369296525099344e+03 4.145896150764964113e+04 -3.358415098701199167e+05 7.896624722480270430e+04 5.684777782084787759e+03 -5.258736145787074202e+04 8.485550050653968356e+03 -5.968740819854731672e+04 -1.713624369683118130e+05 -3.062313438474148643e+04 3.917217789807125519e+04 7.650299481276211736e+04 6.033973639797617216e+05 2.091853635032163584e+04
