2.097353607781362734e+04 -3.083524871370200799e+03 -3.383721003670897062e+03 -4.292429936933766612e+02 1.626506631272857817e+02 9.529536816126002918e+01 -9.632744735091502264e+01 2.136052433042123369e+02 5.131618600673627739e+00 -4.408211647914204434e+01 1.117885777398557678e+02 3.970488899856558618e+01 3.995177959002919277e+00 7.537047398143403854e+00 -7.708290805374701016e+00 8.511753071355524725e+00 -3.263770600162906987e+01 -2.453739493496212276e+01 5.390260163777250035e+00 1.557432342118086677e+00
-4.931718382730996382e+04 -1.548915255834243726e+04 1.632654034403511218e+02 -1.164012391154760280e+03 8.448618558578907312e+00 1.078182130109360486e+02 -4.410157400677360897e+02 1.289553605700428136e+02 1.737847647748158408e+01 8.184178590176966850e+01 -1.323279375712594970e+02 1.950803787978369428e+02 1.895570902959992310e+01 1.211475761584411686e+02 -6.647022785602614192e+01 9.489819251998102345e+01 -3.376390205121773391e+01 -2.505222241875602052e+01 8.634195241531859466e+00 5.368821944596106022e+01
-4.154757539191565229e+03 1.326702457107125701e+04 1.984096733185545963e+04 -2.167780298979258987e+03 -8.643385386034555040e+02 -3.660229136514521286e+01 2.518124563155704891e+03 1.788991403275220136e+03 4.438405065649667449e+02 8.325335237208615808e+02 -2.080729923980469721e+03 -9.431738064688844361e+02 -6.801950170359658898e+01 -1.650522496786082627e+02 1.456194213182422459e+02 -5.494872596480291804e+01 4.445216145706243793e+01 4.521707115889315176e+00 3.499253800073443887e+00 9.426310908943668210e+01
-4.326218459110151161e+04 3.617974301754192129e+04 -2.674181045229144365e+04 -1.973607799699584803e+03 7.372348363791619477e+02 2.823880368691711737e+02 1.577659221036873078e+03 -4.683266168361985820e+02 -2.632561622270189901e+02 -5.023308821209070629e+02 6.972525286533459621e+02 9.310417764936076424e+01 6.897086758290461717e+01 -1.807349102952044859e+02 2.284415053291555182e+02 -4.754645634642223939e+01 -1.113351422618503728e+00 2.607497088183956180e+01 -3.730515137831753947e+01 -4.660984206988046452e+01
-1.681885197751002124e+04 9.151275274836636527e+03 -2.049329159582287502e+03 4.540635890499829111e+04 -5.041319872745502835e+03 -3.384206599200039363e+03 -4.416992837379358434e+02 5.726610587998769006e+03 1.121645464473372613e+03 8.681148194118173933e+02 -1.777880071246835314e+03 -1.427086636275826095e+03 -5.387129628343490850e+00 1.106311067382202737e+03 -1.905957561924466518e+03 1.546899685355410838e+03 -1.578896591415720422e+03 -6.570240139624825133e+02 -7.648221871312521216e+02 2.227398219657518155e+02
-1.602040281797342868e+04 1.605361981370002832e+04 2.910880027958874416e+04 2.359404506244149889e+04 1.897549414046470483e+05 -5.375505337409310414e+03 -3.665472969576739160e+03 -2.870265422590245635e+03 2.337955493351670157e+03 1.045450729155474619e+03 3.849002069231668202e+02 6.623004993354102226e+02 4.010362085443448450e+02 5.736925716767701715e+02 9.476987844911189995e+01 1.297417147723531912e+02 -1.272010652667881772e+02 -1.376760284466262476e+02 -7.254394061910641085e+02 5.011741686188376121e+01
-2.596336491118662889e+04 3.042075763894533520e+04 5.148708651902967540e+04 1.130261304749040719e+05 1.240022113923193683e+04 9.556155692195092561e+05 -2.057989372944056868e+03 8.033785191816094994e+03 -1.578681117348384287e+05 1.337221477840906300e+05 6.412704376429646072e+04 -4.747282650082962209e+04 2.521575636711914740e+03 1.566961677525038831e+05 1.169278214867613278e+05 -8.073098656471376671e+03 2.862928446557596999e+03 -9.815686335056787357e+03 -8.537545240902665682e+03 -1.402241424599056018e+03
3.789430387299231370e+03 1.885873162994285303e+04 1.983800787296320414e+04 -2.934333561420156911e+03 -3.352171074338786184e+03 -3.077282678379945651e+02 -5.448895186069707415e+04 9.172058552590835916e+02 7.081409558173712639e+02 2.535000382248004826e+03 -4.102769318197415487e+03 -6.438527889445624623e+02 2.327911113076574736e+02 1.278560076813988189e+03 -2.593291921833894094e+02 4.018831359083238567e+03 2.914034353041301983e+03 6.643402105277839382e+02 -1.026127916522821124e+03 -7.502541798191125508e+02
-9.337300017232886603e+03 1.428558375220443850e+04 2.198081082823263569e+04 1.244717863063951654e+03 -1.482661712457383828e+03 -1.895844928884982608e+02 -7.104297029408079425e+02 1.206254951712743832e+03 -8.127007313187402815e+02 -7.001112499790580841e+03 1.446476033145567999e+04 3.715206251155455902e+03 1.773063722906117050e+02 -5.083579345292540097e+01 5.164287923915036771e+00 -4.260206545251454600e+02 -1.383500043599052333e+03 -3.080769907913361862e+02 5.092080321828509568e+02 -8.974005557723847915e+02
-3.390361032988087391e+04 7.461490853905177210e+04 1.565464070198635163e+05 6.688038500037605409e+05 9.269461209923577553e+04 7.429178814210163429e+06 -7.226347487304396054e+04 -6.452495208701075753e+05 2.697222315995696001e+06 -1.839428319571936736e+06 -9.099011106334049255e+05 4.952719504703676794e+05 -1.449154183666315657e+04 -1.352397542225514771e+06 -1.006791201424730825e+06 1.677897437323605482e+04 5.029670213864884863e+04 3.157114726211919697e+04 3.748489633779013529e+05 3.634773474928404903e+04
-2.513935435719193993e+04 4.902709788076006225e+04 -7.658289362433793940e+03 -9.602624260857688569e+03 -4.629222930928115147e+02 5.178976036782283927e+02 -5.717165231847666291e+03 -4.319065682804323956e+02 4.848087863470042862e+02 2.075323927464014560e+03 -2.640313323940317332e+03 3.655683396352728778e+02 6.782980128278413190e+01 8.691635574359530665e+02 -1.053229227295693818e+03 5.607513172649597664e+02 -3.777593122484896639e+02 -3.630993670392476815e+02 1.589530401759380709e+02 4.299779564449088411e+02
-3.261735378328240586e+03 5.437615758977639416e+03 8.097578755239891507e+03 1.144323669617881387e+04 -2.443456808279541747e+03 -1.822455329384159995e+03 6.465190529302039977e+02 -1.485993989922892069e+04 -1.869255391829289238e+03 7.836852922164287065e+02 -1.144771427639956300e+03 -3.952393065736022493e+01 -1.925689611884404542e+02 -8.739840609572846688e+02 7.216597143462107624e+02 -1.461989477658904207e+03 2.030052102004230164e+03 1.112669895237475203e+03 -5.744930760819425331e+01 -2.458067495293510945e+02
