2.099517227206172174e+04 -3.093365626633389184e+03 -3.395692128720170786e+03 -4.312916660996790483e+02 1.632687580261146820e+02 9.576812977346823175e+01 -9.449590264749789981e+01 2.137858611003351541e+02 5.141712554029987281e+00 -4.420226870350429493e+01 1.123769929852932705e+02 4.006634398725842061e+01 4.025077960358433238e+00 8.525868802024492155e+00 -8.427411613788962086e+00 8.718424700183275533e+00 -3.282687587772252158e+01 -2.476361744391572017e+01 5.119339731619225731e+00 1.808589391292363402e+00
-4.880706401238735998e+04 -1.576189721087681573e+04 -9.817469757895743498e+01 -1.414074366333446051e+03 -2.671521630316822993e+01 1.005956399684104667e+02 -3.919545428245211838e+02 -2.514731771950708961e+01 2.605842796943641133e+02 3.977806583068481245e+02 -1.535008245185326103e+01 3.538505812786476667e+02 6.711676164564188696e+01 1.311879659812000511e+02 -8.993975636223532888e+01 1.377627438472353845e+02 -4.746904908446169458e+01 7.465062818499295361e+01 -1.860696117536005900e+01 -6.498447546245200783e+02
-3.063754422877588695e+03 1.068815453017621257e+04 1.725262577846111890e+04 -2.023540323448724394e+03 -6.663440081391031526e+02 -2.506665368617654224e+02 4.901420610394379764e+03 1.248373366399122460e+03 6.786341626570939525e+02 9.921524822912950867e+02 -2.512151851366138544e+03 -7.207428709497668251e+02 -1.144922339859258997e+01 9.614344406378451140e+02 -8.272016809948352147e+02 -4.006274051563762129e+01 2.380981662887447783e+02 1.139841637164157078e+02 -9.050418251279472770e+01 7.841229918726270398e+01
-4.260953245075690211e+04 3.583851128813891410e+04 -2.622802221702141105e+04 -5.116744193543986512e+03 9.132091067700441727e+02 4.989551459938404037e+02 1.728155080442464623e+03 -2.218534211380430406e+03 3.045675729616313561e+02 8.541946692211971595e+02 1.106458601001828583e+03 -7.795268255397273549e+01 -1.458856566370587302e+02 -5.319592474860615994e+02 9.969357258560116009e+00 1.461317673346140964e+02 -3.419457591328616672e+02 -6.900455519311358898e+01 -1.414880827195433142e+02 -7.899063127821651733e+02
-1.563880337839357344e+04 1.496201799177275461e+04 2.630321937833740230e+04 1.985721819108814088e+04 1.561054282103282167e+05 -4.773985141533918977e+03 -2.811650997978850228e+03 -2.046804056155405988e+03 2.252289246385410934e+03 4.891562651619209845e+01 1.487029486423932099e+02 2.720150136069458426e+02 2.152115574121421560e+02 5.704489673318254290e+02 3.646951985274383787e+02 5.599574072981513240e+01 -6.717159325581746998e+01 -7.852210714450801277e+01 -2.088720227343979161e+02 -9.038638729546018880e+00
-1.686647629273000712e+04 1.164040206756672887e+04 -2.284411681821279217e+03 7.211366774051026732e+04 -7.977096638459711357e+03 -3.034195560038078384e+03 -7.520162289066173571e+02 1.532269036065277032e+04 -8.580206545603065251e+02 5.074808605333980267e+03 -7.502917590836963427e+03 8.306835531253616864e+03 -4.936339768602604181e+02 1.731225306269017437e+03 -4.227407900848859754e+03 4.365979783290364139e+03 -5.125535056711829384e+03 1.727169237790719990e+03 -4.341024392292422817e+03 7.239588291368260116e+02
-4.280283473834756478e+03 3.724632699133159804e+03 6.127407486627113940e+03 8.589436410603941113e+03 -1.801093264105687012e+03 -1.324555409156353107e+03 1.785593194099301400e+03 -8.899291990455352789e+03 -7.223477508256852389e+02 1.523342522969817765e+03 -2.099955557077891172e+03 5.183408131154671139e+01 -8.389946519295200744e+00 -2.629564339061432179e+02 1.525261716585673071e+02 1.058353717766666868e+01 3.444077141791250796e+00 1.630108237508146090e+02 -8.348633786999496920e+01 -1.139655891463620037e+03
-2.516306191507626500e+04 3.364928701971432019e+04 5.667608663591430377e+04 1.296082849828257895e+05 1.094596507402368297e+04 1.079277343748195330e+06 2.750287945664145809e+03 -1.290779368621389494e+03 -9.959438614885779680e+04 9.455989907412631146e+04 5.322351473900814744e+04 -3.405441091477330338e+04 9.263244357733776724e+02 1.343422361497482925e+05 9.680323863228665141e+04 2.099348346707683049e+03 -1.244385628095963148e+04 3.837286509402664251e+03 -6.291952391668854398e+04 -5.169012551376620650e+03
5.844827725584113068e+03 2.193836022283299826e+04 2.387989090191805735e+04 -3.817428817417180198e+03 -3.983899223041677487e+03 -6.302393309298979602e+02 -5.905747519177509821e+04 -3.588604096293241241e+02 9.822554299652972531e+02 1.365908798478530116e+03 -1.422711747443293689e+03 1.200038879454582002e+03 3.984461518238529152e+02 2.024159709688157818e+03 -4.386071638775412680e+02 5.218677090634656452e+03 3.175120257045432936e+03 5.388421936947177073e+02 -1.003322962959538586e+03 -4.791480944793260051e+02
-3.390361032988087391e+04 7.461490853905177210e+04 1.565464070198635163e+05 6.688038500037605409e+05 9.269461209923577553e+04 7.429178814210163429e+06 -7.226347487304396054e+04 -6.452495208701075753e+05 2.697222315995696001e+06 -1.839428319571936736e+06 -9.099011106334049255e+05 4.952719504703676794e+05 -1.449154183666315657e+04 -1.352397542225514771e+06 -1.006791201424730825e+06 1.677897437323605482e+04 5.029670213864884863e+04 3.157114726211919697e+04 3.748489633779013529e+05 3.634773474928404903e+04
-4.170587323475136509e+04 3.568095269194974389e+04 -2.473796659065772110e+04 -2.162838451348631679e+03 2.604538090189770173e+03 1.263866223777013829e+03 2.139268686962769607e+03 2.132181932836942906e+03 -3.101443213554645263e+04 -3.973010668543655629e+04 -1.565188987708706554e+04 -3.853053730695455670e+03 2.197703823538944562e+03 3.483344351578281021e+03 1.419975937599374220e+03 2.164803718320966254e+03 -4.940297926262983879e+02 -2.932248527942805367e+02 -1.051548700041124675e+03 -1.919990278365265567e+03
-8.704207814167104516e+03 1.787261286247596217e+04 2.700132580624014736e+04 5.969754518777828025e+02 -2.125996947692344747e+03 -7.867148888640764426e+02 -3.859665522388932004e+03 -2.263951134812012924e+02 -8.390564322685345360e+02 -8.852491819110628057e+03 1.799417790776860784e+04 5.849194253505763299e+03 3.548269011748076878e+02 5.184382960952302710e+02 -3.182396737630156167e+02 -3.846827098742323159e+01 -1.605857128748313926e+03 -5.980402745856241609e+02 9.211406847136681790e+02 -7.011004687837598794e+02
-2.577761948054192908e+04 5.080542342647971236e+04 -8.381853108584202346e+03 -1.051585235848186676e+04 -4.617238484762187340e+02 5.868471604438374243e+02 -8.867244936152426817e+03 4.014414038350943770e+02 9.833653892878223814e+02 3.391063003423291775e+03 -4.928553557869899123e+03 -6.216478856491378338e+02 -1.329280240333740259e+01 6.969796599544944229e+02 -8.991012338527842758e+02 6.012133599365880627e+02 -3.799640621305797481e+02 -3.354163035179489043e+02 -1.930410623538893731e+02 3.131315916921208213e+02
-9.694564627965613909e+03 8.488103507461699337e+03 1.339269805557384643e+04 1.946830922522857918e+03 -5.770140783097275516e+02 -4.321720794852785019e+01 1.477390104296907793e+03 3.427268027513324796e+03 1.234597964540951693e+02 -3.891657219322154333e+02 4.080153687359543255e+02 -5.105346146566411335e+03 -8.859061166700089416e+02 -1.458301719516738558e+04 1.238337505033642992e+04 3.541515376398706394e+03 -8.693619334925222120e+02 1.654313697984992757e+02 1.050655288086882820e+03 2.958094083077760956e+02
-1.298565768134122482e+04 8.371460820694406721e+03 -5.370849192731120638e+02 4.463260861381070572e+04 -5.079593907690154992e+03 -3.674715152198230044e+03 -3.635222835884869141e+02 4.109432795733504463e+03 1.484528113247809188e+03 8.417207001817411083e+02 -2.302688628399687332e+03 -1.336777380562210510e+03 3.356264937973908218e+02 1.436840744304559394e+03 -1.351120387903390565e+03 2.117096400081692536e+03 -2.482794952791200103e+03 -1.288793409938901277e+03 -3.208128888062184956e+02 1.836733246544053202e+02
-9.045574359854303111e+03 2.509472781560665226e+03 6.052602049672833573e+02 8.564211321167174901e+03 -5.749691222825025534e+02 -1.042737895624301473e+03 -5.479558260491886585e+02 2.337874444150976615e+03 2.716819043223619701e+03 -5.838273971440327841e+03 9.895888114277093337e+03 -2.375673958914053947e+04 -4.361648984331933207e+03 -3.282483414749741769e+03 -9.360360308197105041e+02 -2.595746211705441965e+04 3.979367801747011981e+04 2.336766508746085674e+04 -3.981866910769650531e+03 -2.856470254596074028e+03
-1.049142727729469243e+03 9.475085880743727103e+03 1.397428477540722815e+04 1.446020571075632870e+04 -3.717560297041201011e+03 -2.560106821578768631e+03 -1.966194300587063708e+03 -2.495606604199793946e+04 -3.974950632458909240e+03 -4.862133113648205835e+02 1.171272395888565143e+03 3.579316154839287265e+03 7.715857086045504332e+01 -7.295279586516163590e+02 1.149985783462006339e+03 -7.881981980813874316e+02 1.131660306794446797e+03 1.396142381387521141e+02 2.545204753560128665e+02 3.307993107552127185e+03
-3.771812195284562040e+04 4.232556715922048170e+04 -2.856420222319940513e+04 3.633325655998787988e+04 -3.243993992409451039e+03 -2.563480870260202209e+03 9.165074023921454227e+02 2.335942630969299717e+04 1.690126530413263936e+03 1.262135081661320100e+03 -6.187944014152375530e+03 2.845338314643862395e+04 7.932513466631743540e+03 1.974563217708194315e+03 8.962588775968590198e+03 -2.053361062304528332e+03 8.025459880488283488e+02 6.121547056911427717e+03 3.557139491791314867e+03 1.849530816589469850e+02
-3.770983126473466837e+04 5.487385780222576614e+03 1.397230955163091676e+04 2.078126879706950422e+04 7.888132223667610560e+03 5.041418500662119914e+04 -7.442846384545428009e+02 4.519229222614926402e+04 -1.758634299516984902e+05 8.380269460526382318e+04 2.220801421463676525e+04 2.007865925857896218e+04 1.205491776937907707e+04 -3.255078927226952510e+05 -2.339856602635043964e+05 -4.201601559623531066e+05 7.102285857723297086e+05 -2.104463607909047045e+06 -2.177633794808288221e+05 5.090580878107423814e+03
-3.868561255314465234e+04 3.287639700443525362e+04 -9.732993637808676795e+03 7.193125068376815761e+04 1.378783827118318641e+03 6.429548388281088592e+03 -4.912569955537302121e+03 6.611435765563252789e+04 -6.829972993396531092e+04 -2.652339914827760731e+04 -7.053969008508218394e+04 2.108620045659361931e+05 -1.088900561385466950e+06 3.093990988999097317e+04 2.885400965542808262e+04 8.634417348819602921e+03 -8.229624858936269902e+02 -7.977515890958977252e+03 1.418766926801020782e+04 -2.635228179999850909e+04
-4.008233253400940612e+03 1.612384905852340125e+04 2.331761385766162493e+04 -3.081608792960309529e+03 -1.151739487180025208e+03 -3.290323287536544967e+02 5.131087724370318028e+02 1.732525959210545807e+03 8.054924289910240987e+02 6.802562786299432673e+02 -1.849969764785461621e+03 -2.920091211966760056e+02 2.317591210617767672e+01 8.965424629029196240e+02 -7.669748910308463792e+02 1.167534017128314758e+02 1.676917260838112327e+02 -4.750385010979768907e+01 1.575361565402144493e+02 1.365229614290755080e+02
-5.569963073253937182e+04 4.000524081454399857e+04 -3.540128080195652728e+04 3.386319163456542447e+04 -2.646326352393198704e+03 -2.978421476435593831e+03 -1.702351305725791235e+02 1.327873263919393503e+04 5.935383108813371109e+03 -3.183994423268694391e+03 6.244542103277305614e+03 -1.249485013510049248e+04 -9.808736907070554025e+02 3.113819815720319639e+03 -3.199804087729558887e+03 -1.210436065684011055e+03 2.932243729220827390e+03 -1.852565111011800127e+03 4.739180552032481160e+02 9.570104494953679932e+02
-3.937153958005669847e+04 9.400567375560969595e+03 2.847170868239001720e+04 -7.704187854615644937e+03 -4.774978464673319650e+03 6.019810164568498294e+02 -9.283654984462929133e+04 9.804378563949623640e+03 -1.180067871268931231e+04 -9.444628457886306933e+03 -3.087097540681488681e+04 -2.959314100704528391e+04 -1.036357618702884065e+04 -4.091347559392800031e+04 4.181658393500301463e+04 -5.402395853004804812e+05 -4.130519698641551659e+05 -2.224136468164364123e+04 -2.088010960122930919e+04 2.494672799212529571e+04
-1.525443992487793003e+04 7.077623064644823899e+03 9.512291142218753521e+03 3.118144729186643872e+03 -7.086784582558279908e+02 -5.911942364834347927e+02 -7.931795223836072182e+03 2.279317623415576236e+03 -2.163708608195960551e+03 -3.601951062749215453e+03 -5.938619848477859705e+03 -7.066364853734556164e+03 -1.890636402099750285e+03 -5.574262677188981797e+03 6.121128113676388239e+03 -3.533263166964429547e+04 -2.371934061963531349e+04 -7.632343087787164393e+01 -5.621747357555450435e+02 -2.617263423194282268e+02
-4.604627741940411943e+04 -1.259906075228155714e+04 4.576054832466073094e+03 1.937791861520115390e+03 4.289908033490660273e+02 1.602205318481282848e+04 -3.010843108189031682e+03 8.336419234093516934e+03 -3.707189018879443756e+04 1.345619431214451106e+04 2.521004675497531480e+03 -1.771540826357301512e+03 -5.522307809826711491e+02 -2.169653438903723872e+04 -2.672028257042165205e+04 -1.423384993807663477e+03 1.885098753698848668e+03 -5.605461733229213905e+02 4.342865661380819802e+03 9.581481931211824303e+02
-2.074486620081028377e+04 2.009897471497358129e+04 2.378142646829279329e+04 4.479544630840208265e+04 1.337273865864016443e+04 5.301512494076576695e+04 -4.757948364769866203e+03 5.107430084938897198e+04 -1.595301713262487901e+05 8.373271737063062028e+04 3.044061431772996002e+04 2.673521386251486911e+04 -4.745629828445531530e+03 -1.340226788278462773e+05 -1.435780979828271957e+05 2.254452911929972834e+04 -3.358141026288733701e+04 4.017307899842289044e+04 -1.042033905090250482e+05 -3.041336564215755971e+03
-4.695973981114256458e+04 1.194445065011804581e+04 -1.530432689224885326e+04 1.289080514983710782e+04 5.020060061264113642e+02 -1.438480374085845597e+02 -7.944221470569218582e+02 1.602393209574427965e+04 -9.609168178236479434e+03 -1.064874809285066294e+04 -9.441530507993722495e+03 4.551974128100641974e+04 -3.319040827033228124e+05 1.377586973633221169e+04 9.635841226988772178e+03 -2.728524605081826166e+02 1.229318858023507164e+04 -3.615267632284096635e+03 1.027524570695252623e+04 1.083159678998608342e+03
-6.746118232703177455e+03 1.667375727270122297e+04 2.597538632102476186e+04 1.279357090921928830e+04 7.264224412881964781e+03 1.360843862542367133e+05 1.408222593041573646e+03 1.001838291241939987e+04 -8.134109155585269036e+04 6.942153404561964271e+04 2.772272142724409059e+04 -2.916041716101059137e+04 9.263371871539086442e+02 7.598888132985576522e+04 7.080582649766729446e+04 -1.904176471080824626e+02 1.581912525743125116e+03 -6.725305862642053398e+03 -1.159112585358956676e+04 3.991189038693700013e+02
-3.440633898858170869e+04 4.370198342291025619e+04 -1.064626052042681113e+04 3.781222159796578489e+04 -3.326659294419986963e+03 5.603304692726538860e+02 3.541708984687491011e+03 5.068770063791319262e+04 -1.773276820685792700e+04 6.487542251296728864e+03 -3.752926779266454105e+04 1.513532630094628839e+05 3.164126970761188932e+04 -1.271252573740497064e+04 5.780358427184413449e+04 -5.371757076918907114e+04 6.656483194680088491e+04 3.143571401094579414e+04 4.536901748569895972e+03 -3.864308359341385767e+03
-8.264026017185895398e+03 1.212161502563060094e+04 1.945163468624970119e+04 6.778201292393363246e+02 -9.827561030715587549e+02 -4.174139177653714228e+02 1.474770380476652008e+03 2.027031400777737190e+03 -4.749911635777355627e+02 -5.673900091361444538e+03 1.121541393752602562e+04 2.779174565026950859e+03 1.449078752666756316e+02 -4.479429719098562259e+02 6.217197259269875076e+01 -4.130800663528023051e+02 -1.352415044554916904e+03 -2.601026749841843184e+02 5.567973281000527095e+02 -1.061939040986340615e+03
-4.839082905170986487e+04 -1.553734244180695168e+04 -9.412605888705931534e+01 -1.297087675780114296e+03 2.949324767248137960e+02 2.793956181199727666e+02 -4.572462745661990198e+02 3.121354002250554913e+03 -1.696167042814272645e+04 -2.704702002495816123e+04 -1.269480705791933178e+04 -1.763831238114624284e+03 -6.973749604254065162e+03 6.627154183504065259e+03 3.236722433768448809e+03 5.592888107695717736e+03 8.826724362820895067e+02 -2.340749423680062478e+02 -5.944166982789884059e+03 -3.793521853207058143e+02
-1.645088875616123187e+04 1.704819727580363542e+04 3.137438465052452739e+04 2.650163202453151098e+04 2.155912381405302731e+05 -5.994673772856853248e+03 -4.368367216336891943e+03 -3.534770514861028914e+03 2.891902352879016235e+03 1.601339258990943563e+03 5.326794161989337226e+02 8.699061824954998201e+02 5.239976712826309040e+02 8.921392047872393505e+02 2.044054693286300335e+02 2.991703484916633897e+02 -3.483368298310521709e+02 1.384741751926783770e+01 -1.312664990203306616e+03 9.199530766916601010e+01
-1.335784412477532533e+04 5.392653224570922248e+03 2.971616937562581825e+03 1.905387220489508400e+04 -2.967550780421677246e+03 -2.583561633666754460e+03 7.440411009900007002e+02 -2.025390919334139471e+04 -1.802770929451634629e+03 4.385586316204737159e+03 -5.493329614280697569e+03 -1.757388606066574766e+03 4.256477700449544841e+02 -5.472627718535205531e+03 5.260608814052413436e+03 2.075946158333255880e+03 -5.314070374452280703e+03 -3.959156515725744612e+03 6.026868224275362991e+03 -8.006412039263304905e+04
-4.673913713979131717e+04 -8.853704084947181400e+03 -1.324565717245835685e+03 2.174307085133191140e+04 -2.102600165915474463e+03 -2.011175907480983597e+03 -3.624408771151230667e+03 1.541652334835160400e+04 5.487938217911870197e+03 -2.391375712818432476e+03 2.051586932961602997e+03 -2.509506597473141483e+03 3.774468334439975933e+03 5.162799853388232805e+03 1.707006349575900913e+03 1.643605523803813412e+04 -2.328701136595157368e+04 -5.592925736830999813e+04 4.844322060885660903e+04 -1.025449494974027948e+04
-4.845963014898239635e+04 -1.541570544048269221e+04 9.484239234665997742e+01 -1.433326655135140527e+03 3.801555477882268264e+01 1.424529441474404337e+02 -7.656487647675451171e+02 1.711225375156304835e+03 3.725176719076167160e+02 -3.168186584693014538e+02 5.590535728672609821e+02 1.677176792397174836e+02 -4.114007897165317331e+02 3.639853548981849372e+02 -1.299490310205508479e+02 -2.736757961005951074e+02 2.945139405312567646e+02 -6.726279036900566553e+02 2.380974075089480664e+02 2.133488693548829906e+04
-2.872365573869783475e+04 1.917723979471845087e+04 3.365560046216232149e+04 6.811449768673769722e+04 1.208187616433276162e+04 5.655889180314083351e+05 -3.048145537155944567e+03 3.225172394619876286e+04 -2.680362025629770942e+05 2.060223507878371747e+05 8.681634489530725114e+04 -6.272742302687113988e+04 4.711858679762756765e+03 1.803716426158649265e+05 1.462636651834293443e+05 -2.300649036914895623e+04 2.744659027776802395e+04 -4.617620499859516713e+04 -1.703017970718294464e+03 5.967849950927275131e+02
-2.856258324376708333e+04 3.456825273116506287e+04 -3.909994776386904960e+03 5.712599317356084612e+03 1.266073679098032881e+04 4.458382885931331839e+04 -4.379142560364049132e+03 2.059867739768260071e+04 -1.460572064841251704e+05 6.291292452537673853e+03 -1.112516072135621107e+04 -1.246344806477037491e+04 4.042830510529241110e+03 -5.386308503509942238e+04 -9.145832302841896308e+04 -1.012482015613241310e+04 1.473182351301033486e+04 2.572198635108515737e+04 1.991340223565658380e+05 5.855598888321866070e+03
-9.714189259758306434e+03 1.618096384598266195e+04 2.599687634954055102e+04 3.322466564664804537e+03 -1.585077694564900412e+03 2.160175401142729243e+04 2.216810997016459623e+03 3.713819670971140567e+03 -1.079357281112996316e+04 4.350275761538915731e+02 2.371647111792043506e+04 2.164942616250141327e+03 5.772519884125910039e+01 8.099107878672551124e+03 3.396702558483822031e+03 1.866394918185006190e+03 -6.601266973739647256e+03 4.562142575865972503e+03 -1.905368033899964939e+04 -2.977071596781025619e+03
-1.802726877319108826e+04 1.142166989840197493e+04 2.260319014032753694e+04 -9.139733807701292108e+02 3.083079246320141465e+03 1.258714693810273639e+04 1.226799866614654093e+03 1.138722964073171352e+04 -2.642931391206449916e+04 1.778254858409382359e+04 2.005853710970411328e+02 1.734690905854991797e+04 5.482976717622821525e+03 -2.652690127629527342e+04 1.286973045765756069e+04 -4.521043423722127045e+04 7.176427765084995190e+04 -1.148760572103326704e+05 -2.044699102695754118e+04 -1.235560726068545819e+03
-1.085920375403121216e+04 1.307296181514395903e+04 2.098139479013857272e+04 3.813224548891689210e+03 -6.877767673705359357e+02 4.140565509036177900e+03 3.288779178016751757e+03 1.354234792500429830e+04 -1.481321359566234423e+04 1.147797889160729210e+04 8.472478065959423475e+03 -3.651370692576099100e+04 -5.629075951953972435e+03 -1.083810986183628847e+05 1.233341660602059710e+05 5.532367128966002929e+04 -1.634244594809509726e+04 7.207423893429443524e+03 -4.248126563769072163e+03 1.813302489245689867e+04
-2.250809706529327013e+04 8.376317189947552833e+03 -4.441045910558716059e+03 4.575372542313890153e+04 -4.943540654172793438e+03 -4.214532447764273456e+03 -7.598942812104253335e+02 5.388605772182519104e+03 3.356824106566043611e+03 -1.475690447157260678e+03 1.515630398421738619e+03 -8.539379019853511636e+03 -6.030679238969156586e+02 2.079011775120597576e+03 -2.157864824805483750e+03 -2.988930075768299162e+02 1.491515248350013508e+03 -1.070904114392502834e+03 -6.656843307187588721e+01 4.342463511868807586e+02
-2.643763552898166745e+04 3.733526593055090052e+04 6.763889405942482699e+04 1.420863090887261205e+05 4.313969502724552149e+04 1.271015833814267302e+06 -1.308669935687625548e+04 9.499174306960003742e+04 -1.141569845409028232e+06 9.370813689726606244e+05 4.408323173746695393e+05 -4.719446091059840401e+05 1.800154699702349899e+04 1.400029016413799254e+06 1.067892005748613970e+06 -4.399176234783912514e+04 -1.709472291622325429e+04 1.811669281306827033e+05 1.144675960023254156e+06 7.039145206546309055e+04
-4.332376167140884354e+04 4.873417784566304908e+04 -1.491819379816078981e+04 1.183625997982947010e+05 3.774330498322490166e+04 3.272267325405126940e+03 -6.657788197464812583e+03 1.238686921783806029e+05 -1.073264803249460820e+05 -3.239254324847713360e+04 -1.485637644755731453e+05 4.946661070626931614e+05 -2.562450987102032639e+06 7.993945496745551645e+04 8.424003479697836156e+04 3.541244295918357238e+04 9.498511284400306977e+03 -2.362886442389662261e+04 3.937337699184878875e+04 -6.968172246985540551e+04
-2.425351156510525834e+04 4.840885590052251064e+04 -9.219920552026002042e+03 -9.954417081430206963e+03 -2.288716502366773682e+02 5.396902839482803529e+02 -3.850634706619628105e+03 -9.441773810278117196e+01 8.899365266400111523e+02 2.872596234024830665e+03 -3.950508375691911169e+03 -2.672682209858411966e+02 -6.950698008933741789e+00 7.719483421198652877e+02 -9.556167559854624187e+02 5.364597850545536630e+02 -3.662949128276262059e+02 -3.509323485537109377e+02 -1.083302374411830726e+02 3.573424795795293107e+02
-4.170324232268446212e+04 3.592800288983647624e+04 -2.631111025582168440e+04 -5.215194680268989032e+03 9.961860748760464048e+02 5.561228440108310451e+02 1.341938083209331353e+03 -4.304916567621631884e+02 4.213094467389594797e+02 1.276632886864748002e+02 1.716021576201648713e+03 -2.214880664581806684e+02 -6.278360627224361679e+02 -2.600806059232396592e+02 -5.757933517513069432e+01 -2.423856012809914375e+02 -3.644378215321172121e+01 -8.380023343760741454e+02 1.149647840141556259e+02 2.120631091592619487e+04
-4.042005974757456715e+04 3.790578589720102900e+04 -2.697105097200711680e+04 1.906815610624866895e+04 -1.256209689592484210e+03 -1.060688100263503884e+03 1.223162786957434946e+03 1.776626268543305923e+04 -5.731489095236401710e+01 1.361208018605773987e+03 -5.583150414799660211e+03 3.066536748980274206e+04 7.677130783349602098e+03 3.450088137393158263e+02 1.037900573333618013e+04 -3.168645157230361747e+03 1.897144526883875869e+03 7.107232609567272448e+03 3.720577252943554868e+03 -3.001713700137194678e+02
-2.587087243678577579e+04 4.401939553404067556e+04 7.439723737115232507e+04 1.665405171341740352e+05 1.346735590380586291e+04 1.451166014084067661e+06 1.121746926158435826e+03 -2.245878459565849334e+04 -2.119038007077644579e+03 3.324608669815990288e+04 3.518750523898276879e+04 -1.474051988018895099e+04 -3.456414662055777143e+01 9.615888609420612920e+04 6.239742792682105210e+04 7.992900490427907243e+03 -2.272365976005639459e+04 1.633023048959229345e+04 -9.121377017570519820e+04 -8.308793646160602293e+03
-8.588847676595038138e+03 5.182391497650162819e+03 4.712884874088440483e+03 4.325929440610514575e+03 -1.622409810898931255e+03 -8.079304811685268533e+02 -3.277301456762241287e+04 1.155245692630356871e+03 1.477016105442865637e+03 7.427653236791509244e+02 -1.209557277251133655e+03 -3.755965099290963735e+03 -3.298196794526408553e+02 9.291759267223748111e+02 -1.896491076082316738e+02 3.199225138110607077e+03 5.179838182940134175e+03 1.269644521083120935e+03 -1.166966261518217607e+03 -8.190939968242769282e+02
-6.005801382693804044e+04 7.946957366457776516e+03 -1.882853392514747247e+04 3.468070563150446833e+04 -3.047179817751596147e+03 -3.089231438969155533e+03 -1.451263637073842119e+03 1.425096716454330453e+04 5.448194512222854428e+03 -3.834411894249708439e+03 5.399624714817246058e+03 -1.183631818792950253e+04 -7.794421267489299225e+02 3.373585408317559995e+03 -2.971284965208081303e+03 -1.364007072798135141e+03 3.309333519427076681e+03 -1.570916348790380425e+03 6.055355516523071628e+02 1.014540196315255798e+03
-4.142454675950141245e+04 3.523850570149485429e+04 -2.515506530893176750e+04 -4.466433699781152427e+03 3.209028064838178125e+03 1.699567357136365217e+03 1.763476369302904004e+03 4.092785316881571816e+03 -4.750326482840349490e+04 -6.440203181907712860e+04 -2.928720186911208657e+04 -7.725173647918447386e+03 3.226093495274218185e+03 8.890972319773056370e+03 5.042511881140103469e+03 6.726269444693120931e+03 6.023368736693601022e+02 -1.096511664455956407e+03 -5.759330611979779860e+03 -1.424599122030882199e+03
-4.589368464421356475e+04 -1.203300022316408649e+04 6.078931012906599790e+03 6.449570804826877975e+03 6.258107180087363668e+04 -1.690336489392045905e+03 -2.466131763986878923e+03 -5.761857160954552910e+02 2.130652173283455753e+01 -9.065215702016051864e+02 -4.412910171075058088e+02 3.337734950169694912e+02 -1.240196484897655438e+02 5.811739553175121955e+02 -3.358678130788852627e+02 1.142204032571900143e+02 8.788563715340113447e+01 3.897369094780199106e+01 5.515875041685843598e+02 4.181866744270756158e+02
-2.116787759185562390e+04 1.468630413116402269e+04 1.546753069132062774e+04 1.052719353176035474e+04 -1.941574966757949596e+03 -1.409692569947730590e+03 -6.595302618257218228e+02 5.416434989496418893e+03 1.336432533532767366e+03 -8.812550935635570568e+03 1.703862737863331495e+04 -2.034175312516474833e+03 -5.824682288424396575e+02 7.140963133103006157e+02 -1.049293994395415439e+03 -2.050851068687407860e+03 1.530193170857224459e+03 -2.944025617328721864e+02 7.993835855909554766e+02 -7.217936395454838703e+02
-1.610656136768195211e+04 1.156017457920086599e+04 1.572569381148288994e+04 5.828078324510503080e+03 -2.132346022458038703e+01 1.645524125422822908e+04 -4.077808036623342559e+03 1.035328576852500919e+04 -3.727492877361859428e+04 1.402941155382636498e+04 1.687180034048190009e+03 -1.467431651789165926e+03 -5.596192179651284277e+02 -2.284595957071624798e+04 -2.646267497842758166e+04 -1.283178297244744726e+03 1.325075457410134504e+03 -7.651088013803332899e+01 3.919088842096525696e+03 4.210640241121301983e+02
-1.884799672908448338e+04 1.921272659234951061e+04 2.001679563358476662e+04 1.921629752991000259e+02 -1.691797829825485223e+03 8.888843068056584684e+01 -2.449279128883364319e+04 7.665053238012561451e+03 -8.100936281920387955e+03 -1.031513183594471593e+04 -1.280156192941901099e+04 -1.090896091208857979e+04 9.198183718097759538e+02 3.231788547919655684e+03 6.860248278126699006e+03 2.017548545494818200e+02 4.040445894862558816e+03 -9.651124362270021493e+02 -6.375803546636493593e+03 -6.627001011928696244e+03
-2.508726797305560831e+04 1.946059359893780493e+04 1.002875587974384871e+04 1.514863869946873638e+04 1.702544673347312710e+04 7.829149502514694177e+04 -7.101574840335781118e+03 3.394887183278409793e+04 -2.376937732865655562e+05 4.555947493596923596e+04 -4.140144097702188446e+03 -2.039657736546721208e+04 6.543077357249382658e+03 -1.050141335381724930e+05 -1.728677482916199369e+05 -2.752928894458853392e+04 3.557351269616949867e+04 6.818538068948053115e+04 4.706063726635937928e+05 1.412884721015498690e+04
-5.025854345724160339e+03 1.390875459902570401e+04 2.239502366174450435e+04 4.632162157548354458e+02 -9.774018742558495205e+02 2.188472313557692178e+04 6.725041388166997422e+03 3.815250094112866464e+03 -9.555598712200386217e+03 7.924533474609007499e+03 8.121379255545361048e+03 -2.082486112788277751e+03 -1.361227503487702108e+02 8.611690513378040123e+03 3.266383933423951930e+03 2.322441412002361176e+03 -5.192177332760577883e+03 4.962458384706229481e+03 -1.963410388430345120e+04 -2.010248736334761588e+03
-4.250614519400518475e+04 4.525388886441407521e+04 -2.809584234514921991e+04 8.320802786790428218e+04 -8.136687372272092944e+03 1.209143943735416997e+03 6.631707491953712861e+02 4.382730267432157416e+04 -7.802252057904658614e+03 1.309699079445762618e+04 -2.129839604171935571e+04 5.956186363970323146e+04 6.151444263324798158e+03 4.582203429809004547e+02 3.756222150206346669e+03 3.766589382969293638e+03 -6.787607568113763591e+03 1.554210660505587475e+04 -6.755884861298171927e+03 1.817991746284227702e+03
-3.348731591118119013e+03 1.191913476180801808e+04 1.878659865539650127e+04 -2.113086207102215667e+03 -9.171243717729782929e+02 -3.178502099784677171e+02 3.737712071520708832e+03 7.913989215280033704e+02 5.928249318076690315e+02 3.794011512155814216e+02 -1.194592661351187189e+03 -1.160494102427567924e+02 2.806172875024998348e+01 1.133318803220234940e+03 -9.005363182675841927e+02 3.210974207295006977e+01 1.902414444555388684e+02 5.596145544467470501e+01 -2.600510135011910506e+01 1.491884421105783360e+02
-2.142296379749858534e+04 1.041763452194973252e+04 2.081903354883681095e+04 9.463889251301741297e+02 -2.021471384070288764e+02 3.780841407464974054e+03 1.269368186513014962e+03 1.459802745676941049e+04 -2.806640317478588258e+04 5.089625832834613902e+03 6.098118569305655001e+03 2.280313857896737682e+04 2.641740493399207480e+03 -6.858081959790145629e+04 -6.816523213534760544e+03 -2.935391458730934028e+04 2.976369592426181043e+04 8.545975715258410492e+04 2.587739757612833928e+05 1.352833369631474909e+02
3.921361621635355277e+03 6.454373149420242953e+03 3.889373167028220450e+03 2.422987148801471631e+04 -3.433673964130805416e+03 -2.666680883056524181e+03 -6.627115559324566618e+01 -2.490921758519452396e+03 9.309673787754212526e+02 8.139572498371829852e+02 -2.388178904674417026e+03 -2.549945504286821233e+03 1.630455097678739946e+02 1.176678948056287936e+03 -1.033237742881684198e+03 1.115717737274958608e+03 -9.379661805438361171e+02 -9.596608816945380340e+02 -1.559195774093370233e+02 2.174975164349894285e+01
-4.602943147526719258e+04 -1.264689863789240735e+04 3.977983541881245401e+03 -4.699698354103414744e+01 -4.530022228453654520e+02 -1.513452401315360305e+02 -8.306502588745566754e+03 2.768450996686508006e+03 -2.053515310426852466e+03 -3.485854513877725822e+03 -5.982718044148912668e+03 -6.529510876289482439e+03 -1.815652155286429206e+03 -4.565033017427119375e+03 5.397040189435899265e+03 -3.505207940036320360e+04 -2.350753317250120745e+04 -1.858441280671967775e+02 -7.520672148716732863e+02 2.543486747477950871e+02
-6.708722029446287706e+03 6.612827067580187759e+03 9.096257045956481306e+03 1.653413900320747052e+04 -2.818435973928246312e+03 -2.431683618690704407e+03 5.489815816573122902e+02 -2.035052787015910508e+04 -3.215501847343650752e+03 2.426219740873810679e+03 -6.038193762942041758e+03 -3.875376491383467055e+03 -5.583188955528735278e+02 -7.503882947329069793e+03 6.008488074291170960e+03 -3.645827106160528274e+03 1.982968180046557109e+03 3.589529272157121795e+03 1.018736297205755932e+03 -1.181715114402618565e+04
-5.546119298651985446e+04 3.804472669580615184e+04 -3.275563738231145180e+04 1.625516144212416293e+04 -7.987058034341428083e+02 -1.416083918428052584e+03 9.379621780746411730e+01 7.096371587050633025e+03 4.055630058253591415e+03 -2.334524437464613129e+03 6.265412748652393020e+03 -9.276827293513179029e+03 -1.143420311903015772e+03 1.063000791825436181e+03 -1.496643316399691912e+03 -2.072633125466175443e+03 3.644683421991551313e+03 -7.076062114956390587e+02 6.102212604987063287e+02 1.081607420375244857e+02
1.020576339651746639e+04 1.823962730291105345e+03 2.574538041188389798e+03 6.106245275432013386e+02 -1.554649050053751580e+02 -1.445986560239662140e+02 -1.090590943598288050e+03 6.897021589301924394e+01 -5.679843813912661687e+00 8.669135308576414900e+00 -1.592509923019009932e+02 -1.536746903919313070e+02 -1.171444041980137385e+01 -5.216729363711829137e+02 3.835856606422797768e+02 -1.144189553414088465e+02 7.290535756789273591e+01 1.103761762502443418e+02 1.895688998367720046e+02 -4.540407588041782105e+02
-1.618038646031573626e+04 1.786054183565923086e+04 3.434756825287891843e+04 3.065946711427194532e+04 2.564064080203492194e+05 -6.826301691690198822e+03 -5.191576703119841113e+03 -4.907672312125115241e+03 3.368259599152956525e+03 2.642670408754950131e+03 7.485958612369163347e+02 1.344000801592452717e+03 7.474131624353922234e+02 1.268421288116970572e+03 1.435111091525027689e+02 5.055913994151076736e+02 -6.117895667600615752e+02 2.114567217726133777e+02 -2.083527464022072309e+03 1.536533107106747593e+02
-4.678199705166891363e+04 6.081637292710298789e+04 -8.926510607810783767e+03 2.095650509864773539e+03 -3.074401977212233760e+03 -3.817424561271588459e+02 -4.246792070669395616e+04 7.298503696546515130e+03 2.428695319817680229e+03 4.839890144071014220e+03 -8.466016476247881656e+03 -3.519307396653168325e+03 1.483924387953204018e+02 5.195851141274749807e+02 -1.470362285608908337e+02 1.582962486355555029e+03 -1.497432909447367592e+03 -1.564348053091200200e+03 2.771653773899622024e+02 1.950122864437305225e+03
3.746973160122688114e+03 2.652317954581521553e+04 2.346029159606683606e+04 -6.646511466511172330e+03 -4.183702214710055159e+03 -1.169805102144090512e+02 -7.641903516135504469e+04 4.097604150077601844e+03 1.974543662456343782e+03 7.117420238977971167e+03 -1.312492838026994832e+04 -3.537538239449903358e+03 1.718887399583472586e+02 1.194608219258948338e+03 -1.170364369711317778e+02 5.174013177668914977e+03 3.447529355432905049e+03 8.582267939536390031e+02 -1.714933119850374169e+03 -9.714949353375645842e+02
-2.467819927118866690e+04 4.335856597211683402e+04 -9.387246368182346487e+03 -8.251974899407890916e+03 -5.293038685953938938e+01 4.155106718844987199e+02 3.860601510136172010e+02 -5.592737188783432885e+02 7.569416125738832761e+02 2.184017201183386078e+03 -2.665423076986039177e+03 -6.522921925050827952e+01 -1.827049847035646479e+01 6.971457938256360194e+02 -8.886296406035395421e+02 4.068888778097103796e+02 -3.368636213765482808e+02 -3.093552086512676169e+02 -6.143978937194197698e+01 3.651088926128190906e+02
-2.385462484451163618e+04 2.486420997840818018e+04 1.985899062703092932e+04 2.606566015606248766e+04 6.524290081974828354e+04 1.197540857949026831e+05 -2.522104053184604345e+04 5.138320005340837088e+04 -4.068107338129751734e+05 8.717485765783698298e+04 -3.440020882090481336e+03 -5.435636039916195296e+04 1.055315242262187348e+04 -1.586191986537564371e+05 -3.060571469498720253e+05 -4.426287458800330933e+04 5.977519011678751849e+04 1.055942142556195031e+05 8.310966173137951409e+05 2.717668291618834337e+04
-2.081491529800353601e+04 2.536192500879427826e+04 4.180535227300409133e+03 1.058841491485599909e+04 -6.083650581761662579e+02 5.134653224016005879e+02 3.229287961229107168e+03 2.940504650858150490e+04 -2.199605304515414900e+04 -7.173503918167863958e+03 -3.149502502192466636e+04 1.129996622069243313e+05 2.546375768909037288e+04 -1.242796357310104941e+04 5.068274152195959323e+04 -5.148634246487870405e+04 6.603048786401413963e+04 2.013479243543765915e+04 4.224748431478848033e+03 -4.690543400010045843e+03
-3.974917303996800911e+04 2.992474114119260776e+04 7.071599825384917494e+04 2.119786576615697704e+05 2.921329843516815163e+04 2.260459814969441388e+06 -1.914860276708381571e+04 -1.197141876558182703e+05 3.777748173153723474e+05 -2.296517968083749874e+05 -1.297108764629842626e+05 6.304044928217919369e+04 5.534690031535938942e+03 -1.422523746465898002e+05 -6.509183787714028585e+04 -5.075145329514676996e+04 9.022648044844013930e+04 -1.260102463768135494e+05 5.543411406090674427e+04 7.031130045779574175e+03
-1.605336477769360499e+04 1.331043834907711243e+04 1.402755547027175271e+04 1.594042865647852068e+03 -1.456469620907165108e+03 -5.294679682683793089e+02 -1.994233294914008366e+04 3.617968934194076155e+03 -1.825287547069695393e+03 -2.187469099398597336e+03 -8.641117866166674503e+03 -7.719014107172001786e+03 -1.846568517674744726e+03 -5.521704907560463653e+03 6.111396464723622557e+03 -3.506047527534024994e+04 -2.385412636429329723e+04 -1.525006994068779420e+02 -6.838277196968147109e+02 -3.339615679349507218e+02
-7.301470577102146308e+03 1.253910099336563871e+04 1.691473022523743202e+04 1.568899419211807617e+04 -4.121087409285003559e+03 -2.765692960463123654e+03 -5.851973664303292935e+03 -2.491983712331507195e+04 -4.058737607259244669e+03 -1.745526446971264022e+03 3.758582041922423741e+03 4.405443413397746554e+03 1.503319025619007334e+02 -8.913803412011249065e+02 1.385770451578363009e+03 -6.723142226918879487e+02 9.257226244645988800e+02 -7.600940013083107516e+00 4.829053983248248869e+02 3.331792674070835801e+03
-2.270649748380185702e+04 2.478741929249623718e+04 3.671157071569941763e+04 6.012477646228283265e+04 3.153019473887067306e+03 1.103792191291464987e+05 -6.343457240123142356e+02 8.723024179005381302e+04 -2.927605935959431808e+05 1.583873785073438776e+05 7.746279484020908421e+04 4.668088678861709195e+04 -8.918293133735638548e+03 -2.437066578074923891e+05 -2.635359896515347064e+05 4.728440411307319300e+04 -7.362335004474528250e+04 8.658090477112731605e+04 -2.377909313134075783e+05 -9.898558639307717385e+03
-2.543016637410744443e+04 5.265547349535993271e+04 -2.691711942755807286e+03 -9.914431432374500218e+03 -1.291186456864520096e+03 2.048248628676797694e+02 -9.120449793734745981e+03 -2.572930590964792373e+03 4.097071544490480619e+02 -2.719611612167358885e+02 2.821246066721575517e+03 2.742986017484618515e+03 1.867258443185858141e+02 1.662392289509983357e+03 -1.336471434889460170e+03 8.619735062894836801e+02 -6.016466097944079365e+02 -5.999928002412317483e+02 1.388706569380264000e+02 6.963794429431247863e+02
-1.775731749970838791e+04 1.741232845543701478e+04 1.870294912721074434e+04 1.915205673456185878e+03 -1.702355953204257958e+03 -5.990264861577261399e+02 -2.019888212017201295e+04 7.523629068770100275e+03 2.797061703865603704e+03 6.588244281071265505e+02 -3.552080226118555856e+03 -1.403146719371841573e+04 -1.557075507935782753e+03 -3.593857133887229338e+03 1.390235274194273870e+03 -8.712346473850251641e+03 1.269405016530519788e+04 5.423081974697613077e+03 1.958904561167221118e+03 -4.716316862603237610e+02
-2.412647635451165479e+04 2.316714950992389640e+04 2.333352254694063231e+04 4.790332916607971856e+04 1.221375562485432056e+04 2.916460506110698916e+05 -4.502457203066738657e+03 3.609907012343542738e+04 -2.351274249901232542e+05 1.014916618438192818e+05 3.013721942247718107e+04 -2.553406377066424466e+04 3.747520604304990229e+03 -1.419921146159151795e+04 -6.994669837901096616e+04 -1.712184528847148249e+04 2.070202258184581297e+04 1.515925748492997445e+04 1.959357223691292747e+05 5.995614014622841751e+03
1.159573946895673998e+03 6.414661159927922199e+03 1.010024271967426830e+04 1.419490142935108452e+04 -3.170804640144018776e+03 -2.358797243105087546e+03 7.024512279747797265e+02 -2.390301995376721607e+04 -3.768642029357942647e+03 1.057061102104182055e+03 -2.111173375158368344e+03 2.148256045636492672e+03 -2.004537042383694967e+01 -1.057952333676447097e+03 1.255683412107217237e+03 -9.496174656537194778e+02 1.260119577266565102e+03 2.747771553027180289e+02 8.096414763031928885e+01 3.163658226778309199e+03
-3.885754238286243344e+04 3.844015346544401837e+04 -1.820402894868576914e+04 3.710542575426932672e+03 6.524432475835753576e+04 -3.876395604497004115e+02 -1.671777369203816988e+03 1.056917082525432761e+03 -3.129947152805522637e+04 -4.010621162932412699e+04 -1.809691994047061235e+04 -3.857216842723535137e+03 2.063647862063735829e+03 3.857529202163734226e+03 1.467494285133613403e+03 2.206912003982021815e+03 -3.207175426645682705e+02 -2.984997100814320561e+02 -3.287676974585270955e+02 -1.296538244802725330e+03
-3.910819667834944994e+04 3.635711850487681659e+04 -2.221929234384713345e+04 -3.315298859977242500e+03 2.599641030019798109e+03 1.304544047363746131e+03 -5.611903468576043451e+03 3.991677738283229701e+03 -3.372209692798650212e+04 -4.277484244078306074e+04 -2.325975603749015136e+04 -1.025429043704729884e+04 4.026306506200048148e+02 -1.524834652175862857e+03 7.162790460024280037e+03 -3.288505210012617317e+04 -2.411315516544609272e+04 -4.502570374609667851e+02 -1.754374631850071182e+03 -1.460548585888313255e+03
-3.904098809676461315e+03 1.362417337123282960e+04 2.043989764749031747e+04 -2.649296312704098000e+03 -8.236653587233793132e+02 -2.689303294242571951e+02 2.933701611380270606e+03 1.775090107718596528e+03 7.971921452132174863e+02 1.079521638320208467e+03 -2.719375921201197343e+03 -7.513917169768719759e+02 -1.181702034407421209e+01 8.091722515918380623e+02 -7.391753685430843461e+02 9.532733461908911465e+00 2.217358478160337256e+02 4.463070180079654392e+01 4.381429696818344866e+01 7.669228162408346350e+01
-3.524441425842699391e+04 1.178637168715062398e+04 1.445507316343285493e+04 9.359982800882295123e+03 6.119413399034776830e+02 1.304539132590885674e+04 2.595996027179665361e+03 3.831054843540570437e+04 -4.155330466308814357e+04 1.914664494520594235e+04 -2.673154172047445900e+04 1.314564334532577195e+05 3.070207882282851642e+04 -3.772814138030936738e+04 6.163505172778567066e+04 -9.765686909562136861e+04 1.384372998719698226e+05 -9.459192757047674968e+04 -1.584150550664951152e+04 -5.557602230400664666e+03
-2.546321305102575207e+04 2.748212019725026039e+04 4.652734578219144169e+04 9.610378725463821320e+04 9.830332722251419909e+03 7.862454640528832097e+05 -4.464701206217534491e+03 1.658079214534048515e+04 -1.784619949583821290e+05 1.492962435087313934e+05 6.705096627426265331e+04 -4.676285304038471077e+04 2.719388404171352704e+03 1.532548747973955760e+05 1.217654228163497755e+05 -1.212212440484260514e+04 1.099655000177226430e+04 -2.920874227296277604e+04 -3.964063321740467654e+04 -2.417376668642346885e+03
-4.851280599358108884e+04 -1.520857804871095868e+04 5.355128272957908848e+02 -1.303553745999567809e+03 2.460030112612803919e+02 2.575864726601409984e+02 -4.494273612001363176e+02 2.701841468689725389e+03 -1.649499855210698297e+04 -2.615233010881586233e+04 -1.235195038004517301e+04 -3.444813551601294876e+03 1.857992862749310461e+03 5.883496358112662165e+03 3.044846858540731773e+03 5.059695066276574835e+03 6.705393327467505742e+02 -9.341303147476447748e+02 -4.456281954807966031e+03 9.929728652868075187e+02
-1.708636728398345076e+04 2.835189174431263382e+04 6.586308687313713563e+03 -4.901950806097448549e+03 1.834501097847515211e+03 1.047673046542375914e+03 1.521118082522548093e+03 3.529827770442487235e+03 -3.096794889893596701e+04 -4.028766569875828282e+04 -1.560307267959708588e+04 -2.689018817350478457e+03 2.364681543432397575e+03 4.393882550741889645e+03 7.508663857060430473e+02 2.230344054615501136e+03 -6.242688887996139329e+02 -4.744686105552486310e+02 -7.202272152496885838e+02 -1.552508230545669448e+03
-1.293643323873506415e+04 8.518375176199817361e+03 1.254434785953243045e+04 6.723221821867349490e+02 -3.000079400711369431e+02 -1.010184895290260982e+02 -1.796528821271416064e+03 3.291043297035723754e+03 -1.045232809391181218e+04 -1.570752371125434547e+04 -9.553360347429055764e+03 -5.507981092866101790e+03 1.701505249619719109e+02 2.161927337721598178e+03 5.347107122634038205e+03 1.691199419556265411e+03 1.484372940721638315e+03 -7.136961425284741836e+02 2.376531195279607800e+03 -3.556575147089272377e+03
-2.027380622042072355e+04 1.612794521237643312e+04 1.979306794826662735e+04 3.493358867632663896e+04 3.907670509192580539e+03 3.952716104364076455e+04 -2.123197050625370139e+03 3.906617804827688087e+04 -1.173000903447241290e+05 6.034565699875124119e+04 1.937264631721585829e+04 2.063702807507509715e+04 -2.935221033798228291e+03 -9.643703935990191530e+04 -1.022906082501099590e+05 1.229466451330603741e+04 -1.835376028229308940e+04 2.182683433999339468e+04 -6.626058916658228554e+04 -1.668457874709226871e+03
-4.097090801324646236e+03 1.917213059244649776e+04 2.740431256772735651e+04 -3.080283943515930332e+03 -1.775509857128562999e+03 -5.509801900261570609e+02 -2.746827648667822814e+03 1.000577962809039292e+02 4.977402720569434678e+02 -1.436168552624227232e+03 2.707629095358716768e+03 1.779253701877367803e+03 1.610711524482812536e+02 1.526007003646642943e+03 -1.038379456941362832e+03 3.718911446191346499e+02 -6.531599061494581804e+00 -2.467250545441386578e+02 3.596948220983687747e+02 3.877451019810892490e+02
-1.474423948341269352e+04 9.706949515323089145e+03 -1.217175357089621230e+03 5.599968384068324667e+04 -6.283274105217756187e+03 -3.341637215832005495e+03 -5.127312417133447298e+02 8.815797529569024846e+03 4.260354620877233174e+02 2.675646674846084807e+03 -4.523504427176103491e+03 2.730568300330956845e+03 -8.897507579010901679e+01 1.539341994530751890e+03 -2.644720816376997391e+03 2.982676313090678377e+03 -3.452270408240939105e+03 1.340361726170833663e+02 -2.145522521420930843e+03 4.373435007359568658e+02
-1.975279732357382454e+04 1.188896676397127885e+04 1.111619161521476053e+04 1.026547776009725931e+04 -1.230277706200321063e+03 -4.889341961081767636e+02 8.468010766779689220e+02 7.342521935907757324e+03 1.804033169218152352e+03 -1.973082836182893288e+03 2.919771365860566220e+03 -9.017182091690281595e+03 -1.342837847044487944e+03 -1.396346573268299471e+04 1.160959129600609958e+04 2.582753342512626659e+03 8.747951525559016090e+02 -7.818023262406876484e+01 1.366325193159149194e+03 4.422388689908412971e+02
-1.187579078496501643e+04 7.508888140181025847e+03 4.058453291843476336e+02 3.727086442306913523e+04 -4.339990038370238835e+03 -3.574788627037805782e+03 -1.817608929827006534e+02 1.257541729547473096e+03 1.658053925479746795e+03 1.757555355823056402e+02 -1.450186012357766458e+03 -3.081419482028883522e+03 3.485148528569156952e+02 1.243772831597751974e+03 -8.788474228015853669e+02 1.480624578019863520e+03 -1.662377147397012550e+03 -1.510355984060136734e+03 1.790784077609317535e+02 1.251368226830918218e+02
-1.579066362640952502e+04 1.133720377806550641e+04 9.145822485525999582e+03 2.351190974155807271e+04 -4.196803532064186584e+03 -3.391792670054107020e+03 -3.151299978904299678e+03 -2.011968173754302552e+04 -1.764215176566211085e+03 -2.531758586724522502e+03 4.570464511558319828e+03 -3.834399968237113171e+03 -1.023291797178186584e+03 -1.878170746715769610e+02 1.013954494494647207e+02 -3.141749373016587924e+03 5.017763513912335839e+03 5.190395427805584632e+02 2.891298179174278289e+02 3.440826492353133290e+03
-9.241778956894384464e+03 1.522723052289220323e+04 2.411956469983171337e+04 6.388199532951904303e+02 -1.925128636393208581e+03 -7.053072448952603963e+02 -2.600563300753181466e+03 -8.708499911498228130e+02 -1.081009445058386518e+03 -8.884223387333924620e+03 1.816941072024993628e+04 5.883654952861848869e+03 3.322495045065720660e+02 4.774389313769541445e+02 -3.671394787619572071e+02 -1.242646344297911156e+02 -1.571442127960510334e+03 -4.380717146509753093e+02 7.075194373576669022e+02 -7.184586358479806449e+02
-3.995088320666758955e+04 4.425292024077457609e+04 -2.883608259626923609e+04 6.026533150892546109e+04 -5.771149066550095085e+03 -6.843465992044424411e+02 7.872461528006989511e+02 3.360548515719162242e+04 -2.890398534262284102e+03 7.453282589525808362e+03 -1.330905484586546481e+04 4.324759568421048607e+04 6.938820782236275591e+03 1.094123574484129222e+03 6.039954567473516363e+03 8.011413970632686414e+02 -2.966889359324731231e+03 1.025563786749711653e+04 -1.326280493862257345e+03 1.888096046015086813e+02
-3.793485760621338704e+04 5.229507118359757442e+04 -2.035716039649586037e+03 1.018091736311072964e+03 2.712448166012636648e+02 1.699951718910696582e+04 -3.873213726719756960e+04 1.578851484234828604e+04 -6.701732809535248089e+04 -2.149779015175665336e+04 -2.329154104697411458e+04 -8.210328399288142464e+03 1.933200724933907395e+03 -1.821793276141084789e+04 -2.500149104384288876e+04 1.745095852724039105e+03 5.828078108770458812e+02 -1.559372514441997509e+03 3.364720043690056173e+03 -1.112864884348863370e+03
-4.497560914768552175e+04 -1.201604209123886358e+04 5.309826484159040774e+03 1.043054283205260191e+02 -3.748424338867728238e+02 1.119628517855334309e+02 -1.248291171715571721e+02 3.567363206870640170e+03 2.175775992060211195e+02 -4.081280349976337902e+02 6.180110491064102689e+02 -4.960572751337494083e+03 -8.285484604035053735e+02 -1.363918249631085928e+04 1.185007122673222693e+04 3.586646625777940699e+03 -5.047427174203558593e+02 8.135508620338127628e+01 9.193478737572451109e+02 8.169647232449573266e+02
-1.792564718963803898e+04 1.867326140844728070e+04 2.964766928509963327e+04 5.123700933941324183e+04 8.670866189417332862e+03 3.647423599859862006e+05 -7.084917457497375835e+03 4.590400510671852680e+04 -4.396937866792267305e+05 3.530329688495713635e+05 1.520624149758229614e+05 -1.724290875408199208e+05 5.733210854809984085e+03 4.938149533702675835e+05 3.841543657864021952e+05 -1.486594004922091881e+04 -2.323256034307213213e+03 6.009412612440636440e+04 4.194725621765013202e+05 2.808365613295190997e+04
-1.798842538146696825e+04 4.954870057952361094e+04 6.624427122062076523e+04 1.691498248945044761e+05 3.257345805549751822e+04 1.649393917458940065e+06 -4.989629612342580367e+04 -3.554240069386406685e+04 -9.466300144692294998e+04 2.129001645318601732e+04 -3.333268620656186977e+04 -5.057967760211412678e+04 6.858889694239965138e+03 2.927014878705757292e+04 -5.219288908171098592e+04 -2.847925344146874340e+04 3.904351533213146467e+04 4.968354969310510933e+04 5.149812770130569115e+05 2.295569178063119034e+04
-2.385650637043529423e+04 2.283258654919840774e+04 2.529654525468571592e+04 5.675896461778583762e+04 1.020175252708647713e+04 6.516350925070494850e+04 -2.954586905307076904e+03 6.943576635300875932e+04 -2.157986774659079965e+05 1.130766514480213373e+05 4.493730325013033143e+04 4.103791727458330570e+04 -6.286083215291796478e+03 -1.915220319507709064e+05 -2.030832415097551129e+05 3.303803992647209816e+04 -4.953906792339024832e+04 6.020645363476366038e+04 -1.556643714074073359e+05 -4.975429943082024693e+03
-4.992989129054999648e+04 -1.533462677332444400e+04 3.631718059540191348e+02 -1.070913085931895921e+03 -7.703654368679887909e+01 5.519601255187300382e+01 -3.885832619762923628e+02 -3.135040145035847203e+01 2.844589425968304681e+02 3.844397251340826074e+02 -1.123798615312331428e+01 2.406208262383978820e+02 5.307924439918521387e+01 1.095073641012156997e+02 -7.698301124471693413e+01 9.087140299127460707e+01 2.190405898051372446e+01 9.772367557024578844e+01 -1.261293649229630809e+01 -6.655913192398252249e+02
-8.196634115748049226e+03 2.414513338175265017e+04 1.717005922244572866e+04 -4.569392592255690033e+03 -8.355218651694490291e+02 -1.051010742537697382e+02 -1.906143169941173028e+03 2.153214454093690165e+03 8.134054483609888848e+02 1.500729658270277923e+03 -3.415550376261980546e+03 -2.363852896628301323e+02 1.193128982279867074e+02 8.381480494077950425e+02 -6.215384071811926106e+02 1.450645760260032660e+02 1.448129235700232584e+02 8.220945092895681228e+01 4.998254124799838394e+01 1.003959805900226598e+02
-4.110125562773160709e+03 1.657119162905763369e+04 2.413626748940780817e+04 -2.777600418939501196e+03 -1.376486834536003471e+03 -4.478730145039447734e+02 9.574130083104311240e+00 4.847661920808346281e+02 5.600845259932112867e+02 -6.073022376259422117e+02 9.165748687385209905e+02 9.271783834365057828e+02 9.983039190337977686e+01 1.317994766444117204e+03 -9.615487217146477406e+02 2.195065736256769640e+02 8.337964380819501287e+01 -1.184897480825480613e+02 2.103640595060370799e+02 2.787936964983102825e+02
-5.298755975897188182e+04 -1.286638070762939060e+04 -2.722621765404568350e+02 3.648506338019252780e+03 -4.891987097508182387e+02 -4.511180066839224310e+02 -2.452206613535786346e+03 3.510064070907699261e+03 1.907808534155207553e+03 -1.055494591455630825e+03 1.680053781044767220e+03 -7.115781003564716229e+03 -9.683960096104464128e+02 -3.599923607564001600e+02 -4.220064115811817373e+02 -3.900651435013125138e+03 6.047011686306713273e+03 1.991628633225009480e+03 5.778231161436580123e+02 -2.756326217771226084e+02
-2.223525871558094514e+04 2.518230195544693925e+04 2.689467098360735690e+04 5.359277821226011292e+04 2.413639438124532899e+04 4.094989951661151135e+05 -9.401515557694892777e+03 5.010823083850658440e+04 -4.535329043919385877e+05 2.231797088067580189e+05 7.457681061425611551e+04 -1.055733067783546430e+05 9.291094608243840412e+03 1.289746412067784113e+05 -7.990754289373542633e+03 -3.434390382122268056e+04 3.607073403305748798e+04 7.424827533950997167e+04 6.115162466315157944e+05 2.405476712689747728e+04
-1.481595150345340335e+04 1.242803385237396469e+04 1.570190999130453929e+04 1.332070778568963942e+04 7.331774773974005075e+04 2.303748805841373905e+04 -4.776697990587164895e+03 8.826555493126554211e+03 -8.769083453062106855e+04 1.623034366748756656e+04 -1.979901638079014219e+03 -1.235571809333492820e+04 2.497292714653250187e+03 -3.209301768533386712e+04 -6.532737381000786991e+04 -1.050471927483525360e+04 1.397416992311689864e+04 2.449318132345656340e+04 1.970052021911061893e+05 6.292012046977737555e+03
-1.902119407145088553e+04 5.860965730203519342e+03 7.024307500847522761e+02 1.760131865433568964e+04 -2.182185677226455482e+03 -2.018115543229332161e+03 8.679087368800165905e+02 -2.720781435590610727e+03 1.208368008250412004e+03 -5.309765250708048825e+02 1.203015131575059740e+03 -5.291567151183835449e+03 -6.890093381898293501e+02 3.285513860436350910e+02 -7.674769631382963553e+02 -1.240549053800744559e+03 2.230235690306886681e+03 9.432646203513267835e+01 -4.577022122409930915e+01 -3.911091094223282880e+02
-3.431349805497688521e+03 1.514906813199566750e+04 2.211800908377224914e+04 -3.060430977401880682e+03 -9.489805336194607435e+02 -2.688373787401416166e+02 1.727931740480956705e+03 2.203312572047750109e+03 9.009790014321383751e+02 1.267649933750974242e+03 -3.117604575829051100e+03 -8.564464215979946857e+02 -1.340249455012408042e+01 7.334568550481379816e+02 -6.994015179403322691e+02 5.287840199319740719e+01 2.139922250310207801e+02 9.036792022899147181e-01 1.067210790620701175e+02 6.753857938866414656e+01
-1.004781516688273950e+04 1.209955182107294422e+04 1.813698143053091553e+04 1.711977092432478685e+03 -7.375370261760335779e+02 1.844977694534471198e+02 2.732953048132989693e+02 4.489252733614340286e+03 2.571244941330228926e+02 -4.715323590920675088e+02 6.122404691056116235e+02 -5.029298706487435993e+03 -8.856448769379290979e+02 -1.477857773167339474e+04 1.216096679730061078e+04 3.723712001061406681e+03 -9.685138306081926203e+02 8.056295411151903352e+01 1.054834037024245617e+03 2.895184974824890674e+02
-1.796564183407655582e+04 1.416536463670041485e+04 9.573164648238634982e+03 5.271567534849915319e+03 -5.911500651686019410e+02 1.008822259990533752e+02 3.239996251780798048e+03 6.674103169258970411e+03 -1.769927287507920482e+03 1.205961761533652634e+03 1.323473009105641040e+03 1.499482221025774891e+02 -2.443610763422934542e+04 -2.893628392368377718e+03 1.219406926536243373e+04 -1.700304116570880433e+04 2.419280560340997545e+04 -5.141848025089805014e+04 -7.727279143571267014e+03 -1.330974776082315657e+04
-2.048745153276680867e+04 1.562586122654564497e+04 2.981673199303663569e+04 5.591082469729451986e+04 8.369251788223655240e+03 4.272186533692008816e+05 -4.810214703284249822e+02 1.884119649908686551e+04 -1.419850193894190888e+05 1.041723116973681754e+05 4.321413518498505437e+04 -2.494949561027920572e+04 4.939665800443652302e+02 5.420678241870465718e+04 3.751503950559629448e+04 -3.247388328193898360e+03 2.192242910200962342e+03 -1.050557760553317712e+04 -3.445221792717435164e+04 -7.776424638266674947e+02
-3.613594481464393903e+04 4.595533243843239688e+03 1.644182452505959736e+04 6.648100059307035735e+03 2.679715780313616051e+03 3.032001284284470967e+04 -3.724812935625480350e+03 2.110948708967636048e+04 -7.090484129232852138e+04 3.549481755974821135e+04 4.646077686880975307e+03 1.769932995336671593e+04 5.096678759482976602e+03 -5.445427494048602239e+04 -2.247071902412798590e+04 -4.540836633408045600e+04 7.122993544200666656e+04 -1.130689072102675709e+05 -2.222175657530710669e+04 -9.796109910724625252e+02
-4.657911769260287838e+04 -1.189406513245037968e+04 -4.841841525347055608e+02 1.448754173596170403e+04 -1.793791200035349675e+03 -1.357693220481131902e+03 -7.230060784542364445e+02 5.265807899743925191e+03 1.822698729300024752e+03 -2.419185324332865719e+02 -5.000662056061211729e+02 -2.461751247667698408e+03 2.043277055949952796e+02 1.773121894985863264e+03 -1.447756877590936710e+03 9.989354369231798501e+02 -7.175516860642650272e+02 -8.762079260775717557e+02 -1.648669176767405133e+02 7.466506782929726569e+02
-1.616957070239209497e+04 1.549260441385403647e+04 2.100986156310778097e+04 1.717826018159427258e+04 3.539562207951801156e+03 1.243589284577142971e+05 -8.903083625394458068e+03 2.095232016871096130e+04 -1.692700214929471840e+05 1.184531270002242527e+05 5.098057188817907445e+04 -6.200185144232703169e+04 2.546664624940538943e+03 1.586582097694132244e+05 1.174710539782123087e+05 -3.875294177500521528e+03 -1.715180492200609024e+03 2.282585845696030447e+04 1.449209846996728447e+05 9.355771282713178152e+03
5.651845946055970671e+03 1.437868127784217904e+04 1.552818169511831184e+04 -2.496560255675809458e+03 -2.502843126008250238e+03 -3.707024052865475028e+02 -4.698784613838868972e+04 1.612854576988512918e+03 1.273050142653259172e+03 3.678238286723817055e+03 -6.654060896992076778e+03 -1.423113204642809023e+03 1.991518265671231802e+02 9.304430917669716337e+02 8.709442335402071933e+01 4.710752389606768702e+03 3.362333730861397726e+03 7.961735646919041756e+02 -1.107346254889795773e+03 -8.019339196100205527e+02
-4.725446835776157241e+04 -1.390447982705424874e+04 2.400082257144388677e+03 -6.603473653499127067e+02 -1.199858468455327625e+02 5.045164410372883026e+02 -6.079521559900009379e+03 4.469561139870080297e+03 -9.126234025696239769e+03 -1.232104362470457636e+04 -8.910515196234544419e+03 -8.184641868312915904e+03 1.163583013829717629e+03 4.053586248797261760e+03 6.625858934030313321e+03 2.620080689028798702e+02 3.907430724374722558e+03 -1.064830802771429035e+03 -6.698849844504818975e+03 -6.179042141476307734e+03
5.839796691998744791e+03 7.614392522134316096e+03 1.018104379178145791e+04 -2.124104174445129161e+02 -1.706910406578203947e+03 -4.768991199706181305e+02 -3.358824731722895376e+04 6.591769953910120705e+01 8.289540532637995511e+02 2.033014460478709452e+03 -3.482497798614919702e+03 -4.382715790423661133e+02 2.139438165432190715e+02 7.511666725904248096e+02 2.466117032848735562e+02 4.419754640449602448e+03 3.198180190501799188e+03 7.697047839585923157e+02 -8.408520231402330865e+02 -1.599450596485263077e+03
-1.984211087622448758e+04 1.051697124035977140e+04 1.195452757860041311e+04 5.947643342352310356e+03 -9.267443746425570907e+02 -8.616328705404758921e+02 -5.803167785870625266e+03 7.001211618529505358e+03 2.695254975145529897e+03 -1.955431448685465057e+03 5.368781596349343772e+02 -1.500609072470931642e+04 -1.833427539049928555e+03 -3.143877914499691087e+03 1.129737572078560106e+03 -9.430629078107160240e+03 1.367239961730830873e+04 5.456482800475961994e+03 1.871767158729727043e+03 -5.730771266952492624e+02
-3.890323899643876939e+04 3.524117401946928294e+04 -2.025023588213373296e+04 -1.922244675464608008e+02 3.535376284287207909e+03 1.758694599844554978e+04 -2.832444684555088088e+01 9.912016065597454144e+03 -6.871272699202643707e+04 -2.586739297933407579e+04 -1.468711927125362308e+04 -5.422114117161111608e+03 1.633536929147403725e+03 -1.872737268566937928e+04 -2.508300294722474791e+04 7.324491309950664117e+02 1.301400669053271713e+03 -7.513843145763100893e+02 3.262413511847840709e+03 -7.516107587736867117e+02
-1.565111822506011049e+04 2.048667036234676925e+04 3.396677851449736045e+04 2.398550051632946634e+04 1.408213290311832679e+04 1.836175292621102417e+05 -1.704268109117535687e+03 3.491513027222832898e+04 -1.615029954930181266e+05 1.151685675039693451e+05 5.206802212307549780e+04 -7.379682704931290937e+04 -6.919087457710166746e+03 -8.549426763691932138e+04 1.905267469036896655e+05 7.532553606116859009e+04 -2.666221582010769998e+04 1.253163045331531976e+04 -3.154822544632164863e+04 2.506338009007180517e+04
-1.052631048399732390e+04 1.851883552638748370e+04 3.053110101702707107e+04 5.659144533990031960e+03 -1.303292483372803417e+03 4.391597968342189415e+04 4.715599102688377570e+03 6.289359303651942355e+03 -2.125216814439825248e+04 7.663504909148605293e+03 3.388221645542776969e+04 8.733207343632616357e+02 -2.892178043490094197e+01 1.660098898066484617e+04 6.471864005760277905e+03 3.901156871124001555e+03 -1.190397193962593155e+04 9.382008345467313120e+03 -3.854573542959670885e+04 -5.118473522051453074e+03
