-4.931728806954225729e+04 -1.548940061583413990e+04 1.631436507234747069e+02 -1.164131823095696973e+03 8.434750660496977304e+00 1.076608412125152086e+02 -4.410249172188167677e+02 1.286226127569735240e+02 1.790531370755939022e+01 8.166305847796230921e+01 -1.321933011420132118e+02 1.941726365516843771e+02 1.874121034200064884e+01 1.216411861618688164e+02 -6.672754262503289624e+01 9.566221607599126742e+01 -3.481977659012137849e+01 -2.462235545678843707e+01 7.912149907799992832e+00 5.371659477623514078e+01
2.097353607781362371e+04 -3.083524871370199889e+03 -3.383721003670897971e+03 -4.292429936933767181e+02 1.626506631272857817e+02 9.529536816126002918e+01 -9.632744735091505106e+01 2.136052433042122800e+02 5.131618600673629516e+00 -4.408211647914203724e+01 1.117885777398558105e+02 3.970488899856558618e+01 3.995177959002919721e+00 7.537047398143402077e+00 -7.708290805374701904e+00 8.511753071355524725e+00 -3.263770600162906987e+01 -2.453739493496211566e+01 5.390260163777247371e+00 1.557432342118086677e+00
-4.147265789348933140e+03 1.326549623253666505e+04 1.984504880236069948e+04 -2.173435640788623004e+03 -8.642937221689134049e+02 -3.853708102126209667e+01 2.519126151940445197e+03 1.780512803699975848e+03 4.493434694398867464e+02 8.321587459166404415e+02 -2.075471893071834074e+03 -9.718774323384920990e+02 -7.444231647686974895e+01 -1.584357533333840991e+02 1.304862665626664580e+02 -3.832742019917767351e+01 2.408664275294551516e+01 5.819912398336641424e+00 3.262744196610578129e+00 9.544618762780504539e+01
-4.338431998771342478e+04 3.607285426560155611e+04 -2.673040129329049523e+04 -2.830554480231367961e+03 8.220483152050669560e+02 3.381621810209113619e+02 1.589974185961566945e+03 -1.132186600955589938e+03 -2.640196761228485229e+02 -5.571783664084864540e+02 9.337738300418438939e+02 -9.623273453196443370e+02 -1.981673368438198111e+02 -2.008295197906011538e+02 -1.238232582464239044e+02 9.085268341352964683e+01 -1.163822910797107966e+02 -2.083557513869989748e+02 -1.577143049219051534e+02 -3.953739512355571861e+01
-1.602040281797342868e+04 1.605361981370002650e+04 2.910880027958874780e+04 2.359404506244149889e+04 1.897549414046470483e+05 -5.375505337409310414e+03 -3.665472969576739615e+03 -2.870265422590245180e+03 2.337955493351670157e+03 1.045450729155474619e+03 3.849002069231668202e+02 6.623004993354102226e+02 4.010362085443450155e+02 5.736925716767700578e+02 9.476987844911194259e+01 1.297417147723532480e+02 -1.272010652667882056e+02 -1.376760284466262476e+02 -7.254394061910642222e+02 5.011741686188373990e+01
-3.256835885089937619e+03 5.436998031831160006e+03 8.099472472589856807e+03 1.143936866020262096e+04 -2.443266938396137903e+03 -1.822193825520158271e+03 6.465113254042950075e+02 -1.486299026374089590e+04 -1.870058156640211791e+03 7.839323436010691921e+02 -1.145272235615814907e+03 -3.846845446591111539e+01 -1.925981855719992666e+02 -8.740154354259443608e+02 7.216908680761679307e+02 -1.463052631646873124e+03 2.030324874270424971e+03 1.113292311895130069e+03 -5.759961946671717214e+01 -2.447125178742367666e+02
-2.596336491118662889e+04 3.042075763894533520e+04 5.148708651902966812e+04 1.130261304749040719e+05 1.240022113923193683e+04 9.556155692195092561e+05 -2.057989372944056868e+03 8.033785191816096813e+03 -1.578681117348384869e+05 1.337221477840906591e+05 6.412704376429647527e+04 -4.747282650082962209e+04 2.521575636711914740e+03 1.566961677525038831e+05 1.169278214867613569e+05 -8.073098656471378490e+03 2.862928446557596999e+03 -9.815686335056787357e+03 -8.537545240902665682e+03 -1.402241424599055563e+03
-1.640277545906013256e+04 8.515684933005974017e+03 -1.608467819933003966e+03 4.499259627437051677e+04 -5.016507270188652910e+03 -3.458842096892252812e+03 -4.664624469345051239e+02 5.107999394966970613e+03 1.287408788493367410e+03 7.054655938468548584e+02 -1.468404529088927347e+03 -2.557531115664906793e+03 1.976721497677491968e+01 1.141937023137276128e+03 -2.100841912880217933e+03 1.617796463868032106e+03 -1.629212466298470872e+03 -9.689476959191251808e+02 -7.211643214243337070e+02 2.199351155409615899e+02
-2.513479573779971179e+04 4.904226280855687946e+04 -7.665261140817535306e+03 -9.634156832637725529e+03 -4.675166698038362370e+02 5.008041769824139351e+02 -5.725321638545037786e+03 -4.733754243299089808e+02 5.240804287934890908e+02 2.067219576544154279e+03 -2.621575620130088737e+03 2.684721216472104857e+02 4.528112210976241414e+01 8.840320607855537673e+02 -1.087171117727211822e+03 5.985755085296621019e+02 -4.186123270448466087e+02 -3.852668803696482200e+02 1.301884014916863634e+02 4.325902773080536576e+02
3.789430387299232279e+03 1.885873162994285667e+04 1.983800787296320777e+04 -2.934333561420156911e+03 -3.352171074338786184e+03 -3.077282678379945651e+02 -5.448895186069707415e+04 9.172058552590835916e+02 7.081409558173714913e+02 2.535000382248004826e+03 -4.102769318197414577e+03 -6.438527889445624623e+02 2.327911113076574736e+02 1.278560076813988189e+03 -2.593291921833894094e+02 4.018831359083238567e+03 2.914034353041301983e+03 6.643402105277839382e+02 -1.026127916522821124e+03 -7.502541798191125508e+02
-3.390361032988087391e+04 7.461490853905177210e+04 1.565464070198635163e+05 6.688038500037605409e+05 9.269461209923577553e+04 7.429178814210163429e+06 -7.226347487304396054e+04 -6.452495208701075753e+05 2.697222315995696001e+06 -1.839428319571936736e+06 -9.099011106334049255e+05 4.952719504703676794e+05 -1.449154183666315657e+04 -1.352397542225514771e+06 -1.006791201424730825e+06 1.677897437323605482e+04 5.029670213864884863e+04 3.157114726211919697e+04 3.748489633779013529e+05 3.634773474928404903e+04
-9.350313827091264102e+03 1.428428925923458883e+04 2.197266975803818423e+04 1.253376533741780577e+03 -1.482291728894677135e+03 -1.765778685615962047e+02 -7.136123655387234521e+02 1.212815549330883414e+03 -8.195341543027213902e+02 -6.990520822346486057e+03 1.445595056898573603e+04 3.692150034544357823e+03 1.735817747628003644e+02 -6.479394270390228883e+01 9.467913693737155967e+00 -4.265648811191402388e+02 -1.387960277790063401e+03 -3.077522337190859503e+02 5.000206926759299222e+02 -8.959277436878431899e+02
-3.897848114327694202e+04 3.969814849748770212e+04 -2.598490893241802769e+04 2.999214595922769513e+04 -2.422886212428720228e+03 -1.013846462211249218e+03 1.191909662050156612e+03 2.319181559389896938e+04 -1.840813421650102327e+03 2.409272532931925980e+03 -8.821185987686314547e+03 3.897049828164430073e+04 7.667492084912058999e+03 -2.147603727205134874e+02 1.202364231407438456e+04 -5.570077108197346206e+03 5.196435721221821950e+03 8.369525230724371795e+03 3.155306507610147492e+03 -3.063103733722755919e+02
