2.097353607781362007e+04 -3.083524871370201254e+03 -3.383721003670897062e+03 -4.292429936933766612e+02 1.626506631272858101e+02 9.529536816126001497e+01 -9.632744735091502264e+01 2.136052433042122800e+02 5.131618600673629516e+00 -4.408211647914203724e+01 1.117885777398557963e+02 3.970488899856558618e+01 3.995177959002919721e+00 7.537047398143403854e+00 -7.708290805374699239e+00 8.511753071355526501e+00 -3.263770600162906987e+01 -2.453739493496211566e+01 5.390260163777248259e+00 1.557432342118086677e+00
-4.931611386897537159e+04 -1.549156378382991898e+04 1.649477285904839050e+02 -1.166219357360508639e+03 8.535843493670848048e+00 1.077033738142635571e+02 -4.409530836873105386e+02 1.276248358168230510e+02 1.806373801601316487e+01 8.199651741591644338e+01 -1.326822071446325992e+02 1.949668218500546004e+02 2.002171424301253211e+01 1.215896778224735755e+02 -6.631120145542985256e+01 9.593862444513771948e+01 -3.534977959479680010e+01 -2.453728758974587265e+01 6.935295067503905564e+00 5.370860109009918659e+01
-4.142523101992844204e+03 1.326120207001674862e+04 1.984801670665400161e+04 -2.171853168354287391e+03 -8.690503592169745843e+02 -4.296657411197737986e+01 2.520574511988645554e+03 1.783355121228385087e+03 4.714765872535087396e+02 8.476723204104577007e+02 -2.073866409343423584e+03 -9.432272035150870124e+02 -7.017291553908228252e+01 -1.583888676030432521e+02 1.483241976312066583e+02 -4.909819238116725160e+01 3.673051772634075718e+01 7.028907267160300343e+00 -1.707525178801105525e+01 9.419478133106096607e+01
-4.261074135027581360e+04 3.583342348831924028e+04 -2.623411628041043150e+04 -5.060821644467097030e+03 9.119331057934659839e+02 4.961714300904237120e+02 1.710339544849687172e+03 -2.128566667379815499e+03 3.149574494202929600e+02 8.181676640661606825e+02 1.139053011151976307e+03 -1.007685803941621998e+02 -2.088266373476047590e+02 -5.176353308800297555e+02 6.449239725856228844e+00 1.218733811802443228e+02 -3.117273492733178273e+02 -9.706807622821386872e+01 -1.304265538618677454e+02 -6.090434659131495465e+01
-3.261198737365548823e+03 5.437149089220805763e+03 8.097957617460336223e+03 1.144082358940072481e+04 -2.443691417916255887e+03 -1.822397007589206623e+03 6.465455332390095009e+02 -1.486022521091599083e+04 -1.868876681004159309e+03 7.834342664687803790e+02 -1.144736429920349337e+03 -3.947466787690468237e+01 -1.927108151447950490e+02 -8.743232978061689664e+02 7.226035228508829960e+02 -1.462978848034492785e+03 2.029967564804287122e+03 1.112888766786691576e+03 -5.884094373318385607e+01 -2.442684397737462803e+02
-2.596336491118662889e+04 3.042075763894533520e+04 5.148708651902966812e+04 1.130261304749040719e+05 1.240022113923193865e+04 9.556155692195094889e+05 -2.057989372944056868e+03 8.033785191816096813e+03 -1.578681117348384287e+05 1.337221477840906300e+05 6.412704376429646072e+04 -4.747282650082962209e+04 2.521575636711913830e+03 1.566961677525039122e+05 1.169278214867613569e+05 -8.073098656471376671e+03 2.862928446557596544e+03 -9.815686335056787357e+03 -8.537545240902660225e+03 -1.402241424599056472e+03
-1.602040281797342686e+04 1.605361981370002650e+04 2.910880027958874416e+04 2.359404506244149525e+04 1.897549414046470483e+05 -5.375505337409311323e+03 -3.665472969576739160e+03 -2.870265422590245180e+03 2.337955493351670611e+03 1.045450729155474846e+03 3.849002069231667633e+02 6.623004993354102226e+02 4.010362085443449587e+02 5.736925716767700578e+02 9.476987844911195680e+01 1.297417147723532196e+02 -1.272010652667881772e+02 -1.376760284466262760e+02 -7.254394061910639948e+02 5.011741686188376121e+01
3.791735318084268329e+03 1.885741668375646259e+04 1.983733400835825887e+04 -2.935564110905561392e+03 -3.354401896938599293e+03 -3.161337393874650274e+02 -5.448993321414312231e+04 9.136691124479125392e+02 7.363666227393342751e+02 2.529393506459477067e+03 -4.102181021907502327e+03 -6.398129379630265703e+02 2.321554883303462020e+02 1.289675535175996174e+03 -2.387990294845678818e+02 4.024415121292749973e+03 2.911609032650975223e+03 6.572816278834330888e+02 -1.084139995651646814e+03 -7.522252576622291826e+02
-1.519355795856107216e+04 8.530045268915311681e+03 -1.130788549666992822e+03 4.524878869148674858e+04 -5.066566589652207767e+03 -3.477067402641453100e+03 -4.382203269946548403e+02 4.850444012987755741e+03 1.162041119441233150e+03 8.341007485701428550e+02 -1.666055152871760811e+03 -2.256597474982290350e+03 -1.039407721700560927e+02 1.074935012819860049e+03 -2.074571003078281592e+03 1.705057455830841491e+03 -1.766753463357829332e+03 -9.495227985666990662e+02 -7.823269992628462433e+02 1.933910858949498959e+02
-5.050283061421501770e+04 3.760512175171345734e+04 -3.110047890433306384e+04 3.098160969227737223e+04 -2.439301192659385379e+03 -2.228979468956218625e+03 2.130883436432195310e+02 1.609896734348903738e+04 3.332406847142090555e+03 -1.182437700349171564e+03 1.188161918575224718e+03 5.074586224503561425e+03 2.287686721387168291e+03 1.905925060622535511e+03 2.053971099519852942e+03 -2.495216982222087609e+03 3.383013711378910102e+03 1.715877617906124442e+03 1.364602940810334076e+03 4.777094891764380691e+02
-3.860850848147005308e+04 3.489424055602251610e+04 -2.074830619851958181e+04 -2.674746153869303726e+03 6.012084679178607075e+03 3.496981809011481801e+03 1.021668824737342220e+03 4.289672901863853440e+03 -4.328181570834748709e+04 -4.883457927338221634e+04 -2.218535682421326783e+04 -5.006566065614789295e+03 2.410964171968805658e+03 3.363590330555964101e+03 1.338991019502978190e+02 2.043014890312878606e+03 7.882557504288438111e+01 1.746481475188331842e+02 2.541203852809957425e+03 -1.361041199841158232e+03
-2.514226402856699497e+04 4.908027421457554738e+04 -7.703534867160512476e+03 -9.614389693075050673e+03 -5.004554752906435624e+02 4.608487000894697871e+02 -5.708155052707091272e+03 -4.890617194919017834e+02 7.922117399819273942e+02 2.240669554333510860e+03 -2.563153800354923987e+03 3.127246645196068471e+02 3.798938949650165853e+01 9.265004499108879372e+02 -9.957546690628431634e+02 6.027038758257693871e+02 -4.277610405432819789e+02 -4.032952067634049058e+02 -5.821993647796490023e+01 4.330513436724773442e+02
-9.357491706761464229e+03 1.427824044896257146e+04 2.196815129429449007e+04 1.259832791973509075e+03 -1.483620653639035709e+03 -1.868992091300346488e+02 -7.137120960474427420e+02 1.215964780983973696e+03 -7.977644892969383363e+02 -6.983011376986025425e+03 1.445160954667482292e+04 3.681902031243667352e+03 1.711286873686216552e+02 -7.081223332106038981e+01 2.066707513930757045e+01 -4.303699166114043919e+02 -1.386247758325332825e+03 -3.070345461819159141e+02 4.943133113567638475e+02 -8.947509058233673613e+02
-3.390361032988087391e+04 7.461490853905177210e+04 1.565464070198635163e+05 6.688038500037605409e+05 9.269461209923577553e+04 7.429178814210163429e+06 -7.226347487304396054e+04 -6.452495208701075753e+05 2.697222315995696001e+06 -1.839428319571936736e+06 -9.099011106334049255e+05 4.952719504703676794e+05 -1.449154183666315657e+04 -1.352397542225514771e+06 -1.006791201424730825e+06 1.677897437323605482e+04 5.029670213864884863e+04 3.157114726211919697e+04 3.748489633779013529e+05 3.634773474928404903e+04
