2.097413082762569684e+04 -3.083670925366511256e+03 -3.383844881303112288e+03 -4.293165618556081427e+02 1.626568959324232821e+02 9.530464203656102029e+01 -9.631060470582542621e+01 2.136153617751994034e+02 5.135994691499982778e+00 -4.407583697617236851e+01 1.117832390697151652e+02 3.971694593373984361e+01 3.996131740320075121e+00 7.559712843751633216e+00 -7.724827092799543493e+00 8.520503940522852204e+00 -3.264004205396740588e+01 -2.454412032063341087e+01 5.388346456864220535e+00 1.563829943395453670e+00
-4.261108787703784037e+04 3.583345533018645074e+04 -2.623437784628636291e+04 -5.060819935604830789e+03 9.119402433707836053e+02 4.961616233968464940e+02 1.710320154291084009e+03 -2.128783362780706284e+03 3.150919236120330424e+02 8.181843222335054406e+02 1.139326160319423934e+03 -1.015222941238044001e+02 -2.089911706978636232e+02 -5.176241331780212249e+02 6.199020911334558903e+00 1.218971019521466275e+02 -3.117176406965617161e+02 -9.723210660796571858e+01 -1.305307887441943819e+02 -6.088899157584607735e+01
-4.931642683323160600e+04 -1.549191580377291211e+04 1.648560534735567558e+02 -1.166373805133247515e+03 8.543330818900662038e+00 1.076428167037178980e+02 -4.407958517067645516e+02 1.274708625977794867e+02 1.835017256300862698e+01 8.219184592729504857e+01 -1.325511778462919779e+02 1.951521867576222178e+02 2.043613177398641767e+01 1.217655561451037585e+02 -6.638871073275036849e+01 9.745544511796782672e+01 -3.443397167286536842e+01 -2.435116813533155167e+01 7.030185938452617300e+00 5.362411452316432303e+01
-3.945105156326146243e+03 1.334857929404410970e+04 2.001733094229536073e+04 -2.283869681622519693e+03 -8.698066612015209103e+02 -3.807548637579349560e+01 2.670844496492664348e+03 1.743380817584523811e+03 5.008293822891470768e+02 8.951115574972651530e+02 -2.064592732920410981e+03 -8.275702155803716096e+02 -4.370420764569516336e+01 1.996323962784651940e+01 -4.316528262974087760e+00 2.084908529202361649e+02 1.831813292869992438e+02 5.027026322897983235e+00 -2.471887657781932290e+01 1.001629293926084330e+02
-3.390361032988087391e+04 7.461490853905177210e+04 1.565464070198635163e+05 6.688038500037605409e+05 9.269461209923577553e+04 7.429178814210163429e+06 -7.226347487304396054e+04 -6.452495208701075753e+05 2.697222315995696001e+06 -1.839428319571936736e+06 -9.099011106334049255e+05 4.952719504703676794e+05 -1.449154183666315657e+04 -1.352397542225514771e+06 -1.006791201424730825e+06 1.677897437323605482e+04 5.029670213864884863e+04 3.157114726211919697e+04 3.748489633779013529e+05 3.634773474928404903e+04
-1.513987210552895158e+04 8.527698683866899955e+03 -1.155997417673817608e+03 4.540097081147717108e+04 -5.084976700670164973e+03 -3.488569187497729217e+03 -4.416845713905964885e+02 4.861489717939741240e+03 1.164035233285798768e+03 8.434590341015250488e+02 -1.684347732368419202e+03 -2.228168586077419604e+03 -1.001078344369491617e+02 1.093900098273776166e+03 -2.088025466524940384e+03 1.726333530846977283e+03 -1.786568939272408898e+03 -9.528806617591463919e+02 -7.918018077132095414e+02 2.320769178418574938e+02
-2.596336491118663253e+04 3.042075763894533520e+04 5.148708651902966812e+04 1.130261304749040864e+05 1.240022113923193683e+04 9.556155692195096053e+05 -2.057989372944056868e+03 8.033785191816096813e+03 -1.578681117348384287e+05 1.337221477840906300e+05 6.412704376429644617e+04 -4.747282650082962209e+04 2.521575636711914285e+03 1.566961677525038831e+05 1.169278214867613569e+05 -8.073098656471374852e+03 2.862928446557596999e+03 -9.815686335056790995e+03 -8.537545240902665682e+03 -1.402241424599056018e+03
-9.293828978488680832e+02 7.767045158824412283e+03 1.151858745165389155e+04 1.470238299851830197e+04 -3.376139168026102197e+03 -2.463580367064741495e+03 -5.955537603677324796e+02 -2.394370236815789758e+04 -3.773715321034701446e+03 4.764862338863400169e+02 -9.630034775030659375e+02 2.209614209891154132e+03 -3.191633406054358701e+01 -1.347228713874715368e+03 1.514133414694852945e+03 -1.086884494763382691e+03 1.305896642578785304e+03 4.211412939592622706e+02 2.174616387346342492e+02 2.320125754027654693e+03
-1.602040281797342686e+04 1.605361981370002468e+04 2.910880027958874416e+04 2.359404506244150252e+04 1.897549414046469901e+05 -5.375505337409311323e+03 -3.665472969576739615e+03 -2.870265422590245180e+03 2.337955493351670611e+03 1.045450729155474619e+03 3.849002069231667065e+02 6.623004993354101089e+02 4.010362085443449587e+02 5.736925716767702852e+02 9.476987844911192838e+01 1.297417147723532196e+02 -1.272010652667882056e+02 -1.376760284466262476e+02 -7.254394061910639948e+02 5.011741686188376121e+01
-9.282737072934032767e+03 1.428845716699800505e+04 2.201963461233962153e+04 1.213774234564097924e+03 -1.485161525446443875e+03 -2.002541776889558776e+02 -6.955871201229676899e+02 1.181289091043911412e+03 -7.940722150468161544e+02 -7.003520918934314068e+03 1.450010326582255402e+04 3.761305868691543765e+03 1.837541469593091676e+02 -1.537528416444766854e+01 -9.863596051808688259e+00 -3.287306907412591954e+02 -1.348016940565561299e+03 -3.155436897529566522e+02 4.811837090774226908e+02 -9.037988940153561543e+02
4.329632332135070101e+03 1.922188700356792469e+04 2.033244116366462549e+04 -3.247347988417879606e+03 -3.397226501612146421e+03 -3.048053364748006402e+02 -5.511520124905698322e+04 8.490090385611576949e+02 7.020414924963869225e+02 2.604482672833986271e+03 -4.238368650522836106e+03 -4.347329633273871536e+02 2.669200775924161348e+02 1.291774500811597136e+03 -2.183031813372755323e+02 4.099586787190978612e+03 2.789024955181559562e+03 6.315780432814458436e+02 -1.080388604261176624e+03 -7.521986814936324208e+02
-2.514210059155690396e+04 4.908119443439684983e+04 -7.704180242215712497e+03 -9.615156457699789826e+03 -5.003833242258193650e+02 4.606156026760250484e+02 -5.707264341155968395e+03 -4.895236603811016494e+02 7.928735950605195058e+02 2.240528679020105756e+03 -2.563088777076952283e+03 3.131480606142056331e+02 3.805560498554783067e+01 9.270171718991900889e+02 -9.953864307707815442e+02 6.034361445564468340e+02 -4.274416002058803201e+02 -4.032862046955164033e+02 -5.829359347835852390e+01 4.330631422603958072e+02
-6.342349062267949193e+03 4.376974760049230099e+03 6.206852165347422670e+03 8.428074785925178730e+03 -1.639200401288440162e+03 -1.198633135313884850e+03 5.260677696808338624e+02 -6.498530322912856718e+03 -5.215463144249264360e+02 6.615168147439801487e+02 -1.391337072738805546e+03 -2.446519170385047801e+03 -4.680670954525701291e+02 -1.655709416729439909e+03 1.125294727953101301e+03 -3.254401913612208773e+03 1.290690439827204955e+03 1.431998623692506726e+03 -1.704949035755417412e+02 -1.902193009990246537e+03
-5.049985178261936380e+04 3.760827464082635561e+04 -3.110067579853641655e+04 3.098206214987225394e+04 -2.439355956668495310e+03 -2.228234143514503558e+03 2.132027293426054655e+02 1.610038242127683588e+04 3.330721299021196955e+03 -1.181060681965446065e+03 1.187134608752096256e+03 5.077524941215960098e+03 2.288307884578814992e+03 1.905351452234536282e+03 2.052992601028147874e+03 -2.493388479680119417e+03 3.380092303717992309e+03 1.716636912678910676e+03 1.365151479657306709e+03 4.779147140989566083e+02
-3.860850848147005308e+04 3.489424055602250883e+04 -2.074830619851958181e+04 -2.674746153869304180e+03 6.012084679178606166e+03 3.496981809011482255e+03 1.021668824737341993e+03 4.289672901863854349e+03 -4.328181570834748709e+04 -4.883457927338221634e+04 -2.218535682421326419e+04 -5.006566065614789295e+03 2.410964171968806113e+03 3.363590330555964101e+03 1.338991019502976769e+02 2.043014890312878151e+03 7.882557504288438111e+01 1.746481475188331842e+02 2.541203852809957425e+03 -1.361041199841158232e+03
