2.097353351896285312e+04 -3.083550977161109131e+03 -3.383747644897187911e+03 -4.292373047982781031e+02 1.626528419693144372e+02 9.529546213678732158e+01 -9.630034412711877678e+01 2.136007274587142319e+02 5.130332404688673797e+00 -4.408538926028191440e+01 1.117951047671156886e+02 3.970618545738043537e+01 3.995137531605447823e+00 7.537654888322063762e+00 -7.708680813419319655e+00 8.510877257182189126e+00 -3.263772113703771538e+01 -2.453696559440422220e+01 5.389707919820660997e+00 1.557565237734148456e+00
-4.931754548073907790e+04 -1.549377415287736403e+04 1.634854386107429605e+02 -1.167127692081952773e+03 8.400942600853905873e+00 1.053861994964666735e+02 -4.402361596700121709e+02 1.257737624745059435e+02 2.367949962795535512e+01 7.965910511576670672e+01 -1.327949481198719468e+02 1.941393639801633526e+02 2.049032616859938472e+01 1.259344239212623933e+02 -6.439886886981179259e+01 1.012618760379309464e+02 -3.993883945703019833e+01 -1.434846898289402084e+01 8.523960869704394483e+00 5.364838489996645166e+01
-1.439792244438172747e+04 8.254939561053299258e+03 9.253475070376534859e+03 6.067224219363775774e+03 -3.793552177512921162e+02 4.945624340797436162e+03 -6.870884418243845175e+03 5.536806250422251651e+03 -8.172780097080633823e+03 1.291108786667194181e+03 1.818255054783007836e+03 -1.139553992297601690e+04 -2.096185889901399150e+03 -7.529260258086494105e+03 -5.205596191395177357e+02 -2.372839787608233019e+04 1.030701749124064008e+04 5.384644676614415403e+03 -1.174639637290317296e+03 -1.140478011164494092e+03
-4.261070698221228668e+04 3.583364964301676082e+04 -2.623441259611775240e+04 -5.061305260004927732e+03 9.118952038694555995e+02 4.957947318588888947e+02 1.710379132374758456e+03 -2.129058907211825499e+03 3.158431563506721886e+02 8.178743635513545769e+02 1.138992045361746705e+03 -1.009075037063487059e+02 -2.088722269440059449e+02 -5.171227701591025152e+02 7.040323143646759263e+00 1.219853484615663604e+02 -3.118662262612290874e+02 -9.713338947751140040e+01 -1.305663291345667858e+02 -6.104043556102296009e+01
-1.602040281797342868e+04 1.605361981370002650e+04 2.910880027958874780e+04 2.359404506244149889e+04 1.897549414046470483e+05 -5.375505337409311323e+03 -3.665472969576739615e+03 -2.870265422590244725e+03 2.337955493351670611e+03 1.045450729155474619e+03 3.849002069231667065e+02 6.623004993354103362e+02 4.010362085443449587e+02 5.736925716767700578e+02 9.476987844911192838e+01 1.297417147723531912e+02 -1.272010652667882056e+02 -1.376760284466262760e+02 -7.254394061910639948e+02 5.011741686188374700e+01
-3.009026810799290161e+03 5.551191275792722081e+03 8.399146323358872905e+03 1.156223823102096503e+04 -2.521351268368664932e+03 -1.855289607425933355e+03 7.037230103330505244e+02 -1.558199012348796350e+04 -2.053718524310047087e+03 1.048964759477609050e+03 -1.575612302763669504e+03 9.015481933093587941e+02 -2.781072883093016301e+01 -7.668946805012436698e+02 7.746388166202696084e+02 -4.813109588385046322e+02 5.814871404379108526e+02 2.443560814718855738e+02 8.680806750867715493e+01 -1.254954435470644114e+02
-4.164982873203380223e+03 1.090562064326385917e+04 1.732622444619953603e+04 -1.428408494993478826e+03 -7.049826034792466771e+02 -2.377117741762565473e+01 4.160524997934561725e+03 1.646326629260898244e+03 4.721017091511533863e+02 7.427899787483952423e+02 -1.862479254501856531e+03 -1.319029035782393066e+03 -1.377995573100957927e+02 -1.160737171065605025e+03 1.111153597523549479e+03 5.366454280669889840e+02 3.437483243777926845e+01 1.438472008250251122e+02 -8.946671132511087876e+01 9.563314443977962753e+01
-1.515296986500484854e+04 8.491194511079065705e+03 -1.227110401896736221e+03 4.530993861656959052e+04 -5.100056160058955356e+03 -3.673532572551103385e+03 -4.257744685255822219e+02 4.687906624112706595e+03 1.663706379488530956e+03 5.863921034268896619e+02 -1.770744368883556945e+03 -2.326544480648821263e+03 -8.530549422654374325e+01 1.506375200979097144e+03 -1.644719350305865646e+03 1.671840186395311093e+03 -1.706611508276498398e+03 -1.041742723304616675e+03 -4.825881148406546686e+02 2.016720429869442057e+02
-3.390361032988087391e+04 7.461490853905177210e+04 1.565464070198635163e+05 6.688038500037605409e+05 9.269461209923577553e+04 7.429178814210163429e+06 -7.226347487304396054e+04 -6.452495208701075753e+05 2.697222315995696001e+06 -1.839428319571936736e+06 -9.099011106334049255e+05 4.952719504703676794e+05 -1.449154183666315657e+04 -1.352397542225514771e+06 -1.006791201424730825e+06 1.677897437323605482e+04 5.029670213864884863e+04 3.157114726211919697e+04 3.748489633779013529e+05 3.634773474928404903e+04
-2.596336491118663253e+04 3.042075763894533884e+04 5.148708651902966812e+04 1.130261304749040719e+05 1.240022113923193683e+04 9.556155692195092561e+05 -2.057989372944056868e+03 8.033785191816094994e+03 -1.578681117348384287e+05 1.337221477840906300e+05 6.412704376429646072e+04 -4.747282650082962209e+04 2.521575636711913830e+03 1.566961677525038831e+05 1.169278214867613569e+05 -8.073098656471374852e+03 2.862928446557596999e+03 -9.815686335056789176e+03 -8.537545240902665682e+03 -1.402241424599056018e+03
-9.254069833321698752e+03 1.428537017817579908e+04 2.201875157461043273e+04 1.202872395461500219e+03 -1.489645763147512071e+03 -2.807624173002163843e+02 -6.790418756974493135e+02 1.159033969460349454e+03 -7.225285954509573685e+02 -7.064604037926615092e+03 1.452837189498573207e+04 3.777050935374425535e+03 1.839061062244240077e+02 4.303230350854989439e+01 -2.971776872272260306e+01 -2.884889434824036130e+02 -1.376358547299355905e+03 -3.054673167264328981e+02 4.054917235725028490e+02 -9.075365822772849924e+02
-3.802632726293464657e+03 1.536074362067628317e+04 2.218750698181000553e+04 -2.953634907998129620e+03 -1.022169182585421481e+03 -2.422569346839902948e+02 1.425322889449890681e+03 1.789035037639183429e+03 7.745902620545035688e+02 8.646577902991366500e+02 -2.211069524162881862e+03 -4.835888650510584057e+02 1.175820351285288368e+01 8.850832407806785795e+02 -7.366061540196478745e+02 8.893960423942607463e+01 1.752516569164230020e+02 -3.116368709569944162e+00 5.619729069251024356e+01 9.610279792227345297e+01
-2.514084844043869452e+04 4.908356196748690127e+04 -7.705925578485960614e+03 -9.619801473391609761e+03 -5.014531380501859985e+02 4.484099354097693322e+02 -5.707227857825656429e+03 -4.935844291072420447e+02 8.041740539143114574e+02 2.233773405123150042e+03 -2.565194642182591451e+03 3.119437807083467646e+02 3.720787188205153484e+01 9.246980576027131065e+02 -9.986110534249412467e+02 6.049129156196900112e+02 -4.278966053416237401e+02 -4.038365694603465386e+02 -5.833248950095995156e+01 4.329946682148657828e+02
4.430323081863835796e+03 1.903621028672312968e+04 2.013215705490646360e+04 -3.202063174733411870e+03 -3.393356143056549172e+03 -4.114236563557378759e+02 -5.510999951375774253e+04 7.705179583366483484e+02 8.748205669013748320e+02 2.538507215881576030e+03 -4.146500904355076273e+03 -3.408729399871413079e+02 2.842489388002908868e+02 1.393850069010027482e+03 -2.848778372656352076e+02 4.787642075208633287e+03 3.272577741562884057e+03 6.788156556859515831e+02 -1.099322849289454780e+03 -7.253548856164013614e+02
-5.054461464088452340e+04 3.764850697746404330e+04 -3.117805504673568066e+04 3.102092386777085630e+04 -2.443106980571683380e+03 -2.245265182581286354e+03 2.092164907773068876e+02 1.606585740988885118e+04 3.391097459947949574e+03 -1.199963297728062798e+03 1.238449125660123627e+03 4.863265203874697363e+03 2.240956971930950203e+03 1.961403101322059229e+03 1.951505735495894442e+03 -2.348490075181003704e+03 3.184305330714572392e+03 1.785903014140206778e+03 1.340561355716064327e+03 4.868806903320031552e+02
-3.885225160559310461e+04 3.515138741507776285e+04 -2.117068887502744838e+04 -2.906281301725948651e+03 5.642601411850270779e+03 2.786234298218750155e+03 1.091748190922427057e+03 4.131735830223056837e+03 -4.226651446679562650e+04 -4.981639883072789962e+04 -2.248690663414131996e+04 -4.879505405973521192e+03 2.407004848940595821e+03 3.893725799653055219e+03 1.088056972576529006e+03 2.218850149417152352e+03 -1.137832339167136553e+02 -1.539340283185654528e+02 -7.897416858118177174e+01 -1.464481984564742334e+03
