2.097347241887987184e+04 -3.083511328985523505e+03 -3.383708840242116821e+03 -4.292361892034635957e+02 1.626502600361028499e+02 9.529449451429545093e+01 -9.632724472385108072e+01 2.136031764666656727e+02 5.130878075611197353e+00 -4.408291368494410278e+01 1.117894506077721246e+02 3.970379819329797044e+01 3.995027539061194677e+00 7.534561883813134742e+00 -7.706521699705453976e+00 8.510665610484606347e+00 -3.263733424786910575e+01 -2.453647350429878671e+01 5.390313676208672966e+00 1.556760808418675701e+00
-4.932325019306514878e+04 -1.549839848853512012e+04 1.568966772224384272e+02 -1.169142603806608577e+03 9.228655259686078693e+00 1.063820920182445633e+02 -4.261670702215080269e+02 1.212464077167230414e+02 2.628835142359212540e+01 8.672479650231778692e+01 -1.220395148276687252e+02 2.065680167017823123e+02 2.309404452066679880e+01 1.338615638527042506e+02 -7.526112809440742524e+01 1.658220452268752183e+02 3.656791276500018562e+00 -1.413626925188211203e+01 9.843739266580850966e+00 5.334233917843838668e+01
-3.542084659607625326e+03 1.348180176713934634e+04 2.022015179186964451e+04 -2.548215029382759894e+03 -8.855042742833115881e+02 -1.177516927125757036e+02 2.817413538771989806e+03 1.551640380092000669e+03 6.455177531100584929e+02 9.089770416674940634e+02 -2.219256474515397713e+03 -5.665887374674778130e+02 5.038653484051210718e+00 9.913690387933012289e+02 -7.307989022967311712e+02 4.868592243570645195e+01 1.806225667673107296e+02 5.954097009084366476e+01 -7.798046985591240343e+01 8.075290882258551051e+01
-4.261062181659005000e+04 3.583351009152803454e+04 -2.623419084860978910e+04 -5.061103485951095536e+03 9.119296775467375937e+02 4.961120012915947086e+02 1.710401544163579274e+03 -2.128788281090937289e+03 3.151596628217471334e+02 8.182045825243104673e+02 1.139064328751025187e+03 -1.008537959331887777e+02 -2.071584058696579689e+02 -5.175911469033114827e+02 6.525386325322339864e+00 1.220827132304658278e+02 -3.117314879075859153e+02 -9.704455656924889695e+01 -1.305011943047432510e+02 -6.090665523907502177e+01
-1.514859823649772625e+04 8.492373084355953324e+03 -1.223083541750727591e+03 4.532297779082477064e+04 -5.101843501564088911e+03 -3.657037229317586934e+03 -4.291006604303635754e+02 4.692383406568219471e+03 1.643784620997191723e+03 5.981685534776428312e+02 -1.772091798960976348e+03 -2.317486181947853765e+03 -8.644847436007580654e+01 1.505381020998355325e+03 -1.672414177245492738e+03 1.662363825841310700e+03 -1.698670508837442412e+03 -1.019020822549449804e+03 -5.078589807917263101e+02 1.930304333078541674e+02
-3.390361032988087391e+04 7.461490853905177210e+04 1.565464070198635163e+05 6.688038500037605409e+05 9.269461209923577553e+04 7.429178814210163429e+06 -7.226347487304396054e+04 -6.452495208701075753e+05 2.697222315995696001e+06 -1.839428319571936736e+06 -9.099011106334049255e+05 4.952719504703676794e+05 -1.449154183666315657e+04 -1.352397542225514771e+06 -1.006791201424730825e+06 1.677897437323605482e+04 5.029670213864884863e+04 3.157114726211919697e+04 3.748489633779013529e+05 3.634773474928404903e+04
4.055126302828394273e+03 1.882505414319880583e+04 1.981792523524707576e+04 -2.967507140894569147e+03 -3.363193122530464279e+03 -3.786098381357419953e+02 -5.463345976485667779e+04 8.406847106302794828e+02 8.494072837397225157e+02 2.512596892166899124e+03 -4.023571940987537801e+03 -5.233693230419274869e+02 2.582300566758061109e+02 1.401226438404298051e+03 -3.061058495020452028e+02 4.758466818514032639e+03 3.413466985444554666e+03 7.000644516318475326e+02 -1.075299567164471910e+03 -7.755537835351775584e+02
-1.602040281797342686e+04 1.605361981370002650e+04 2.910880027958873688e+04 2.359404506244149889e+04 1.897549414046470192e+05 -5.375505337409310414e+03 -3.665472969576739615e+03 -2.870265422590245180e+03 2.337955493351670611e+03 1.045450729155474619e+03 3.849002069231667633e+02 6.623004993354102226e+02 4.010362085443449018e+02 5.736925716767700578e+02 9.476987844911192838e+01 1.297417147723532196e+02 -1.272010652667881772e+02 -1.376760284466262760e+02 -7.254394061910641085e+02 5.011741686188376121e+01
-2.596336491118662889e+04 3.042075763894533520e+04 5.148708651902967540e+04 1.130261304749040864e+05 1.240022113923193501e+04 9.556155692195092561e+05 -2.057989372944056868e+03 8.033785191816096813e+03 -1.578681117348384578e+05 1.337221477840906591e+05 6.412704376429646072e+04 -4.747282650082962209e+04 2.521575636711914740e+03 1.566961677525038540e+05 1.169278214867613569e+05 -8.073098656471376671e+03 2.862928446557596089e+03 -9.815686335056787357e+03 -8.537545240902665682e+03 -1.402241424599056245e+03
-3.005397702496961301e+03 5.550736678094035597e+03 8.396927481842049019e+03 1.155287629286590891e+04 -2.519200926423993224e+03 -1.853807833786826677e+03 6.989759580224194906e+02 -1.556366436179281845e+04 -2.050990775291824775e+03 1.046887717151063725e+03 -1.573035840140677465e+03 8.961516632487596326e+02 -2.826484755813119776e+01 -7.709163804708497310e+02 7.775047038521536251e+02 -4.857230430273008324e+02 5.859228851991687179e+02 2.500830717196809587e+02 9.103872587520905313e+01 -1.409250904964368374e+02
-9.226213726362853777e+03 1.428384887545343554e+04 2.202816775290920123e+04 1.189513433898369385e+03 -1.487126097062659483e+03 -2.442394839267344366e+02 -6.595464886981210384e+02 1.150683229827669948e+03 -7.446417508850057629e+02 -7.073025855683540613e+03 1.458096399117219335e+04 3.820715321331902032e+03 1.915774010828556584e+02 1.646323348895294316e+02 -1.076503520605064494e+02 -3.200545982019300482e+02 -1.377682239583910587e+03 -3.057382707444065773e+02 3.977563533640371816e+02 -9.182608662358719585e+02
-3.861053728765975393e+04 3.489849759699821880e+04 -2.075191107188043679e+04 -2.678222032980042968e+03 6.012658206515403435e+03 3.497815641377636439e+03 1.022057264560710678e+03 4.288080348129871709e+03 -4.328612252734213689e+04 -4.883808600875943375e+04 -2.218755389460008155e+04 -5.005720535410855518e+03 2.410392321880192412e+03 3.365484984842993072e+03 1.340857498266326218e+02 2.039778903854672308e+03 8.206263404893036295e+01 1.820386924066763470e+02 2.536602327366100781e+03 -1.364137659524197034e+03
-2.514082369163088515e+04 4.908354289593416615e+04 -7.705782391985641880e+03 -9.620205425903304786e+03 -5.010602199503278484e+02 4.496768049851664841e+02 -5.705709440159002952e+03 -4.940459111859971131e+02 8.023880542469887587e+02 2.234481563937309602e+03 -2.564318309988193505e+03 3.113875855947327977e+02 3.702900278630740871e+01 9.242176229591392485e+02 -1.001303869783515779e+03 6.067811815141385523e+02 -4.265643471397751796e+02 -4.041446524998686982e+02 -5.818474071390180313e+01 4.330455634677786634e+02
-5.053170597393879143e+04 3.764229606146609876e+04 -3.116133060602611295e+04 3.101270717223534666e+04 -2.442057561210476251e+03 -2.241749086522629113e+03 2.119681005467606383e+02 1.607334666582765203e+04 3.375880222203844824e+03 -1.195749063775147988e+03 1.222801369130120747e+03 4.923037040136750875e+03 2.253391632884954106e+03 1.949567621593876765e+03 1.976430146913560066e+03 -2.372654952965941902e+03 3.221322216987186948e+03 1.783129693009223956e+03 1.336927876114899391e+03 4.802070651017629075e+02
-1.133127384344699931e+04 1.077913706000562524e+04 1.579178503538004225e+04 2.777616598048525248e+03 -6.260982859669040863e+02 1.390709705801149994e+03 1.719572913405890802e+02 5.058641923126072470e+03 -2.450222699475087666e+03 7.762373945406399116e+02 7.980816087984794649e+02 -5.050609303871141492e+03 -8.725100044989198977e+02 -1.564504111369036400e+04 1.067525219573785216e+04 2.430670049313297568e+03 8.531335513496043177e+02 -8.457156654636625035e+02 6.794662777370796221e+02 3.126133829941986733e+02
-9.737991342180672291e+03 2.804725382396745317e+03 8.310084432323939154e+02 8.673485664554787945e+03 -5.987406330050833958e+02 -1.049948802250646395e+03 -7.561928575086584488e+02 2.623167729201920338e+03 2.750424726409533832e+03 -5.748650719074759763e+03 9.686015504513727137e+03 -2.359944349045459239e+04 -4.296428023643745291e+03 -3.302648227229276017e+03 -8.969966019725012529e+02 -2.552675320207482582e+04 3.910298580727036460e+04 2.279542165374887918e+04 -3.630825700023152876e+03 -2.749732105918825710e+03
-2.306915693250105323e+04 4.739554373594617573e+03 9.979316788114052542e+03 1.739299926475561051e+03 -9.486605057568856409e+02 -4.513062837630437230e+02 -1.296606844373765489e+04 2.954598308139628443e+03 -2.064961821831397174e+03 -3.050965345255694956e+03 -7.086831546042855734e+03 -7.253474231534194587e+03 -1.935075474287067209e+03 -5.477277331415672961e+03 6.101088886708660539e+03 -3.730149024600535631e+04 -2.531725786687815707e+04 -2.705587000288347213e+02 -6.998999192360651023e+02 -6.183495694790638453e+01
