-4.931725929272262874e+04 -1.549328911960930782e+04 1.639017540268776827e+02 -1.167048233037205136e+03 8.379292524553447308e+00 1.059248833717208811e+02 -4.406899916774478925e+02 1.261297195240116054e+02 2.244419169909461331e+01 8.020605145435273187e+01 -1.328091736009845363e+02 1.941689362197337800e+02 1.970163427362997055e+01 1.251542806661385328e+02 -6.519292323786837073e+01 1.008575306161413039e+02 -3.975921491552983866e+01 -1.451810413064683480e+01 8.515033388554710925e+00 5.369625980801132670e+01
2.097347241887986820e+04 -3.083511328985524415e+03 -3.383708840242117731e+03 -4.292361892034636526e+02 1.626502600361028783e+02 9.529449451429545093e+01 -9.632724472385105230e+01 2.136031764666657295e+02 5.130878075611196465e+00 -4.408291368494410278e+01 1.117894506077720820e+02 3.970379819329797044e+01 3.995027539061194677e+00 7.534561883813137406e+00 -7.706521699705453976e+00 8.510665610484606347e+00 -3.263733424786910575e+01 -2.453647350429878315e+01 5.390313676208672966e+00 1.556760808418675923e+00
-3.005023478277547383e+03 5.551168232479756625e+03 8.397981399778569539e+03 1.155608863813334574e+04 -2.520123451644764828e+03 -1.854374648493852646e+03 7.004251116883234545e+02 -1.557193908955339612e+04 -2.052273311668858696e+03 1.047853627426858566e+03 -1.573967748027429252e+03 8.994484663506987090e+02 -2.793731801825933658e+01 -7.685374772473066969e+02 7.758453791062272558e+02 -4.827042057206847971e+02 5.826853137790876644e+02 2.461965340888561116e+02 8.875577576278774927e+01 -1.357251003517559411e+02
-4.261044371767197299e+04 3.583353923027390556e+04 -2.623412301980456687e+04 -5.061158975138465394e+03 9.119541571775330340e+02 4.962075117819601928e+02 1.710366992485503260e+03 -2.128664435268607122e+03 3.150827822282290640e+02 8.186430112552297942e+02 1.139008721278214352e+03 -1.001265611419350421e+02 -2.087426253223640629e+02 -5.177427830986947583e+02 6.554490167173780968e+00 1.218535629398560474e+02 -3.118462519468297955e+02 -9.698761177534373701e+01 -1.303747986672711647e+02 -6.102176362885282401e+01
-3.525876408990151049e+03 1.348298413140283083e+04 2.022392133672073396e+04 -2.557722054497865884e+03 -8.883188198014445334e+02 -1.630725459193354538e+02 2.833262678331782354e+03 1.544227093788178081e+03 6.833218701188451405e+02 8.992823383663883305e+02 -2.220306853069333556e+03 -5.461059577993261200e+02 3.592969585339750971e+00 9.616606105592799167e+02 -7.666154715412164933e+02 4.857218731816641366e+01 1.761189253085235578e+02 6.278097485617908546e+01 -6.645422242216990583e+01 8.774929796429199769e+01
-1.601573382675108769e+04 1.605007540312619676e+04 2.910833034253945516e+04 2.357594123328545174e+04 1.897614374717903265e+05 -5.414986152667085662e+03 -3.661700693933924413e+03 -2.897376394089772475e+03 2.477449742554005297e+03 9.998395522900775632e+02 3.754282992286744616e+02 6.635182296466125536e+02 3.999887485670387264e+02 6.537490535408207961e+02 2.108210751024949730e+02 1.312719565819490128e+02 -1.281974017111004684e+02 -1.763440902481821411e+02 -8.789275252299562453e+02 4.493810649687981140e+01
-1.514217730820741781e+04 8.487436081797073712e+03 -1.225316659625620332e+03 4.532702323310610518e+04 -5.106259723714143547e+03 -3.668252073940005630e+03 -4.284747012013750691e+02 4.682018060601786601e+03 1.655596563671722606e+03 5.972287877152976989e+02 -1.768020096877792867e+03 -2.344141818979187974e+03 4.761911848891539023e+01 1.509556896396122738e+03 -1.668944003163666366e+03 1.659110243290400831e+03 -1.697481845386612804e+03 -1.021802608571433780e+03 -4.997726855615977115e+02 1.969535809288149437e+02
-2.617085795661713200e+04 3.076076886867587018e+04 5.205493251172036253e+04 1.145939276571815717e+05 1.249558010546643345e+04 9.705871512627608608e+05 -1.996972618076902336e+03 7.150135100002225045e+03 -1.530923430557329557e+05 1.304099043924484577e+05 6.288603317544180027e+04 -4.603101769309389783e+04 2.535959607749817224e+03 1.539604601737642952e+05 1.148872453991001967e+05 -8.243656929127371768e+03 3.227041307185623737e+03 -1.114875151253200602e+04 -1.347644823801057464e+04 -1.809990024229459323e+03
-3.390361032988087391e+04 7.461490853905177210e+04 1.565464070198635163e+05 6.688038500037605409e+05 9.269461209923577553e+04 7.429178814210163429e+06 -7.226347487304396054e+04 -6.452495208701075753e+05 2.697222315995696001e+06 -1.839428319571936736e+06 -9.099011106334049255e+05 4.952719504703676794e+05 -1.449154183666315657e+04 -1.352397542225514771e+06 -1.006791201424730825e+06 1.677897437323605482e+04 5.029670213864884863e+04 3.157114726211919697e+04 3.748489633779013529e+05 3.634773474928404903e+04
-1.185852602884275620e+04 1.068774569008468097e+04 1.530217193824707829e+04 2.590743385555710120e+03 -7.110825299120965610e+02 7.391436884183419807e+02 -1.451643976438751451e+03 4.672501291854223382e+03 -1.743842788674961412e+03 -1.920933091199140677e+02 -3.120441865218895146e+02 -5.536076585990917010e+03 -9.608651470940894797e+02 -1.395064674714514149e+04 1.052664668262103623e+04 -1.804115082101969392e+03 -1.710801304441969023e+03 -8.200393176549803229e+02 8.425265411824207149e+02 1.707468745875278273e+02
-5.053329497281488148e+04 3.764320119006065943e+04 -3.116596145122363305e+04 3.101208511234513571e+04 -2.442751939711919022e+03 -2.245705679011658503e+03 2.100568769444332418e+02 1.606787314338082069e+04 3.388524336934752682e+03 -1.201198566363917280e+03 1.224974698490419541e+03 4.906951219044818572e+03 2.250369358858029500e+03 1.958754179132128684e+03 1.978112152956665796e+03 -2.369710219080977367e+03 3.207480436892408306e+03 1.788897639990940888e+03 1.342359174001341216e+03 4.817099626043648186e+02
4.024888095910388529e+03 1.883557528402424578e+04 1.982224208193528830e+04 -2.974894164683106283e+03 -3.364827796055963063e+03 -4.111351970356216157e+02 -5.462431126513994241e+04 8.430974758219937257e+02 8.774460903079931313e+02 2.492378856706754959e+03 -4.056016785930394235e+03 -5.200035950474297124e+02 2.542589829227450196e+02 1.358891266442425831e+03 -3.150108335312214649e+02 4.672027670091986693e+03 3.347729007707438996e+03 6.887596716168908415e+02 -1.088774077777850152e+03 -7.736368277015445756e+02
-2.514113734704155650e+04 4.908326339698927768e+04 -7.705607294572660066e+03 -9.619275328068322779e+03 -5.011769983260466006e+02 4.496297351660170989e+02 -5.707149930271192716e+03 -4.929490419660721727e+02 8.022004317973064644e+02 2.234444731362011680e+03 -2.565186513496361385e+03 3.126600963881842858e+02 3.733876351664202531e+01 9.238941579968245605e+02 -1.000368333583026811e+03 6.046265201099239448e+02 -4.277212864265552525e+02 -4.036954481656321718e+02 -5.806622700682872562e+01 4.330003557895748258e+02
-9.224864298348913508e+03 1.428299927015212961e+04 2.202756415180920158e+04 1.184872700016677754e+03 -1.487596194824819122e+03 -2.820160983056092050e+02 -6.577882487365143334e+02 1.149655855463345688e+03 -7.329948490190603252e+02 -7.083862582945225768e+03 1.457638907309360366e+04 3.827112655019315753e+03 1.914503504713763675e+02 1.479965578915800961e+02 -1.210166974448834338e+02 -3.180657456791918207e+02 -1.379938979099506241e+03 -3.056417638220173671e+02 3.960920264327000950e+02 -9.180957893758852606e+02
-4.270995246445512021e+04 3.853337134130662889e+04 -1.305685270987302647e+04 8.948182895259166253e+04 1.721444113131969061e+04 6.048114935256012359e+03 -6.121323444818540338e+03 9.166888755406888959e+04 -9.117168330566122313e+04 -3.238563731692808142e+04 -1.089109171588628233e+05 3.366777107998142601e+05 -1.753575038815654349e+06 5.169042672895816213e+04 5.327377639451933646e+04 1.872048284643898296e+04 2.597243889273890545e+03 -1.544210239711481518e+04 2.546851304109377816e+04 -4.650725324470984924e+04
-1.539132314162269904e+04 1.942141377777263187e+04 2.098031495280581657e+04 2.224044302644977142e+04 1.132239056505841836e+04 1.027135072516918444e+05 -1.429909435253937318e+03 2.559278902053067213e+04 -1.255996866390401119e+05 6.688492213578193332e+04 2.362791874600579831e+04 -1.078333730768443274e+04 -1.015311872802239748e+02 -1.648813577760971384e+04 -2.576272810600297089e+04 4.347856127780200950e+03 -4.813958567145666166e+03 1.452712709425958019e+04 1.556972576483986268e+04 1.327556579746003990e+03
-3.893395208829801413e+04 3.507587881206189195e+04 -2.132538919371241718e+04 -3.016937810436633299e+03 5.526275045578691788e+03 2.187209751258229971e+03 1.170428309496006932e+03 3.884116043609971712e+03 -4.066187036586708564e+04 -5.044863789447092131e+04 -2.256088452644041536e+04 -4.805848060685406381e+03 2.602983469288987635e+03 4.657851387181217433e+03 2.370511624846799350e+03 2.381927720155489624e+03 -3.074863720430216745e+02 -5.260832748064698308e+02 -2.917729330764398583e+03 -1.556550560279253659e+03
-9.280764888932313625e+03 2.581057746016359943e+03 6.724526671466278458e+02 8.601606400084001507e+03 -5.743625642673277980e+02 -9.820771379607259632e+02 -5.529803102344491208e+02 2.552463141423503657e+03 2.518579380193299130e+03 -5.717454478128529445e+03 9.705720997894204629e+03 -2.301744787570780682e+04 -4.189993923094777529e+03 -3.451714402995240107e+03 -6.484171522709416422e+02 -2.623633775885968862e+04 4.016247622241709905e+04 2.278057748940484453e+04 -3.897296924751326060e+03 -2.840897108584206308e+03
