2.097412922985201658e+04 -3.083660283128942865e+03 -3.383834007596540232e+03 -4.293186576880328289e+02 1.626560440160961605e+02 9.530459049430614016e+01 -9.632161313845840311e+01 2.136171035896998092e+02 5.136462800969584741e+00 -4.407457517362022514e+01 1.117807006592800434e+02 3.971636819794947826e+01 3.996135543500678455e+00 7.559339560072010578e+00 -7.724583808952220743e+00 8.520795075528621254e+00 -3.264002279964247322e+01 -2.454424389444262999e+01 5.388555535374436545e+00 1.563748246792078023e+00
-4.931630077762926521e+04 -1.549714221849581372e+04 1.666890049891404715e+02 -1.170031890805299099e+03 8.421401247230807741e+00 1.061190408860831411e+02 -4.405961066619444750e+02 1.239127303168655629e+02 2.291685621101633430e+01 8.142029873777512705e+01 -1.325541536827114157e+02 1.907302199218079579e+02 5.147789856852818957e+01 1.237309688880766743e+02 -6.597175971124423199e+01 1.010765549668240055e+02 -4.134390105064573362e+01 -1.408904836184060372e+01 7.405869517583288264e+00 5.351722797938047194e+01
-3.525620683525304230e+03 1.348385208279393737e+04 2.022542125081755148e+04 -2.558607898240354189e+03 -8.884529062000171962e+02 -1.630113168160677617e+02 2.833877729256184466e+03 1.544395128422835342e+03 6.834251691621458349e+02 8.993547377500995026e+02 -2.220535804097804885e+03 -5.463450634569256863e+02 3.532325120896835369e+00 9.618966345568015868e+02 -7.668109356283268880e+02 4.858199716242894795e+01 1.761881149966403086e+02 6.275712324896214511e+01 -6.659098609237760513e+01 8.903139437755265817e+01
-4.259634162077117071e+04 3.583739288687193766e+04 -2.623383516649831654e+04 -5.088388950059941635e+03 9.140220474214650039e+02 4.979174492120029640e+02 1.712223684878491667e+03 -2.144431387485427422e+03 3.139348559712389033e+02 8.234302600724897729e+02 1.135608171671090759e+03 -1.010936064691690319e+02 -1.660287003320449912e+02 -5.205704911358152458e+02 5.884656679423229342e+00 1.265527806230841179e+02 -3.203198508088585754e+02 -9.832905445853941728e+01 -1.331363306755184794e+02 -6.167000765551655661e+01
-1.601573382675109133e+04 1.605007540312619676e+04 2.910833034253945152e+04 2.357594123328544447e+04 1.897614374717903265e+05 -5.414986152667085662e+03 -3.661700693933923958e+03 -2.897376394089772475e+03 2.477449742554005297e+03 9.998395522900777905e+02 3.754282992286745184e+02 6.635182296466125536e+02 3.999887485670387832e+02 6.537490535408210235e+02 2.108210751024949730e+02 1.312719565819490413e+02 -1.281974017111004400e+02 -1.763440902481821126e+02 -8.789275252299562453e+02 4.493810649687981140e+01
-2.617085795661713564e+04 3.076076886867586654e+04 5.205493251172035525e+04 1.145939276571815572e+05 1.249558010546643527e+04 9.705871512627608608e+05 -1.996972618076901881e+03 7.150135100002225954e+03 -1.530923430557329266e+05 1.304099043924484577e+05 6.288603317544180027e+04 -4.603101769309390511e+04 2.535959607749817224e+03 1.539604601737642661e+05 1.148872453991001967e+05 -8.243656929127371768e+03 3.227041307185624646e+03 -1.114875151253200238e+04 -1.347644823801057282e+04 -1.809990024229459095e+03
-5.629794018820311612e+04 3.609572851191142399e+04 -3.312604989175122319e+04 3.076322922651935733e+04 -2.343896684724317765e+03 -2.698558081592465896e+03 -2.767040844156220487e+02 1.229451089650553331e+04 5.512189579887982291e+03 -3.128797813032084377e+03 6.194390258854489730e+03 -1.186398146238349727e+04 -9.940203326830181823e+02 2.718829688114739838e+03 -2.879414465975392432e+03 -1.471831743324129320e+03 3.244788760032739447e+03 -1.890865231755406285e+03 5.006603813341279761e+02 8.247323278116505207e+02
-3.898821300958743086e+04 3.970704933392442035e+04 -2.606043355862901080e+04 2.992441792046148475e+04 -2.455698477081995406e+03 -1.175269553435818125e+03 1.204365183930780859e+03 2.309463376534793133e+04 -1.481865025360721575e+03 2.317297594021655641e+03 -8.788835696428854135e+03 3.878554178758931084e+04 8.996845627279129985e+03 -1.115710539826391994e+02 1.217954737512922475e+04 -5.596598336012350046e+03 5.204970808971461338e+03 8.319240726595355227e+03 2.964865561247905134e+03 -2.808855056535006156e+02
-1.511557250273224054e+04 8.490302559598543667e+03 -1.230800441105989648e+03 4.540917599742453604e+04 -5.115162011586679000e+03 -3.673011605228256030e+03 -4.317221304511242010e+02 4.705707080179671721e+03 1.658679892546292422e+03 5.989718968839404170e+02 -1.772689952177896203e+03 -2.343086382572481398e+03 6.657558101581048504e+01 1.515347260537138027e+03 -1.675858066172585495e+03 1.662939921911682177e+03 -1.699638871770236392e+03 -1.019978777230872993e+03 -5.053838490493650397e+02 2.376754131183535321e+02
-3.390361032988087391e+04 7.461490853905177210e+04 1.565464070198635163e+05 6.688038500037605409e+05 9.269461209923577553e+04 7.429178814210163429e+06 -7.226347487304396054e+04 -6.452495208701075753e+05 2.697222315995696001e+06 -1.839428319571936736e+06 -9.099011106334049255e+05 4.952719504703676794e+05 -1.449154183666315657e+04 -1.352397542225514771e+06 -1.006791201424730825e+06 1.677897437323605482e+04 5.029670213864884863e+04 3.157114726211919697e+04 3.748489633779013529e+05 3.634773474928404903e+04
-9.224819032942783451e+03 1.428303676188257487e+04 2.202765637053379760e+04 1.184820931451509068e+03 -1.487638585330990054e+03 -2.820130435753791289e+02 -6.577869674994205980e+02 1.149589993871593379e+03 -7.329557696701646137e+02 -7.083857538334360470e+03 1.457641148432777118e+04 3.827173524307829211e+03 1.914267809856578708e+02 1.481326750327978061e+02 -1.209767992919043849e+02 -3.182024185809877395e+02 -1.379770225255878358e+03 -3.052560446500566513e+02 3.957473914469463239e+02 -9.182374681854465734e+02
-9.301237409894514485e+02 7.767044206008379660e+03 1.151831710619148544e+04 1.470260933774754449e+04 -3.376130898450612221e+03 -2.463598475523946945e+03 -5.956072328744181732e+02 -2.394352661648591311e+04 -3.773629138009612234e+03 4.764298598840634895e+02 -9.629189972236443964e+02 2.209235741061919725e+03 -3.197914624515956561e+01 -1.347220400984739399e+03 1.514084508435770658e+03 -1.087013379943627115e+03 1.306106455108305454e+03 4.211809922775116775e+02 2.174405320507011652e+02 2.320162156942627007e+03
4.505501405318605066e+03 1.915522875932167881e+04 2.026739615396850058e+04 -3.260499211923887287e+03 -3.401475854161019015e+03 -3.919601898407719887e+02 -5.516553283237350115e+04 7.798779794355125432e+02 8.343535932079890927e+02 2.566756836334064701e+03 -4.181830818387856198e+03 -3.298449435182029106e+02 2.867352993616634080e+02 1.357925588849662290e+03 -2.956623313611169692e+02 4.748546664698786117e+03 3.240462346066075042e+03 6.666099738514390083e+02 -1.084937016173774509e+03 -7.784045089673619486e+02
-5.053738536664860476e+03 3.735085895475382131e+03 5.542184787476269776e+03 9.037106021677313038e+03 -1.751581204662334358e+03 -1.346817770631973190e+03 1.394456656417961085e+03 -8.042136210059540645e+03 -4.336416744504950316e+02 1.004315202146514594e+03 -1.259258189543514845e+03 -1.734605746172429008e+03 -3.110190785142863206e+02 -5.030358950211710294e+02 1.179713733504363660e+02 -1.678700328555414899e+03 2.620167064141079663e+03 1.623423895654555281e+03 -2.614750574941199943e+02 -2.168070511063107915e+03
-4.663154090617135080e+04 1.322337129896649276e+04 -1.511686673610302569e+04 1.652580816961466189e+04 1.136068682859457112e+03 1.254675433100017869e+02 -1.023684938396249436e+03 1.940646235919814353e+04 -1.310670371739366965e+04 -1.151855455246822930e+04 -1.369061267257512736e+04 5.819991839241366688e+04 -3.927909097238592803e+05 1.540988055809547768e+04 1.147389863230370247e+04 5.970635563755137127e+02 1.182120517490024213e+04 -4.082553702348524439e+03 1.087561933958686132e+04 -9.596982902184366822e+02
-3.899218938257222908e+04 3.503117713265879866e+04 -2.142084236065459845e+04 -3.168776908330948572e+03 5.579876836719462517e+03 2.196340580716301702e+03 1.150118620217366697e+03 3.610364825340357584e+03 -4.067352881618793617e+04 -5.063289180009178381e+04 -2.237252388724851698e+04 -5.879112533925611388e+03 2.588752300084158833e+03 4.761375624266986051e+03 1.936435628838665025e+03 2.803320305168139384e+03 -8.584582490915751123e+02 -7.168576601216082054e+02 -2.967375148773502133e+03 -1.529500839688122824e+03
-2.514086654400045882e+04 4.909203292835981847e+04 -7.709633574977061471e+03 -9.631593201320423759e+03 -5.031384411551354106e+02 4.469992096573822664e+02 -5.711006360600343214e+03 -5.056460258038364373e+02 8.093624507219958559e+02 2.232558915547233028e+03 -2.562620696297934956e+03 2.917710423508403892e+02 3.296940362640542332e+01 9.286870892098220338e+02 -1.004078110499769082e+03 6.092121272632939508e+02 -4.296040829404562373e+02 -4.084319794427649413e+02 -6.077054806940404319e+01 4.335064878359020213e+02
-1.184991090673014696e+04 1.068664336697717954e+04 1.536771613721080939e+04 2.528558782960382359e+03 -7.106087460685182577e+02 7.504863488908556519e+02 -1.465192954918231635e+03 4.613874986811746567e+03 -1.719106154180209842e+03 -1.952273285625534811e+02 -2.374798245831294139e+02 -5.871570703416528886e+03 -1.037244147839772950e+03 -1.401017071295446658e+04 1.047821584597786932e+04 -1.629456114234517145e+03 -1.975594510271786248e+03 -8.292751306070950932e+02 8.241395325087312358e+02 2.136830583595351527e+02
-1.539132314162269904e+04 1.942141377777263551e+04 2.098031495280581294e+04 2.224044302644977142e+04 1.132239056505842382e+04 1.027135072516918444e+05 -1.429909435253937318e+03 2.559278902053067941e+04 -1.255996866390401119e+05 6.688492213578194787e+04 2.362791874600580195e+04 -1.078333730768443456e+04 -1.015311872802240458e+02 -1.648813577760971384e+04 -2.576272810600297089e+04 4.347856127780200040e+03 -4.813958567145666166e+03 1.452712709425958019e+04 1.556972576483986813e+04 1.327556579746003763e+03
