-4.932275003972320701e+04 -1.550286640485406679e+04 1.579132289554447652e+02 -1.176294744823027258e+03 7.578933924237973407e+00 7.433381894477219021e+01 -4.354857066556508016e+02 1.074812220798272762e+02 9.701290397699683865e+01 5.473510146785984176e+01 -1.378605049763062596e+02 1.946208121760169831e+02 5.266349293136462961e+01 1.673197686544802707e+02 -1.281676489464663682e+01 1.042039149990336711e+02 -4.533442962947086841e+01 -1.266534688671626441e+01 -1.245978477108490745e+00 5.172913990087123182e+01
2.097412922985200566e+04 -3.083660283128942865e+03 -3.383834007596540232e+03 -4.293186576880329426e+02 1.626560440160961036e+02 9.530459049430614016e+01 -9.632161313845840311e+01 2.136171035896998660e+02 5.136462800969583853e+00 -4.407457517362022514e+01 1.117807006592800292e+02 3.971636819794947115e+01 3.996135543500679788e+00 7.559339560072014130e+00 -7.724583808952218078e+00 8.520795075528619478e+00 -3.264002279964247322e+01 -2.454424389444263710e+01 5.388555535374437433e+00 1.563748246792078023e+00
-4.259629429791737493e+04 3.583739844270570029e+04 -2.623382598524094283e+04 -5.088467116253094900e+03 9.140284571329933669e+02 4.979248794910970446e+02 1.712229785593995075e+03 -2.144465027183755865e+03 3.139194161075857892e+02 8.234439918302642809e+02 1.135585101700198720e+03 -1.010496415626047195e+02 -1.660228288441968232e+02 -5.205767913341780968e+02 5.892170511646289022e+00 1.265662275396573477e+02 -3.203426731225242747e+02 -9.832962203473475427e+01 -1.331379339173167864e+02 -6.166785509250676967e+01
-3.525469361829150330e+03 1.348388906280786068e+04 2.022499810761518893e+04 -2.558479350967414121e+03 -8.885132133723703873e+02 -1.630607627028410320e+02 2.832443100011008482e+03 1.544227372719211871e+03 6.834773721230394585e+02 8.993303687672623710e+02 -2.220558719022179048e+03 -5.463136580331753294e+02 3.233188011478314916e+00 9.615062201017790358e+02 -7.666333749897506777e+02 4.836674784346473643e+01 1.764695280780800033e+02 6.187984627388529901e+01 -6.670315227785773970e+01 8.774539280274238706e+01
-9.301237409894516759e+02 7.767044206008381479e+03 1.151831710619148726e+04 1.470260933774754449e+04 -3.376130898450612221e+03 -2.463598475523947400e+03 -5.956072328744181732e+02 -2.394352661648591311e+04 -3.773629138009611324e+03 4.764298598840634327e+02 -9.629189972236442827e+02 2.209235741061920180e+03 -3.197914624515957627e+01 -1.347220400984739626e+03 1.514084508435770431e+03 -1.087013379943627115e+03 1.306106455108305454e+03 4.211809922775116775e+02 2.174405320507011652e+02 2.320162156942627462e+03
-1.601573382675109315e+04 1.605007540312619676e+04 2.910833034253945152e+04 2.357594123328545174e+04 1.897614374717903265e+05 -5.414986152667085662e+03 -3.661700693933924867e+03 -2.897376394089772020e+03 2.477449742554005297e+03 9.998395522900775632e+02 3.754282992286745184e+02 6.635182296466126672e+02 3.999887485670387264e+02 6.537490535408207961e+02 2.108210751024950014e+02 1.312719565819490413e+02 -1.281974017111004400e+02 -1.763440902481821411e+02 -8.789275252299562453e+02 4.493810649687980430e+01
-1.511130063610206707e+04 8.486541632087184553e+03 -1.240229013584687209e+03 4.541943161652564595e+04 -5.116901291700350157e+03 -3.686652728021534585e+03 -4.307391963730442512e+02 4.695612810279188125e+03 1.685191714179928567e+03 5.882947535673705488e+02 -1.772807984366521623e+03 -2.348383746717990562e+03 6.742744413013129190e+01 1.530754623392201438e+03 -1.658248818475427925e+03 1.663653196545368473e+03 -1.700161016312529910e+03 -1.021887106738122043e+03 -5.063506066427722772e+02 2.372986932783481393e+02
-2.514086654400045882e+04 4.909203292835980392e+04 -7.709633574977058743e+03 -9.631593201320421940e+03 -5.031384411551353537e+02 4.469992096573823233e+02 -5.711006360600342305e+03 -5.056460258038364373e+02 8.093624507219957422e+02 2.232558915547233482e+03 -2.562620696297935410e+03 2.917710423508403892e+02 3.296940362640542332e+01 9.286870892098219201e+02 -1.004078110499769082e+03 6.092121272632937234e+02 -4.296040829404562373e+02 -4.084319794427649413e+02 -6.077054806940404319e+01 4.335064878359020781e+02
4.682266612285163319e+03 1.915079544458853707e+04 2.028397929866476625e+04 -3.303627993886017066e+03 -3.416600776475805105e+03 -4.962779270270820007e+02 -5.537302619867830072e+04 7.055623402755725238e+02 1.068342884006430268e+03 2.475162393703426915e+03 -4.178350111185910464e+03 -2.890214256222039353e+02 2.941975229558369165e+02 1.515569200577731863e+03 -1.346861974976815759e+02 4.797904753173017525e+03 3.248814122385354040e+03 6.829947731888001954e+02 -1.119436215997649924e+03 -7.421014951839763398e+02
-3.390361032988087391e+04 7.461490853905177210e+04 1.565464070198635163e+05 6.688038500037605409e+05 9.269461209923577553e+04 7.429178814210163429e+06 -7.226347487304396054e+04 -6.452495208701075753e+05 2.697222315995696001e+06 -1.839428319571936736e+06 -9.099011106334049255e+05 4.952719504703676794e+05 -1.449154183666315657e+04 -1.352397542225514771e+06 -1.006791201424730825e+06 1.677897437323605482e+04 5.029670213864884863e+04 3.157114726211919697e+04 3.748489633779013529e+05 3.634773474928404903e+04
-9.224842324476659996e+03 1.428320948222873994e+04 2.202756957920692730e+04 1.184798079876865813e+03 -1.487627406160339206e+03 -2.831069235103859114e+02 -6.582248616562625330e+02 1.149517410966322359e+03 -7.309111488587493568e+02 -7.084702917207518112e+03 1.457618421685013527e+04 3.826732536921426799e+03 1.914535054789832600e+02 1.486922744044488240e+02 -1.195463342404678428e+02 -3.181088700231792927e+02 -1.379769225114470373e+03 -3.058974916719413386e+02 3.964891341131583431e+02 -9.179793653634095563e+02
-3.899738810093760549e+04 3.503548447493504500e+04 -2.144016719446870411e+04 -3.188870265079479850e+03 5.584045944422705361e+03 2.173449765306623704e+03 1.151342156664123650e+03 3.596155526314306826e+03 -4.064578714837629377e+04 -5.065903085289775481e+04 -2.237532000558000800e+04 -5.887363412102640723e+03 2.590048057702748793e+03 4.787506413832677026e+03 1.967211550628097712e+03 2.802960023569729856e+03 -8.576782352697605347e+02 -7.192773748954681423e+02 -2.969387112602873003e+03 -1.530399573138439337e+03
-3.900232955304045026e+04 3.973614592253509909e+04 -2.611387556981422676e+04 2.996273396673342359e+04 -2.470052737127688033e+03 -1.227098042504647537e+03 1.207662245348060651e+03 2.309355333317053010e+04 -1.384448504805267930e+03 2.282913331946379003e+03 -8.805611102759370624e+03 3.881055407271350123e+04 9.001845408879918978e+03 -4.967243960592921326e+01 1.225671471315800591e+04 -5.597360354956601441e+03 5.207854833904499174e+03 8.304176499106990377e+03 2.926506229252682260e+03 -2.841547514749030938e+02
-2.888237570159794996e+04 2.576546576410701618e+03 1.198933638820790839e+04 5.045731829951569125e+03 1.303578989860289767e+03 1.813120271315269565e+04 -3.057704921241014290e+03 1.167767107007053528e+04 -4.422894202374621818e+04 1.703682459163084786e+04 2.881484083928664859e+03 1.477029110198330727e+03 1.032025687206217270e+02 -2.903781004474103975e+04 -2.913263147162725727e+04 -6.058310735756744180e+03 9.007864701372987838e+03 -1.062464981548129981e+04 6.025642178779875394e+03 4.870277567056796784e+02
-2.565878459653393293e+04 3.358599089879605162e+04 5.708764951182202640e+04 1.265682710195328400e+05 1.246886401081193799e+04 1.079153712367500877e+06 -1.980573551790535248e+03 4.764847057562756163e+02 -1.227497470573359751e+05 1.130276360866224277e+05 5.791435668412647647e+04 -4.207963430240103480e+04 1.965142948199533976e+03 1.511315273015922285e+05 1.124061843004663242e+05 -4.768730042643173874e+03 -2.540931072747019698e+03 -4.865482070642618964e+03 -2.411280510591261191e+04 -2.560147508348171414e+03
-5.065838157022919404e+03 3.737214939747922472e+03 5.542462967048716564e+03 9.031626698385009149e+03 -1.750766316685437914e+03 -1.346045883091570659e+03 1.371511021121582871e+03 -8.028486829472917634e+03 -4.312979927844380654e+02 1.002390668551872295e+03 -1.258165383665438640e+03 -1.742146066853128104e+03 -3.118722686768423387e+02 -5.037982959356224342e+02 1.182214255971340009e+02 -1.679619727924568679e+03 2.626847324824680982e+03 1.625077619370495768e+03 -2.610010344517614840e+02 -2.164585675072940376e+03
-5.630104609149015596e+04 3.610077667938850209e+04 -3.313302242536392441e+04 3.076352445806288597e+04 -2.345184715060635426e+03 -2.706401798030362443e+03 -2.764749469108524522e+02 1.228942149714613515e+04 5.538054533563454243e+03 -3.140798725064107657e+03 6.192104785622484997e+03 -1.186792887948332464e+04 -9.956922857614046052e+02 2.762707721369515184e+03 -2.847770352753125280e+03 -1.417533118601782235e+03 3.153151361553137576e+03 -1.618516337265068387e+03 5.286021049300550203e+02 8.240893613708453813e+02
-9.179100455839105052e+03 1.713990064770301979e+04 2.650949132650524552e+04 1.838327514166602123e+04 7.874883162823526618e+03 1.699720252245105221e+05 6.665041800407252595e+02 1.347466828277083187e+04 -1.023900496850038180e+05 8.116989696160636959e+04 3.255653952285696141e+04 -3.277599480780176964e+04 9.289577941275891817e+02 7.387724504406181222e+04 7.327831467844656436e+04 6.947261911459638668e+02 2.060853527663590285e+03 -5.944037740189210126e+03 -1.680936777432325925e+03 1.588077342899322048e+03
-4.663154090617135080e+04 1.322337129896649276e+04 -1.511686673610302569e+04 1.652580816961466189e+04 1.136068682859456885e+03 1.254675433100017869e+02 -1.023684938396249436e+03 1.940646235919814353e+04 -1.310670371739367147e+04 -1.151855455246822930e+04 -1.369061267257512554e+04 5.819991839241365960e+04 -3.927909097238592803e+05 1.540988055809547768e+04 1.147389863230370247e+04 5.970635563755138264e+02 1.182120517490024213e+04 -4.082553702348524439e+03 1.087561933958686132e+04 -9.596982902184366822e+02
-1.161570100163518691e+04 1.070480273270493308e+04 1.530530742804915462e+04 2.454139326226206776e+03 -7.633761931822391489e+02 5.957931082985849258e+01 -1.472709090261641677e+03 4.346963803572922188e+03 -1.518580763078541622e+02 -8.860231194916016193e+02 -3.421944278212263839e+02 -6.268184288741523233e+03 -1.115875575523644557e+03 -1.352110298810692257e+04 1.183207027088568066e+04 -1.165866459148635613e+03 -2.884118053371625138e+03 2.234500300281246723e+02 6.825196239736592361e+02 2.189905280683388469e+02
