-4.932704164923331700e+04 -1.550136405742276656e+04 1.610911006026669838e+02 -1.169326259544945970e+03 5.973077310109697891e+00 1.040631057178091510e+02 -4.348567708905143832e+02 9.132716221449676652e+01 2.098025542728602773e+02 3.762348668819674344e+02 7.675742968263949528e+00 2.363563005815887550e+02 3.957541569023661054e+01 5.724691819518856306e+01 -1.061970113017698765e+02 4.695378413044896604e+01 -5.282540918931223217e+01 -2.935485465166906227e+00 6.275632142779203804e+01 5.109446923570605747e+01
2.097412349363566318e+04 -3.083659308660383886e+03 -3.383832729388473581e+03 -4.293179666879734100e+02 1.626559917798572030e+02 9.530450163375655848e+01 -9.632152314383290559e+01 2.136168636151586497e+02 5.136390940217827605e+00 -4.407463791721040280e+01 1.117807584023738627e+02 3.971626646161818286e+01 3.996120352350985616e+00 7.559127520139514722e+00 -7.724430209863775154e+00 8.520690347750274896e+00 -3.263997688043217238e+01 -2.454414955922002406e+01 5.388551233988830624e+00 1.563686742336536595e+00
-3.525802263884396780e+03 1.348478749937466273e+04 2.022762731136745788e+04 -2.553929635953784782e+03 -8.856576006878275393e+02 -1.179239040327265684e+02 2.834341041137767661e+03 1.546852086197309973e+03 6.563111392872978058e+02 9.235535335909828518e+02 -2.210353067877644662e+03 -5.566641198461846898e+02 3.837645380113962279e+00 9.895517510507082761e+02 -7.402651313273742062e+02 4.869917392287089086e+01 1.764826864482472502e+02 6.057697359647069391e+01 -7.126995556504610363e+01 8.923799428782652399e+01
-4.259638010716331337e+04 3.583738160824045917e+04 -2.623383147306365208e+04 -5.088318092456485829e+03 9.140176342258499744e+02 4.979113314044204230e+02 1.712219413393838295e+03 -2.144388338869508061e+03 3.138628318449418657e+02 8.232791480183295789e+02 1.135566806798682592e+03 -1.011577924905814001e+02 -1.660205885813216753e+02 -5.205352999932201783e+02 5.891591250238177757e+00 1.265642113057115097e+02 -3.202925389847527526e+02 -9.832703639252770245e+01 -1.331716482444697931e+02 -6.166759931539732520e+01
-1.511792772235994926e+04 8.489906468661669351e+03 -1.228365206291665345e+03 4.540088608491130435e+04 -5.113552690009439175e+03 -3.660817068032994484e+03 -4.308826332781333690e+02 4.706596808825253902e+03 1.657297378439550130e+03 5.986354899959418390e+02 -1.772043607049882212e+03 -2.342462726123446373e+03 6.660664227052946273e+01 1.514509206054438209e+03 -1.678303041349267687e+03 1.663674571808611063e+03 -1.700724026819175833e+03 -1.020187793425033419e+03 -5.027032310286884353e+02 2.463502086117734109e+02
-1.601194605781380415e+04 1.604655543998955545e+04 2.910208411149870517e+04 2.355535085032414281e+04 1.897231535771335475e+05 -5.434607046892207109e+03 -3.659754910944281619e+03 -2.918739327295363182e+03 2.551411367994172451e+03 9.584183388515583601e+02 3.588072605014222631e+02 6.485519004545557209e+02 4.020645744146718812e+02 7.236298070697182538e+02 2.844003606799046793e+02 1.188003285060741518e+02 -1.098783984086562242e+02 -1.982800346485568923e+02 -8.213803497696318345e+02 4.649665345456038068e+01
-3.390361032988087391e+04 7.461490853905177210e+04 1.565464070198635163e+05 6.688038500037605409e+05 9.269461209923577553e+04 7.429178814210163429e+06 -7.226347487304396054e+04 -6.452495208701075753e+05 2.697222315995696001e+06 -1.839428319571936736e+06 -9.099011106334049255e+05 4.952719504703676794e+05 -1.449154183666315657e+04 -1.352397542225514771e+06 -1.006791201424730825e+06 1.677897437323605482e+04 5.029670213864884863e+04 3.157114726211919697e+04 3.748489633779013529e+05 3.634773474928404903e+04
-9.307834653320024927e+02 7.767005641888896207e+03 1.151800791761348228e+04 1.470294213460160245e+04 -3.376133345113346877e+03 -2.463625562882935355e+03 -5.955894205244056820e+02 -2.394335846663131815e+04 -3.773548162473112825e+03 4.763523044397462627e+02 -9.627902127281021194e+02 2.208923112872100774e+03 -3.202846181270605541e+01 -1.347197784902630247e+03 1.514037050005307947e+03 -1.087116844480581449e+03 1.306277017376167578e+03 4.212024863905029406e+02 2.174300434561338307e+02 2.320198572224410782e+03
4.403337056188042880e+03 1.907149870131080024e+04 2.016871722304104696e+04 -3.207943562451370781e+03 -3.388706334206365227e+03 -3.594040275866855723e+02 -5.502878813871867169e+04 7.908177917145937954e+02 8.046340163432718100e+02 2.579103237953713233e+03 -4.151660382652526096e+03 -3.696938578935192368e+02 2.820009792517595884e+02 1.381257406474169329e+03 -2.764765968536983110e+02 4.735224336970056356e+03 3.256020097255746805e+03 6.716851363907817358e+02 -1.072024012411028707e+03 -7.764470595319602353e+02
-2.514086654400046609e+04 4.909203292835981847e+04 -7.709633574977059652e+03 -9.631593201320423759e+03 -5.031384411551354106e+02 4.469992096573822096e+02 -5.711006360600341395e+03 -5.056460258038364373e+02 8.093624507219959696e+02 2.232558915547233028e+03 -2.562620696297935410e+03 2.917710423508403323e+02 3.296940362640542332e+01 9.286870892098221475e+02 -1.004078110499768968e+03 6.092121272632937234e+02 -4.296040829404562373e+02 -4.084319794427649413e+02 -6.077054806940404319e+01 4.335064878359020781e+02
-2.605790986391879414e+04 3.059518657470014659e+04 5.174798370039677684e+04 1.137260246665271989e+05 1.244318676415069422e+04 9.622879075466407230e+05 -2.066670492589511014e+03 7.681010031601080300e+03 -1.570183902286574885e+05 1.334595354124090809e+05 6.410762744667990046e+04 -4.776249810196685576e+04 2.579757570038312679e+03 1.586160011764561059e+05 1.185758360893372155e+05 -8.334373136251939286e+03 3.151009836754215485e+03 -1.017282168188901232e+04 -7.545639876167943839e+03 -1.400488022076290008e+03
-9.225377537774740631e+03 1.428349230038732276e+04 2.202857368600989139e+04 1.189384542281114818e+03 -1.486118276414262709e+03 -2.419763181993441776e+02 -6.579796168689604201e+02 1.150736722057721863e+03 -7.477793431817373175e+02 -7.071582924340040336e+03 1.458188118314908570e+04 3.822097272608803451e+03 1.917010124550201056e+02 1.636539018888607302e+02 -1.091880903648993382e+02 -3.190801650594210628e+02 -1.379324924956165887e+03 -3.059930639422507284e+02 3.968220927975206109e+02 -9.182886263480946809e+02
-3.898461694517551950e+04 3.970950941736526147e+04 -2.605020115966121739e+04 2.992243575726442941e+04 -2.451331759055206021e+03 -1.103862913304758649e+03 1.204298011275081080e+03 2.309846218734971262e+04 -1.534513048183396222e+03 2.356600045545886132e+03 -8.773786775332757315e+03 3.876893854874037788e+04 8.998087081453717474e+03 -7.620122650467912706e+01 1.220599212486419310e+04 -5.593736069537217190e+03 5.202511473761556772e+03 8.306397369257691025e+03 2.929552954475672777e+03 -2.802830470561243601e+02
-4.752677425035290980e+03 3.815968900630839926e+03 5.883654017112235124e+03 9.078085001499364807e+03 -1.836656789385841876e+03 -1.369122779491819074e+03 1.577577836793630695e+03 -8.787689671181067752e+03 -6.560422333409304656e+02 1.479490818676293657e+03 -2.029748308000999714e+03 -2.030972239076663755e+02 -3.066427687385558087e+01 -3.098098068969806604e+02 1.895772477614081311e+02 -6.526893879399109366e+00 4.881825235124920681e+01 1.219872933030177791e+02 -5.789545177085543948e+00 -2.130354672188854238e+03
-5.631105852973287256e+04 3.611235740547657770e+04 -3.314247597346254770e+04 3.076953502843025854e+04 -2.344634770994743576e+03 -2.699006443409180065e+03 -2.769400799904263977e+02 1.229285060663396325e+04 5.518847238599317279e+03 -3.112410683233108557e+03 6.193885736862343038e+03 -1.184684703515809088e+04 -9.924663079494575868e+02 2.715777205758466152e+03 -2.878603333467171524e+03 -1.457268766778737017e+03 3.217114081418164460e+03 -1.896418111842718872e+03 4.997917342320941430e+02 8.187487131004202183e+02
-4.835025089930243848e+04 -1.505389320011779455e+04 6.392140988594795772e+02 -1.192507300039733082e+03 2.166117980911645873e+02 2.769768485689231738e+02 -9.261924874949050945e+02 2.918826826349631574e+03 -1.590352993612502905e+04 -2.506192687734417268e+04 -1.207769072122108628e+04 -3.716558488750704328e+03 1.066200236209894683e+03 5.789423717725242568e+03 3.363471734031447795e+03 4.709818349112636497e+03 9.480985122612945588e+02 -9.875250511740312049e+02 -4.688717015163668293e+03 2.658213750909297914e+02
-1.183798876726841809e+04 1.068851327357855553e+04 1.537179356408874810e+04 2.558882632414904037e+03 -6.515238836670718001e+02 9.783931267972077421e+02 -1.476694318654798280e+03 4.628844808025952261e+03 -1.934756936096109939e+03 -6.384044930402677664e+01 -2.061307261136250020e+02 -5.926622019492495383e+03 -1.035484932770687237e+03 -1.393924431385213757e+04 1.048005515717239177e+04 -1.605621690958754925e+03 -1.975054212372860093e+03 -8.888054674923015455e+02 7.567319682185634520e+02 2.222894714700267684e+02
-9.348953208169652498e+03 2.640475358927011257e+03 8.269049681277227819e+02 8.534473828756463263e+03 -5.597213148477959521e+02 -9.864216891279450010e+02 -5.755911066593309897e+02 2.512230477463871466e+03 2.415200962453220654e+03 -5.707884297691697611e+03 9.814958969824969245e+03 -2.337639823083249212e+04 -4.293978234972876635e+03 -3.855456900093370677e+03 -1.041720815999648494e+03 -2.582654781894156622e+04 3.945901777343028516e+04 2.372606964737139424e+04 -1.562703292144918123e+03 -2.796267841299238626e+03
-2.197388616684107183e+04 1.989207206907790533e+04 2.374005185418204928e+04 4.354446877094796218e+04 1.087383309945325709e+04 7.792055961968273914e+04 -3.732880619594411655e+03 5.274178598980961397e+04 -1.874401032497211418e+05 9.115329954629299755e+04 3.316885435159621557e+04 2.083569063791854569e+04 -3.399248831200521181e+03 -1.340161888907662360e+05 -1.516449633061609347e+05 1.723572593403382416e+04 -2.640806712557590072e+04 4.297381978181903105e+04 -4.730097856969160057e+04 -1.417542362737594885e+03
-3.892491680171025655e+04 3.513966673440286831e+04 -2.134134982287644743e+04 -3.154073579000453265e+03 5.675291141465631881e+03 2.583787819450886218e+03 1.098590299469945421e+03 3.755493993955590213e+03 -4.178551895351847634e+04 -5.022552164501366497e+04 -2.233901374993500576e+04 -5.940617582679969928e+03 2.614707098005055286e+03 4.231698716406282074e+03 1.068725939392774080e+03 2.685237854347997200e+03 -7.181681308491155278e+02 -4.804390528058279983e+02 -1.046012227770165055e+03 -1.464723811551682047e+03
-4.663154090617135080e+04 1.322337129896649276e+04 -1.511686673610302751e+04 1.652580816961466553e+04 1.136068682859457112e+03 1.254675433100017727e+02 -1.023684938396249436e+03 1.940646235919814353e+04 -1.310670371739366965e+04 -1.151855455246822930e+04 -1.369061267257512736e+04 5.819991839241365960e+04 -3.927909097238592803e+05 1.540988055809547768e+04 1.147389863230370247e+04 5.970635563755138264e+02 1.182120517490024213e+04 -4.082553702348524439e+03 1.087561933958686132e+04 -9.596982902184366822e+02
