-2.514067969434189217e+04 4.909165502378766541e+04 -7.709501775392451236e+03 -9.631769897835605661e+03 -5.031014487590414319e+02 4.470037001069163125e+02 -5.710376819193358642e+03 -5.059956876098514158e+02 8.094312929421682838e+02 2.232563672553088963e+03 -2.562325374666125754e+03 2.913233711267255899e+02 3.286396075989524945e+01 9.287926612971956501e+02 -1.004388948304028418e+03 6.099216408580488178e+02 -4.292134981574896528e+02 -4.085810866144479405e+02 -6.080811026457330115e+01 4.335186241562956297e+02
2.097416118405954694e+04 -3.083686033628618134e+03 -3.383861872409236639e+03 -4.293180655754611053e+02 1.626579553801783220e+02 9.530514660356836032e+01 -9.630097367226819927e+01 2.136149150271876920e+02 5.135912086351542172e+00 -4.407667561891604890e+01 1.117852826697079678e+02 3.971796879609288311e+01 3.996203618983418249e+00 7.561155747079149947e+00 -7.725845736860385671e+00 8.520753660261132012e+00 -3.264029132454557214e+01 -2.454447110408313293e+01 5.388144103916126859e+00 1.564215464758898610e+00
-4.932879707416077872e+04 -1.550807270850486748e+04 1.508608402338042254e+02 -1.178394624695214588e+03 8.432594676297414438e+00 7.475193535350317120e+01 -4.209049442870741586e+02 1.025550548021414414e+02 1.009576169578303109e+02 6.122930374281813215e+01 -1.270583375365728784e+02 2.070471224146920406e+02 5.612306971879893069e+01 1.760944434070443663e+02 -2.283773504475966121e+01 1.693137134676743187e+02 -1.831969495788484004e+00 -1.227935604717679752e+01 7.289288111025089834e-02 5.137041141602829697e+01
-3.251845350951880846e+03 1.115265516758940066e+04 1.779030491346568306e+04 -2.045561223838541309e+03 -7.261320783883686545e+02 -3.963132682377843707e+01 4.517426691669836146e+03 1.246264880096059642e+03 5.344542909456697544e+02 9.026618064817764662e+02 -2.204193788843453149e+03 -6.595652899282704311e+02 -1.250758351891412623e+01 1.059334850080672140e+03 -7.700207554850231872e+02 -1.852005283421393855e+01 2.092727647703975720e+02 1.455988645368217362e+02 -2.548409668102109435e+02 5.682711446507924791e+01
-4.259631444725329493e+04 3.583729451054202946e+04 -2.623372181130041281e+04 -5.088300465445482587e+03 9.140144074274818422e+02 4.979086713305756007e+02 1.712223495844883701e+03 -2.144377971473623802e+03 3.138905701245014370e+02 8.233189374577366380e+02 1.135582495237114017e+03 -1.011544779432385894e+02 -1.660376491331105058e+02 -5.205543670958090843e+02 5.895024932745292823e+00 1.265524419244911201e+02 -3.202953419705488614e+02 -9.832885548153893751e+01 -1.330892266445836469e+02 -6.167357923602907732e+01
-1.601573382675109133e+04 1.605007540312619494e+04 2.910833034253945152e+04 2.357594123328545174e+04 1.897614374717902683e+05 -5.414986152667085662e+03 -3.661700693933924867e+03 -2.897376394089772930e+03 2.477449742554005752e+03 9.998395522900777905e+02 3.754282992286745753e+02 6.635182296466126672e+02 3.999887485670387832e+02 6.537490535408207961e+02 2.108210751024950298e+02 1.312719565819490413e+02 -1.281974017111004684e+02 -1.763440902481821411e+02 -8.789275252299562453e+02 4.493810649687981140e+01
-1.511287236583492086e+04 8.486683834653133090e+03 -1.237388749151816683e+03 4.540922786139350501e+04 -5.115738715962448623e+03 -3.685837198679160792e+03 -4.304953160245588037e+02 4.697085579861080078e+03 1.684541774461458544e+03 5.875850517084875264e+02 -1.772258696579029902e+03 -2.347376881020206383e+03 6.721217422768901884e+01 1.531407338288836172e+03 -1.658709752131321920e+03 1.665093781544951753e+03 -1.701799886250013515e+03 -1.024025789886641860e+03 -5.077066893470631612e+02 2.468713841955797363e+02
-9.224959278853815704e+03 1.427856114510428779e+04 2.202338596264701118e+04 1.187556231917744981e+03 -1.488351943149442150e+03 -2.880884414825659974e+02 -6.579490286129571359e+02 1.149557121653806689e+03 -7.291569674622132879e+02 -7.090045525352834375e+03 1.458217907701862896e+04 3.827704642256250736e+03 1.913276835515212895e+02 1.457746332927305843e+02 -1.197805525696049642e+02 -3.200646224635405019e+02 -1.378592346793607248e+03 -3.058445199520629103e+02 3.997137344031985435e+02 -9.192354132829707396e+02
-9.307834653320023790e+02 7.767005641888894388e+03 1.151800791761348046e+04 1.470294213460160063e+04 -3.376133345113347332e+03 -2.463625562882936265e+03 -5.955894205244056820e+02 -2.394335846663131088e+04 -3.773548162473113280e+03 4.763523044397462627e+02 -9.627902127281022331e+02 2.208923112872099864e+03 -3.202846181270604831e+01 -1.347197784902629792e+03 1.514037050005308174e+03 -1.087116844480581449e+03 1.306277017376167578e+03 4.212024863905029974e+02 2.174300434561338022e+02 2.320198572224409872e+03
-4.663154090617135080e+04 1.322337129896649276e+04 -1.511686673610302569e+04 1.652580816961466189e+04 1.136068682859456885e+03 1.254675433100017869e+02 -1.023684938396249436e+03 1.940646235919814353e+04 -1.310670371739367147e+04 -1.151855455246822930e+04 -1.369061267257512554e+04 5.819991839241365960e+04 -3.927909097238592803e+05 1.540988055809547768e+04 1.147389863230370247e+04 5.970635563755138264e+02 1.182120517490024213e+04 -4.082553702348524439e+03 1.087561933958686132e+04 -9.596982902184366822e+02
-3.390361032988087391e+04 7.461490853905177210e+04 1.565464070198635163e+05 6.688038500037605409e+05 9.269461209923577553e+04 7.429178814210163429e+06 -7.226347487304396054e+04 -6.452495208701075753e+05 2.697222315995696001e+06 -1.839428319571936736e+06 -9.099011106334049255e+05 4.952719504703676794e+05 -1.449154183666315657e+04 -1.352397542225514771e+06 -1.006791201424730825e+06 1.677897437323605482e+04 5.029670213864884863e+04 3.157114726211919697e+04 3.748489633779013529e+05 3.634773474928404903e+04
-1.063414684442356702e+04 1.064480298794560076e+04 1.576015765569190444e+04 2.431435815428072601e+03 -7.052410954734464212e+02 1.756194753026774720e+02 7.572145626156094522e+02 4.367650828374326011e+03 1.068462614651344751e+02 -4.330283852391348773e+02 7.612588393666868569e+02 -5.666137546494705930e+03 -9.833110999143831350e+02 -1.531645570523599963e+04 1.313767276326658248e+04 3.953747431355088793e+03 -8.669567035598813618e+02 1.280256475230431477e+02 9.397704949200302735e+02 4.269489196004739711e+02
-2.605790986391878687e+04 3.059518657470013932e+04 5.174798370039677684e+04 1.137260246665271843e+05 1.244318676415069422e+04 9.622879075466409558e+05 -2.066670492589511014e+03 7.681010031601080300e+03 -1.570183902286574885e+05 1.334595354124090518e+05 6.410762744667989318e+04 -4.776249810196685576e+04 2.579757570038313588e+03 1.586160011764561059e+05 1.185758360893372010e+05 -8.334373136251941105e+03 3.151009836754216849e+03 -1.017282168188901596e+04 -7.545639876167942930e+03 -1.400488022076289781e+03
-2.305788010376315287e+04 4.730911173633376166e+03 9.982376142504856034e+03 1.735679258321794123e+03 -9.502885592808686397e+02 -4.573418297470864218e+02 -1.296286233337087106e+04 2.943548021720328052e+03 -2.047871799934966475e+03 -3.059278969021113426e+03 -7.084850302322641255e+03 -7.276073401867873145e+03 -1.889616858657871035e+03 -5.458929519259105291e+03 6.094974666713043916e+03 -3.727853167438229138e+04 -2.535729747856512040e+04 -2.321502714356131776e+02 -7.316459038772572967e+02 -6.114045661959944056e+01
-4.767548305796270142e+03 3.820265497839689033e+03 5.882852187815054094e+03 9.078452701696693111e+03 -1.832392200821182087e+03 -1.368817546753299212e+03 1.567935185140624981e+03 -8.772093293561450992e+03 -6.534035724982846887e+02 1.475370608108479928e+03 -2.026678165039400255e+03 -2.179888303613982998e+02 -3.319709629109298987e+01 -3.141049737060455982e+02 1.917288292266098892e+02 -1.682614772840042505e+01 6.397124238760476089e+01 1.269746807827668817e+02 -3.441774671567024768e+00 -2.128873086844702812e+03
4.574485696114042184e+03 1.901528248685870130e+04 2.013472448018287469e+04 -3.233932901358201434e+03 -3.402244683171141332e+03 -4.997517687233452648e+02 -5.521276449066204805e+04 7.098168049215511246e+02 1.077787440194289502e+03 2.455497775198904037e+03 -4.127705909881779917e+03 -3.172315413320048378e+02 2.917456637777181641e+02 1.530189294187976429e+03 -1.499423886377524582e+02 4.872319372003343233e+03 3.344707291829568931e+03 6.935337568747760315e+02 -1.124535697659420521e+03 -7.270802099759500834e+02
-3.899738810093760549e+04 3.503548447493504500e+04 -2.144016719446870047e+04 -3.188870265079478486e+03 5.584045944422706270e+03 2.173449765306623704e+03 1.151342156664123650e+03 3.596155526314305916e+03 -4.064578714837629377e+04 -5.065903085289775481e+04 -2.237532000558001164e+04 -5.887363412102640723e+03 2.590048057702748793e+03 4.787506413832677026e+03 1.967211550628097257e+03 2.802960023569729856e+03 -8.576782352697604210e+02 -7.192773748954681423e+02 -2.969387112602873003e+03 -1.530399573138438882e+03
-3.861113108244989689e+03 1.554848749235148898e+04 2.235960635581086899e+04 -2.985960508217899587e+03 -1.032896131357291551e+03 -2.721695810320189821e+02 1.237027878331049578e+03 1.839516469270806738e+03 7.999802013866847119e+02 8.626168793677576332e+02 -2.250274965252134734e+03 -5.213341622142746701e+02 8.137615992839114298e+00 8.565503165971862245e+02 -7.313974092117919099e+02 6.395624630537936639e+01 2.169137663972288976e+02 9.302466419007722198e-01 9.402771410395651230e+01 9.544052618725959292e+01
-1.062553572711499328e+04 3.405978925389397773e+03 1.362508716943498484e+03 8.769792752013850986e+03 -6.522025536568244206e+02 -1.075858027314546234e+03 -1.343276475183568891e+03 3.004067274742055815e+03 2.885009834722147843e+03 -5.611232632486816328e+03 9.346907828517370945e+03 -2.358281821843575744e+04 -4.245251922597745761e+03 -3.232128312841832667e+03 -8.723079511546375215e+02 -2.483290123497549212e+04 3.803242311143277766e+04 2.199885857416361978e+04 -3.511339752994399987e+03 -2.635985456530624560e+03
-3.900466341911553900e+04 3.973649356091021036e+04 -2.612148564592789262e+04 2.996971359249312445e+04 -2.470009998590574014e+03 -1.227267077637139892e+03 1.216977961801485662e+03 2.309539286987132436e+04 -1.383913614398057689e+03 2.284006991763248152e+03 -8.803826224964252106e+03 3.881570862139883684e+04 9.003043590730920187e+03 -4.801038515121881289e+01 1.225541845702463434e+04 -5.585414161146089100e+03 5.217588769758551280e+03 8.304457632034573180e+03 2.926714242245372589e+03 -2.841660251265164447e+02
-5.630936628751298122e+04 3.610913197729537933e+04 -3.314322564631346177e+04 3.076792057652896256e+04 -2.345575232950093323e+03 -2.706608237688161353e+03 -2.760759933571595752e+02 1.228818602825138623e+04 5.536558288234297834e+03 -3.136806983242217939e+03 6.186339069702485176e+03 -1.185175178170742220e+04 -9.927033386746360293e+02 2.762529751656380540e+03 -2.845304936135238677e+03 -1.398661117308269922e+03 3.127556296007586297e+03 -1.623987619508765192e+03 5.258427642650450480e+02 8.182120921514577958e+02
-2.755223126238314580e+04 3.503690121228285079e+03 1.290198466324182664e+04 5.733507782618351484e+03 1.710903603352448272e+03 2.660816315720121565e+04 -2.807726136770141693e+03 1.172508525365879723e+04 -4.736379755310161272e+04 2.073293720616986320e+04 4.606330308506660913e+03 -6.053465086091596277e+02 1.431426925977032738e+02 -2.280022826565543437e+04 -2.277610202255301920e+04 -5.549387424512129655e+03 8.487713225193776452e+03 -1.024421188162712679e+04 5.347583247523584760e+03 5.539298431079537295e+02
