2.097412349363566318e+04 -3.083659308660383431e+03 -3.383832729388474945e+03 -4.293179666879732963e+02 1.626559917798572030e+02 9.530450163375655848e+01 -9.632152314383291980e+01 2.136168636151586497e+02 5.136390940217826717e+00 -4.407463791721041702e+01 1.117807584023738627e+02 3.971626646161817575e+01 3.996120352350985616e+00 7.559127520139514722e+00 -7.724430209863775154e+00 8.520690347750278448e+00 -3.263997688043218659e+01 -2.454414955922001695e+01 5.388551233988828848e+00 1.563686742336537039e+00
-4.931862416524787113e+04 -1.549766446953040577e+04 1.620734115003731119e+02 -1.169273385208862010e+03 8.619293552074584142e+00 1.031015284520279778e+02 -4.375903984721380766e+02 1.232543002190368213e+02 2.941262650801887801e+01 7.818396752152189322e+01 -1.324691215668205473e+02 1.964831224983220181e+02 1.939483369039725957e+01 1.301086648954104135e+02 -6.100272145424657566e+01 1.075234189976728061e+02 -3.644657122656897741e+01 -1.404518546204804785e+01 7.784844419399654214e+00 5.346290410817096017e+01
-4.259698103579567396e+04 3.583608641156650992e+04 -2.623348481065970918e+04 -5.086269331022226652e+03 9.139485633491771068e+02 4.977966934212189472e+02 1.711969609590150640e+03 -2.142189683150273140e+03 3.128826136118015029e+02 8.220012189818658044e+02 1.134490947271277719e+03 -9.549281400664538921e+01 -2.089240477918061458e+02 -5.187283734713121248e+02 7.148611225766893895e+00 1.262750167105492949e+02 -3.186289094769419421e+02 -9.880981969570066781e+01 -1.317335090507814357e+02 -6.160580332701697159e+01
-1.664009143320561998e+04 1.011972774269526053e+04 1.341556803730270440e+04 4.388157172392561733e+03 -3.324435500361511231e+02 1.039520077349479652e+04 -1.052078178770949307e+04 6.119185758226585676e+03 -1.758292883292507759e+04 6.082270404239629897e+03 -2.751246302306886719e+03 -5.997343567527947926e+03 -1.557125960306135767e+03 -9.885100722463292186e+03 -3.173159688060208282e+03 -2.388542255988989564e+04 -1.668906077467367140e+04 5.731221402099297393e+02 -2.241714985792398693e+03 -1.243730473096957354e+02
-2.619049954532285483e+04 3.076044029885349300e+04 5.236561256258373760e+04 1.151358106576760474e+05 1.225009985498414426e+04 9.756431548361554742e+05 -1.900738028727709207e+03 6.496120311085193862e+03 -1.482573841354021279e+05 1.289267592018998694e+05 6.271134897237466794e+04 -4.525726021794098051e+04 2.422573317480699643e+03 1.548539446961710637e+05 1.172244992524775444e+05 -7.808013573960165559e+03 2.610881958305647004e+03 -1.212155553393955051e+04 -2.174702336601963543e+04 -2.104000212520248169e+03
-9.307834653320024927e+02 7.767005641888896207e+03 1.151800791761348228e+04 1.470294213460160427e+04 -3.376133345113346877e+03 -2.463625562882935355e+03 -5.955894205244056820e+02 -2.394335846663131451e+04 -3.773548162473113280e+03 4.763523044397462058e+02 -9.627902127281022331e+02 2.208923112872100319e+03 -3.202846181270605541e+01 -1.347197784902629792e+03 1.514037050005308174e+03 -1.087116844480581221e+03 1.306277017376167805e+03 4.212024863905029974e+02 2.174300434561337738e+02 2.320198572224410327e+03
-1.511391695546833762e+04 8.487644120184513667e+03 -1.237609701883798380e+03 4.540919367732639512e+04 -5.115673786075109092e+03 -3.685621256101061135e+03 -4.308373432351711472e+02 4.697972522820336962e+03 1.683575576145211926e+03 5.873901978407324123e+02 -1.773327317883351043e+03 -2.343595291312977679e+03 4.858304575714619489e+01 1.531816698031545002e+03 -1.657984469000651643e+03 1.664701893993192471e+03 -1.702056806321780869e+03 -1.024075142308032582e+03 -5.073420811327620186e+02 2.451902188965579512e+02
-3.567191491123204287e+03 1.348109993916941312e+04 2.021341859141982786e+04 -2.546316919008939294e+03 -8.884531699673352705e+02 -1.633233496077043583e+02 2.789673730461785453e+03 1.558918630640983110e+03 6.753392930144677848e+02 8.823155874683970978e+02 -2.229786694661501315e+03 -5.817489236276707061e+02 4.568852561641377763e-01 9.539730888609994963e+02 -7.517920387187144797e+02 2.943740044963118407e+01 2.073275406334954596e+02 6.999558406891853224e+01 -7.031526637312958883e+01 7.918872948436171555e+01
-2.514086654400046245e+04 4.909203292835981847e+04 -7.709633574977061471e+03 -9.631593201320421940e+03 -5.031384411551353537e+02 4.469992096573822664e+02 -5.711006360600342305e+03 -5.056460258038363236e+02 8.093624507219958559e+02 2.232558915547233028e+03 -2.562620696297935410e+03 2.917710423508403892e+02 3.296940362640542332e+01 9.286870892098219201e+02 -1.004078110499768968e+03 6.092121272632938371e+02 -4.296040829404562373e+02 -4.084319794427649413e+02 -6.077054806940404319e+01 4.335064878359020781e+02
-1.599204637722330335e+04 1.606381060783341673e+04 2.911381068997413240e+04 2.360156341109944333e+04 1.898370049643293023e+05 -5.431179376864677579e+03 -3.662485222863794661e+03 -2.899974254009067863e+03 2.495310042950028219e+03 9.939052863039005388e+02 3.864380311538135402e+02 6.445361593536250666e+02 3.881910632698268273e+02 6.583582828137300567e+02 1.582127598879973220e+02 2.196286605933799478e+02 -2.661560754331339922e+02 2.789317846846636684e+01 -9.293280901974983408e+02 4.466248500835148150e+01
4.544498692353958177e+03 1.902615645036217393e+04 2.013974035260995879e+04 -3.227087163680497724e+03 -3.397407612018940199e+03 -4.724231122487065591e+02 -5.511026420705131750e+04 7.232063326696443255e+02 1.013900652202921037e+03 2.480024842346309470e+03 -4.131011215840997465e+03 -3.286028667424794776e+02 2.897550664107758962e+02 1.482536458941719275e+03 -1.880105105299774664e+02 4.850669653107074737e+03 3.330792014160034341e+03 6.873670406279510416e+02 -1.108833281960174645e+03 -7.850759264052848039e+02
-3.390361032988087391e+04 7.461490853905177210e+04 1.565464070198635163e+05 6.688038500037605409e+05 9.269461209923577553e+04 7.429178814210163429e+06 -7.226347487304396054e+04 -6.452495208701075753e+05 2.697222315995696001e+06 -1.839428319571936736e+06 -9.099011106334049255e+05 4.952719504703676794e+05 -1.449154183666315657e+04 -1.352397542225514771e+06 -1.006791201424730825e+06 1.677897437323605482e+04 5.029670213864884863e+04 3.157114726211919697e+04 3.748489633779013529e+05 3.634773474928404903e+04
-5.630839535403318587e+04 3.610795694324492797e+04 -3.314202369132756576e+04 3.076761407984823745e+04 -2.345484547562866283e+03 -2.705531036174183555e+03 -2.761953340639335579e+02 1.228851914397654764e+04 5.534041905269864401e+03 -3.135985058004831444e+03 6.186524368382113607e+03 -1.185175234394679683e+04 -9.927440614420248721e+02 2.761023253356760961e+03 -2.846936568810277095e+03 -1.398819466050639903e+03 3.127719131250431474e+03 -1.623964521156039154e+03 5.261427585948646310e+02 8.182176708206235389e+02
-1.067435489528060862e+04 1.064936000521750248e+04 1.574182099573090636e+04 2.440801676477895853e+03 -7.062233454474105656e+02 1.883437709407086516e+02 6.856664983460685789e+02 4.381280395194994526e+03 9.996402653682764594e+01 -4.198190000448776686e+02 7.511402785482467834e+02 -5.714455749751276016e+03 -1.007428363221663517e+03 -1.524984773238897287e+04 1.309151246797772183e+04 3.869843857486448996e+03 -7.686718171645715074e+02 1.152111832641408569e+02 9.332142371636598455e+02 4.125702736821261851e+02
-4.778851251000622142e+03 3.819930238286477561e+03 5.886132345132708906e+03 9.068753610226987803e+03 -1.830937897013744305e+03 -1.367657851823815690e+03 1.566616590202012731e+03 -8.762053152116264755e+03 -6.534530470127887156e+02 1.471984393797159555e+03 -2.026617524479341228e+03 -2.205560390206776162e+02 -3.379559249913945251e+01 -3.141200857739315779e+02 1.919646136242710384e+02 -1.815249023328360067e+01 6.606419447636311304e+01 1.284579622187755206e+02 -2.063383175826306815e+00 -2.119392101189834648e+03
-9.225896123048716618e+03 1.428346528703340846e+04 2.202732777888670535e+04 1.185211552983521415e+03 -1.487747689782330099e+03 -2.834205039802836268e+02 -6.595294516763503907e+02 1.149791702241470148e+03 -7.305735614527370672e+02 -7.084733468823580552e+03 1.457548572369328031e+04 3.825445075440215533e+03 1.912930894085259013e+02 1.487609012646776705e+02 -1.195723376648376899e+02 -3.190088155348844907e+02 -1.378310547528018560e+03 -3.051527396804374348e+02 3.964115367526773639e+02 -9.180984530153435799e+02
-3.899900102439538023e+04 3.980242542605542258e+04 -2.619893846620495242e+04 3.001332376765889421e+04 -2.470520397827070155e+03 -1.229779049138875962e+03 1.202986338235518133e+03 2.305040042351013471e+04 -1.345029514877308202e+03 2.250120639495803061e+03 -8.748327591639243110e+03 3.850659734983980889e+04 8.760580342756686150e+03 4.359422201992556722e+01 1.203394502586603085e+04 -5.285581879265398129e+03 4.779948678253851540e+03 8.589979388903968356e+03 2.928786069947034321e+03 -2.650728321630551250e+02
-1.056224155952647925e+04 3.360112256215484194e+03 1.323139997198079527e+03 8.766105450613571520e+03 -6.478103055772702419e+02 -1.074826941985757458e+03 -1.289203516853181554e+03 2.976305951448616270e+03 2.878451660946780521e+03 -5.623554076564499155e+03 9.374860488737558626e+03 -2.359126912514082869e+04 -4.250446519277749758e+03 -3.234064190836110811e+03 -8.752684355160816949e+02 -2.487926527184852966e+04 3.810456356678956217e+04 2.205379277247959180e+04 -3.529848716041952684e+03 -2.644492609187642302e+03
-3.899218938257222908e+04 3.503117713265878410e+04 -2.142084236065460209e+04 -3.168776908330948118e+03 5.579876836719461608e+03 2.196340580716301247e+03 1.150118620217366697e+03 3.610364825340357584e+03 -4.067352881618795072e+04 -5.063289180009177653e+04 -2.237252388724851698e+04 -5.879112533925609569e+03 2.588752300084158378e+03 4.761375624266986961e+03 1.936435628838664798e+03 2.803320305168138475e+03 -8.584582490915747712e+02 -7.168576601216080917e+02 -2.967375148773502588e+03 -1.529500839688122824e+03
-2.103161681935171509e+04 1.065287047036638796e+04 2.153945914044160236e+04 6.716313056124578225e+02 2.961592154995615147e+03 1.598955199898199498e+04 7.253549622572967337e+02 1.403855689659763448e+04 -3.357886976593182771e+04 2.065585332510895387e+04 -2.619719544954126036e+02 2.279317525024382849e+04 6.671984964977518757e+03 -3.133481337961603276e+04 1.021894661212339088e+04 -4.915281570829263364e+04 7.729276505809192895e+04 -1.212806405718878086e+05 -2.150581347121464205e+04 -1.398499704837717445e+03
-3.937153958005670574e+04 9.400567375560969595e+03 2.847170868239001720e+04 -7.704187854615644937e+03 -4.774978464673319650e+03 6.019810164568499431e+02 -9.283654984462926222e+04 9.804378563949621821e+03 -1.180067871268931231e+04 -9.444628457886306933e+03 -3.087097540681488681e+04 -2.959314100704528391e+04 -1.036357618702884065e+04 -4.091347559392800031e+04 4.181658393500301463e+04 -5.402395853004804812e+05 -4.130519698641552241e+05 -2.224136468164364123e+04 -2.088010960122931283e+04 2.494672799212529208e+04
-2.341879027012045117e+04 2.206958177685131523e+04 9.647353921544499826e+03 9.506330332973813711e+03 2.100479198523890591e+04 5.079142394054331817e+04 -3.799518898635018104e+03 1.969266265575470607e+04 -1.256746222207217070e+05 2.229334777100222345e+04 3.117532477988991673e+02 -7.841411679896357782e+03 3.761670117571332867e+03 -4.940991865307795524e+04 -6.657722430907282978e+04 -1.781027062753418795e+04 2.119030900365093839e+04 4.665505819520508521e+04 2.531809988445394847e+05 5.866722383018878645e+03
-4.270995246445512021e+04 3.853337134130662889e+04 -1.305685270987302647e+04 8.948182895259166253e+04 1.721444113131969061e+04 6.048114935256012359e+03 -6.121323444818540338e+03 9.166888755406888959e+04 -9.117168330566122313e+04 -3.238563731692808142e+04 -1.089109171588628233e+05 3.366777107998142601e+05 -1.753575038815654349e+06 5.169042672895816213e+04 5.327377639451933646e+04 1.872048284643898296e+04 2.597243889273890545e+03 -1.544210239711481518e+04 2.546851304109377816e+04 -4.650725324470984924e+04
