2.097412349363566318e+04 -3.083659308660384795e+03 -3.383832729388474036e+03 -4.293179666879732963e+02 1.626559917798572599e+02 9.530450163375654427e+01 -9.632152314383294822e+01 2.136168636151586497e+02 5.136390940217826717e+00 -4.407463791721040991e+01 1.117807584023738627e+02 3.971626646161816865e+01 3.996120352350986504e+00 7.559127520139513834e+00 -7.724430209863776042e+00 8.520690347750276672e+00 -3.263997688043217948e+01 -2.454414955922002051e+01 5.388551233988831513e+00 1.563686742336536595e+00
-4.934475936319734319e+04 -1.550023319780506790e+04 1.690516854412660166e+02 -1.162410894060993542e+03 7.543844200552898727e+00 1.049716443814634488e+02 -4.297145330615581997e+02 7.076318000668976538e+01 1.121329949561878259e+01 9.463399488778030388e+01 -1.555101176242792747e+02 1.915796513480001693e+02 6.657934522421179224e+01 1.156091130384786538e+02 -6.392385391909158443e+01 1.128200261070773678e+02 -5.157458692406724765e+01 1.050456970295960879e+01 -2.404276291732325710e+00 -6.485859681570846078e+02
-3.525836790355787343e+03 1.348379071956395092e+04 2.022536361903983561e+04 -2.558455183289276647e+03 -8.882794139515725647e+02 -1.626475464616835325e+02 2.833808819092953854e+03 1.544631108409106218e+03 6.825896132738649840e+02 8.996742684157957228e+02 -2.220376448792635529e+03 -5.462869314867020876e+02 3.215021963146139861e+00 9.610351261189233583e+02 -7.674404075525028475e+02 4.831319264432480054e+01 1.765424797196562281e+02 6.196489643210941978e+01 -6.677188098099566105e+01 8.890817782590485763e+01
-4.259638010716330609e+04 3.583738160824045917e+04 -2.623383147306365208e+04 -5.088318092456485829e+03 9.140176342258499744e+02 4.979113314044204230e+02 1.712219413393838295e+03 -2.144388338869508061e+03 3.138628318449418657e+02 8.232791480183295789e+02 1.135566806798682592e+03 -1.011577924905814143e+02 -1.660205885813216753e+02 -5.205352999932201783e+02 5.891591250238177757e+00 1.265642113057114955e+02 -3.202925389847528663e+02 -9.832703639252768824e+01 -1.331716482444697647e+02 -6.166759931539731099e+01
-2.570614671906301373e+04 4.029092083315616037e+04 6.967974290460014890e+04 1.572856897340403521e+05 1.432056433014665890e+04 1.389877671900089597e+06 -5.446533446993940970e+02 -2.114988294626097922e+04 -1.923373781504831277e+04 4.070838081621038145e+04 3.244888549323334155e+04 -1.904125477706850870e+04 7.583706053225996584e+02 9.531333012029426754e+04 6.255143490780355933e+04 2.344044203369263414e+03 -1.285974668807403214e+04 8.645209364950704185e+03 -5.322219317123110523e+04 -5.698104406302144525e+03
-9.307834653320026064e+02 7.767005641888895298e+03 1.151800791761348046e+04 1.470294213460160063e+04 -3.376133345113346877e+03 -2.463625562882935355e+03 -5.955894205244056820e+02 -2.394335846663131451e+04 -3.773548162473112825e+03 4.763523044397461490e+02 -9.627902127281021194e+02 2.208923112872100319e+03 -3.202846181270605541e+01 -1.347197784902629792e+03 1.514037050005308402e+03 -1.087116844480581221e+03 1.306277017376167805e+03 4.212024863905029406e+02 2.174300434561338022e+02 2.320198572224410327e+03
-1.598624489012264712e+04 1.606097789836023185e+04 2.910548574719062162e+04 2.356752467558304852e+04 1.897995866340152570e+05 -5.458463608848826880e+03 -3.660640284221216007e+03 -2.934987016453025717e+03 2.598368575149552726e+03 9.291085481961090409e+02 3.593016618522657382e+02 6.165181034849132402e+02 3.924215866429696575e+02 7.663208862010407074e+02 2.645901355705678384e+02 1.967933409083700269e+02 -2.329097819392670203e+02 -1.900309257958944675e+00 -7.877274633481366664e+02 4.867308871698831751e+01
-1.511837559537779634e+04 8.490451612112878138e+03 -1.225994558562545990e+03 4.539657891898740490e+04 -5.113121414233493851e+03 -3.665739168528815753e+03 -4.310708376834370483e+02 4.709056942863407130e+03 1.649541386500939325e+03 6.018403503351694326e+02 -1.771834487111909993e+03 -2.340914615920646611e+03 6.640150751742191915e+01 1.509863638118351901e+03 -1.683232391897417074e+03 1.663651696530144591e+03 -1.700822913025888965e+03 -1.019513891828632040e+03 -5.029957999500289247e+02 2.463865811367587924e+02
4.408711104323148902e+03 1.906946492615738680e+04 2.016426599451015863e+04 -3.210269595177971041e+03 -3.391146898627931932e+03 -3.956539305149819370e+02 -5.503348928923651692e+04 7.850413835602446397e+02 8.417712964769731343e+02 2.552513684217537957e+03 -4.160118549554230412e+03 -3.585737444661835411e+02 2.814672617522166433e+02 1.358057041651698455e+03 -2.973785004159328764e+02 4.740038479566116621e+03 3.251939650955250272e+03 6.777706401576688222e+02 -1.084710874375073900e+03 -7.773727980562450739e+02
-9.225316428081698177e+03 1.428309437157904540e+04 2.202768768677276967e+04 1.185233022603424843e+03 -1.486697588418785017e+03 -2.801387729472282331e+02 -6.580787289481405651e+02 1.150177879648760609e+03 -7.350233643653206173e+02 -7.082500589015687183e+03 1.457618523122712577e+04 3.826549002276653937e+03 1.913837881283687636e+02 1.473401354730069954e+02 -1.219763622347810639e+02 -3.181503070768076213e+02 -1.379839150275236989e+03 -3.052531502269636690e+02 3.952071109442849206e+02 -9.181371337241217816e+02
-5.630591647527588793e+04 3.611512547517890926e+04 -3.314478669655144040e+04 3.076981357937916255e+04 -2.345689628035483565e+03 -2.705744890231759655e+03 -2.763783307733555148e+02 1.228880955752234513e+04 5.534123558956146553e+03 -3.136115351243478926e+03 6.186111173416662496e+03 -1.185268678687907050e+04 -9.929330138077754100e+02 2.760845918593892293e+03 -2.846770774003509359e+03 -1.400821610110912388e+03 3.125940404556630710e+03 -1.624227283045496051e+03 5.261043240078709005e+02 8.129599337615150034e+02
-2.514086654400046245e+04 4.909203292835981847e+04 -7.709633574977059652e+03 -9.631593201320421940e+03 -5.031384411551354106e+02 4.469992096573822664e+02 -5.711006360600343214e+03 -5.056460258038363236e+02 8.093624507219958559e+02 2.232558915547233482e+03 -2.562620696297935410e+03 2.917710423508403892e+02 3.296940362640542332e+01 9.286870892098219201e+02 -1.004078110499769082e+03 6.092121272632937234e+02 -4.296040829404562942e+02 -4.084319794427649413e+02 -6.077054806940403608e+01 4.335064878359020781e+02
-3.390361032988087391e+04 7.461490853905177210e+04 1.565464070198635163e+05 6.688038500037605409e+05 9.269461209923577553e+04 7.429178814210163429e+06 -7.226347487304396054e+04 -6.452495208701075753e+05 2.697222315995696001e+06 -1.839428319571936736e+06 -9.099011106334049255e+05 4.952719504703676794e+05 -1.449154183666315657e+04 -1.352397542225514771e+06 -1.006791201424730825e+06 1.677897437323605482e+04 5.029670213864884863e+04 3.157114726211919697e+04 3.748489633779013529e+05 3.634773474928404903e+04
-8.032216779553486958e+03 1.688332560014798946e+04 2.618552512434465098e+04 1.531882122767195688e+04 7.595206710427847611e+03 1.493426408682925685e+05 9.284833242265541458e+02 1.199236550459899445e+04 -9.137168819179244747e+04 7.387783614372117154e+04 2.952789781625700925e+04 -3.106905161720928663e+04 7.394944269259218572e+02 6.915871556846726162e+04 7.131031150626447925e+04 1.790273552542678090e+03 1.063285334003320258e+03 -5.142295617753921761e+03 -5.070971106102422709e+03 1.515404369903087172e+03
-3.899960757603239472e+04 3.979202826516005007e+04 -2.618374591169104315e+04 2.998700750872414574e+04 -2.465035096929163501e+03 -1.218551331130439394e+03 1.200129638388874127e+03 2.304832284901588355e+04 -1.359904227826853685e+03 2.266076059595114202e+03 -8.734225561220537202e+03 3.850349013289713912e+04 8.930783924102997844e+03 2.918142286920283546e+00 1.202902538720416487e+04 -5.316405157416026668e+03 4.799467007343128898e+03 8.632459524675070497e+03 3.022104333672719349e+03 -2.648253743997049128e+02
-3.892425168901809957e+04 3.510927388908706052e+04 -2.131784293533847813e+04 -3.125262465747488477e+03 5.667040231466955447e+03 2.585666532931908478e+03 1.098038452893567637e+03 3.766761551638090623e+03 -4.176430121442044037e+04 -5.018437914213877229e+04 -2.231404957413018201e+04 -5.952225724760758567e+03 2.610726807109984748e+03 4.224483151578631805e+03 1.052311609849852402e+03 2.681592371634049414e+03 -7.061742009535000761e+02 -4.776701107372014690e+02 -1.014035567025818750e+03 -1.460702105532943278e+03
-1.176805932278577347e+04 1.067739586789357963e+04 1.529779373048888738e+04 2.559515741047900065e+03 -6.783406124846936791e+02 6.409515014154836763e+02 -1.492607276276666425e+03 4.538674399438691580e+03 -1.522874900849065398e+03 -3.661071232764258525e+02 -2.508667404890566957e+02 -6.100953329763362490e+03 -1.093060745099805445e+03 -1.388940901268848393e+04 1.041544018791996132e+04 -1.212858471177823503e+03 -2.675855501159086089e+03 3.148495775428643242e+02 1.205921957400101292e+03 2.308264929017529425e+02
-4.663154090617135080e+04 1.322337129896649276e+04 -1.511686673610302569e+04 1.652580816961466189e+04 1.136068682859456885e+03 1.254675433100017869e+02 -1.023684938396249436e+03 1.940646235919814353e+04 -1.310670371739367147e+04 -1.151855455246822930e+04 -1.369061267257512554e+04 5.819991839241365960e+04 -3.927909097238592803e+05 1.540988055809547768e+04 1.147389863230370247e+04 5.970635563755138264e+02 1.182120517490024213e+04 -4.082553702348524439e+03 1.087561933958686132e+04 -9.596982902184366822e+02
-4.752735394081208142e+03 3.815868074360956598e+03 5.883739559336893763e+03 9.077772246458716836e+03 -1.836612852987241695e+03 -1.369087057640370176e+03 1.577668682517183925e+03 -8.787605998438544702e+03 -6.562756250786572991e+02 1.479130316811562352e+03 -2.029891755478986170e+03 -2.030947815488184744e+02 -3.064552360123530761e+01 -3.096532161497302127e+02 1.895484154010629538e+02 -6.434322846659271455e+00 4.880209592315628697e+01 1.218696553796695810e+02 -6.022329961197453230e+00 -2.129945172405481571e+03
-2.176738571090420737e+04 2.012609332779661054e+04 2.348920015095183771e+04 4.398995600722727977e+04 1.046289828626975213e+04 6.219750477793737082e+04 -3.815424003716778316e+03 5.437959328211745014e+04 -1.855885087427416584e+05 8.900705438575281005e+04 3.235857496744044329e+04 2.494286999685904084e+04 -3.882992885954023222e+03 -1.458875732535613352e+05 -1.637993630857940880e+05 1.964241642346765366e+04 -3.018729880398962268e+04 4.743786583587603673e+04 -5.791472678687261941e+04 -1.913815221867934724e+03
-2.621972091055244528e+04 2.613514881581036752e+04 4.349937446646324679e+04 9.368857873547117924e+04 1.157959308379255162e+04 7.655966159440543270e+05 -2.766798380618965439e+03 2.094322080141762854e+04 -2.203993303389177017e+05 1.761250665266604337e+05 7.867064874526530912e+04 -6.097427003142008471e+04 3.417595573807540404e+03 1.877352298622905219e+05 1.443470606328426802e+05 -1.324644511247769515e+04 1.051595783817521260e+04 -1.882911596343528799e+04 1.346557463956112042e+04 5.764155146676029062e+02
-9.253682826351070617e+03 2.577090182369799095e+03 6.518491795329929346e+02 8.600530607011509346e+03 -5.756064588109088618e+02 -1.026934693286174479e+03 -5.883657785017489914e+02 2.421815799197595879e+03 2.666498734140303441e+03 -5.796770407324191183e+03 9.839641740734759878e+03 -2.371431858232496597e+04 -4.343162418953447741e+03 -3.333523313535565194e+03 -9.729677288530556325e+02 -2.582462569145617454e+04 3.957444860612240154e+04 2.323996005856461124e+04 -3.703883983577587060e+03 -2.823871711730356765e+03
-4.845256914306637191e+04 -1.539772364425224805e+04 9.262794703768605586e+01 -1.396626108071483031e+03 3.487307073246066125e+01 1.389967178962168077e+02 -7.700058137965288552e+02 1.734768011473928027e+03 3.810305224440256779e+02 -3.213069829305813983e+02 5.637129319198238591e+02 1.616447998651926241e+02 -4.062590753575544227e+02 3.715375230835713296e+02 -1.283747798291520041e+02 -2.507098652234765552e+02 2.627231728221577214e+02 -7.532896003710567356e+02 3.083976255936449320e+02 2.131923760434319775e+04
-2.097319313853654239e+04 1.064905953118869911e+04 2.148240740527850721e+04 5.178864029924003489e+02 2.936638504587389889e+03 1.474919424102371522e+04 7.289203946651559818e+02 1.391549325909697654e+04 -3.274045458824700472e+04 2.009544451753974499e+04 -5.192785151175710325e+02 2.292567266740093692e+04 6.686883991191705718e+03 -3.136756146624918256e+04 1.030321142736166075e+04 -4.922698535452380020e+04 7.740916587499347224e+04 -1.214017493816451897e+05 -2.118813839266358264e+04 -1.391672489189046246e+03
