2.097410820638596488e+04 -3.083651341188239257e+03 -3.383823948083949745e+03 -4.293173442597713461e+02 1.626554099512552511e+02 9.530425673868450076e+01 -9.632725834550311106e+01 2.136171735194025700e+02 5.136454847240351285e+00 -4.407411343517496505e+01 1.117795373256349620e+02 3.971568798061181838e+01 3.996083281765989703e+00 7.558408048370258037e+00 -7.723923408523679868e+00 8.520577944246051416e+00 -3.263985133274339034e+01 -2.454397324158771454e+01 5.388636483464360971e+00 1.563488526725141936e+00
-4.933975130429644923e+04 -1.551245612040191008e+04 1.450576090503683986e+02 -1.177787316576357625e+03 5.976788882022573191e+00 7.235303330665063015e+01 -4.149176691786200877e+02 6.960524942679866456e+01 2.894318237009202903e+02 3.570253680326895278e+02 1.379330563261281384e+01 2.530793430137696021e+02 4.423411350445806534e+01 1.099070564139062043e+02 -6.273114369607928609e+01 1.157264331595210365e+02 -1.281300973101678053e+01 -1.200131021399778009e+00 5.554037928948299196e+01 4.890962940587439789e+01
-4.259634162077117799e+04 3.583739288687193766e+04 -2.623383516649831290e+04 -5.088388950059941635e+03 9.140220474214650039e+02 4.979174492120028503e+02 1.712223684878491667e+03 -2.144431387485427877e+03 3.139348559712389033e+02 8.234302600724897729e+02 1.135608171671090759e+03 -1.010936064691690319e+02 -1.660287003320450196e+02 -5.205704911358152458e+02 5.884656679423228454e+00 1.265527806230841463e+02 -3.203198508088585754e+02 -9.832905445853940307e+01 -1.331363306755185079e+02 -6.167000765551654951e+01
-3.525933944173364125e+03 1.348381504367112757e+04 2.022522042672801763e+04 -2.558624397988418878e+03 -8.884796552277092587e+02 -1.630462971181532055e+02 2.833618614850926861e+03 1.544413431093230884e+03 6.836004995564337605e+02 8.993940138413795466e+02 -2.220539726834041630e+03 -5.463548605748796945e+02 3.405158904716947710e+00 9.616189662933655882e+02 -7.668622428214544016e+02 4.839444309768127539e+01 1.764000307941711583e+02 6.246668376391428978e+01 -6.685125914862055652e+01 8.902404422162636877e+01
-1.511313614681941181e+04 8.486907225160528469e+03 -1.236795594491153452e+03 4.540856195658460638e+04 -5.115623488455383267e+03 -3.685757339314322962e+03 -4.309029969808637475e+02 4.698737695298364997e+03 1.685184571681870239e+03 5.872574699548083572e+02 -1.771526404934300672e+03 -2.348698945500982063e+03 6.733598093902769222e+01 1.531422034965449711e+03 -1.659283380750777724e+03 1.664310263003897489e+03 -1.700600840054533364e+03 -1.022354977793354806e+03 -5.075713556126312938e+02 2.514865070396875524e+02
-4.762887441202079572e+03 3.818235478934935145e+03 5.884643281170649061e+03 9.089667968582363756e+03 -1.836210073502685873e+03 -1.370551354084829654e+03 1.574527570172193009e+03 -8.800960884622907543e+03 -6.591191183407077006e+02 1.480430769259781300e+03 -2.034178316636257250e+03 -2.085258723556219138e+02 -3.139662441831071504e+01 -3.190599315732354171e+02 1.968601755161071196e+02 -1.084420383299049995e+01 5.143183307911606761e+01 1.263162695444527230e+02 -4.307763703029672264e+00 -2.146008320309722876e+03
4.592730426462421747e+03 1.900600051680396791e+04 2.012704772534474614e+04 -3.235280725064027138e+03 -3.399704925411855129e+03 -4.993410378309198450e+02 -5.514589398222546151e+04 6.945455948258718308e+02 1.076491305963960485e+03 2.460550426096049705e+03 -4.123981121143089695e+03 -3.070642056540786484e+02 2.922418198912506000e+02 1.521547448902840188e+03 -1.473347415526465340e+02 4.867058331312009614e+03 3.328236664409318109e+03 6.887914149382955884e+02 -1.115368416506465337e+03 -7.828689561313426566e+02
-3.390361032988087391e+04 7.461490853905177210e+04 1.565464070198635163e+05 6.688038500037605409e+05 9.269461209923577553e+04 7.429178814210163429e+06 -7.226347487304396054e+04 -6.452495208701075753e+05 2.697222315995696001e+06 -1.839428319571936736e+06 -9.099011106334049255e+05 4.952719504703676794e+05 -1.449154183666315657e+04 -1.352397542225514771e+06 -1.006791201424730825e+06 1.677897437323605482e+04 5.029670213864884863e+04 3.157114726211919697e+04 3.748489633779013529e+05 3.634773474928404903e+04
-9.225160129147383486e+03 1.428330514270190724e+04 2.202746709002180069e+04 1.185013257125081509e+03 -1.487656415010965020e+03 -2.833646181320823416e+02 -6.585661899962307189e+02 1.149635843268909866e+03 -7.308302580452133270e+02 -7.084903302883308243e+03 1.457594515445881370e+04 3.826466801232560556e+03 1.914493977537810565e+02 1.487813341286825448e+02 -1.196444715253982451e+02 -3.182747798674373598e+02 -1.379478828120453727e+03 -3.059110132337946197e+02 3.966440528533873362e+02 -9.180187220593350048e+02
-2.514085000264750852e+04 4.909204813840297720e+04 -7.709688315659048385e+03 -9.631832919926066097e+03 -5.031027261252896210e+02 4.470094015333711468e+02 -5.710507062517890517e+03 -5.060004780834922826e+02 8.094280394027580314e+02 2.232563918662058768e+03 -2.562319925319379308e+03 2.913400391931526769e+02 3.286634331433393896e+01 9.287954086483730407e+02 -1.004388933080081415e+03 6.099289350860997274e+02 -4.292194849202168143e+02 -4.085835683003257373e+02 -6.080868836023078927e+01 4.335206541564074314e+02
-1.599005173759028366e+04 1.606449683182626177e+04 2.911174101847278871e+04 2.358814438886517382e+04 1.898378987170042528e+05 -5.438797401356446244e+03 -3.662588968712910628e+03 -2.913579510301608479e+03 2.524257183354735389e+03 9.706151113102849877e+02 3.759509470213370719e+02 6.315257725149435828e+02 3.903469251426946016e+02 6.962994501469315765e+02 1.908944360487842857e+02 2.092481510047460915e+02 -2.511999336883459648e+02 1.997706319335148706e+01 -8.453897553611219564e+02 4.711080456556911145e+01
-2.565878459653392929e+04 3.358599089879604435e+04 5.708764951182202640e+04 1.265682710195328546e+05 1.246886401081194163e+04 1.079153712367501110e+06 -1.980573551790535021e+03 4.764847057562753889e+02 -1.227497470573359751e+05 1.130276360866224422e+05 5.791435668412647647e+04 -4.207963430240102753e+04 1.965142948199533976e+03 1.511315273015921994e+05 1.124061843004663533e+05 -4.768730042643173874e+03 -2.540931072747019698e+03 -4.865482070642618055e+03 -2.411280510591261191e+04 -2.560147508348170959e+03
-5.631545754330098862e+04 3.611865771597696585e+04 -3.315097628067329060e+04 3.077158617885302738e+04 -2.346084973362091660e+03 -2.706997657058085679e+03 -2.762883900543527034e+02 1.228828327045765218e+04 5.545121176601165644e+03 -3.124225150379086244e+03 6.192002619292085001e+03 -1.185068132952750420e+04 -9.939952735169409834e+02 2.760217980861104479e+03 -2.847472216596831004e+03 -1.400515368854549251e+03 3.126814772852536407e+03 -1.624010913416029780e+03 5.278064570779043834e+02 8.182302601766393764e+02
-1.109300359599665171e+04 1.074607722642782937e+04 1.567327969607844898e+04 2.447403671606497028e+03 -7.216607166045489521e+02 1.010074780416581746e+02 3.134384091373578940e+01 4.426303619293204974e+03 2.042454816451416661e+02 -7.257059222235970992e+02 4.331690182562115865e+02 -5.850142840251843154e+03 -9.822342513639897561e+02 -1.366035332516397284e+04 1.155752934307127725e+04 2.812767254966877317e+03 3.546570563132992504e+01 2.237760540484365777e+02 8.917279138958298290e+02 1.136980655187987423e+02
-9.127016915769789193e+03 1.707629530473652267e+04 2.636429753101472306e+04 1.831155873173538930e+04 7.801561809679133148e+03 1.699093073542120983e+05 6.805333341933890097e+02 1.310907151651133609e+04 -1.015164110055594210e+05 8.066004147733583522e+04 3.226947327618546478e+04 -3.205339046669653908e+04 1.070579923555991400e+03 7.684188111701449088e+04 7.106271667865445488e+04 -6.819528740801931690e+02 2.561355447304468726e+03 -6.233281414587079780e+03 -1.099578864610915844e+03 1.153237206289290270e+03
-9.176844205977505453e+02 7.771121523987844739e+03 1.152425132893456976e+04 1.469942987289061057e+04 -3.377204215384501367e+03 -2.463702714103499147e+03 -5.985895867199767508e+02 -2.394831186312307182e+04 -3.774133430638181380e+03 4.733135953970771652e+02 -9.548800747967916323e+02 2.218132045636179555e+03 -3.126082357692702018e+01 -1.337461399779675503e+03 1.506881239458710752e+03 -1.083131187414448959e+03 1.305465391678373862e+03 4.161870527583285480e+02 2.163139398427033200e+02 2.342136821853172478e+03
-2.102659870463813786e+04 1.064003270858150245e+04 2.150410253502818159e+04 5.686854895212137535e+02 2.939597282701742643e+03 1.491691976519155105e+04 7.231259203974443608e+02 1.402141509423597563e+04 -3.318656440015739645e+04 2.031951484559919481e+04 -4.045117435259440413e+02 2.295315607737719256e+04 6.671254081618819328e+03 -3.171924859420795110e+04 9.900334244076959294e+03 -4.915845986558578443e+04 7.730155497407708026e+04 -1.212697987041981687e+05 -2.147117523350410920e+04 -1.402526575390128528e+03
-4.663154090617135080e+04 1.322337129896649276e+04 -1.511686673610302569e+04 1.652580816961466189e+04 1.136068682859456885e+03 1.254675433100017869e+02 -1.023684938396249436e+03 1.940646235919814353e+04 -1.310670371739367147e+04 -1.151855455246822930e+04 -1.369061267257512554e+04 5.819991839241365960e+04 -3.927909097238592803e+05 1.540988055809547768e+04 1.147389863230370247e+04 5.970635563755138264e+02 1.182120517490024213e+04 -4.082553702348524439e+03 1.087561933958686132e+04 -9.596982902184366822e+02
-9.328148331881777267e+03 2.609159740628314012e+03 6.786870843853519091e+02 8.614220066360829151e+03 -5.838069736339907649e+02 -1.048872663830826696e+03 -6.186956109763951872e+02 2.442671367728466521e+03 2.743656909099263885e+03 -5.805410285011796987e+03 9.812677661389863715e+03 -2.371928300611666418e+04 -4.340528462277595281e+03 -3.272951246455395903e+03 -9.243214478653355854e+02 -2.575263915327541690e+04 3.946987746720399446e+04 2.311667641325190925e+04 -3.895580334392600435e+03 -2.815119993025486110e+03
-2.997906818532778561e+04 1.590449413568503587e+03 1.074962622167930022e+04 5.707382695779695496e+03 1.341153174650057053e+03 1.850972604156548914e+04 -3.523796389283579174e+03 1.153649043561905819e+04 -4.566486790740544529e+04 1.659549898265710726e+04 3.109977407150348427e+03 -5.090585722925249001e+02 -5.634885248129709225e+02 -2.872167814274493139e+04 -3.368160074871332472e+04 -9.608745917511782864e+02 8.315362583619837551e+02 3.426676060560939732e+03 9.502221829707064899e+03 6.967462235481893913e+02
-3.901895946081884904e+04 3.982380180171494430e+04 -2.625191061175998038e+04 3.003279783734227385e+04 -2.479396536413823924e+03 -1.273381869985846151e+03 1.212578499632202465e+03 2.304722636044783940e+04 -1.255334966055761015e+03 2.229524525448117402e+03 -8.749270227784016242e+03 3.853291193860804924e+04 8.939938351364462505e+03 7.085652087440976743e+01 1.210821564283447333e+04 -5.303144561509322557e+03 4.809105580886100142e+03 8.624294100669734689e+03 2.985772947020332140e+03 -2.666224733179009831e+02
-4.834559710530879966e+04 -1.505172349770140136e+04 6.403191590767661410e+02 -1.191727427933846457e+03 2.169356056374954846e+02 2.742969972701945949e+02 -9.271059531505625273e+02 2.918615407201418748e+03 -1.589568461574101821e+04 -2.506271162771063609e+04 -1.207667618399607090e+04 -3.720737602818228424e+03 1.064993895311564529e+03 5.794349423443726664e+03 3.362030077050587806e+03 4.721102695294604018e+03 9.293897256794620034e+02 -9.750343252516793200e+02 -4.672024589289349024e+03 2.630214234526719679e+02
-1.088619993337642154e+04 1.317526386142096999e+04 2.117236603755645410e+04 4.041711014244255239e+03 -5.259441840792405856e+02 6.075108892591435506e+03 3.246665308080390787e+03 1.386471470263610536e+04 -1.657775357397400512e+04 1.271832615328547035e+04 8.999109552614088898e+03 -3.711002903894228075e+04 -5.679937055062571744e+03 -1.089361498368091707e+05 1.247252232001722587e+05 5.592142791276628122e+04 -1.657627994533282981e+04 7.314047632459643864e+03 -4.732871350326958236e+03 1.832988135824754863e+04
-3.899864452090513805e+04 3.506784489531120198e+04 -2.146795685558975310e+04 -3.224122474579728987e+03 5.593654745423321401e+03 2.173043755566783148e+03 1.151634816131000889e+03 3.582220134258488088e+03 -4.067544098125961318e+04 -5.070039268544037623e+04 -2.240043533589407161e+04 -5.878295644929984519e+03 2.594572790658741724e+03 4.793093334346342999e+03 1.978045854178076297e+03 2.804321817431076852e+03 -8.680855707678804265e+02 -7.181615200334870224e+02 -2.966984871377209402e+03 -1.534094944378818809e+03
-2.305788010376315287e+04 4.730911173633375256e+03 9.982376142504856034e+03 1.735679258321794578e+03 -9.502885592808688671e+02 -4.573418297470864786e+02 -1.296286233337087288e+04 2.943548021720328052e+03 -2.047871799934966930e+03 -3.059278969021112061e+03 -7.084850302322641255e+03 -7.276073401867871326e+03 -1.889616858657871262e+03 -5.458929519259107110e+03 6.094974666713043916e+03 -3.727853167438229138e+04 -2.535729747856512404e+04 -2.321502714356132344e+02 -7.316459038772574104e+02 -6.114045661959946898e+01
