-4.935143806335283443e+04 -1.550602348173321298e+04 1.600161736733460600e+02 -1.168802528704258066e+03 6.668971530737680453e+00 7.217550705123254318e+01 -4.244494019731653225e+02 5.374774071115516705e+01 8.761526671813854250e+01 6.710194083988301372e+01 -1.610519074803953004e+02 1.955830470746971628e+02 6.784219040331358030e+01 1.605371475075806700e+02 -8.999343908162776629e+00 1.158746930391566252e+02 -5.557946453530703934e+01 1.175056065923636162e+01 -1.141811900880232500e+01 -6.518786084280419573e+02
2.097416118405954330e+04 -3.083686033628619498e+03 -3.383861872409236639e+03 -4.293180655754612189e+02 1.626579553801782652e+02 9.530514660356834611e+01 -9.630097367226818506e+01 2.136149150271877488e+02 5.135912086351543060e+00 -4.407667561891605601e+01 1.117852826697079394e+02 3.971796879609288311e+01 3.996203618983418249e+00 7.561155747079151723e+00 -7.725845736860383894e+00 8.520753660261132012e+00 -3.264029132454557214e+01 -2.454447110408313293e+01 5.388144103916125971e+00 1.564215464758898388e+00
-3.246163994227026706e+03 1.115766196862620563e+04 1.779725368302827337e+04 -2.048369124286597525e+03 -7.265103589956036103e+02 -3.903830262003280183e+01 4.519109692267952596e+03 1.245368248639056446e+03 5.349659090062669975e+02 9.048937074983222146e+02 -2.204081845609998709e+03 -6.551752026400697559e+02 -1.156750614462823812e+01 1.061054464666160129e+03 -7.716874122106747791e+02 -1.511240502586434431e+01 2.043101724364892959e+02 1.450063368140205284e+02 -2.555635379570192640e+02 5.757695373643457515e+01
-4.259631444725328765e+04 3.583729451054202946e+04 -2.623372181130040553e+04 -5.088300465445482587e+03 9.140144074274816148e+02 4.979086713305754870e+02 1.712223495844883701e+03 -2.144377971473623347e+03 3.138905701245014370e+02 8.233189374577367516e+02 1.135582495237114017e+03 -1.011544779432385894e+02 -1.660376491331105342e+02 -5.205543670958089706e+02 5.895024932745292823e+00 1.265524419244911059e+02 -3.202953419705488614e+02 -9.832885548153893751e+01 -1.330892266445836469e+02 -6.167357923602906311e+01
-1.511234494726200865e+04 8.486169706722537740e+03 -1.238991483991900395e+03 4.541388660750595591e+04 -5.116246103254678019e+03 -3.686223000316443631e+03 -4.308251028752065395e+02 4.696812278124287332e+03 1.684556629689745932e+03 5.873122208355250677e+02 -1.773183842414658102e+03 -2.347625613565029198e+03 6.709785504722671590e+01 1.531311171978105676e+03 -1.657841235930209677e+03 1.662039069764582564e+03 -1.704225262169115467e+03 -1.024303131999124162e+03 -5.073883039251426794e+02 2.454975332269785895e+02
-1.601194605781380233e+04 1.604655543998955545e+04 2.910208411149870517e+04 2.355535085032414645e+04 1.897231535771335475e+05 -5.434607046892208018e+03 -3.659754910944281619e+03 -2.918739327295363637e+03 2.551411367994172451e+03 9.584183388515582465e+02 3.588072605014223200e+02 6.485519004545556072e+02 4.020645744146718812e+02 7.236298070697183675e+02 2.844003606799047361e+02 1.188003285060741803e+02 -1.098783984086562526e+02 -1.982800346485568923e+02 -8.213803497696317208e+02 4.649665345456036647e+01
-2.616822528189834702e+04 3.997958258706459310e+04 6.688744001230015419e+04 1.541616326292478770e+05 1.397343721312475827e+04 1.349929952936184825e+06 -4.223105118531003654e+02 -1.881156450925032186e+04 -2.851686044578970541e+04 4.493683409294510784e+04 3.285855157428608800e+04 -2.050170992156245120e+04 8.557740923008425398e+02 9.892040396695958043e+04 6.612635793656930036e+04 2.140862191439744493e+03 -1.214237167663172295e+04 7.440528537850799694e+03 -5.170283399057832139e+04 -5.371913273006024610e+03
4.453154756655141682e+03 1.904891172312351773e+04 2.015107471961540068e+04 -3.228337601352250203e+03 -3.399485578304587762e+03 -4.986083973828629610e+02 -5.513866152503852936e+04 7.386479788665629940e+02 1.061631276470525336e+03 2.443502308081706360e+03 -4.188789945822510163e+03 -3.669658418704118503e+02 2.793236172306170033e+02 1.486943681794585700e+03 -1.105496749147967819e+02 4.624364833787999487e+03 3.168597897484421992e+03 6.870206424007327541e+02 -1.123764692102090521e+03 -7.254962387262514767e+02
-9.307834653320026064e+02 7.767005641888896207e+03 1.151800791761347864e+04 1.470294213460160609e+04 -3.376133345113346422e+03 -2.463625562882936265e+03 -5.955894205244056820e+02 -2.394335846663131815e+04 -3.773548162473113280e+03 4.763523044397462627e+02 -9.627902127281021194e+02 2.208923112872100319e+03 -3.202846181270604831e+01 -1.347197784902630247e+03 1.514037050005308174e+03 -1.087116844480581221e+03 1.306277017376167805e+03 4.212024863905029406e+02 2.174300434561338022e+02 2.320198572224409872e+03
-2.523637630163185895e+04 2.424365624481598206e+04 4.161363842558713077e+04 8.695157427582619130e+04 1.117663266013761677e+04 7.063780745055195875e+05 -2.764113307177141451e+03 2.260230236682546456e+04 -2.214598937697536312e+05 1.748180438117701560e+05 7.709141500135748356e+04 -5.860413887310848804e+04 3.221806697499413531e+03 1.743344925843168458e+05 1.333730282382578880e+05 -1.311887539248598296e+04 1.106765003815193995e+04 -1.899273510195903145e+04 1.350124708195314997e+04 7.630507450128779965e+02
-2.514073466591495890e+04 4.909081419914504659e+04 -7.708826816439718641e+03 -9.630566612823946343e+03 -5.030725190269316727e+02 4.469251774198257863e+02 -5.710898574188684506e+03 -5.049575355791572520e+02 8.093113427448386119e+02 2.232338881998280613e+03 -2.562632484956843200e+03 2.926903621176334127e+02 3.318558096429929094e+01 9.286375863448420205e+02 -1.003623449908921771e+03 6.083483845747599617e+02 -4.298212624413888534e+02 -4.081138144504946581e+02 -6.066382249871678312e+01 4.335002091523274999e+02
-9.229076343864104274e+03 1.427871200093224797e+04 2.202122040194172587e+04 1.187993669609408016e+03 -1.488689457283980801e+03 -2.875228873201913302e+02 -6.681780488874976527e+02 1.148988292059179230e+03 -7.307505242242742725e+02 -7.088988738705979813e+03 1.457278271291563942e+04 3.822648814466040676e+03 1.901518622299657579e+02 1.430893324175522991e+02 -1.159157830661189763e+02 -3.419262215440023169e+02 -1.393416909611120445e+03 -3.057288605929351775e+02 3.983948890736775184e+02 -9.186743087108255850e+02
-4.845176022172188095e+04 -1.539697031355521540e+04 9.283251366862303655e+01 -1.396405662085128142e+03 3.486338482620540447e+01 1.389697024735912976e+02 -7.699038544098493730e+02 1.734855984008353744e+03 3.810653455308757884e+02 -3.213837134815827312e+02 5.638046631854150519e+02 1.614433436048736894e+02 -4.063316030410563258e+02 3.715251532921826652e+02 -1.283805957348808420e+02 -2.507775937360384262e+02 2.628271772188767272e+02 -7.532580212579822501e+02 3.083860438932360353e+02 2.131917891831710585e+04
-3.390361032988087391e+04 7.461490853905177210e+04 1.565464070198635163e+05 6.688038500037605409e+05 9.269461209923577553e+04 7.429178814210163429e+06 -7.226347487304396054e+04 -6.452495208701075753e+05 2.697222315995696001e+06 -1.839428319571936736e+06 -9.099011106334049255e+05 4.952719504703676794e+05 -1.449154183666315657e+04 -1.352397542225514771e+06 -1.006791201424730825e+06 1.677897437323605482e+04 5.029670213864884863e+04 3.157114726211919697e+04 3.748489633779013529e+05 3.634773474928404903e+04
-5.630688743686852831e+04 3.611630120204659761e+04 -3.314598906416254613e+04 3.077012027813242094e+04 -2.345780344335352765e+03 -2.706822314969488161e+03 -2.762589787270667898e+02 1.228847639586691912e+04 5.536640436303641764e+03 -3.136937444674512335e+03 6.185925811951740798e+03 -1.185268628507093672e+04 -9.928922953671806226e+02 2.762352698212599989e+03 -2.845138813457214383e+03 -1.400663360305881724e+03 3.125777422424738688e+03 -1.624250402911467972e+03 5.258042688800223914e+02 8.129540133707381528e+02
-3.937153958005670574e+04 9.400567375560967776e+03 2.847170868239001720e+04 -7.704187854615644937e+03 -4.774978464673319650e+03 6.019810164568499431e+02 -9.283654984462929133e+04 9.804378563949621821e+03 -1.180067871268931231e+04 -9.444628457886306933e+03 -3.087097540681488681e+04 -2.959314100704528391e+04 -1.036357618702884065e+04 -4.091347559392800031e+04 4.181658393500300735e+04 -5.402395853004803648e+05 -4.130519698641552241e+05 -2.224136468164363396e+04 -2.088010960122930919e+04 2.494672799212529208e+04
-1.065768586364975454e+04 1.065845144318270650e+04 1.575349913719222968e+04 2.440347262159651109e+03 -7.081157143167109780e+02 1.732380661057410975e+02 7.148472420725128131e+02 4.373023821368999052e+03 1.124543448725883081e+02 -4.320439534127257275e+02 7.532396546871577812e+02 -5.680412536425884355e+03 -9.859933274861014070e+02 -1.530615305583584450e+04 1.312541030169699297e+04 3.882187217225196036e+03 -9.004222149600108196e+02 1.347815857760910490e+02 9.393717906325042577e+02 4.274622290345840838e+02
-1.061642514030799975e+04 3.400516593663153344e+03 1.357486536682268706e+03 8.768023595705235493e+03 -6.516166523656625031e+02 -1.075612057662884808e+03 -1.338415158295067613e+03 3.000237346051121222e+03 2.884168644014292113e+03 -5.612556720108284026e+03 9.350064430332622578e+03 -2.358491308179423868e+04 -4.246156678961260695e+03 -3.232497376734034333e+03 -8.728021940656143443e+02 -2.484003319217245007e+04 3.804359094886189268e+04 2.200722767385742918e+04 -3.514241827996937900e+03 -2.637263416469434560e+03
-3.899492352470963669e+04 3.503587452786969516e+04 -2.143273981817553795e+04 -3.175989741323032831e+03 5.581761178749458850e+03 2.179468374500297159e+03 1.150816645019289354e+03 3.603919526771486289e+03 -4.065750047858201287e+04 -5.064749416806558293e+04 -2.237521361116722619e+04 -5.882361791027723484e+03 2.589463983020369142e+03 4.778574698254698887e+03 1.955864839207928071e+03 2.803432976691412023e+03 -8.584288971724578232e+02 -7.181183609794424001e+02 -2.968580447725076283e+03 -1.529955524539173666e+03
-5.251248981459437346e+03 4.025375827458735330e+03 6.086009355833077279e+03 8.795198131645402100e+03 -1.788200854201208131e+03 -1.332544623072827335e+03 1.020615702533758281e+03 -8.252286333584181193e+03 -7.176151155541707567e+02 1.260045270274632003e+03 -2.230652141491342263e+03 -5.383554536976558893e+02 -1.165063584611699099e+02 -5.467653346159478360e+02 4.561244431228089411e+02 -1.574004236247651761e+03 -9.739046873744582626e+02 1.181003449935630414e+02 -2.928755440566194324e+01 -2.046780944846828334e+03
-4.663154090617135080e+04 1.322337129896649276e+04 -1.511686673610302751e+04 1.652580816961466553e+04 1.136068682859457112e+03 1.254675433100017727e+02 -1.023684938396249436e+03 1.940646235919814353e+04 -1.310670371739366965e+04 -1.151855455246822930e+04 -1.369061267257512736e+04 5.819991839241365960e+04 -3.927909097238592803e+05 1.540988055809547768e+04 1.147389863230370247e+04 5.970635563755138264e+02 1.182120517490024213e+04 -4.082553702348524439e+03 1.087561933958686132e+04 -9.596982902184366822e+02
-3.910193103584308574e+03 1.554541704667973863e+04 2.233322982383557974e+04 -2.970644282426308109e+03 -1.034886018212344652e+03 -2.739981582152786359e+02 1.144076775954996265e+03 1.847619628132991011e+03 7.896548698603729690e+02 8.505307019895703888e+02 -2.278071707464196606e+03 -5.506584745363566071e+02 5.186515187318638809e-01 8.303576480580276211e+02 -7.035199582040827408e+02 -7.491694768893664502e+01 1.236720318628276516e+02 -3.817123316244027675e-01 9.151575799728978211e+01 9.331738527104243985e+01
-2.945477519401343307e+04 3.529918637311844941e+04 -3.941947661521037844e+03 2.650083490787276605e+04 -2.148472412159138457e+03 1.165440682143942695e+03 3.370283852805384868e+03 4.224423342800550745e+04 -2.055529645827454442e+04 2.112383734719077893e+03 -3.474627909464011464e+04 1.360788746169201622e+05 2.923820986356911817e+04 -1.403773727129934377e+04 5.504316154571886727e+04 -5.484376613524664572e+04 6.955838922819068830e+04 2.200325782109873398e+04 4.359930404213124348e+03 -4.182674509894578478e+03
-2.166686088900073082e+04 2.019145405842296532e+04 2.526433100379237658e+04 4.756832626675342181e+04 8.925993511106507867e+03 6.507138466529361904e+04 -3.015694007781582059e+03 5.770334469584545877e+04 -1.845293893468925962e+05 9.723495572870720935e+04 3.861134620594483567e+04 3.043417135132653493e+04 -5.257732491062167355e+03 -1.533722942162491090e+05 -1.645593811295042979e+05 2.568479324291801458e+04 -3.879871631457272451e+04 4.668153297067722451e+04 -1.235908466698479751e+05 -4.043924965159647854e+03
-2.774229455309252080e+04 2.949692786860315664e+03 1.251544946985805836e+04 4.361007824998381693e+03 1.594583091549054870e+03 2.479460315880404232e+04 -2.807269914641616651e+03 1.027470348540634222e+04 -4.291572033355960593e+04 1.823234017736386522e+04 3.503659261320708538e+03 -1.525012356665064999e+03 3.066161023270111059e+02 -1.890290510134704164e+04 -1.849812293472688543e+04 -6.514122456909751236e+03 9.951657569013857938e+03 -1.200316410553713467e+04 9.344163588373396124e+03 6.963285176283065994e+02
-3.965907016938836023e+04 4.003954665097554243e+04 -2.763461096226005975e+04 3.020547906636399421e+04 -2.493083002304242200e+03 -1.388320632299018143e+03 1.059768920316982303e+03 2.179141090729367716e+04 -8.335294563579078897e+01 2.296171176591324638e+03 -7.038883634771292236e+03 3.218587073879043601e+04 7.626340678513386592e+03 9.002244014994280406e+02 9.337938448642309595e+03 -2.241132089536470176e+03 8.217798526777667121e+02 7.377678885738738245e+03 2.830436664214849316e+03 -1.693709292217878826e+01
