-4.935769728383094480e+04 -1.550977386570292583e+04 1.516051758089483315e+02 -1.170064055318942792e+03 7.645026622866299526e+00 7.257264616489177911e+01 -4.093552136160535042e+02 4.970936878302493511e+01 9.102676322413314836e+01 7.312682107594088166e+01 -1.505755710453516940e+02 2.122409760417333189e+02 4.374311990502394565e+01 1.707203383475539056e+02 -1.854225396656395120e+01 1.832227678799688988e+02 -9.550672882557435628e+00 1.187248170619884036e+01 -9.141885599080433522e+00 -6.536586592695564377e+02
2.097412349363565954e+04 -3.083659308660383431e+03 -3.383832729388474036e+03 -4.293179666879734668e+02 1.626559917798572314e+02 9.530450163375655848e+01 -9.632152314383294822e+01 2.136168636151586497e+02 5.136390940217824941e+00 -4.407463791721040991e+01 1.117807584023738343e+02 3.971626646161818286e+01 3.996120352350986504e+00 7.559127520139513834e+00 -7.724430209863776042e+00 8.520690347750274896e+00 -3.263997688043219370e+01 -2.454414955922002051e+01 5.388551233988829736e+00 1.563686742336536373e+00
-3.526096811501328830e+03 1.348378176524195987e+04 2.022524232864417718e+04 -2.558635220731088339e+03 -8.884527948792269854e+02 -1.630469517192055662e+02 2.833639484928643469e+03 1.544434374783411613e+03 6.835443831173507760e+02 8.992829800924951087e+02 -2.220578780116185499e+03 -5.463505245205880101e+02 3.405365015178393850e+00 9.616556774356714641e+02 -7.668592940313832287e+02 4.844215338803685711e+01 1.763884449074182896e+02 6.241572703794662402e+01 -6.672073708196013797e+01 8.907737753970147310e+01
-4.259698464252003760e+04 3.583613833483389317e+04 -2.623352400628108808e+04 -5.086358957550730338e+03 9.139532816373529158e+02 4.978026096512156187e+02 1.712015350654965005e+03 -2.142287678617783513e+03 3.129347464134420420e+02 8.220746741641120252e+02 1.134562238198579735e+03 -9.567630455288967539e+01 -2.072669626984531988e+02 -5.187759160643663563e+02 7.073231964162296492e+00 1.264533438174361351e+02 -3.185804860830016878e+02 -9.879038376336588101e+01 -1.317836208177046728e+02 -6.160373833518490017e+01
-1.511490081069702319e+04 8.487710645355016823e+03 -1.237376012353816122e+03 4.540781463172510121e+04 -5.115506657433915279e+03 -3.685540043964930646e+03 -4.312289048525835256e+02 4.698337545522369510e+03 1.684068494923747267e+03 5.872477862559430832e+02 -1.772769848402482467e+03 -2.344912108648010872e+03 4.874651226675742777e+01 1.531498117125619956e+03 -1.658198208831150851e+03 1.663981619517711579e+03 -1.701101760644609612e+03 -1.022621363645711654e+03 -5.068289218028207870e+02 2.455144226805162475e+02
-9.307834653320023790e+02 7.767005641888894388e+03 1.151800791761347864e+04 1.470294213460160609e+04 -3.376133345113346877e+03 -2.463625562882935810e+03 -5.955894205244056820e+02 -2.394335846663131451e+04 -3.773548162473113280e+03 4.763523044397462058e+02 -9.627902127281021194e+02 2.208923112872100319e+03 -3.202846181270604831e+01 -1.347197784902629792e+03 1.514037050005308174e+03 -1.087116844480581449e+03 1.306277017376167578e+03 4.212024863905029974e+02 2.174300434561337738e+02 2.320198572224410327e+03
-2.565878459653392929e+04 3.358599089879603707e+04 5.708764951182201912e+04 1.265682710195328400e+05 1.246886401081193799e+04 1.079153712367501110e+06 -1.980573551790535475e+03 4.764847057562753889e+02 -1.227497470573359751e+05 1.130276360866224277e+05 5.791435668412647647e+04 -4.207963430240102753e+04 1.965142948199534203e+03 1.511315273015922285e+05 1.124061843004663388e+05 -4.768730042643172965e+03 -2.540931072747019698e+03 -4.865482070642618055e+03 -2.411280510591260827e+04 -2.560147508348170959e+03
-2.514065877729905696e+04 4.909167365937942668e+04 -7.709275974665320973e+03 -9.631293099394424644e+03 -5.029952325892696194e+02 4.469837824136383233e+02 -5.710250666023053782e+03 -5.054412363486068216e+02 8.093821145828292174e+02 2.232548694186583361e+03 -2.562452886170029160e+03 2.925283662668210241e+02 3.314067450345444854e+01 9.288245335935323510e+02 -1.004024949334771463e+03 6.097783741170211442e+02 -4.290953058401005933e+02 -4.082736020076703198e+02 -6.069611600925940564e+01 4.335149646988908216e+02
-1.601052018675624095e+04 1.604402342982332630e+04 2.910255892701480116e+04 2.355341137542128126e+04 1.897236081852312782e+05 -5.440732465835018047e+03 -3.658813865347713545e+03 -2.921846788368187390e+03 2.572744762715067736e+03 9.542984804192336696e+02 3.591570343797006899e+02 6.515104354880262463e+02 4.013544655690695890e+02 7.313719636709994347e+02 3.004492655958072760e+02 1.211706626125346986e+02 -1.130790110303090330e+02 -2.041337047580443596e+02 -8.695345976593130217e+02 4.496031351539165399e+01
-2.933930134568783978e+04 1.210758413202409201e+03 1.171302545776994884e+04 3.588932197879646083e+03 4.119261184902808282e+02 1.616195612432480993e+04 -3.047822421921273872e+03 9.887486769014200036e+03 -3.687152293798950996e+04 1.464583708269314593e+04 1.990254180126320307e+03 7.392329102807165100e+02 7.175681071646282305e+01 -2.356516312109469800e+04 -2.275570816514665421e+04 -6.693321897824543157e+03 1.016185144321054213e+04 -1.481059527460762547e+04 8.329012271330002477e+02 4.465740769901219096e+02
-3.390361032988087391e+04 7.461490853905177210e+04 1.565464070198635163e+05 6.688038500037605409e+05 9.269461209923577553e+04 7.429178814210163429e+06 -7.226347487304396054e+04 -6.452495208701075753e+05 2.697222315995696001e+06 -1.839428319571936736e+06 -9.099011106334049255e+05 4.952719504703676794e+05 -1.449154183666315657e+04 -1.352397542225514771e+06 -1.006791201424730825e+06 1.677897437323605482e+04 5.029670213864884863e+04 3.157114726211919697e+04 3.748489633779013529e+05 3.634773474928404903e+04
4.592730426462421747e+03 1.900600051680397155e+04 2.012704772534474250e+04 -3.235280725064027592e+03 -3.399704925411854674e+03 -4.993410378309199018e+02 -5.514589398222547607e+04 6.945455948258719445e+02 1.076491305963960485e+03 2.460550426096049705e+03 -4.123981121143089695e+03 -3.070642056540785916e+02 2.922418198912506568e+02 1.521547448902840415e+03 -1.473347415526465340e+02 4.867058331312010523e+03 3.328236664409319019e+03 6.887914149382955884e+02 -1.115368416506465564e+03 -7.828689561313427703e+02
-3.899974190372110024e+04 3.501816348989796097e+04 -2.142656788379782665e+04 -3.165773047076727835e+03 5.578393272355558111e+03 2.188480512400579755e+03 1.149482582831383979e+03 3.613292540211717096e+03 -4.065105085423106357e+04 -5.063684076325043861e+04 -2.237379149207889714e+04 -5.854278338969385914e+03 2.396982703845651940e+03 4.781657873978132557e+03 1.955948392056171315e+03 2.804593781815518014e+03 -8.498142569271268485e+02 -7.199795934230728562e+02 -2.962737619153163450e+03 -1.528734141407990592e+03
-8.647018538152731708e+03 1.682394166160657551e+04 2.646370527498886440e+04 1.738839499391254867e+04 7.618748671234545327e+03 1.665766824363604246e+05 9.121766893282050432e+02 1.224781227019282051e+04 -9.643814734031785338e+04 7.924124656424327986e+04 3.203372525432302791e+04 -3.190201067000254989e+04 9.880565594018687534e+02 7.896190487829927588e+04 7.488363180384706357e+04 -2.479015167587864426e+02 2.119471079354613721e+03 -7.217945782685825179e+03 -8.088341044473751026e+03 9.302027822266045405e+02
-4.755331580591559032e+03 3.816577553765791436e+03 5.883489060520106250e+03 9.077956987665378620e+03 -1.834917673423614815e+03 -1.369043073869337150e+03 1.574377331236046757e+03 -8.785121027679049803e+03 -6.559500347684992221e+02 1.478705600912575619e+03 -2.029218383086633821e+03 -2.041635188169372270e+02 -3.081619183774470372e+01 -3.099031972130309214e+02 1.894577237707333950e+02 -6.500713109888233809e+00 4.961084400242290116e+01 1.222436380904232891e+02 -5.892411370523625180e+00 -2.129808388070837282e+03
-2.940842770769222261e+04 3.535432899358588475e+04 -3.977650566721580617e+03 2.652870307352436430e+04 -2.149788096263111129e+03 1.160293065978584764e+03 3.376683749200329657e+03 4.223907388947687286e+04 -2.048038026632729816e+04 2.094515064768321736e+03 -3.479903762792703492e+04 1.361022537823686434e+05 2.924794807027906427e+04 -1.379801202080585608e+04 5.511065351442400424e+04 -5.474621203902682464e+04 6.945727942120135413e+04 2.168589549443342185e+04 3.369216308071825097e+03 -4.184968032366828993e+03
-9.225160129147385305e+03 1.428330514270190724e+04 2.202746709002179705e+04 1.185013257125081509e+03 -1.487656415010965020e+03 -2.833646181320823416e+02 -6.585661899962308325e+02 1.149635843268909866e+03 -7.308302580452132133e+02 -7.084903302883308243e+03 1.457594515445881734e+04 3.826466801232561465e+03 1.914493977537810565e+02 1.487813341286825164e+02 -1.196444715253982451e+02 -3.182747798674373030e+02 -1.379478828120453727e+03 -3.059110132337946197e+02 3.966440528533873930e+02 -9.180187220593347774e+02
-5.630790354536340601e+04 3.611745641234494542e+04 -3.314718032691071130e+04 3.077057004735980081e+04 -2.345813681971942060e+03 -2.706852802102295300e+03 -2.757872551102054217e+02 1.228850582787378880e+04 5.536890122100283406e+03 -3.136667783619312559e+03 6.186302589809171877e+03 -1.185238405675923241e+04 -9.927710099804396577e+02 2.762751348046891962e+03 -2.845589368296299199e+03 -1.398329138730172872e+03 3.127264232828749755e+03 -1.624296903300425356e+03 5.258335886821694203e+02 8.129943927290199781e+02
-2.165300409977543313e+04 2.023736926671517358e+04 2.517060234481330917e+04 4.747982505918673269e+04 8.814834810591390124e+03 6.054308469245400192e+04 -3.003102867043227889e+03 5.789798274297916214e+04 -1.827300432664918189e+05 9.609888120254255773e+04 3.822818139346693351e+04 3.158593009308753972e+04 -5.364285358298337087e+03 -1.560532430979706696e+05 -1.665751834928165772e+05 2.612894864032471378e+04 -3.941394563470881985e+04 4.692617222299195419e+04 -1.274192006480659766e+05 -4.186362091392883485e+03
-3.966152082875806809e+04 4.003930256427970744e+04 -2.763412468458236617e+04 3.023138242427945806e+04 -2.495094257566488068e+03 -1.386685622218597018e+03 1.063897371270677468e+03 2.180244999435882346e+04 -9.681736584746090557e+01 2.288204509408732520e+03 -7.051678293102198040e+03 3.220918996420312760e+04 7.449762090025541511e+03 9.099284574322689423e+02 9.334834207303494622e+03 -2.224841357536203304e+03 8.285054358653766258e+02 7.375499513669740736e+03 2.829052504141058762e+03 -1.652844838906013081e+01
-1.088619993337642154e+04 1.317526386142097181e+04 2.117236603755645410e+04 4.041711014244255239e+03 -5.259441840792405856e+02 6.075108892591435506e+03 3.246665308080390787e+03 1.386471470263610172e+04 -1.657775357397400512e+04 1.271832615328546672e+04 8.999109552614090717e+03 -3.711002903894227347e+04 -5.679937055062571744e+03 -1.089361498368091707e+05 1.247252232001722587e+05 5.592142791276628122e+04 -1.657627994533283345e+04 7.314047632459645683e+03 -4.732871350326957327e+03 1.832988135824755227e+04
-9.338920434683519488e+03 2.614493837479164085e+03 6.819893952616813522e+02 8.615301974704218082e+03 -5.841576846660016145e+02 -1.049052555855546871e+03 -6.225718372887700980e+02 2.446651419465613344e+03 2.744655762212887566e+03 -5.804007297538201783e+03 9.809243608076323653e+03 -2.371796214924936066e+04 -4.339758151930283020e+03 -3.272641907313519368e+03 -9.238747759775043278e+02 -2.574506158107306328e+04 3.945793806576353381e+04 2.310743068630178095e+04 -3.892416914933443422e+03 -2.813596951150651421e+03
-1.109704427444644170e+04 1.074415498504776406e+04 1.567172087315960016e+04 2.446781149972178810e+03 -7.213305223266610255e+02 1.009779329908556065e+02 3.137701462314150191e+01 4.426380654751052134e+03 1.985669667376618293e+02 -7.345077887257361908e+02 4.284587435287132848e+02 -5.849593597987536668e+03 -9.813274328354615363e+02 -1.365550778192891448e+04 1.155650774079110124e+04 2.815156636429954233e+03 3.355460559559367795e+01 2.204681111099679924e+02 8.950538643936955623e+02 1.099647203988845519e+02
-4.845048549392921268e+04 -1.538750563644411523e+04 8.762336196752305284e+01 -1.391474178319000202e+03 3.492549272215288170e+01 1.387780545113900530e+02 -7.699914603342809869e+02 1.741199408108790749e+03 3.774385143221406906e+02 -3.256439082752515333e+02 5.600402318413208604e+02 1.805485502811203844e+02 -5.500436232444263851e+02 3.770371271325336693e+02 -1.237068419218967819e+02 -2.507146570972572590e+02 2.684276088488500136e+02 -7.548054582191433610e+02 3.130423903270695973e+02 2.131733044842163144e+04
-4.270995246445512021e+04 3.853337134130662889e+04 -1.305685270987302647e+04 8.948182895259166253e+04 1.721444113131969061e+04 6.048114935256012359e+03 -6.121323444818540338e+03 9.166888755406888959e+04 -9.117168330566122313e+04 -3.238563731692808142e+04 -1.089109171588628233e+05 3.366777107998142601e+05 -1.753575038815654349e+06 5.169042672895816213e+04 5.327377639451933646e+04 1.872048284643898296e+04 2.597243889273890545e+03 -1.544210239711481518e+04 2.546851304109377816e+04 -4.650725324470984924e+04
-2.361820115757061649e+04 2.219476382897613439e+04 9.102824647938834460e+03 8.582924103040490081e+03 2.154279310116255147e+04 4.474984548711439857e+04 -3.649908504964614167e+03 1.924335967712741331e+04 -1.214784253719349654e+05 1.734045489620623266e+04 -2.050404664689276160e+03 -5.581280712711510205e+03 3.785265115214974685e+03 -5.718739830325167713e+04 -7.278851198016946728e+04 -1.821317554098126129e+04 2.196740569763267922e+04 4.708029832088273542e+04 2.549584544847465877e+05 5.671070426390891043e+03
-2.305895089125649247e+04 4.728040941233687590e+03 9.980680181933650601e+03 1.735858820971296154e+03 -9.498295807601291472e+02 -4.573353032537630725e+02 -1.295879963418139414e+04 2.943045241278435242e+03 -2.049078268567930536e+03 -3.061612198308582720e+03 -7.084067978571976710e+03 -7.273953444653944644e+03 -1.940471333892339317e+03 -5.456881290077833000e+03 6.094876165213889180e+03 -3.727818374637325905e+04 -2.535556942834412985e+04 -2.338536375264438618e+02 -7.304848769309920726e+02 -6.114430259445925486e+01
