2.097416118405953966e+04 -3.083686033628618588e+03 -3.383861872409237549e+03 -4.293180655754612189e+02 1.626579553801782652e+02 9.530514660356837453e+01 -9.630097367226819927e+01 2.136149150271876920e+02 5.135912086351541284e+00 -4.407667561891605601e+01 1.117852826697079678e+02 3.971796879609288311e+01 3.996203618983416916e+00 7.561155747079149059e+00 -7.725845736860385671e+00 8.520753660261130236e+00 -3.264029132454557214e+01 -2.454447110408313293e+01 5.388144103916126859e+00 1.564215464758898610e+00
-4.935156856094041723e+04 -1.550621763740735878e+04 1.599483017365220974e+02 -1.168809403604693443e+03 6.676998035954354371e+00 7.217865871388090682e+01 -4.243940326038577950e+02 5.371590105936645898e+01 8.763076640802198369e+01 6.713883897999450312e+01 -1.610110846501798108e+02 1.956312838242821215e+02 6.784695559931904540e+01 1.605366639888343343e+02 -9.009042658531416947e+00 1.159599437761532386e+02 -5.553844666268194885e+01 1.174928979070014279e+01 -1.140748925864939345e+01 -6.518866416105018970e+02
-3.811418004692553041e+03 1.554697693312699994e+04 2.237352142486547382e+04 -3.000668343922322947e+03 -1.031709285972444150e+03 -2.710134021021118542e+02 1.307940161405093477e+03 1.820624499110930856e+03 8.051453957440355680e+02 8.768821620296976107e+02 -2.236958515042234012e+03 -4.757345798216380217e+02 1.129507350668132659e+01 8.677907984757533768e+02 -7.466563708934310171e+02 8.888777290022348154e+01 1.777406440316112253e+02 -1.294947141347981123e+01 9.497612291388760752e+01 1.049492858281995353e+02
-4.259634162077116343e+04 3.583739288687193039e+04 -2.623383516649831290e+04 -5.088388950059941635e+03 9.140220474214650039e+02 4.979174492120029072e+02 1.712223684878491667e+03 -2.144431387485427877e+03 3.139348559712389033e+02 8.234302600724897729e+02 1.135608171671090759e+03 -1.010936064691690035e+02 -1.660287003320449912e+02 -5.205704911358152458e+02 5.884656679423229342e+00 1.265527806230841463e+02 -3.203198508088585754e+02 -9.832905445853941728e+01 -1.331363306755184794e+02 -6.167000765551655661e+01
-1.511247282547336908e+04 8.486108451911977681e+03 -1.238352222124329273e+03 4.541113023323797825e+04 -5.115949893539933328e+03 -3.686050412157254414e+03 -4.297223688712009562e+02 4.696156678515637395e+03 1.685435641595498510e+03 5.884555395820109425e+02 -1.772039598378024948e+03 -2.347207958495585444e+03 6.748641698520469845e+01 1.531089862168833861e+03 -1.658972250153071172e+03 1.664866192890668117e+03 -1.702002137741559864e+03 -1.022868678293671451e+03 -5.066254494662699130e+02 2.461146783854234741e+02
-1.598624489012264530e+04 1.606097789836023185e+04 2.910548574719062162e+04 2.356752467558305216e+04 1.897995866340152279e+05 -5.458463608848825970e+03 -3.660640284221216461e+03 -2.934987016453025717e+03 2.598368575149553180e+03 9.291085481961089272e+02 3.593016618522656813e+02 6.165181034849131265e+02 3.924215866429697144e+02 7.663208862010405937e+02 2.645901355705678384e+02 1.967933409083700838e+02 -2.329097819392670203e+02 -1.900309257958955556e+00 -7.877274633481366664e+02 4.867308871698832462e+01
-4.749169687130716738e+03 3.815698223588661222e+03 5.881309057036775812e+03 9.081159263218145497e+03 -1.837059895735601003e+03 -1.369608274850443195e+03 1.574509735315787111e+03 -8.791549104027082649e+03 -6.567335606383221602e+02 1.479433704138871008e+03 -2.029742644972075141e+03 -2.031537787520262555e+02 -3.066914933480830641e+01 -3.098856174432656303e+02 1.898068073017286963e+02 -6.122515263760145210e+00 4.930399403327739805e+01 1.220091352481933882e+02 -6.253410454712200028e+00 -2.131213867165548436e+03
-3.390361032988087391e+04 7.461490853905177210e+04 1.565464070198635163e+05 6.688038500037605409e+05 9.269461209923577553e+04 7.429178814210163429e+06 -7.226347487304396054e+04 -6.452495208701075753e+05 2.697222315995696001e+06 -1.839428319571936736e+06 -9.099011106334049255e+05 4.952719504703676794e+05 -1.449154183666315657e+04 -1.352397542225514771e+06 -1.006791201424730825e+06 1.677897437323605482e+04 5.029670213864884863e+04 3.157114726211919697e+04 3.748489633779013529e+05 3.634773474928404903e+04
4.550204459470041911e+03 1.902605093888112970e+04 2.014105738010161804e+04 -3.239769162499579579e+03 -3.402102119747544748e+03 -4.989835807825178335e+02 -5.521187109681653237e+04 7.129458639018149597e+02 1.073858129595148057e+03 2.459068392820931876e+03 -4.150645321679838162e+03 -3.230494359498438257e+02 2.880025937887837131e+02 1.514312718438528691e+03 -1.379271465621858397e+02 4.787227847099971768e+03 3.272468352712594879e+03 6.900057838048286385e+02 -1.123153813703743708e+03 -7.241835237672681842e+02
-2.565878459653393293e+04 3.358599089879603707e+04 5.708764951182201912e+04 1.265682710195328546e+05 1.246886401081194163e+04 1.079153712367501110e+06 -1.980573551790535248e+03 4.764847057562758437e+02 -1.227497470573359751e+05 1.130276360866224422e+05 5.791435668412649829e+04 -4.207963430240102753e+04 1.965142948199534203e+03 1.511315273015921994e+05 1.124061843004663388e+05 -4.768730042643172965e+03 -2.540931072747019698e+03 -4.865482070642618055e+03 -2.411280510591260827e+04 -2.560147508348170959e+03
-2.514034732360264388e+04 4.909180652221578930e+04 -7.709338347091807918e+03 -9.631020758853250300e+03 -5.030179184482611845e+02 4.469701539168784734e+02 -5.710491097622473717e+03 -5.051302330357877963e+02 8.093207310904367660e+02 2.232528564765224473e+03 -2.562692402593089355e+03 2.929558292318110944e+02 3.323872464840252405e+01 9.287131249983294765e+02 -1.003719279551148588e+03 6.090564035642051977e+02 -4.294797926674432915e+02 -4.081250090670261557e+02 -6.065552268935100244e+01 4.335011171912159398e+02
-9.223961678016916267e+03 1.427830128439864893e+04 2.202360873589127368e+04 1.187148990100065930e+03 -1.488242619768803706e+03 -2.884718148601436951e+02 -6.568995293045148856e+02 1.149241495763793637e+03 -7.292322362362031072e+02 -7.090450644810542144e+03 1.458303207516575640e+04 3.829244823239885591e+03 1.915087139555669467e+02 1.454328150559758228e+02 -1.198454488197347274e+02 -3.191603602130504100e+02 -1.380071419663094275e+03 -3.068116940238159600e+02 4.003986658587127181e+02 -9.190958685838450037e+02
-3.965984824039581144e+04 4.004013052791255905e+04 -2.763617065906021162e+04 3.020778164136496343e+04 -2.493400227772849576e+03 -1.390535491881992584e+03 1.059990690681599517e+03 2.179135426201887458e+04 -7.837400946958211989e+01 2.294467590163745626e+03 -7.039305733603087901e+03 3.218616565366962459e+04 7.626437782007545138e+03 9.032395273034159118e+02 9.341237067390038646e+03 -2.240757948248962748e+03 8.213476148493911069e+02 7.377673447598944222e+03 2.829823225059742072e+03 -1.700097866585159778e+01
-3.899791791648830986e+04 3.503751951096452103e+04 -2.144338563300361784e+04 -3.190617757654401885e+03 5.584651891813757175e+03 2.170535662223519466e+03 1.151345362643660792e+03 3.594289289739750529e+03 -4.064033922718161193e+04 -5.066400544459389494e+04 -2.237641211683341680e+04 -5.888031745055144711e+03 2.590231747517733311e+03 4.791955577635769259e+03 1.972460061581178252e+03 2.803192957938358632e+03 -8.578965507814382363e+02 -7.193893415740153614e+02 -2.970429395423669121e+03 -1.530553301408559946e+03
-1.161365446418943429e+04 1.067764614192989757e+04 1.523590873028531132e+04 2.456112994207729116e+03 -7.578218583745521073e+02 2.673843301460779998e+01 -1.462310901791161314e+03 4.273633803302813249e+03 -3.097321559851411976e+01 -9.730797708268042925e+02 -3.918355427997018410e+02 -6.038040020715219725e+03 -1.079149644375843536e+03 -1.276327293390030172e+04 1.094944577101426694e+04 -1.286125053900394278e+03 -2.493690771277068961e+03 1.924318661205189471e+02 7.334365680812512664e+02 5.709755004038297699e+01
-3.206452328341641987e+03 1.115977230280201184e+04 1.780422841822517148e+04 -2.059756051421727079e+03 -7.271367205993993821e+02 -3.957752835624101095e+01 4.546501926070278387e+03 1.232447626946369382e+03 5.453272754643577400e+02 9.243268135705735631e+02 -2.199676637886435401e+03 -6.253747752345688014e+02 -5.450037131006038038e+00 1.067889987536570288e+03 -7.889064184227371470e+02 3.487326369069174703e+00 1.739243439862351295e+02 1.473985876901876111e+02 -2.498824945574655487e+02 6.918086086567561210e+01
-5.630688743686852104e+04 3.611630120204659761e+04 -3.314598906416254613e+04 3.077012027813242094e+04 -2.345780344335352765e+03 -2.706822314969488161e+03 -2.762589787270667898e+02 1.228847639586691912e+04 5.536640436303641764e+03 -3.136937444674511880e+03 6.185925811951740798e+03 -1.185268628507093672e+04 -9.928922953671806226e+02 2.762352698212599989e+03 -2.845138813457214383e+03 -1.400663360305881724e+03 3.125777422424738688e+03 -1.624250402911467972e+03 5.258042688800223914e+02 8.129540133707381528e+02
-9.307834653320026064e+02 7.767005641888894388e+03 1.151800791761348046e+04 1.470294213460160245e+04 -3.376133345113346422e+03 -2.463625562882935810e+03 -5.955894205244056820e+02 -2.394335846663131451e+04 -3.773548162473113734e+03 4.763523044397462058e+02 -9.627902127281022331e+02 2.208923112872100319e+03 -3.202846181270604831e+01 -1.347197784902629792e+03 1.514037050005308402e+03 -1.087116844480581221e+03 1.306277017376167805e+03 4.212024863905029974e+02 2.174300434561338022e+02 2.320198572224410327e+03
-9.009292936222689605e+03 1.699324571261170422e+04 2.637850578643376866e+04 1.804800221161964510e+04 7.807463103661782952e+03 1.699091483963299252e+05 7.466436495337497945e+02 1.283252563030276360e+04 -1.007846809185304010e+05 8.027419210699558607e+04 3.214052820189278646e+04 -3.222083663683558188e+04 1.097824239150771518e+03 7.760669413235964021e+04 7.186434055972010538e+04 -8.140313086933451814e+02 2.755141156747293735e+03 -6.442869888131917833e+03 -4.749417383491165197e+02 1.170498210797741649e+03
-4.663154090617135080e+04 1.322337129896649276e+04 -1.511686673610302569e+04 1.652580816961466189e+04 1.136068682859457112e+03 1.254675433100017869e+02 -1.023684938396249436e+03 1.940646235919814353e+04 -1.310670371739366965e+04 -1.151855455246822930e+04 -1.369061267257512736e+04 5.819991839241366688e+04 -3.927909097238592803e+05 1.540988055809547768e+04 1.147389863230370247e+04 5.970635563755137127e+02 1.182120517490024213e+04 -4.082553702348524439e+03 1.087561933958686132e+04 -9.596982902184366822e+02
-9.132964393025045865e+03 2.533546080838964372e+03 6.164462553818374317e+02 8.585275371249950695e+03 -5.777806330131458026e+02 -1.044861467901613196e+03 -5.673082677330717161e+02 2.368821826244270596e+03 2.725003101479541328e+03 -5.828702623908060559e+03 9.871257736733445199e+03 -2.374534233622936517e+04 -4.355149039254803029e+03 -3.279550165531668881e+03 -9.323507197846090548e+02 -2.589544832868152662e+04 3.969521406086580100e+04 2.329129233766077232e+04 -3.955427826400959930e+03 -2.843897224201768495e+03
-3.028262517222320457e+04 9.167966766421691318e+02 1.025933715717450286e+04 4.218034561763300189e+03 1.211814888333094132e+03 1.707265763612927913e+04 -3.548412494319536108e+03 9.874991146574609957e+03 -4.080958482077252120e+04 1.381120288052216711e+04 1.883117819229788438e+03 -1.674163815638320330e+03 -3.902915025112616831e+02 -2.415233567196105287e+04 -2.889579719304926402e+04 -1.950807622480861255e+03 2.305542647904316709e+03 1.808227517225308929e+03 1.436970076768308900e+04 8.710061976185587582e+02
-4.845256914306637918e+04 -1.539772364425224805e+04 9.262794703768605586e+01 -1.396626108071483031e+03 3.487307073246066125e+01 1.389967178962168077e+02 -7.700058137965290825e+02 1.734768011473927572e+03 3.810305224440256779e+02 -3.213069829305813983e+02 5.637129319198238591e+02 1.616447998651926241e+02 -4.062590753575543658e+02 3.715375230835713865e+02 -1.283747798291520041e+02 -2.507098652234764700e+02 2.627231728221577214e+02 -7.532896003710568493e+02 3.083976255936449888e+02 2.131923760434319775e+04
-2.024655255198407031e+04 1.059115158027413963e+04 2.184021464773500338e+04 6.767782876175408546e+01 3.055003940671091641e+03 1.483594591694606061e+04 6.338554439261281459e+02 1.267338250673909170e+04 -3.229173513433451808e+04 2.014375406806590763e+04 8.153581042997858503e+02 1.739966651740822635e+04 5.464114396912846132e+03 -3.104370301848643066e+04 7.689573937523370660e+03 -4.676110532697298913e+04 7.430182707677672443e+04 -1.227668115919898119e+05 -2.146037020967041099e+04 -1.179557940247517763e+03
-1.088619993337642154e+04 1.317526386142097181e+04 2.117236603755645410e+04 4.041711014244254329e+03 -5.259441840792405856e+02 6.075108892591434596e+03 3.246665308080391696e+03 1.386471470263610172e+04 -1.657775357397400148e+04 1.271832615328547035e+04 8.999109552614088898e+03 -3.711002903894227347e+04 -5.679937055062569925e+03 -1.089361498368091707e+05 1.247252232001722587e+05 5.592142791276628122e+04 -1.657627994533283345e+04 7.314047632459642955e+03 -4.732871350326958236e+03 1.832988135824754499e+04
-3.937153958005670574e+04 9.400567375560967776e+03 2.847170868239002084e+04 -7.704187854615644028e+03 -4.774978464673319650e+03 6.019810164568499431e+02 -9.283654984462929133e+04 9.804378563949623640e+03 -1.180067871268931412e+04 -9.444628457886306933e+03 -3.087097540681488681e+04 -2.959314100704528391e+04 -1.036357618702884065e+04 -4.091347559392800031e+04 4.181658393500300735e+04 -5.402395853004803648e+05 -4.130519698641552241e+05 -2.224136468164364123e+04 -2.088010960122931283e+04 2.494672799212529208e+04
-2.165300409977543313e+04 2.023736926671516994e+04 2.517060234481330917e+04 4.747982505918673269e+04 8.814834810591390124e+03 6.054308469245399465e+04 -3.003102867043227434e+03 5.789798274297915486e+04 -1.827300432664918189e+05 9.609888120254258683e+04 3.822818139346692624e+04 3.158593009308754699e+04 -5.364285358298337087e+03 -1.560532430979706405e+05 -1.665751834928165481e+05 2.612894864032470650e+04 -3.941394563470881985e+04 4.692617222299194691e+04 -1.274192006480659766e+05 -4.186362091392882576e+03
-2.945477519401343670e+04 3.529918637311845669e+04 -3.941947661521037389e+03 2.650083490787276241e+04 -2.148472412159138003e+03 1.165440682143942468e+03 3.370283852805384868e+03 4.224423342800550745e+04 -2.055529645827454442e+04 2.112383734719077438e+03 -3.474627909464010736e+04 1.360788746169201331e+05 2.923820986356911817e+04 -1.403773727129934014e+04 5.504316154571886727e+04 -5.484376613524664572e+04 6.955838922819067375e+04 2.200325782109873398e+04 4.359930404213124348e+03 -4.182674509894577568e+03
