2.097416118405954330e+04 -3.083686033628618134e+03 -3.383861872409236639e+03 -4.293180655754610484e+02 1.626579553801782652e+02 9.530514660356836032e+01 -9.630097367226819927e+01 2.136149150271877488e+02 5.135912086351541284e+00 -4.407667561891604890e+01 1.117852826697079394e+02 3.971796879609289732e+01 3.996203618983418693e+00 7.561155747079152611e+00 -7.725845736860383894e+00 8.520753660261133788e+00 -3.264029132454557214e+01 -2.454447110408313293e+01 5.388144103916128635e+00 1.564215464758899055e+00
-4.936948779125892906e+04 -1.551609186753547692e+04 1.467333364062352530e+02 -1.170266318540608381e+03 5.004730073897957432e+00 7.010147677132756883e+01 -4.030019488163014785e+02 1.381757666236491211e+01 2.863757370480498707e+02 3.797548972191872849e+02 -4.613098113732124084e+00 2.560650209155612629e+02 5.934925896064746098e+01 1.011054918418834490e+02 -6.054742550239105725e+01 1.280359166900841785e+02 -2.206966221137062689e+01 2.394301294174684358e+01 4.714083704724821189e+01 -6.647194390692430943e+02
-3.860680673262958408e+03 1.554923541751274570e+04 2.236052511508535827e+04 -2.986266237342287241e+03 -1.032931035437475884e+03 -2.721573269222167824e+02 1.237019475262796050e+03 1.839416716712275047e+03 7.999315188892647939e+02 8.625894291484345331e+02 -2.250155271816434833e+03 -5.208548849703762471e+02 8.192715899075617259e+00 8.567043564876770461e+02 -7.314638324020489790e+02 6.426781163359162008e+01 2.165012392595469635e+02 7.349111060057333944e-01 9.398057302984605599e+01 9.546360490412980937e+01
-4.259634162077116343e+04 3.583739288687194494e+04 -2.623383516649831290e+04 -5.088388950059941635e+03 9.140220474214651176e+02 4.979174492120028503e+02 1.712223684878491667e+03 -2.144431387485428331e+03 3.139348559712389033e+02 8.234302600724897729e+02 1.135608171671091213e+03 -1.010936064691690461e+02 -1.660287003320449912e+02 -5.205704911358152458e+02 5.884656679423228454e+00 1.265527806230841463e+02 -3.203198508088585754e+02 -9.832905445853940307e+01 -1.331363306755184794e+02 -6.167000765551654951e+01
-1.511334312320141726e+04 8.486668899031521505e+03 -1.237505672693462657e+03 4.540853441741927963e+04 -5.115668959658637505e+03 -3.685808901569001591e+03 -4.304730245003986511e+02 4.696574218748626663e+03 1.684490837867490882e+03 5.876227798762672592e+02 -1.772256181186334743e+03 -2.347409182413515737e+03 6.721894838798210969e+01 1.531272081425154511e+03 -1.658563508823490110e+03 1.665074837748773007e+03 -1.701832172810872635e+03 -1.024090288131023726e+03 -5.075604316599571462e+02 2.454168680478686042e+02
-1.598624489012264530e+04 1.606097789836023185e+04 2.910548574719062162e+04 2.356752467558305216e+04 1.897995866340152861e+05 -5.458463608848826880e+03 -3.660640284221216916e+03 -2.934987016453025717e+03 2.598368575149552271e+03 9.291085481961089272e+02 3.593016618522657382e+02 6.165181034849130128e+02 3.924215866429697144e+02 7.663208862010407074e+02 2.645901355705678384e+02 1.967933409083700553e+02 -2.329097819392670488e+02 -1.900309257958940456e+00 -7.877274633481367800e+02 4.867308871698831751e+01
-2.565878459653392929e+04 3.358599089879604435e+04 5.708764951182201912e+04 1.265682710195328254e+05 1.246886401081193799e+04 1.079153712367500877e+06 -1.980573551790535248e+03 4.764847057562761279e+02 -1.227497470573359751e+05 1.130276360866224422e+05 5.791435668412648374e+04 -4.207963430240103480e+04 1.965142948199533976e+03 1.511315273015922285e+05 1.124061843004663388e+05 -4.768730042643174784e+03 -2.540931072747019243e+03 -4.865482070642618055e+03 -2.411280510591261191e+04 -2.560147508348171414e+03
4.574485696114043094e+03 1.901528248685870130e+04 2.013472448018287469e+04 -3.233932901358201889e+03 -3.402244683171141332e+03 -4.997517687233453785e+02 -5.521276449066203350e+04 7.098168049215511246e+02 1.077787440194289502e+03 2.455497775198904947e+03 -4.127705909881781736e+03 -3.172315413320047810e+02 2.917456637777182209e+02 1.530189294187976884e+03 -1.499423886377524298e+02 4.872319372003342323e+03 3.344707291829568476e+03 6.935337568747759178e+02 -1.124535697659420748e+03 -7.270802099759500834e+02
-4.766207643713082689e+03 3.820110767850719640e+03 5.883164909974000693e+03 9.078166413262164497e+03 -1.832423369959544971e+03 -1.368809478295029749e+03 1.567954610841198701e+03 -8.772575869756310567e+03 -6.530648586189828393e+02 1.476185751709405849e+03 -2.026551415231427654e+03 -2.176227970621646364e+02 -3.322799450960195600e+01 -3.142087069217026283e+02 1.916187361957725557e+02 -1.690894733261047023e+01 6.390635660279540531e+01 1.271112862861710937e+02 -3.355769209311736390e+00 -2.128250820924937670e+03
-3.250688861656587051e+03 1.115382792415353106e+04 1.779153447700347897e+04 -2.045879846907351748e+03 -7.262559247561443954e+02 -3.968929504471782366e+01 4.517490701700751742e+03 1.246234068544382126e+03 5.349863318133740222e+02 9.035519932356596655e+02 -2.204072665718680582e+03 -6.592637649206703827e+02 -1.236603370174242222e+01 1.059315168375080020e+03 -7.702713671845290264e+02 -1.843423657778771485e+01 2.089444560640854718e+02 1.457697356529625381e+02 -2.553472676736694780e+02 5.666735083001137241e+01
-3.899722900605492759e+04 3.506735604089358094e+04 -2.146506227021861923e+04 -3.219525708237807976e+03 5.594326739936312151e+03 2.175969006852697021e+03 1.151079818263809329e+03 3.584955230339292939e+03 -4.068112299216181418e+04 -5.069490240012612776e+04 -2.239993883771605033e+04 -5.876603390689543630e+03 2.594335572609409155e+03 4.788601792225464123e+03 1.972581708958042782e+03 2.804327688712027339e+03 -8.682021971649809302e+02 -7.177820965063268659e+02 -2.966302089074915330e+03 -1.533895968676485609e+03
-3.390361032988087391e+04 7.461490853905177210e+04 1.565464070198635163e+05 6.688038500037605409e+05 9.269461209923577553e+04 7.429178814210163429e+06 -7.226347487304396054e+04 -6.452495208701075753e+05 2.697222315995696001e+06 -1.839428319571936736e+06 -9.099011106334049255e+05 4.952719504703676794e+05 -1.449154183666315657e+04 -1.352397542225514771e+06 -1.006791201424730825e+06 1.677897437323605482e+04 5.029670213864884863e+04 3.157114726211919697e+04 3.748489633779013529e+05 3.634773474928404903e+04
-4.663154090617135080e+04 1.322337129896649276e+04 -1.511686673610302569e+04 1.652580816961466189e+04 1.136068682859457112e+03 1.254675433100017869e+02 -1.023684938396249436e+03 1.940646235919814353e+04 -1.310670371739366965e+04 -1.151855455246822930e+04 -1.369061267257512736e+04 5.819991839241366688e+04 -3.927909097238592803e+05 1.540988055809547768e+04 1.147389863230370247e+04 5.970635563755137127e+02 1.182120517490024213e+04 -4.082553702348524439e+03 1.087561933958686132e+04 -9.596982902184366822e+02
-5.631399571680760710e+04 3.612698839812578080e+04 -3.315493476533495414e+04 3.077423780231918863e+04 -2.346323662748547576e+03 -2.707242433414163770e+03 -2.759995758638618781e+02 1.228860324040262276e+04 5.545455381270971884e+03 -3.124082625305425609e+03 6.191967591323261331e+03 -1.185131361392116014e+04 -9.940633105087825925e+02 2.760439078391925705e+03 -2.847757339763724758e+03 -1.400183720422050101e+03 3.126522384883728591e+03 -1.624320343584961620e+03 5.277977864890115143e+02 8.130101979342200593e+02
-2.514048847882687915e+04 4.909128056622493023e+04 -7.709089448920705763e+03 -9.631230089615415636e+03 -5.029939572577494573e+02 4.469780816716981917e+02 -5.710120432255391279e+03 -5.054364563921643594e+02 8.093853688510503162e+02 2.232548448368206664e+03 -2.562458332856896959e+03 2.925116768452874680e+02 3.313828696489668602e+01 9.288217858054455291e+02 -1.004024971288002121e+03 6.097710829424863732e+02 -4.290893215947556314e+02 -4.082711261446577851e+02 -6.069554001637612828e+01 4.335129348790408699e+02
-9.224959278853812066e+03 1.427856114510428779e+04 2.202338596264700755e+04 1.187556231917744981e+03 -1.488351943149441468e+03 -2.880884414825659974e+02 -6.579490286129570222e+02 1.149557121653807144e+03 -7.291569674622132879e+02 -7.090045525352834375e+03 1.458217907701862896e+04 3.827704642256249372e+03 1.913276835515213179e+02 1.457746332927305843e+02 -1.197805525696049642e+02 -3.200646224635405019e+02 -1.378592346793607021e+03 -3.058445199520628535e+02 3.997137344031984867e+02 -9.192354132829707396e+02
-3.966195693104034581e+04 4.004120573732999037e+04 -2.764221610757568124e+04 3.021293292833978921e+04 -2.493442167436739510e+03 -1.390694696797913821e+03 1.065249501527101984e+03 2.179269857356858847e+04 -7.755907677798884947e+01 2.295551851117566002e+03 -7.038190215810400332e+03 3.218785048448405360e+04 7.626935537878634022e+03 9.046687740326947278e+02 9.339557986530579001e+03 -2.231343816549388066e+03 8.271217244607244083e+02 7.377609374998649400e+03 2.829926156639518467e+03 -1.696527187017689187e+01
-9.307834653320024927e+02 7.767005641888896207e+03 1.151800791761348046e+04 1.470294213460160063e+04 -3.376133345113346422e+03 -2.463625562882935810e+03 -5.955894205244056820e+02 -2.394335846663131088e+04 -3.773548162473113280e+03 4.763523044397461490e+02 -9.627902127281022331e+02 2.208923112872100319e+03 -3.202846181270604831e+01 -1.347197784902630247e+03 1.514037050005308402e+03 -1.087116844480581449e+03 1.306277017376168033e+03 4.212024863905030543e+02 2.174300434561338022e+02 2.320198572224410327e+03
-1.063396296493509544e+04 1.064641013689826104e+04 1.576156604927586523e+04 2.430508455352643523e+03 -7.061285889603993837e+02 1.753800323432158166e+02 7.508714890738514214e+02 4.367795965367634381e+03 1.104254081201993927e+02 -4.286749216313047555e+02 7.614209848770647113e+02 -5.669173156996590478e+03 -9.852475117884562223e+02 -1.531317738330411885e+04 1.313461994282102751e+04 3.943730360766716785e+03 -8.556018011394381801e+02 1.355737852666360084e+02 9.343208461748795344e+02 4.230291249465404348e+02
-2.298735121337326200e+04 4.705232300530216889e+03 9.906994785801844046e+03 1.773967228792976584e+03 -9.338420134052917092e+02 -4.617655959913827246e+02 -1.262289078915211212e+04 2.911918651629248416e+03 -2.006746321693136906e+03 -3.033064239297331824e+03 -6.982870412343199860e+03 -7.186502121839236679e+03 -1.855042272285347053e+03 -5.309593753497450962e+03 5.942921663663152685e+03 -3.515813205701702827e+04 -2.372350045744415547e+04 -1.405105798011596221e+02 -6.471498407633773695e+02 -1.665048283938133693e+02
-1.060750636575418866e+04 3.395233799502942929e+03 1.353012388777120350e+03 8.767281906050613543e+03 -6.511241052361619950e+02 -1.075455073848030224e+03 -1.332880583299033333e+03 2.996730954812499931e+03 2.883401383063610410e+03 -5.614248254049662137e+03 9.353954512021209666e+03 -2.358688052032436462e+04 -4.247017101756189732e+03 -3.232650868681336306e+03 -8.734032706432592477e+02 -2.484708949368277536e+04 3.805470553730461688e+04 2.201552053044704007e+04 -3.517130111644429235e+03 -2.638543620284037388e+03
-3.028262517222320457e+04 9.167966766421690181e+02 1.025933715717450832e+04 4.218034561763300189e+03 1.211814888333094132e+03 1.707265763612927549e+04 -3.548412494319536563e+03 9.874991146574611776e+03 -4.080958482077251392e+04 1.381120288052216711e+04 1.883117819229788665e+03 -1.674163815638319875e+03 -3.902915025112617968e+02 -2.415233567196105287e+04 -2.889579719304926402e+04 -1.950807622480861255e+03 2.305542647904316254e+03 1.808227517225308929e+03 1.436970076768308900e+04 8.710061976185586445e+02
-9.063207887114704135e+03 1.705831414173881421e+04 2.652444338628514379e+04 1.812353282186979050e+04 7.881176296074835591e+03 1.699722677684504306e+05 7.316829680891531780e+02 1.320397391591688574e+04 -1.016732055779334041e+05 8.079221035703012603e+04 3.243106550840667842e+04 -3.294591048113077704e+04 9.549529965974139714e+02 7.461343218613536737e+04 7.408383887949731434e+04 5.730989408286876596e+02 2.248982719026626910e+03 -6.149113980476166944e+03 -1.067959728656800507e+03 1.607888144398812074e+03
-3.937153958005669847e+04 9.400567375560969595e+03 2.847170868239001720e+04 -7.704187854615644028e+03 -4.774978464673319650e+03 6.019810164568499431e+02 -9.283654984462926222e+04 9.804378563949623640e+03 -1.180067871268931412e+04 -9.444628457886305114e+03 -3.087097540681488681e+04 -2.959314100704528391e+04 -1.036357618702884065e+04 -4.091347559392799303e+04 4.181658393500300735e+04 -5.402395853004804812e+05 -4.130519698641551659e+05 -2.224136468164364123e+04 -2.088010960122931283e+04 2.494672799212529208e+04
-2.165300409977542949e+04 2.023736926671517358e+04 2.517060234481330917e+04 4.747982505918673269e+04 8.814834810591390124e+03 6.054308469245400920e+04 -3.003102867043227889e+03 5.789798274297916214e+04 -1.827300432664918480e+05 9.609888120254260139e+04 3.822818139346693351e+04 3.158593009308753972e+04 -5.364285358298337087e+03 -1.560532430979707278e+05 -1.665751834928165772e+05 2.612894864032471014e+04 -3.941394563470882713e+04 4.692617222299194691e+04 -1.274192006480659475e+05 -4.186362091392883485e+03
-2.916471311663800225e+04 3.647718310087233840e+04 -4.863642091628948947e+03 2.735959503347348436e+04 -2.286769694326604622e+03 5.702527741396885403e+02 3.409075828037134215e+03 4.244131183444838825e+04 -1.950329203919570136e+04 1.258963834394083278e+03 -3.514781904324560310e+04 1.363104598455605155e+05 2.916486973534971185e+04 -1.285084327786196445e+04 5.471290652657723695e+04 -5.269882109715173283e+04 6.610754200154842692e+04 2.784469997498527300e+04 5.372026391731293188e+03 -4.113790355560606258e+03
-4.845005346277326316e+04 -1.539547512424865636e+04 9.328383393997114581e+01 -1.396031310563759007e+03 3.484807048427600051e+01 1.389222377733765086e+02 -7.696946461583636392e+02 1.734997347611576288e+03 3.811161519855769484e+02 -3.215171875120384470e+02 5.639531325114172660e+02 1.611063205946377650e+02 -4.064659840065638718e+02 3.714924872407962084e+02 -1.283799581570871169e+02 -2.508902792969010420e+02 2.629967729135195782e+02 -7.531995939211553832e+02 3.083640152283927023e+02 2.131905850795150764e+04
-2.097319313853653875e+04 1.064905953118869729e+04 2.148240740527850357e+04 5.178864029924004626e+02 2.936638504587389889e+03 1.474919424102371340e+04 7.289203946651560955e+02 1.391549325909697473e+04 -3.274045458824699745e+04 2.009544451753974499e+04 -5.192785151175710325e+02 2.292567266740093692e+04 6.686883991191705718e+03 -3.136756146624917528e+04 1.030321142736166075e+04 -4.922698535452380020e+04 7.740916587499344314e+04 -1.214017493816451897e+05 -2.118813839266358991e+04 -1.391672489189046246e+03
-4.834396085460659378e+04 -1.504883958714227629e+04 6.407077981671947100e+02 -1.190573094916198215e+03 2.168500077185479142e+02 2.741522380428505699e+02 -9.269334570360547332e+02 2.919132303692228106e+03 -1.589497564404325567e+04 -2.506233926212427468e+04 -1.207592774144542636e+04 -3.721579339549004089e+03 1.064686203327498106e+03 5.794007721853693511e+03 3.361922129917241364e+03 4.720622659595041114e+03 9.297751814162152186e+02 -9.749224498407081683e+02 -4.670637386650048938e+03 2.629145322377559069e+02
