-4.936948779125892906e+04 -1.551609186753548056e+04 1.467333364062352814e+02 -1.170266318540608381e+03 5.004730073897957432e+00 7.010147677132755462e+01 -4.030019488163015353e+02 1.381757666236491211e+01 2.863757370480498139e+02 3.797548972191873418e+02 -4.613098113732124084e+00 2.560650209155613766e+02 5.934925896064743966e+01 1.011054918418834490e+02 -6.054742550239107146e+01 1.280359166900841501e+02 -2.206966221137063044e+01 2.394301294174682937e+01 4.714083704724820478e+01 -6.647194390692429806e+02
2.097411398666723471e+04 -3.083652318157040554e+03 -3.383825230080779875e+03 -4.293180382924173841e+02 1.626554617890168402e+02 9.530434588131481632e+01 -9.632734964879945494e+01 2.136174151822408191e+02 5.136527501949704089e+00 -4.407404964939804870e+01 1.117794779293421357e+02 3.971579056900976212e+01 3.996098685078584456e+00 7.558621937541930791e+00 -7.724078184757725118e+00 8.520683806755700473e+00 -3.263989754598252802e+01 -2.454406838275731673e+01 5.388640985606859779e+00 1.563550434276268719e+00
-3.566465635953785750e+03 1.348091415659837185e+04 2.021352692410408417e+04 -2.546594831949312265e+03 -8.884176760261083245e+02 -1.632929191127549871e+02 2.791240780722868749e+03 1.558550396610643020e+03 6.752410203258681349e+02 8.824065568170821052e+02 -2.229583618491998095e+03 -5.806850288246861282e+02 5.330764918172212763e-01 9.543191657184445376e+02 -7.519697276581472352e+02 3.015072244130863766e+01 2.062685720755492582e+02 6.955141396017094735e+01 -7.062911709351359946e+01 7.976870673620057062e+01
-4.259634162077117799e+04 3.583739288687193766e+04 -2.623383516649831654e+04 -5.088388950059941635e+03 9.140220474214650039e+02 4.979174492120029072e+02 1.712223684878491667e+03 -2.144431387485428331e+03 3.139348559712389033e+02 8.234302600724897729e+02 1.135608171671090986e+03 -1.010936064691690319e+02 -1.660287003320449912e+02 -5.205704911358152458e+02 5.884656679423229342e+00 1.265527806230841463e+02 -3.203198508088585754e+02 -9.832905445853940307e+01 -1.331363306755184794e+02 -6.167000765551655661e+01
-2.565878459653393293e+04 3.358599089879604435e+04 5.708764951182201912e+04 1.265682710195328400e+05 1.246886401081194163e+04 1.079153712367501110e+06 -1.980573551790535475e+03 4.764847057562753321e+02 -1.227497470573359751e+05 1.130276360866224422e+05 5.791435668412647647e+04 -4.207963430240103480e+04 1.965142948199533748e+03 1.511315273015922285e+05 1.124061843004663533e+05 -4.768730042643173874e+03 -2.540931072747019698e+03 -4.865482070642618055e+03 -2.411280510591260463e+04 -2.560147508348171868e+03
-1.598481027555489163e+04 1.605844507917346891e+04 2.910596221067152146e+04 2.356558485701464451e+04 1.898000607508886606e+05 -5.464605380277439508e+03 -3.659697841431338020e+03 -2.938103788948702459e+03 2.619750068613452186e+03 9.249744410993195061e+02 3.596521568328473109e+02 6.194738636956110440e+02 3.917078968736499860e+02 7.740867835951032703e+02 2.806617143677010517e+02 1.991868520182972873e+02 -2.361460318243067888e+02 -7.715899476580438510e+00 -8.359560623401964676e+02 4.713464685566528800e+01
4.568441073239640900e+03 1.900975005743438305e+04 2.012553074260343783e+04 -3.227593336129560612e+03 -3.399314683849019275e+03 -4.996462520830667131e+02 -5.513116993691958487e+04 7.029827463316061085e+02 1.074745803952142069e+03 2.453724179079511032e+03 -4.126148529118338047e+03 -3.209985613124748625e+02 2.912103368745552530e+02 1.521801086182979134e+03 -1.449641809562522781e+02 4.859974130693412917e+03 3.334034905554442048e+03 6.895781449030971544e+02 -1.117212524137018363e+03 -7.851759986140237970e+02
-5.631399571680761437e+04 3.612698839812578808e+04 -3.315493476533495414e+04 3.077423780231919227e+04 -2.346323662748547576e+03 -2.707242433414163770e+03 -2.759995758638618781e+02 1.228860324040262458e+04 5.545455381270971884e+03 -3.124082625305425609e+03 6.191967591323261331e+03 -1.185131361392116014e+04 -9.940633105087828199e+02 2.760439078391925705e+03 -2.847757339763724303e+03 -1.400183720422050101e+03 3.126522384883728137e+03 -1.624320343584961620e+03 5.277977864890116280e+02 8.130101979342200593e+02
-1.511240778817179125e+04 8.486691175313977510e+03 -1.237286644900164220e+03 4.540991178112656780e+04 -5.115806730777948360e+03 -3.685865028170546339e+03 -4.305193802598078037e+02 4.697598417072547818e+03 1.684596857420280912e+03 5.875406788735822374e+02 -1.772248711807906602e+03 -2.347370413230019949e+03 6.719956771004230234e+01 1.531543786480977133e+03 -1.658860856367788983e+03 1.665101822099346236e+03 -1.701748569168772747e+03 -1.023955628165459871e+03 -5.078563033748696967e+02 2.483276927055498788e+02
-4.772627444310230203e+03 3.820107143268973687e+03 5.884560344883921061e+03 9.074256187112006955e+03 -1.831935150876986654e+03 -1.368375713461765145e+03 1.567397678163438286e+03 -8.768370742227925803e+03 -6.524290210646532842e+02 1.475733236089955881e+03 -2.026589312383332071e+03 -2.187319179600678467e+02 -3.273137955985403380e+01 -3.142488346573218223e+02 1.914057826087408500e+02 -1.716977691951788287e+01 6.403958774226295247e+01 1.285939285911755405e+02 -2.735344511218940511e+00 -2.127668896049240630e+03
-3.390361032988087391e+04 7.461490853905177210e+04 1.565464070198635163e+05 6.688038500037605409e+05 9.269461209923577553e+04 7.429178814210163429e+06 -7.226347487304396054e+04 -6.452495208701075753e+05 2.697222315995696001e+06 -1.839428319571936736e+06 -9.099011106334049255e+05 4.952719504703676794e+05 -1.449154183666315657e+04 -1.352397542225514771e+06 -1.006791201424730825e+06 1.677897437323605482e+04 5.029670213864884863e+04 3.157114726211919697e+04 3.748489633779013529e+05 3.634773474928404903e+04
-9.306663874335009723e+02 7.767025269709901295e+03 1.151805291219992614e+04 1.470293463021148455e+04 -3.376143557829194833e+03 -2.463628005261044109e+03 -5.955936938393799664e+02 -2.394342561109697635e+04 -3.773559173278977596e+03 4.763187528252954621e+02 -9.627035414940294231e+02 2.209022781892800140e+03 -3.201963711988624794e+01 -1.347097992252609629e+03 1.513964948520832877e+03 -1.087078718675348682e+03 1.306267354411491624e+03 4.211525410437935193e+02 2.174165968400104987e+02 2.320426937450446985e+03
-3.899669851322624163e+04 3.506531220562384260e+04 -2.146183478300110801e+04 -3.217770032512496073e+03 5.593718021618480634e+03 2.178886521399269441e+03 1.151076658057319946e+03 3.586826096555519143e+03 -4.068657144753022294e+04 -5.068991431984210067e+04 -2.239884057045980080e+04 -5.875936218143590850e+03 2.594150819382172358e+03 4.784146477015194250e+03 1.967325163329326415e+03 2.804094182275907770e+03 -8.679815820596227240e+02 -7.176702655865353790e+02 -2.965259002789852730e+03 -1.533741367959612035e+03
-2.911486701600536981e+04 3.653983992449309153e+04 -4.904849949526131240e+03 2.739232079347617764e+04 -2.288708088021994627e+03 5.624511011933601594e+02 3.415953755338189694e+03 4.243668583384664817e+04 -1.942037400894496386e+04 1.236762052673873768e+03 -3.520484728121940861e+04 1.363359469578772550e+05 2.917480266019107148e+04 -1.259428317978455198e+04 5.478246446948629455e+04 -5.258772828366493195e+04 6.598745947900979081e+04 2.753488055806069315e+04 4.335550403379740601e+03 -4.115922046550238520e+03
-2.514065877729904969e+04 4.909167365937942668e+04 -7.709275974665320064e+03 -9.631293099394426463e+03 -5.029952325892697331e+02 4.469837824136383233e+02 -5.710250666023053782e+03 -5.054412363486068784e+02 8.093821145828289900e+02 2.232548694186583361e+03 -2.562452886170029160e+03 2.925283662668209672e+02 3.314067450345445565e+01 9.288245335935323510e+02 -1.004024949334771463e+03 6.097783741170211442e+02 -4.290953058401007070e+02 -4.082736020076703198e+02 -6.069611600925940564e+01 4.335149646988907080e+02
-4.845005346277326316e+04 -1.539547512424865818e+04 9.328383393997113160e+01 -1.396031310563758780e+03 3.484807048427600762e+01 1.389222377733765370e+02 -7.696946461583635255e+02 1.734997347611576288e+03 3.811161519855770052e+02 -3.215171875120383902e+02 5.639531325114172660e+02 1.611063205946377934e+02 -4.064659840065638718e+02 3.714924872407960379e+02 -1.283799581570871169e+02 -2.508902792969010420e+02 2.629967729135195214e+02 -7.531995939211554969e+02 3.083640152283927591e+02 2.131905850795150400e+04
-1.067613693373863862e+04 1.065083699732692003e+04 1.574004978570476669e+04 2.435244140350567250e+03 -7.089429515310163197e+02 1.699769542363361836e+02 6.648790193827875328e+02 4.377671455478099233e+03 1.226980762420960644e+02 -4.258524136376054798e+02 7.417290171635793286e+02 -5.714070088914390908e+03 -1.009052594617879436e+03 -1.522218335713975466e+04 1.305464401789008843e+04 3.837993894515283046e+03 -7.423044477548633040e+02 1.261366186419960940e+02 9.337996791184648373e+02 4.041529562381132337e+02
-9.225896123048716618e+03 1.428346528703340846e+04 2.202732777888670535e+04 1.185211552983521642e+03 -1.487747689782330099e+03 -2.834205039802837405e+02 -6.595294516763502770e+02 1.149791702241469920e+03 -7.305735614527368398e+02 -7.084733468823579642e+03 1.457548572369327849e+04 3.825445075440215533e+03 1.912930894085258728e+02 1.487609012646776421e+02 -1.195723376648376899e+02 -3.190088155348844907e+02 -1.378310547528018333e+03 -3.051527396804374916e+02 3.964115367526773639e+02 -9.180984530153435799e+02
-4.663154090617135080e+04 1.322337129896649276e+04 -1.511686673610302751e+04 1.652580816961466553e+04 1.136068682859457112e+03 1.254675433100017727e+02 -1.023684938396249436e+03 1.940646235919814353e+04 -1.310670371739366965e+04 -1.151855455246822930e+04 -1.369061267257512736e+04 5.819991839241365960e+04 -3.927909097238592803e+05 1.540988055809547768e+04 1.147389863230370247e+04 5.970635563755138264e+02 1.182120517490024213e+04 -4.082553702348524439e+03 1.087561933958686132e+04 -9.596982902184366822e+02
-2.167860636990320563e+04 2.025583358000189764e+04 2.520692955259805967e+04 4.749198215730758966e+04 8.891947860891768869e+03 6.073787725879606296e+04 -3.011764126796269920e+03 5.802405074599314685e+04 -1.832934375170957646e+05 9.640354322395926283e+04 3.841293327143844363e+04 3.164823417081935986e+04 -5.378163419804981459e+03 -1.565431554177791986e+05 -1.670825712136294751e+05 2.621873018577217226e+04 -3.955337558413220540e+04 4.709164554354677966e+04 -1.279300545699638024e+05 -4.209663697822219547e+03
-1.056224155952647561e+04 3.360112256215485559e+03 1.323139997198079755e+03 8.766105450613571520e+03 -6.478103055772701282e+02 -1.074826941985757458e+03 -1.289203516853181554e+03 2.976305951448616270e+03 2.878451660946780521e+03 -5.623554076564499155e+03 9.374860488737556807e+03 -2.359126912514082505e+04 -4.250446519277749758e+03 -3.234064190836112175e+03 -8.752684355160818086e+02 -2.487926527184853694e+04 3.810456356678955490e+04 2.205379277247959180e+04 -3.529848716041952230e+03 -2.644492609187642302e+03
-2.090807003298712880e+04 1.066914386485004434e+04 2.151162957591526356e+04 4.390405571010496715e+02 2.917371992061785932e+03 1.461041995788909480e+04 7.346527099691240892e+02 1.379379365222128217e+04 -3.218355585142423661e+04 1.984755638490269484e+04 -6.077115607586384840e+02 2.293675054058701426e+04 6.665996700225997301e+03 -3.022304655863655353e+04 1.125375178413545837e+04 -4.778366562453224469e+04 7.494683350185205927e+04 -1.136855553795930464e+05 -2.042325418609485496e+04 -1.416895264937281809e+03
-8.706883007769578398e+03 1.689269965167150440e+04 2.661186035120746601e+04 1.747424203133720948e+04 7.696601440444340369e+03 1.666846607643268653e+05 8.947181025764745073e+02 1.263534847580609312e+04 -9.740356387896733941e+04 7.978453487916788436e+04 3.233227875932512325e+04 -3.264777122692771809e+04 8.433578641485831895e+02 7.588273519068305905e+04 7.711439827757193416e+04 1.163480825854177738e+03 1.610053916049341979e+03 -6.907393148867839955e+03 -8.595683232526243955e+03 1.380696661265760213e+03
-3.966195693104035308e+04 4.004120573732999037e+04 -2.764221610757568124e+04 3.021293292833978921e+04 -2.493442167436739510e+03 -1.390694696797913821e+03 1.065249501527101984e+03 2.179269857356858847e+04 -7.755907677798889210e+01 2.295551851117565548e+03 -7.038190215810401241e+03 3.218785048448405723e+04 7.626935537878633113e+03 9.046687740326948415e+02 9.339557986530579001e+03 -2.231343816549388066e+03 8.271217244607242947e+02 7.377609374998649400e+03 2.829926156639518467e+03 -1.696527187017691318e+01
-4.834396085460660106e+04 -1.504883958714227083e+04 6.407077981671947100e+02 -1.190573094916198215e+03 2.168500077185479142e+02 2.741522380428505130e+02 -9.269334570360545058e+02 2.919132303692228106e+03 -1.589497564404325567e+04 -2.506233926212427832e+04 -1.207592774144542818e+04 -3.721579339549004999e+03 1.064686203327497878e+03 5.794007721853693511e+03 3.361922129917242273e+03 4.720622659595042023e+03 9.297751814162149913e+02 -9.749224498407081683e+02 -4.670637386650048938e+03 2.629145322377559637e+02
-2.298735121337326200e+04 4.705232300530215070e+03 9.906994785801844046e+03 1.773967228792976584e+03 -9.338420134052919366e+02 -4.617655959913828951e+02 -1.262289078915211212e+04 2.911918651629248416e+03 -2.006746321693136451e+03 -3.033064239297331824e+03 -6.982870412343198950e+03 -7.186502121839237589e+03 -1.855042272285347053e+03 -5.309593753497450052e+03 5.942921663663152685e+03 -3.515813205701702827e+04 -2.372350045744415547e+04 -1.405105798011596505e+02 -6.471498407633777106e+02 -1.665048283938133693e+02
-3.937153958005669847e+04 9.400567375560969595e+03 2.847170868239001720e+04 -7.704187854615646756e+03 -4.774978464673319650e+03 6.019810164568498294e+02 -9.283654984462929133e+04 9.804378563949621821e+03 -1.180067871268931231e+04 -9.444628457886306933e+03 -3.087097540681489045e+04 -2.959314100704528028e+04 -1.036357618702884065e+04 -4.091347559392800031e+04 4.181658393500300735e+04 -5.402395853004803648e+05 -4.130519698641551659e+05 -2.224136468164364123e+04 -2.088010960122930919e+04 2.494672799212529571e+04
-3.770983126473466837e+04 5.487385780222576614e+03 1.397230955163091676e+04 2.078126879706950422e+04 7.888132223667610560e+03 5.041418500662119914e+04 -7.442846384545428009e+02 4.519229222614926402e+04 -1.758634299516984902e+05 8.380269460526382318e+04 2.220801421463676525e+04 2.007865925857896218e+04 1.205491776937907707e+04 -3.255078927226952510e+05 -2.339856602635043964e+05 -4.201601559623531066e+05 7.102285857723297086e+05 -2.104463607909047045e+06 -2.177633794808288221e+05 5.090580878107423814e+03
-3.058451146601167420e+04 -2.337308011703813193e+01 1.034694835396289818e+04 4.122193164829206580e+03 3.321828144017250111e+02 1.634577463290167907e+04 -3.548231616322869741e+03 9.515234859830770802e+03 -3.751598042946639907e+04 1.388104998070083093e+04 2.131115738462947320e+03 -1.498903955429837197e+03 -5.600832377992821876e+02 -2.256299480446495727e+04 -2.687988921964266046e+04 -1.272803394834422306e+03 1.483428372328525938e+03 -2.044606536415143978e+02 3.824079833810515538e+03 6.647549716794284222e+02
-2.361820115757061649e+04 2.219476382897613439e+04 9.102824647938836279e+03 8.582924103040490081e+03 2.154279310116255510e+04 4.474984548711439857e+04 -3.649908504964613257e+03 1.924335967712741694e+04 -1.214784253719349654e+05 1.734045489620622902e+04 -2.050404664689275251e+03 -5.581280712711510205e+03 3.785265115214974685e+03 -5.718739830325167713e+04 -7.278851198016946728e+04 -1.821317554098126493e+04 2.196740569763267558e+04 4.708029832088273542e+04 2.549584544847465004e+05 5.671070426390891953e+03
