-4.936251991162072227e+04 -1.550998637304906515e+04 1.560098857779159687e+02 -1.163768210857320810e+03 5.888424227534788891e+00 1.034046584849846226e+02 -4.084438818129241326e+02 3.120380514743078137e+01 2.084005843200126264e+02 4.070476193824098914e+02 6.591107768894340913e-01 2.518317350659148417e+02 5.807646247891663904e+01 5.560833484116767522e+01 -1.161953046712576452e+02 1.248164142699526593e+02 -1.811582189799593223e+01 2.265693787951820681e+01 5.616594632503156248e+01 -6.613458932715959691e+02
2.097416118405954330e+04 -3.083686033628618588e+03 -3.383861872409236639e+03 -4.293180655754612189e+02 1.626579553801782936e+02 9.530514660356836032e+01 -9.630097367226819927e+01 2.136149150271877488e+02 5.135912086351541284e+00 -4.407667561891605601e+01 1.117852826697079678e+02 3.971796879609288311e+01 3.996203618983417361e+00 7.561155747079151723e+00 -7.725845736860383894e+00 8.520753660261130236e+00 -3.264029132454557214e+01 -2.454447110408314003e+01 5.388144103916125083e+00 1.564215464758898610e+00
-3.313472478713510554e+03 1.114389284415727161e+04 1.777780116198207907e+04 -2.010314112845506543e+03 -7.200521022482141689e+02 5.068864085119207630e+01 4.493900162320605887e+03 1.287321307723882910e+03 3.373264568980605418e+02 9.695325267627026733e+02 -2.175982806105757845e+03 -6.654453765504491685e+02 -1.542339248423941633e+01 9.380538646595987302e+02 -9.007531863265317043e+02 -2.534047800318519350e+01 2.140726594519132959e+02 1.454502639624375604e+02 -2.377947260714576601e+02 5.792249977811374606e+01
-4.259631220033046702e+04 3.583728648642585176e+04 -2.623374005008488166e+04 -5.088277757045346334e+03 9.140159012944131973e+02 4.979873995264205746e+02 1.712207766577412940e+03 -2.144353805407847176e+03 3.137621786813580798e+02 8.234767445055230155e+02 1.135642720228534472e+03 -1.011488478120743650e+02 -1.660374622713210044e+02 -5.206733804935305443e+02 5.746347116214910677e+00 1.265299682791347067e+02 -3.202861349558677944e+02 -9.832947891209306590e+01 -1.331132766067111106e+02 -6.166517540399666331e+01
-1.511986069037231391e+04 8.492609136898028737e+03 -1.217063019051428228e+03 4.538479871262328379e+04 -5.111564608921270519e+03 -3.655475565958963216e+03 -4.315813311214196233e+02 4.716695632705484059e+03 1.625087306950459379e+03 6.120029957442137629e+02 -1.770943086594605802e+03 -2.335233662496327725e+03 6.543591965776742825e+01 1.495074174544337438e+03 -1.698975127257322356e+03 1.664399560329800806e+03 -1.702090447032016527e+03 -1.018801231791081591e+03 -5.092043059848380153e+02 2.459940953713733904e+02
-4.772330895658571535e+03 3.820947831238699109e+03 5.884848639112396995e+03 9.080641907642357182e+03 -1.831949836008512648e+03 -1.361392730416623408e+03 1.568288496575949466e+03 -8.764484529804751219e+03 -6.686669256649087174e+02 1.481602648922098297e+03 -2.025132737409557649e+03 -2.168295316139754618e+02 -3.346354112811048509e+01 -3.234010023991443177e+02 1.800717666637246168e+02 -1.696627459434287033e+01 6.366568667422401262e+01 1.269010418227396571e+02 -1.916734239577846166e+00 -2.126911039456459093e+03
-2.589315924004955377e+04 3.815286730347537377e+04 6.444176500637544814e+04 1.475341526225479320e+05 1.312032998629080430e+04 1.276258929124878952e+06 1.126405598942979509e+02 -1.379949596707853743e+04 -4.871347909541904664e+04 5.954987557764833036e+04 3.894852959848543105e+04 -2.437973324487753780e+04 8.831116357292270322e+02 1.089189789694205392e+05 7.453525230501782789e+04 2.011124714283892899e+03 -1.214724734962498951e+04 6.461958925604881188e+03 -5.427298869344773266e+04 -5.328253949810520680e+03
-1.598481027555488981e+04 1.605844507917346891e+04 2.910596221067152146e+04 2.356558485701464451e+04 1.898000607508886606e+05 -5.464605380277439508e+03 -3.659697841431338475e+03 -2.938103788948702913e+03 2.619750068613452186e+03 9.249744410993195061e+02 3.596521568328471972e+02 6.194738636956111577e+02 3.917078968736500428e+02 7.740867835951031566e+02 2.806617143677009949e+02 1.991868520182972304e+02 -2.361460318243067888e+02 -7.715899476580438510e+00 -8.359560623401965813e+02 4.713464685566528090e+01
-9.226004316690872656e+03 1.427848240225871450e+04 2.202330102989601801e+04 1.188641892758197628e+03 -1.487394055605845551e+03 -2.838564591908950092e+02 -6.579002065451084036e+02 1.150796417983277024e+03 -7.346649257228888246e+02 -7.086823421349559794e+03 1.458206832584067160e+04 3.826976058807797472e+03 1.912235981799968272e+02 1.437824298380233472e+02 -1.228399572542280254e+02 -3.198913430008242926e+02 -1.378867425785499563e+03 -3.052580114464793155e+02 3.978412080558067601e+02 -9.192663683560567733e+02
-3.390361032988087391e+04 7.461490853905177210e+04 1.565464070198635163e+05 6.688038500037605409e+05 9.269461209923577553e+04 7.429178814210163429e+06 -7.226347487304396054e+04 -6.452495208701075753e+05 2.697222315995696001e+06 -1.839428319571936736e+06 -9.099011106334049255e+05 4.952719504703676794e+05 -1.449154183666315657e+04 -1.352397542225514771e+06 -1.006791201424730825e+06 1.677897437323605482e+04 5.029670213864884863e+04 3.157114726211919697e+04 3.748489633779013529e+05 3.634773474928404903e+04
4.436850015462698138e+03 1.907023288878977110e+04 2.017412205872484992e+04 -3.212590957309747409e+03 -3.394183244479178484e+03 -3.928931520451116626e+02 -5.511384695643935265e+04 7.918237339339775644e+02 8.401403902660455287e+02 2.553827935652045198e+03 -4.141388972973346426e+03 -3.504548093067581362e+02 2.857081166240089942e+02 1.376363315633496541e+03 -3.186385388138349413e+02 4.833923164866065235e+03 3.334155018554911294e+03 6.853783996939997678e+02 -1.092015153838217202e+03 -7.228893446865208716e+02
-1.065889844819356586e+04 1.065289411298594860e+04 1.575444004917573693e+04 2.449821961756457313e+03 -7.021010768450776141e+02 2.012950331974959113e+02 7.426443213628738249e+02 4.384670297685232072e+03 4.848201720934859793e+01 -4.062027932504935848e+02 7.693951475239431375e+02 -5.670923184919894993e+03 -9.857187372372866321e+02 -1.533037883047570176e+04 1.306423021058954873e+04 3.935249294972099051e+03 -8.508909577693676738e+02 1.333578856966304613e+02 9.379706161905517092e+02 4.242411220554039346e+02
-2.514073105013822351e+04 4.909106189500146138e+04 -7.708824051674457223e+03 -9.631108676015308447e+03 -5.030058050997068335e+02 4.472575131643059194e+02 -5.710701737922163375e+03 -5.054250701969629063e+02 8.087686129822042176e+02 2.232735770903886078e+03 -2.562248043668036189e+03 2.916981779712081106e+02 3.296402141810627739e+01 9.284048841152192608e+02 -1.004709476848564123e+03 6.097612672854714901e+02 -4.290207288440932416e+02 -4.084192943787099921e+02 -6.067669153697924855e+01 4.335237874111187466e+02
-4.663154090617135080e+04 1.322337129896649276e+04 -1.511686673610302751e+04 1.652580816961466553e+04 1.136068682859457112e+03 1.254675433100017727e+02 -1.023684938396249436e+03 1.940646235919814353e+04 -1.310670371739366965e+04 -1.151855455246822930e+04 -1.369061267257512736e+04 5.819991839241365960e+04 -3.927909097238592803e+05 1.540988055809547768e+04 1.147389863230370247e+04 5.970635563755138264e+02 1.182120517490024213e+04 -4.082553702348524439e+03 1.087561933958686132e+04 -9.596982902184366822e+02
-3.963927116050213954e+04 4.001184033063285460e+04 -2.757138631677037847e+04 3.016880337526148287e+04 -2.479052726200513007e+03 -1.327034820502392449e+03 1.062341764759596117e+03 2.180331455074124096e+04 -2.065732840027410759e+02 2.343934949633021915e+03 -7.023478947470836829e+03 3.218466174332003357e+04 7.623580229218162458e+03 8.240651888061778436e+02 9.248330814086615646e+03 -2.236873162833052902e+03 8.328184583958252460e+02 7.384946584016328416e+03 2.825493958444501004e+03 -1.617277887023146832e+01
-3.899149252421496931e+04 3.506096986575100891e+04 -2.144245982783489308e+04 -3.197618489395083543e+03 5.589533337619468512e+03 2.201807062836932801e+03 1.149851508801081536e+03 3.601065956302311861e+03 -4.071431654878578411e+04 -5.066370597047548654e+04 -2.239601777050973396e+04 -5.867683648953291595e+03 2.592849175398857369e+03 4.757979041122313902e+03 1.936502200854072044e+03 2.804453932318702755e+03 -8.687529651869321015e+02 -7.152483925641724909e+02 -2.963247905304064261e+03 -1.532838078878013448e+03
-2.137482886109236279e+04 1.981075501106321462e+04 2.473568277103658329e+04 4.636383361050180974e+04 8.440841060463755639e+03 5.840753947720780707e+04 -2.982982931836880653e+03 5.616003220521986805e+04 -1.767615721207185125e+05 9.278730675022928335e+04 3.648819854956665949e+04 3.054727074973822528e+04 -5.195225757887557847e+03 -1.508592740756635903e+05 -1.611200761719357106e+05 2.508903615225791145e+04 -3.782672356479987502e+04 4.509347045239382714e+04 -1.219491434023537586e+05 -3.958751371118446514e+03
-1.060493417538599897e+04 3.394377633877950302e+03 1.351836100148046626e+03 8.767372869183845978e+03 -6.510997680422943859e+02 -1.075451219576088533e+03 -1.332542929988463356e+03 2.995868621329776943e+03 2.883269169225709447e+03 -5.614725563946478360e+03 9.355061971263723535e+03 -2.358779937061861710e+04 -4.247322405634717143e+03 -3.232691267362912185e+03 -8.736183754548119396e+02 -2.484947177811731308e+04 3.805848201981828606e+04 2.201824866433883290e+04 -3.518055037021887529e+03 -2.638965400762919217e+03
-2.357973698137009342e+04 2.213168240127365789e+04 9.095586911058037003e+03 8.362150157613137708e+03 2.141982638830305223e+04 4.268245387439521437e+04 -3.608363684239475333e+03 1.909696696275541035e+04 -1.197225425014620123e+05 1.649075360942386760e+04 -2.284943244844026594e+03 -5.160468385109772498e+03 3.738913189768248685e+03 -5.765547525549554121e+04 -7.276989581578338402e+04 -1.805060686426645407e+04 2.174476544557615853e+04 4.689438204987750214e+04 2.525832097703455074e+05 5.581249781309383252e+03
-9.307834653320026064e+02 7.767005641888894388e+03 1.151800791761347864e+04 1.470294213460160427e+04 -3.376133345113346877e+03 -2.463625562882936265e+03 -5.955894205244056820e+02 -2.394335846663131451e+04 -3.773548162473113280e+03 4.763523044397462058e+02 -9.627902127281020057e+02 2.208923112872100319e+03 -3.202846181270604831e+01 -1.347197784902630247e+03 1.514037050005308174e+03 -1.087116844480581221e+03 1.306277017376167805e+03 4.212024863905029974e+02 2.174300434561338022e+02 2.320198572224410327e+03
-2.940842770769222261e+04 3.535432899358588475e+04 -3.977650566721581072e+03 2.652870307352436066e+04 -2.149788096263111129e+03 1.160293065978584991e+03 3.376683749200329657e+03 4.223907388947687286e+04 -2.048038026632730180e+04 2.094515064768322191e+03 -3.479903762792703492e+04 1.361022537823686725e+05 2.924794807027906791e+04 -1.379801202080585608e+04 5.511065351442399697e+04 -5.474621203902683192e+04 6.945727942120136868e+04 2.168589549443341821e+04 3.369216308071825097e+03 -4.184968032366828993e+03
-2.610242197688268061e+04 2.386216534980037977e+04 4.059350447293952311e+04 8.410286854203541589e+04 1.177612168732729515e+04 6.847236345777140232e+05 -3.749090863536947836e+03 2.619994086451471230e+04 -2.458544951800013660e+05 1.918072635599534260e+05 8.308929554243077291e+04 -6.446634764245100814e+04 3.851768587538256725e+03 1.882888994847180729e+05 1.452413748835508886e+05 -1.659832318506508818e+04 1.594278785061724375e+04 -2.391009001376441302e+04 2.909646146443907128e+04 1.790145158489069217e+03
-3.937153958005669847e+04 9.400567375560969595e+03 2.847170868239002084e+04 -7.704187854615644937e+03 -4.774978464673319650e+03 6.019810164568498294e+02 -9.283654984462929133e+04 9.804378563949621821e+03 -1.180067871268931231e+04 -9.444628457886306933e+03 -3.087097540681489045e+04 -2.959314100704528391e+04 -1.036357618702884247e+04 -4.091347559392800031e+04 4.181658393500300735e+04 -5.402395853004804812e+05 -4.130519698641552241e+05 -2.224136468164363396e+04 -2.088010960122930919e+04 2.494672799212529571e+04
-3.864296762894132826e+03 1.554938526587592787e+04 2.235858554218436257e+04 -2.984270902194003611e+03 -1.032609062697316631e+03 -2.702931335078576467e+02 1.228725859326477803e+03 1.842969288519562951e+03 7.860685462652517117e+02 8.677602988728930313e+02 -2.252820707938654778e+03 -5.213314528271442896e+02 7.959898102797709818e+00 8.445230948277119296e+02 -7.437098074684124640e+02 6.348748067605819045e+01 2.179242495619210729e+02 -6.802438777712779272e-01 1.003543547236427145e+02 9.614340988775988706e+01
-2.298735121337326200e+04 4.705232300530215980e+03 9.906994785801845865e+03 1.773967228792976584e+03 -9.338420134052918229e+02 -4.617655959913827246e+02 -1.262289078915211212e+04 2.911918651629248416e+03 -2.006746321693136451e+03 -3.033064239297331824e+03 -6.982870412343197131e+03 -7.186502121839236679e+03 -1.855042272285347508e+03 -5.309593753497450962e+03 5.942921663663152685e+03 -3.515813205701702827e+04 -2.372350045744415911e+04 -1.405105798011596505e+02 -6.471498407633774832e+02 -1.665048283938133977e+02
-4.845176022172188095e+04 -1.539697031355521904e+04 9.283251366862306497e+01 -1.396405662085128370e+03 3.486338482620540447e+01 1.389697024735912976e+02 -7.699038544098492594e+02 1.734855984008353971e+03 3.810653455308759021e+02 -3.213837134815826744e+02 5.638046631854150519e+02 1.614433436048736894e+02 -4.063316030410563258e+02 3.715251532921826652e+02 -1.283805957348808420e+02 -2.507775937360384546e+02 2.628271772188767272e+02 -7.532580212579824774e+02 3.083860438932359784e+02 2.131917891831710949e+04
-4.834396085460660106e+04 -1.504883958714227629e+04 6.407077981671948237e+02 -1.190573094916198443e+03 2.168500077185478574e+02 2.741522380428506267e+02 -9.269334570360542784e+02 2.919132303692228106e+03 -1.589497564404325203e+04 -2.506233926212427468e+04 -1.207592774144542818e+04 -3.721579339549004089e+03 1.064686203327497651e+03 5.794007721853694420e+03 3.361922129917241364e+03 4.720622659595042023e+03 9.297751814162152186e+02 -9.749224498407080546e+02 -4.670637386650048938e+03 2.629145322377559637e+02
-7.518006427909695049e+03 1.675695591847271498e+04 2.622556038187712329e+04 1.434459779395664918e+04 7.482705358344719571e+03 1.440058357436901133e+05 1.084230760388699537e+03 1.131853433600314384e+04 -8.686488123379221361e+04 7.245544706655501795e+04 2.919661022597094416e+04 -3.095811826236809065e+04 6.388498420079018842e+02 7.048212771120105754e+04 7.421209791146402131e+04 2.448811375445135127e+03 3.555519744416747017e+02 -5.387476037785638255e+03 -1.066676216241629118e+04 1.361046161736926706e+03
-5.631302379099583777e+04 3.612581136888506444e+04 -3.315373119441543531e+04 3.077393067764460648e+04 -2.346232864192467332e+03 -2.706164422760156413e+03 -2.761190066124602254e+02 1.228893656659322369e+04 5.542936627467439394e+03 -3.123260938801531665e+03 6.192152657293778248e+03 -1.185131420496222017e+04 -9.941039741614844161e+02 2.758931641486652552e+03 -2.849389976817541537e+03 -1.400342083374496042e+03 3.126685403241611311e+03 -1.624297207197107127e+03 5.280978679925021879e+02 8.130161177532157808e+02
-3.770983126473466837e+04 5.487385780222576614e+03 1.397230955163091676e+04 2.078126879706950422e+04 7.888132223667610560e+03 5.041418500662119914e+04 -7.442846384545428009e+02 4.519229222614926402e+04 -1.758634299516984902e+05 8.380269460526382318e+04 2.220801421463676525e+04 2.007865925857896218e+04 1.205491776937907707e+04 -3.255078927226952510e+05 -2.339856602635043964e+05 -4.201601559623531066e+05 7.102285857723297086e+05 -2.104463607909047045e+06 -2.177633794808288221e+05 5.090580878107423814e+03
-2.017512809917118648e+04 1.061202587802486232e+04 2.187239421868021236e+04 -1.704033470780737503e+01 3.035236544830615912e+03 1.469043164664064534e+04 6.394920086802413834e+02 1.254038083099508731e+04 -3.170452983855798811e+04 1.988339030308759902e+04 7.278625782861377047e+02 1.738870949188196755e+04 5.437158145900713862e+03 -2.983935050435879384e+04 8.678020703171749119e+03 -4.523391084584669443e+04 7.170089963834913215e+04 -1.146617122205499036e+05 -2.065749491612784186e+04 -1.205202679790892262e+03
