-4.936251991162072227e+04 -1.550998637304906515e+04 1.560098857779159687e+02 -1.163768210857320810e+03 5.888424227534788891e+00 1.034046584849846226e+02 -4.084438818129242463e+02 3.120380514743078848e+01 2.084005843200126264e+02 4.070476193824097777e+02 6.591107768894358676e-01 2.518317350659148133e+02 5.807646247891665325e+01 5.560833484116767522e+01 -1.161953046712576452e+02 1.248164142699526593e+02 -1.811582189799593934e+01 2.265693787951819971e+01 5.616594632503156959e+01 -6.613458932715959691e+02
2.097416118405955058e+04 -3.083686033628618588e+03 -3.383861872409236639e+03 -4.293180655754611053e+02 1.626579553801782936e+02 9.530514660356837453e+01 -9.630097367226824190e+01 2.136149150271877488e+02 5.135912086351542172e+00 -4.407667561891604890e+01 1.117852826697079394e+02 3.971796879609288311e+01 3.996203618983418693e+00 7.561155747079151723e+00 -7.725845736860386559e+00 8.520753660261130236e+00 -3.264029132454557214e+01 -2.454447110408313293e+01 5.388144103916127747e+00 1.564215464758898610e+00
-4.259631220033047430e+04 3.583728648642585904e+04 -2.623374005008488166e+04 -5.088277757045345425e+03 9.140159012944131973e+02 4.979873995264206314e+02 1.712207766577412940e+03 -2.144353805407847176e+03 3.137621786813580798e+02 8.234767445055231292e+02 1.135642720228534699e+03 -1.011488478120743792e+02 -1.660374622713210044e+02 -5.206733804935304306e+02 5.746347116214910677e+00 1.265299682791347493e+02 -3.202861349558677944e+02 -9.832947891209310853e+01 -1.331132766067111106e+02 -6.166517540399665620e+01
-2.298735121337326200e+04 4.705232300530215070e+03 9.906994785801844046e+03 1.773967228792976357e+03 -9.338420134052919366e+02 -4.617655959913827246e+02 -1.262289078915211212e+04 2.911918651629248416e+03 -2.006746321693135769e+03 -3.033064239297331824e+03 -6.982870412343198950e+03 -7.186502121839237589e+03 -1.855042272285347735e+03 -5.309593753497450962e+03 5.942921663663152685e+03 -3.515813205701703555e+04 -2.372350045744415183e+04 -1.405105798011596505e+02 -6.471498407633774832e+02 -1.665048283938133693e+02
-3.313311614965564331e+03 1.114221342750008989e+04 1.777601801834659273e+04 -2.009728168545809467e+03 -7.199655521091697210e+02 5.098244435507400141e+01 4.494844159059417507e+03 1.287159851685944886e+03 3.368617133612063981e+02 9.695430354931764896e+02 -2.175665942311124127e+03 -6.654907375115418517e+02 -1.551991487939288561e+01 9.379784000053804220e+02 -9.008859009338640362e+02 -2.549242564340364936e+01 2.142419624099952387e+02 1.453730770923797024e+02 -2.379910195766699417e+02 5.785296545423057069e+01
-3.390361032988087391e+04 7.461490853905177210e+04 1.565464070198635163e+05 6.688038500037605409e+05 9.269461209923577553e+04 7.429178814210163429e+06 -7.226347487304396054e+04 -6.452495208701075753e+05 2.697222315995696001e+06 -1.839428319571936736e+06 -9.099011106334049255e+05 4.952719504703676794e+05 -1.449154183666315657e+04 -1.352397542225514771e+06 -1.006791201424730825e+06 1.677897437323605482e+04 5.029670213864884863e+04 3.157114726211919697e+04 3.748489633779013529e+05 3.634773474928404903e+04
-1.511984216461454162e+04 8.492509822645804888e+03 -1.217386929285403539e+03 4.538516152857396082e+04 -5.111617359830909663e+03 -3.655821144307197301e+03 -4.315663321129722476e+02 4.716459887523279576e+03 1.625795901486651474e+03 6.117247319379367809e+02 -1.770951626556484825e+03 -2.335362852888843463e+03 6.545218190665906377e+01 1.495495943801639896e+03 -1.698508525629199767e+03 1.664418180400672327e+03 -1.702102900561870001e+03 -1.018835265018954715e+03 -5.092552880767544252e+02 2.459854301940739845e+02
-1.598481027555489163e+04 1.605844507917346891e+04 2.910596221067152146e+04 2.356558485701464815e+04 1.898000607508886314e+05 -5.464605380277438599e+03 -3.659697841431338475e+03 -2.938103788948702913e+03 2.619750068613452186e+03 9.249744410993195061e+02 3.596521568328471972e+02 6.194738636956110440e+02 3.917078968736499860e+02 7.740867835951031566e+02 2.806617143677009949e+02 1.991868520182972873e+02 -2.361460318243067888e+02 -7.715899476580437621e+00 -8.359560623401966950e+02 4.713464685566528090e+01
-2.582779713293261011e+04 4.103378408436563041e+04 7.085850867787012248e+04 1.602517036121081328e+05 1.462650677973210259e+04 1.419527762761521386e+06 -6.839088767762206089e+02 -2.288686662521430480e+04 -1.184814358055565026e+04 3.549834912916764006e+04 3.044917126111052130e+04 -1.752724586291370724e+04 7.474228707812825405e+02 9.168779570678772870e+04 5.930620811617380241e+04 2.419758157141218362e+03 -1.297548241209344997e+04 9.154458372820457953e+03 -5.247164813775655057e+04 -5.764553742307484754e+03
-1.066235609835687137e+04 1.065432151004553634e+04 1.575419367300956219e+04 2.450738129243461572e+03 -7.023656405631654707e+02 2.010003116948255126e+02 7.386451869410137760e+02 4.385730990231176293e+03 4.970627460311668244e+01 -4.065413409677188383e+02 7.696805367308687664e+02 -5.675168598134854619e+03 -9.810703854665771360e+02 -1.532882275244340963e+04 1.306176290761926430e+04 3.933418773727837106e+03 -8.487591814106057200e+02 1.370336715178940210e+02 9.385190667847936083e+02 4.249600889220935755e+02
-2.514073105013823442e+04 4.909106189500146138e+04 -7.708824051674457223e+03 -9.631108676015310266e+03 -5.030058050997068335e+02 4.472575131643058626e+02 -5.710701737922163375e+03 -5.054250701969629631e+02 8.087686129822043313e+02 2.232735770903886078e+03 -2.562248043668036189e+03 2.916981779712079970e+02 3.296402141810627739e+01 9.284048841152192608e+02 -1.004709476848564009e+03 6.097612672854716038e+02 -4.290207288440932416e+02 -4.084192943787099921e+02 -6.067669153697922724e+01 4.335237874111187466e+02
-4.772227077378093782e+03 3.821131354949357956e+03 5.884908125820556961e+03 9.080801840590422216e+03 -1.831993894047644062e+03 -1.361410101968771414e+03 1.567986641550582362e+03 -8.764506267579929045e+03 -6.686701187907258372e+02 1.481621256664551993e+03 -2.025134046437477082e+03 -2.166971768872197686e+02 -3.343712263187590850e+01 -3.233614096644736833e+02 1.800704711911170932e+02 -1.682992210570515823e+01 6.347285620724940003e+01 1.267934897267330001e+02 -1.905167623053970694e+00 -2.127243972404181022e+03
-3.963927116050213954e+04 4.001184033063285460e+04 -2.757138631677038211e+04 3.016880337526148287e+04 -2.479052726200513007e+03 -1.327034820502392677e+03 1.062341764759596117e+03 2.180331455074124096e+04 -2.065732840027410759e+02 2.343934949633022825e+03 -7.023478947470835919e+03 3.218466174332002629e+04 7.623580229218160639e+03 8.240651888061778436e+02 9.248330814086615646e+03 -2.236873162833052902e+03 8.328184583958252460e+02 7.384946584016330235e+03 2.825493958444501004e+03 -1.617277887023146477e+01
-9.226004316690870837e+03 1.427848240225871450e+04 2.202330102989601801e+04 1.188641892758197855e+03 -1.487394055605845551e+03 -2.838564591908950092e+02 -6.579002065451086310e+02 1.150796417983277024e+03 -7.346649257228887109e+02 -7.086823421349559794e+03 1.458206832584067160e+04 3.826976058807797926e+03 1.912235981799968556e+02 1.437824298380233756e+02 -1.228399572542279969e+02 -3.198913430008242358e+02 -1.378867425785499790e+03 -3.052580114464793155e+02 3.978412080558067601e+02 -9.192663683560567733e+02
-7.697033783847115046e+03 1.676176087843001733e+04 2.627992274020081095e+04 1.482575514726678011e+04 7.512064025852055238e+03 1.470320425815831404e+05 1.050280537097604110e+03 1.158157473100538482e+04 -8.843309763412045140e+04 7.332467662268858112e+04 2.950827534895719145e+04 -3.094797197190647057e+04 6.544164437411973267e+02 7.013963463497719204e+04 7.361543164961614821e+04 2.289711799615671225e+03 5.397112219761561391e+02 -5.580296708423626114e+03 -1.051909476195370371e+04 1.358628115680710380e+03
-5.631302379099584505e+04 3.612581136888506444e+04 -3.315373119441543531e+04 3.077393067764460648e+04 -2.346232864192467332e+03 -2.706164422760155503e+03 -2.761190066124602822e+02 1.228893656659322551e+04 5.542936627467437575e+03 -3.123260938801531665e+03 6.192152657293777338e+03 -1.185131420496222199e+04 -9.941039741614843024e+02 2.758931641486652552e+03 -2.849389976817541537e+03 -1.400342083374496042e+03 3.126685403241611311e+03 -1.624297207197107355e+03 5.280978679925021879e+02 8.130161177532157808e+02
4.437487915406111824e+03 1.907016579857558827e+04 2.017454412137305553e+04 -3.213712302546392038e+03 -3.394146674609748061e+03 -3.928016163770551543e+02 -5.511548745581432013e+04 7.917511983375616182e+02 8.401017273175881428e+02 2.553940208399991207e+03 -4.141590677223656712e+03 -3.503843415495328486e+02 2.856879291379432289e+02 1.376491142585050056e+03 -3.187522004547163874e+02 4.834111528487507712e+03 3.334523166529483206e+03 6.855888393927382367e+02 -1.092261563929254180e+03 -7.213248754000055669e+02
-2.615084000527859462e+04 2.637959911887368798e+04 4.403027169026332558e+04 9.493680816927338310e+04 1.156146137324281881e+04 7.776333506329390220e+05 -2.625093452821801748e+03 2.002572945069960406e+04 -2.156448359903909441e+05 1.730207837191027356e+05 7.770046552162138687e+04 -5.997288842927677615e+04 3.319738890892113886e+03 1.856446995392067765e+05 1.425116473861916747e+05 -1.267738769704533479e+04 9.663631706481157380e+03 -1.797806939629091721e+04 1.059755576793515320e+04 3.619231341709236176e+02
-3.899149252421496203e+04 3.506096986575101619e+04 -2.144245982783490035e+04 -3.197618489395082634e+03 5.589533337619468512e+03 2.201807062836933710e+03 1.149851508801081764e+03 3.601065956302310951e+03 -4.071431654878579138e+04 -5.066370597047547926e+04 -2.239601777050973396e+04 -5.867683648953290685e+03 2.592849175398858279e+03 4.757979041122312992e+03 1.936502200854072498e+03 2.804453932318704119e+03 -8.687529651869321015e+02 -7.152483925641724909e+02 -2.963247905304064261e+03 -1.532838078878013221e+03
-1.057952079173584752e+04 3.374897367689748080e+03 1.335045449856562072e+03 8.767533105531978435e+03 -6.492966684650909883e+02 -1.075176944995871054e+03 -1.307669360924000785e+03 2.984645059488691004e+03 2.880588165889442280e+03 -5.620128572227479708e+03 9.367127017840377448e+03 -2.359049985066234876e+04 -4.249283042637453036e+03 -3.233458534826980213e+03 -8.747068411436409860e+02 -2.486785356487103491e+04 3.808698628105899115e+04 2.204002603637303037e+04 -3.525238378323104826e+03 -2.642359702325584294e+03
-2.137482886109236642e+04 1.981075501106321462e+04 2.473568277103658329e+04 4.636383361050181702e+04 8.440841060463753820e+03 5.840753947720780707e+04 -2.982982931836881562e+03 5.616003220521986077e+04 -1.767615721207185125e+05 9.278730675022928335e+04 3.648819854956665222e+04 3.054727074973821800e+04 -5.195225757887557847e+03 -1.508592740756635903e+05 -1.611200761719357397e+05 2.508903615225790418e+04 -3.782672356479986775e+04 4.509347045239381987e+04 -1.219491434023537586e+05 -3.958751371118446514e+03
-9.307834653320023790e+02 7.767005641888894388e+03 1.151800791761347864e+04 1.470294213460160427e+04 -3.376133345113346422e+03 -2.463625562882935355e+03 -5.955894205244055684e+02 -2.394335846663131815e+04 -3.773548162473113734e+03 4.763523044397462627e+02 -9.627902127281022331e+02 2.208923112872100319e+03 -3.202846181270605541e+01 -1.347197784902630247e+03 1.514037050005307947e+03 -1.087116844480581449e+03 1.306277017376167805e+03 4.212024863905029974e+02 2.174300434561338307e+02 2.320198572224410782e+03
-4.845176022172188095e+04 -1.539697031355521358e+04 9.283251366862306497e+01 -1.396405662085128142e+03 3.486338482620540447e+01 1.389697024735912692e+02 -7.699038544098490320e+02 1.734855984008353744e+03 3.810653455308758453e+02 -3.213837134815826744e+02 5.638046631854151656e+02 1.614433436048736894e+02 -4.063316030410564395e+02 3.715251532921826652e+02 -1.283805957348808420e+02 -2.507775937360383978e+02 2.628271772188767841e+02 -7.532580212579824774e+02 3.083860438932359784e+02 2.131917891831710949e+04
-3.937153958005670574e+04 9.400567375560969595e+03 2.847170868239002084e+04 -7.704187854615644937e+03 -4.774978464673319650e+03 6.019810164568498294e+02 -9.283654984462929133e+04 9.804378563949621821e+03 -1.180067871268931231e+04 -9.444628457886306933e+03 -3.087097540681489045e+04 -2.959314100704528391e+04 -1.036357618702884247e+04 -4.091347559392800031e+04 4.181658393500300735e+04 -5.402395853004803648e+05 -4.130519698641551659e+05 -2.224136468164363396e+04 -2.088010960122930919e+04 2.494672799212529208e+04
-2.357973698137009706e+04 2.213168240127365425e+04 9.095586911058037003e+03 8.362150157613135889e+03 2.141982638830304859e+04 4.268245387439521437e+04 -3.608363684239474878e+03 1.909696696275541035e+04 -1.197225425014620123e+05 1.649075360942386760e+04 -2.284943244844026594e+03 -5.160468385109771589e+03 3.738913189768246866e+03 -5.765547525549553393e+04 -7.276989581578338402e+04 -1.805060686426644679e+04 2.174476544557615853e+04 4.689438204987750214e+04 2.525832097703455365e+05 5.581249781309383252e+03
-4.332376167140884354e+04 4.873417784566304908e+04 -1.491819379816078981e+04 1.183625997982947010e+05 3.774330498322490166e+04 3.272267325405126940e+03 -6.657788197464812583e+03 1.238686921783806029e+05 -1.073264803249460820e+05 -3.239254324847713360e+04 -1.485637644755731453e+05 4.946661070626931614e+05 -2.562450987102032639e+06 7.993945496745551645e+04 8.424003479697836156e+04 3.541244295918357238e+04 9.498511284400306977e+03 -2.362886442389662261e+04 3.937337699184878875e+04 -6.968172246985540551e+04
-4.642430987521816132e+04 1.262058146170593136e+04 -1.489466415371561743e+04 1.485310096882286234e+04 5.229594527003364419e+02 7.864271895957033109e+01 -8.859917811096230480e+02 1.766254458245273781e+04 -1.153370333030189067e+04 -1.107612323008576095e+04 -1.144745084928774486e+04 5.085202129412725481e+04 -3.554592968990615918e+05 1.423681213888706043e+04 1.032531327677989793e+04 -9.200706691267400572e+01 1.194895349052356505e+04 -4.136270348621468656e+03 1.026388967557384240e+04 2.859103910837546536e+01
-4.834396085460659378e+04 -1.504883958714227265e+04 6.407077981671948237e+02 -1.190573094916198215e+03 2.168500077185479142e+02 2.741522380428505130e+02 -9.269334570360545058e+02 2.919132303692228106e+03 -1.589497564404325203e+04 -2.506233926212428196e+04 -1.207592774144542818e+04 -3.721579339549004999e+03 1.064686203327497878e+03 5.794007721853693511e+03 3.361922129917242273e+03 4.720622659595042023e+03 9.297751814162149913e+02 -9.749224498407081683e+02 -4.670637386650048938e+03 2.629145322377559637e+02
-2.017512809917118648e+04 1.061202587802486778e+04 2.187239421868021964e+04 -1.704033470780730042e+01 3.035236544830615912e+03 1.469043164664064352e+04 6.394920086802411561e+02 1.254038083099508731e+04 -3.170452983855798811e+04 1.988339030308759902e+04 7.278625782861375910e+02 1.738870949188196755e+04 5.437158145900715681e+03 -2.983935050435879748e+04 8.678020703171749119e+03 -4.523391084584669443e+04 7.170089963834910304e+04 -1.146617122205499036e+05 -2.065749491612784914e+04 -1.205202679790891807e+03
-3.864229232881652479e+03 1.554795170399549716e+04 2.235708059978876918e+04 -2.984013649180383709e+03 -1.032483173495836127e+03 -2.702939104885800816e+02 1.229944928276149312e+03 1.842834036399875458e+03 7.860606565670785812e+02 8.678608434973734802e+02 -2.253032889189117213e+03 -5.214428174480667622e+02 7.949188195888766906e+00 8.445300394499365666e+02 -7.437244039186759892e+02 6.345210475734910460e+01 2.179250264675615654e+02 -6.472528976502371911e-01 1.003043183373093967e+02 9.613459399127023630e+01
-3.770983126473466837e+04 5.487385780222576614e+03 1.397230955163091676e+04 2.078126879706950422e+04 7.888132223667610560e+03 5.041418500662119914e+04 -7.442846384545428009e+02 4.519229222614926402e+04 -1.758634299516984902e+05 8.380269460526382318e+04 2.220801421463676525e+04 2.007865925857896218e+04 1.205491776937907707e+04 -3.255078927226952510e+05 -2.339856602635043964e+05 -4.201601559623531066e+05 7.102285857723297086e+05 -2.104463607909047045e+06 -2.177633794808288221e+05 5.090580878107423814e+03
-2.940842770769222261e+04 3.535432899358587747e+04 -3.977650566721580617e+03 2.652870307352436430e+04 -2.149788096263111584e+03 1.160293065978584991e+03 3.376683749200329657e+03 4.223907388947687286e+04 -2.048038026632730180e+04 2.094515064768321736e+03 -3.479903762792703492e+04 1.361022537823686725e+05 2.924794807027907154e+04 -1.379801202080585608e+04 5.511065351442399697e+04 -5.474621203902682464e+04 6.945727942120136868e+04 2.168589549443342185e+04 3.369216308071825551e+03 -4.184968032366828993e+03
