2.097416118405954694e+04 -3.083686033628618588e+03 -3.383861872409236639e+03 -4.293180655754610484e+02 1.626579553801783220e+02 9.530514660356837453e+01 -9.630097367226819927e+01 2.136149150271877488e+02 5.135912086351543060e+00 -4.407667561891605601e+01 1.117852826697079394e+02 3.971796879609288311e+01 3.996203618983417361e+00 7.561155747079149947e+00 -7.725845736860386559e+00 8.520753660261132012e+00 -3.264029132454557214e+01 -2.454447110408313293e+01 5.388144103916126859e+00 1.564215464758899055e+00
-4.935987943319136684e+04 -1.551839145289562839e+04 1.544820138201550606e+02 -1.198544973088861525e+03 1.030269619761333111e+01 7.514794851380445095e+01 -4.053981468125953711e+02 3.003394614905520399e+01 8.477188935035725592e+01 7.674261127700820850e+01 -1.525307193094857041e+02 2.115462236126894595e+02 6.696196054963712641e+01 1.627447732135294416e+02 -2.170259416248879347e+01 1.636966650616031131e+02 1.742192478854483539e+01 7.972984739167249302e+01 -6.854153519854499166e+01 -6.400390614127411482e+02
-4.767541110999473858e+03 3.820403384580873535e+03 5.883057744619596633e+03 9.078143285786247361e+03 -1.832366828216806653e+03 -1.368746902070044371e+03 1.566104404427902409e+03 -8.771019361932894753e+03 -6.532696825113590648e+02 1.475302046839512968e+03 -2.026594851188120401e+03 -2.182700106137147031e+02 -3.367662119303630419e+01 -3.140349092038935055e+02 1.917759670226228081e+02 -1.700864241661090404e+01 6.477772068697008478e+01 1.265318477739886873e+02 -3.690234744410152867e+00 -2.128179488133331233e+03
-4.259631444725328765e+04 3.583729451054202946e+04 -2.623372181130040553e+04 -5.088300465445482587e+03 9.140144074274817285e+02 4.979086713305756007e+02 1.712223495844883701e+03 -2.144377971473623347e+03 3.138905701245014939e+02 8.233189374577367516e+02 1.135582495237114017e+03 -1.011544779432386036e+02 -1.660376491331105342e+02 -5.205543670958089706e+02 5.895024932745293711e+00 1.265524419244911059e+02 -3.202953419705488614e+02 -9.832885548153893751e+01 -1.330892266445836185e+02 -6.167357923602906311e+01
-3.861102371246635357e+03 1.554853239265405500e+04 2.235963734155299971e+04 -2.986007110236239441e+03 -1.033192455316155474e+03 -2.721982250809817288e+02 1.236985504530568051e+03 1.839528565917812557e+03 7.999643148706350075e+02 8.626131738848667965e+02 -2.250260673287786631e+03 -5.213332959891114342e+02 8.136737421123665825e+00 8.565568620231085788e+02 -7.313919714789199134e+02 6.395661821286787330e+01 2.169149238554170722e+02 9.281059471345556311e-01 9.403272071327276649e+01 9.544052428369411700e+01
-1.510940469756944367e+04 8.485459832003240081e+03 -1.236350128626610740e+03 4.541327590451073047e+04 -5.117283653931716799e+03 -3.686199321842607333e+03 -4.303433779509720125e+02 4.694161548275920723e+03 1.685129367648384232e+03 5.884906364817787789e+02 -1.773357361436405654e+03 -2.346216531617964392e+03 6.651580274139436710e+01 1.534279915069746949e+03 -1.658032054236889962e+03 1.661871148754519254e+03 -1.697722792385974344e+03 -1.014396382287508231e+03 -5.163809063440413638e+02 2.426942049713233871e+02
-1.647305053727971608e+04 1.746456503427818461e+04 3.264841207009941718e+04 2.837607478542299577e+04 2.331496947451460001e+05 -6.368543462013867611e+03 -4.748292577293246723e+03 -4.077668205530621435e+03 3.137384743019154939e+03 2.014524435061107624e+03 6.365722347173232265e+02 1.030153511668393548e+03 6.139265895720309345e+02 1.080326754835357633e+03 2.049501247954403027e+02 3.645862257961531441e+02 -4.208535761931287311e+02 6.816353769887241754e+01 -1.625653456702136509e+03 1.232078337994026640e+02
-3.390361032988087391e+04 7.461490853905177210e+04 1.565464070198635163e+05 6.688038500037605409e+05 9.269461209923577553e+04 7.429178814210163429e+06 -7.226347487304396054e+04 -6.452495208701075753e+05 2.697222315995696001e+06 -1.839428319571936736e+06 -9.099011106334049255e+05 4.952719504703676794e+05 -1.449154183666315657e+04 -1.352397542225514771e+06 -1.006791201424730825e+06 1.677897437323605482e+04 5.029670213864884863e+04 3.157114726211919697e+04 3.748489633779013529e+05 3.634773474928404903e+04
4.580845863153852406e+03 1.901834718364301443e+04 2.013939747226202599e+04 -3.237500171014009084e+03 -3.402637878424761311e+03 -4.995362471784483205e+02 -5.521950095855983091e+04 7.084092127730249331e+02 1.077181392845028768e+03 2.456291947455510581e+03 -4.128892938304973541e+03 -3.143379613970019477e+02 2.921804748241552829e+02 1.530457295782639449e+03 -1.497899843990851991e+02 4.873882141283449528e+03 3.343059814937743795e+03 6.930697758122744290e+02 -1.124702237766871804e+03 -7.271518891814911285e+02
-8.675611843152408255e+03 1.688214201640132887e+04 2.660479626291870591e+04 1.740451916920154326e+04 7.691873656209016190e+03 1.663724481687782682e+05 9.035523243473818411e+02 1.258237635845825753e+04 -9.706948983514275460e+04 7.974424350473647064e+04 3.232143133191423840e+04 -3.265691258693645068e+04 8.371174950237082157e+02 7.609340408296084206e+04 7.752298012295433728e+04 1.205519092543884426e+03 1.584766012245213460e+03 -7.016569218659959915e+03 -9.186904514713729441e+03 1.372512518571721785e+03
-2.564487654416878649e+04 3.351903955894327373e+04 5.689923443061482976e+04 1.262911631968686852e+05 1.192117059980419617e+04 1.075727603055951651e+06 -1.782249876699718925e+03 -1.211287765026648458e+03 -1.045565310153414612e+05 9.831239085651461210e+04 5.107653595750964450e+04 -3.440347403805133217e+04 1.678778590184820132e+03 1.288297864245884994e+05 9.534393748889226117e+04 -4.068318751478960621e+03 -2.281041932684943731e+03 -8.187489395666283599e+03 -4.498403305464772711e+04 -3.862854643594800564e+03
-3.966195693104036036e+04 4.004120573732999765e+04 -2.764221610757568124e+04 3.021293292833979649e+04 -2.493442167436739965e+03 -1.390694696797913821e+03 1.065249501527101984e+03 2.179269857356859211e+04 -7.755907677798892053e+01 2.295551851117565548e+03 -7.038190215810401241e+03 3.218785048448405723e+04 7.626935537878634022e+03 9.046687740326947278e+02 9.339557986530577182e+03 -2.231343816549387611e+03 8.271217244607241810e+02 7.377609374998649400e+03 2.829926156639518922e+03 -1.696527187017689897e+01
-9.224959278853815704e+03 1.427856114510428961e+04 2.202338596264701118e+04 1.187556231917744981e+03 -1.488351943149441695e+03 -2.880884414825659974e+02 -6.579490286129570222e+02 1.149557121653806917e+03 -7.291569674622132879e+02 -7.090045525352833465e+03 1.458217907701862532e+04 3.827704642256249372e+03 1.913276835515213179e+02 1.457746332927306128e+02 -1.197805525696049358e+02 -3.200646224635406156e+02 -1.378592346793607248e+03 -3.058445199520628535e+02 3.997137344031984867e+02 -9.192354132829707396e+02
-2.514048847882687915e+04 4.909128056622493750e+04 -7.709089448920706673e+03 -9.631230089615413817e+03 -5.029939572577494573e+02 4.469780816716981917e+02 -5.710120432255390369e+03 -5.054364563921643594e+02 8.093853688510503162e+02 2.232548448368206209e+03 -2.562458332856896959e+03 2.925116768452874680e+02 3.313828696489668602e+01 9.288217858054455291e+02 -1.004024971288002007e+03 6.097710829424863732e+02 -4.290893215947555746e+02 -4.082711261446577851e+02 -6.069554001637612828e+01 4.335129348790408699e+02
-3.899738810093760549e+04 3.503548447493503045e+04 -2.144016719446870411e+04 -3.188870265079479395e+03 5.584045944422704451e+03 2.173449765306623704e+03 1.151342156664123650e+03 3.596155526314306826e+03 -4.064578714837629377e+04 -5.065903085289775481e+04 -2.237532000558000800e+04 -5.887363412102639813e+03 2.590048057702748338e+03 4.787506413832675207e+03 1.967211550628097257e+03 2.802960023569730311e+03 -8.576782352697605347e+02 -7.192773748954682560e+02 -2.969387112602873003e+03 -1.530399573138439337e+03
-1.061928513225489041e+04 1.064559969143978742e+04 1.577388277567156729e+04 2.419510618117034483e+03 -7.080437425407475303e+02 1.767491224818860474e+02 7.582737993222015120e+02 4.362404951001839436e+03 1.103289815393714548e+02 -4.297414656793436620e+02 7.606715271559128269e+02 -5.667036071331789572e+03 -9.793791267811733405e+02 -1.532079824241710048e+04 1.315149399115568121e+04 3.946570484052056145e+03 -8.547333264673542317e+02 1.650808279474890412e+02 9.119056673327543194e+02 4.169449843125680673e+02
-1.062899735765805417e+04 3.409047988850270940e+03 1.364998833983835539e+03 8.770080407793584527e+03 -6.525082285772385831e+02 -1.075930618512830051e+03 -1.347052757773539497e+03 3.005764736269937657e+03 2.885444768177986134e+03 -5.610543923427206209e+03 9.345352522890807450e+03 -2.358267378397551511e+04 -4.245019956323560109e+03 -3.232011650937140530e+03 -8.721936632952474611e+02 -2.483062882874729985e+04 3.802892681456538412e+04 2.199611606692054193e+04 -3.510416499336003653e+03 -2.635562064976342754e+03
-1.564869111899574091e+04 1.510486965616915768e+04 2.670099703414156829e+04 2.029211302894567052e+04 1.603170428276811726e+05 -4.845035600297829660e+03 -2.919308263051089853e+03 -2.163465761654711514e+03 2.269483245287618502e+03 1.847115905517370322e+02 1.703406400687494795e+02 3.408330368991745445e+02 2.408154931696924450e+02 5.655732255544832014e+02 3.309521191248767309e+02 8.697894246753747893e+01 -1.106803040029111429e+02 -5.917458994857286569e+01 -2.996667561594678091e+02 -4.413467888946556172e+00
-3.251750495254622820e+03 1.115277251940771748e+04 1.779045631035301994e+04 -2.045562996099589100e+03 -7.261403505434311683e+02 -3.962962173143856859e+01 4.517438526282512612e+03 1.246301569769124626e+03 5.344253231177405041e+02 9.027028764694226766e+02 -2.204239052021455336e+03 -6.594568219087296939e+02 -1.276645910618824864e+01 1.059325518950325431e+03 -7.699351992299493759e+02 -1.859344676675763708e+01 2.093815013208652260e+02 1.451965534002619336e+02 -2.549028879018530631e+02 5.658013289408847157e+01
-2.305285375866803588e+04 4.726905514912439685e+03 9.986255594775062491e+03 1.730937985582635065e+03 -9.497063709674570191e+02 -4.570302952481378611e+02 -1.295989478656881511e+04 2.938566284727477978e+03 -2.048713719235851386e+03 -3.059565885006188637e+03 -7.083636467742505374e+03 -7.280360678533503233e+03 -1.891350714095368630e+03 -5.460044524272158924e+03 6.093309636859796228e+03 -3.728124072914432327e+04 -2.535455627640249077e+04 -2.247836714643062237e+02 -7.394438457124783781e+02 -5.941950033771939133e+01
-9.307834653320026064e+02 7.767005641888896207e+03 1.151800791761347682e+04 1.470294213460160427e+04 -3.376133345113346877e+03 -2.463625562882935810e+03 -5.955894205244056820e+02 -2.394335846663131451e+04 -3.773548162473113734e+03 4.763523044397462058e+02 -9.627902127281022331e+02 2.208923112872100319e+03 -3.202846181270604831e+01 -1.347197784902630247e+03 1.514037050005307719e+03 -1.087116844480581221e+03 1.306277017376167805e+03 4.212024863905029406e+02 2.174300434561338022e+02 2.320198572224410327e+03
-5.630790354536341329e+04 3.611745641234494542e+04 -3.314718032691071130e+04 3.077057004735980081e+04 -2.345813681971942060e+03 -2.706852802102295300e+03 -2.757872551102054217e+02 1.228850582787378880e+04 5.536890122100283406e+03 -3.136667783619312559e+03 6.186302589809171877e+03 -1.185238405675923241e+04 -9.927710099804396577e+02 2.762751348046891962e+03 -2.845589368296299199e+03 -1.398329138730172872e+03 3.127264232828748845e+03 -1.624296903300425356e+03 5.258335886821694203e+02 8.129943927290199781e+02
-4.380324589432327048e+04 3.854597640167488134e+04 -1.370820171089621545e+04 9.016647257648849336e+04 2.203288326192458408e+04 2.938757317894102016e+03 -6.508629125226049837e+03 9.653302100639436685e+04 -9.380170207250070234e+04 -4.188151056285364757e+04 -1.213449584583153046e+05 3.710680117579716607e+05 -1.941656953015801264e+06 6.180069055900770036e+04 6.616828529693148448e+04 1.980620648840406284e+04 1.664624324219593518e+03 -1.792201313333571306e+04 2.761939785531156303e+04 -5.318885795884284744e+04
-3.058426989113105083e+04 -2.707174062560492800e+01 1.034509900555863715e+04 4.105971059424145096e+03 3.332955613503185646e+02 1.634148960709430685e+04 -3.547802143142643217e+03 9.502837151329522385e+03 -3.749864691758796107e+04 1.387047177872016437e+04 2.127502997454693286e+03 -1.505117602999382598e+03 -5.603102294799532501e+02 -2.254618579848392619e+04 -2.686097961801070051e+04 -1.281537008481570638e+03 1.495957078648858214e+03 -1.954453560352228294e+02 3.827349295951924432e+03 6.683084280154546377e+02
-4.845613087136214017e+04 -1.540572879391780953e+04 9.380162045379550761e+01 -1.425725661561910783e+03 3.762407425954021534e+01 1.416866073681081559e+02 -7.650545232177041726e+02 1.714527188017321123e+03 3.738547136989202500e+02 -3.182202640130814189e+02 5.608205443578905260e+02 1.644577863117832521e+02 -4.118090855436381048e+02 3.649165786726675833e+02 -1.307762499477642848e+02 -2.738107558875060477e+02 2.956910684050902205e+02 -6.734828330422998306e+02 2.397739570639008377e+02 2.133353446343035830e+04
-2.911486701600536981e+04 3.653983992449309153e+04 -4.904849949526131240e+03 2.739232079347618128e+04 -2.288708088021994627e+03 5.624511011933600457e+02 3.415953755338190149e+03 4.243668583384665544e+04 -1.942037400894497114e+04 1.236762052673873768e+03 -3.520484728121941589e+04 1.363359469578772550e+05 2.917480266019107148e+04 -1.259428317978455198e+04 5.478246446948630182e+04 -5.258772828366493923e+04 6.598745947900980536e+04 2.753488055806069679e+04 4.335550403379740601e+03 -4.115922046550238520e+03
-2.358677561770622196e+04 2.218257895965478383e+04 9.218534334524874794e+03 8.760727125051138501e+03 2.146985492654661721e+04 4.602909177837961761e+04 -3.639077006460829125e+03 1.929983883422809231e+04 -1.219381418185076473e+05 1.778029748772960011e+04 -1.828628216384897542e+03 -5.724040914779425293e+03 3.779192442868771195e+03 -5.678383681821096252e+04 -7.264217747681225592e+04 -1.817486408945311632e+04 2.189317479635314521e+04 4.695924059080411826e+04 2.544723343355235993e+05 5.660564390504130643e+03
-3.770983126473466837e+04 5.487385780222576614e+03 1.397230955163091676e+04 2.078126879706950422e+04 7.888132223667610560e+03 5.041418500662119914e+04 -7.442846384545428009e+02 4.519229222614926402e+04 -1.758634299516984902e+05 8.380269460526382318e+04 2.220801421463676525e+04 2.007865925857896218e+04 1.205491776937907707e+04 -3.255078927226952510e+05 -2.339856602635043964e+05 -4.201601559623531066e+05 7.102285857723297086e+05 -2.104463607909047045e+06 -2.177633794808288221e+05 5.090580878107423814e+03
-2.165300409977542949e+04 2.023736926671516994e+04 2.517060234481331281e+04 4.747982505918673269e+04 8.814834810591393762e+03 6.054308469245400192e+04 -3.003102867043227434e+03 5.789798274297915486e+04 -1.827300432664918189e+05 9.609888120254257228e+04 3.822818139346694079e+04 3.158593009308754699e+04 -5.364285358298337087e+03 -1.560532430979706696e+05 -1.665751834928165481e+05 2.612894864032471014e+04 -3.941394563470881985e+04 4.692617222299194691e+04 -1.274192006480660057e+05 -4.186362091392883485e+03
-2.090807003298712516e+04 1.066914386485004434e+04 2.151162957591526720e+04 4.390405571010496146e+02 2.917371992061786386e+03 1.461041995788909480e+04 7.346527099691237481e+02 1.379379365222128399e+04 -3.218355585142423661e+04 1.984755638490269121e+04 -6.077115607586384840e+02 2.293675054058701426e+04 6.665996700225996392e+03 -3.022304655863654625e+04 1.125375178413546018e+04 -4.778366562453223742e+04 7.494683350185204472e+04 -1.136855553795930609e+05 -2.042325418609485132e+04 -1.416895264937281354e+03
-4.646000287118450797e+04 1.235829490343958423e+04 -1.493460506255034852e+04 1.406781356239186971e+04 4.263010845682709373e+02 3.653264243584522575e+01 -7.947671432449953954e+02 1.680363116158681441e+04 -1.038798298880600305e+04 -1.040455065263335018e+04 -1.006947248942491933e+04 4.757505637480854784e+04 -3.393692365318865050e+05 1.374639357202584688e+04 9.695792901444820018e+03 -1.635400183216276560e+02 1.225092375929831178e+04 -4.001622157052244347e+03 1.017053085818716681e+04 6.406674472240198384e+02
-2.643763552898166745e+04 3.733526593055090052e+04 6.763889405942482699e+04 1.420863090887261205e+05 4.313969502724552149e+04 1.271015833814267302e+06 -1.308669935687625548e+04 9.499174306960003742e+04 -1.141569845409028232e+06 9.370813689726606244e+05 4.408323173746695393e+05 -4.719446091059840401e+05 1.800154699702349899e+04 1.400029016413799254e+06 1.067892005748613970e+06 -4.399176234783912514e+04 -1.709472291622325429e+04 1.811669281306827033e+05 1.144675960023254156e+06 7.039145206546309055e+04
-4.671644323815371172e+04 -8.833421144162351993e+03 -1.316056677328759406e+03 2.173438275559758767e+04 -2.098462895800227670e+03 -2.010084638459700500e+03 -3.622622482187003243e+03 1.541245215691823978e+04 5.479739826316340441e+03 -2.392003593591393837e+03 2.052666039841050861e+03 -2.516322868954957357e+03 3.772502049914236977e+03 5.133511418345481616e+03 1.713029432046041165e+03 1.643663608952853610e+04 -2.328164593565207542e+04 -5.591206601450366725e+04 4.843004162574758084e+04 -1.023217144902201107e+04
