-4.936948779125892906e+04 -1.551609186753548238e+04 1.467333364062352814e+02 -1.170266318540608154e+03 5.004730073897958320e+00 7.010147677132755462e+01 -4.030019488163016490e+02 1.381757666236491389e+01 2.863757370480498139e+02 3.797548972191873418e+02 -4.613098113732123196e+00 2.560650209155613197e+02 5.934925896064744677e+01 1.011054918418834490e+02 -6.054742550239105725e+01 1.280359166900841785e+02 -2.206966221137062689e+01 2.394301294174682582e+01 4.714083704724821189e+01 -6.647194390692428669e+02
2.097416118405955058e+04 -3.083686033628619498e+03 -3.383861872409237549e+03 -4.293180655754611053e+02 1.626579553801783220e+02 9.530514660356836032e+01 -9.630097367226818506e+01 2.136149150271876920e+02 5.135912086351541284e+00 -4.407667561891605601e+01 1.117852826697079678e+02 3.971796879609289022e+01 3.996203618983417361e+00 7.561155747079152611e+00 -7.725845736860388335e+00 8.520753660261132012e+00 -3.264029132454557214e+01 -2.454447110408314003e+01 5.388144103916126859e+00 1.564215464758899277e+00
-4.259634162077116343e+04 3.583739288687193766e+04 -2.623383516649831654e+04 -5.088388950059941635e+03 9.140220474214648902e+02 4.979174492120029072e+02 1.712223684878491213e+03 -2.144431387485428331e+03 3.139348559712389033e+02 8.234302600724897729e+02 1.135608171671090759e+03 -1.010936064691690319e+02 -1.660287003320449912e+02 -5.205704911358152458e+02 5.884656679423229342e+00 1.265527806230841463e+02 -3.203198508088585754e+02 -9.832905445853940307e+01 -1.331363306755184510e+02 -6.167000765551654951e+01
-3.835107158963013717e+03 1.554967535086203861e+04 2.236865772150611156e+04 -2.995641412200470313e+03 -1.032360846130459322e+03 -2.713909512839586000e+02 1.269545732233574199e+03 1.829705457345798322e+03 7.970321821861241460e+02 8.648800475671962431e+02 -2.249366441178290643e+03 -4.953026411526086008e+02 1.109932386525068182e+01 8.663003334558941333e+02 -7.366433095917152514e+02 8.229787101251265824e+01 1.911522680642074761e+02 -1.044141398920236696e+01 8.989207246430987652e+01 9.707033179943307744e+01
-2.589315924004955014e+04 3.815286730347537377e+04 6.444176500637544814e+04 1.475341526225479320e+05 1.312032998629080248e+04 1.276258929124878952e+06 1.126405598942981072e+02 -1.379949596707853743e+04 -4.871347909541905392e+04 5.954987557764833764e+04 3.894852959848543105e+04 -2.437973324487754144e+04 8.831116357292268049e+02 1.089189789694205247e+05 7.453525230501784245e+04 2.011124714283892899e+03 -1.214724734962498769e+04 6.461958925604881188e+03 -5.427298869344772538e+04 -5.328253949810522499e+03
-1.511470670532852091e+04 8.486881648745309576e+03 -1.237177285507894794e+03 4.540706696402385569e+04 -5.115474167919004685e+03 -3.685704414775986152e+03 -4.308016835715192201e+02 4.697219528231219556e+03 1.684995942965725362e+03 5.874389697838428219e+02 -1.771550207991010893e+03 -2.348848629306870407e+03 6.698671769357258654e+01 1.530911641577152523e+03 -1.658577471847937431e+03 1.663990269477226320e+03 -1.700356662962818973e+03 -1.023542983687527339e+03 -5.071740104010702908e+02 2.455054328111391726e+02
-9.307834653320026064e+02 7.767005641888895298e+03 1.151800791761347864e+04 1.470294213460160609e+04 -3.376133345113347332e+03 -2.463625562882936265e+03 -5.955894205244055684e+02 -2.394335846663131451e+04 -3.773548162473113280e+03 4.763523044397461490e+02 -9.627902127281022331e+02 2.208923112872100319e+03 -3.202846181270604831e+01 -1.347197784902629792e+03 1.514037050005307719e+03 -1.087116844480581221e+03 1.306277017376168033e+03 4.212024863905029406e+02 2.174300434561338307e+02 2.320198572224410782e+03
-2.514048847882688642e+04 4.909128056622494478e+04 -7.709089448920705763e+03 -9.631230089615415636e+03 -5.029939572577494573e+02 4.469780816716983622e+02 -5.710120432255390369e+03 -5.054364563921644162e+02 8.093853688510504298e+02 2.232548448368206209e+03 -2.562458332856897414e+03 2.925116768452874680e+02 3.313828696489668602e+01 9.288217858054454155e+02 -1.004024971288002007e+03 6.097710829424864869e+02 -4.290893215947556314e+02 -4.082711261446577282e+02 -6.069554001637611407e+01 4.335129348790409836e+02
-1.598481027555489163e+04 1.605844507917347073e+04 2.910596221067152510e+04 2.356558485701464451e+04 1.898000607508886897e+05 -5.464605380277439508e+03 -3.659697841431338929e+03 -2.938103788948702459e+03 2.619750068613452186e+03 9.249744410993196198e+02 3.596521568328472540e+02 6.194738636956109303e+02 3.917078968736500428e+02 7.740867835951032703e+02 2.806617143677010517e+02 1.991868520182972873e+02 -2.361460318243067888e+02 -7.715899476580438510e+00 -8.359560623401964676e+02 4.713464685566526668e+01
-5.631399571680761437e+04 3.612698839812578808e+04 -3.315493476533495414e+04 3.077423780231919227e+04 -2.346323662748547576e+03 -2.707242433414163315e+03 -2.759995758638618781e+02 1.228860324040262276e+04 5.545455381270970975e+03 -3.124082625305425609e+03 6.191967591323260422e+03 -1.185131361392116196e+04 -9.940633105087825925e+02 2.760439078391926159e+03 -2.847757339763724303e+03 -1.400183720422050328e+03 3.126522384883728591e+03 -1.624320343584961620e+03 5.277977864890116280e+02 8.130101979342200593e+02
4.605219445549378179e+03 1.901459172286903777e+04 2.014092853598244983e+04 -3.245218247277402952e+03 -3.403031577907610426e+03 -4.992300054270173177e+02 -5.523433050809481210e+04 6.999493624496308257e+02 1.078933988142841372e+03 2.463141247332339844e+03 -4.126720609076237452e+03 -3.003555920963169115e+02 2.932158334549436631e+02 1.530208698179373414e+03 -1.521712011128486779e+02 4.880997840790268128e+03 3.337249542415442647e+03 6.922829407890905031e+02 -1.122857415820202505e+03 -7.247985476622217220e+02
-1.097666237623177767e+04 1.068314633518401388e+04 1.564258197836129330e+04 2.487567858928443911e+03 -7.160111862499734343e+02 1.038816596611854095e+02 3.132104059041764117e+02 4.392431399856684038e+03 3.167497108178277472e+02 -5.844397124278403908e+02 6.125136885779406839e+02 -5.760852576722788399e+03 -1.000084509214379636e+03 -1.396427384350347165e+04 1.168578521714622548e+04 2.922429015484194679e+03 -9.416974841429832566e+01 2.190979201508439189e+02 9.908885098748502287e+02 2.004136145088609453e+02
-3.390361032988087391e+04 7.461490853905177210e+04 1.565464070198635163e+05 6.688038500037605409e+05 9.269461209923577553e+04 7.429178814210163429e+06 -7.226347487304396054e+04 -6.452495208701075753e+05 2.697222315995696001e+06 -1.839428319571936736e+06 -9.099011106334049255e+05 4.952719504703676794e+05 -1.449154183666315657e+04 -1.352397542225514771e+06 -1.006791201424730825e+06 1.677897437323605482e+04 5.029670213864884863e+04 3.157114726211919697e+04 3.748489633779013529e+05 3.634773474928404903e+04
-4.752339878753243283e+03 3.816842795906269203e+03 5.881536516746306916e+03 9.082529517415634473e+03 -1.835403272600691707e+03 -1.369551594692210983e+03 1.573052175306452000e+03 -8.788248862248156001e+03 -6.559578219077815220e+02 1.479163146708570366e+03 -2.028785080019422594e+03 -2.045341387033204512e+02 -3.086396652647471583e+01 -3.103100611258852837e+02 1.896437271415217083e+02 -6.464014516589862147e+00 5.006289787812550429e+01 1.225411974508503761e+02 -5.793985318783912319e+00 -2.131091315890116221e+03
-9.224625944549656197e+03 1.427850066282823354e+04 2.202351636046470594e+04 1.187413142008850173e+03 -1.488337751860189428e+03 -2.887485590885880242e+02 -6.577896194082886723e+02 1.149407437684396882e+03 -7.289841982101908116e+02 -7.090524694377894775e+03 1.458246868275237648e+04 3.828397136097704788e+03 1.914049169524856211e+02 1.455446890690791122e+02 -1.198708089848065015e+02 -3.198358860760896505e+02 -1.378988356329394719e+03 -3.061965070301076821e+02 4.002864761188165517e+02 -9.192392248268698722e+02
-2.911486701600536253e+04 3.653983992449308425e+04 -4.904849949526130331e+03 2.739232079347618128e+04 -2.288708088021994172e+03 5.624511011933600457e+02 3.415953755338190149e+03 4.243668583384664817e+04 -1.942037400894496750e+04 1.236762052673873768e+03 -3.520484728121941589e+04 1.363359469578772550e+05 2.917480266019107148e+04 -1.259428317978455379e+04 5.478246446948628727e+04 -5.258772828366493195e+04 6.598745947900980536e+04 2.753488055806069679e+04 4.335550403379739691e+03 -4.115922046550237610e+03
-3.899669851322622708e+04 3.506531220562383533e+04 -2.146183478300110801e+04 -3.217770032512496073e+03 5.593718021618479725e+03 2.178886521399269895e+03 1.151076658057319946e+03 3.586826096555520053e+03 -4.068657144753021566e+04 -5.068991431984210067e+04 -2.239884057045980444e+04 -5.875936218143591759e+03 2.594150819382172358e+03 4.784146477015193341e+03 1.967325163329326870e+03 2.804094182275908224e+03 -8.679815820596229514e+02 -7.176702655865356064e+02 -2.965259002789852275e+03 -1.533741367959612262e+03
-9.366864257025847110e+03 2.627699384325683241e+03 6.924335347627612691e+02 8.618411479712030996e+03 -5.853011813526275091e+02 -1.049568607539260256e+03 -6.352689065101692449e+02 2.457492772469633564e+03 2.747415529242331104e+03 -5.800004591804614392e+03 9.799595879449345375e+03 -2.371469752674435222e+04 -4.337712447374800831e+03 -3.271782635718075653e+03 -9.227107792976755718e+02 -2.572487446390722107e+04 3.942617191368062049e+04 2.308280807374511642e+04 -3.884027784962873739e+03 -2.809563564051928097e+03
-3.058451146601167420e+04 -2.337308011703814969e+01 1.034694835396290000e+04 4.122193164829206580e+03 3.321828144017249542e+02 1.634577463290167907e+04 -3.548231616322870195e+03 9.515234859830772621e+03 -3.751598042946639907e+04 1.388104998070083275e+04 2.131115738462947320e+03 -1.498903955429837424e+03 -5.600832377992821876e+02 -2.256299480446496818e+04 -2.687988921964265319e+04 -1.272803394834422306e+03 1.483428372328525711e+03 -2.044606536415143694e+02 3.824079833810515993e+03 6.647549716794284222e+02
-4.845176022172188095e+04 -1.539697031355521904e+04 9.283251366862303655e+01 -1.396405662085128142e+03 3.486338482620540447e+01 1.389697024735912692e+02 -7.699038544098490320e+02 1.734855984008353971e+03 3.810653455308757884e+02 -3.213837134815826744e+02 5.638046631854150519e+02 1.614433436048736610e+02 -4.063316030410562689e+02 3.715251532921826652e+02 -1.283805957348808420e+02 -2.507775937360384262e+02 2.628271772188767841e+02 -7.532580212579825911e+02 3.083860438932360353e+02 2.131917891831711677e+04
-4.834559710530879966e+04 -1.505172349770140136e+04 6.403191590767661410e+02 -1.191727427933846229e+03 2.169356056374954846e+02 2.742969972701945380e+02 -9.271059531505622999e+02 2.918615407201418748e+03 -1.589568461574102184e+04 -2.506271162771063609e+04 -1.207667618399606908e+04 -3.720737602818227515e+03 1.064993895311564302e+03 5.794349423443725755e+03 3.362030077050587806e+03 4.721102695294603109e+03 9.293897256794622308e+02 -9.750343252516790926e+02 -4.672024589289349024e+03 2.630214234526719679e+02
-4.645939692685379850e+04 1.237415228688542265e+04 -1.488224770073667787e+04 1.418553674896762277e+04 5.293432637753512608e+02 5.130675542432747704e+01 -8.659685498892589521e+02 1.710691853952979000e+04 -1.098211432838973815e+04 -1.083317968393954834e+04 -1.072440386682065764e+04 4.895792450939941045e+04 -3.465974007560402970e+05 1.392380697230854639e+04 1.002880108035108242e+04 -3.162778919333267140e+02 1.199649545171639875e+04 -4.091029816229664448e+03 1.024167512084914415e+04 3.109909646477283900e+02
-7.437392200397922352e+03 1.668168603846402402e+04 2.606205267775192988e+04 1.420892797251581214e+04 7.396631508348359603e+03 1.435712134427873825e+05 1.105526543547231540e+03 1.088652473438331072e+04 -8.568644481903343694e+04 7.177258540925710986e+04 2.883391872544611761e+04 -3.013866734473934775e+04 7.903486890965739349e+02 7.369123329370032297e+04 7.179121254877717001e+04 9.611088134262464564e+02 8.813808220299381446e+02 -5.697397796949445365e+03 -1.015464819318972877e+04 8.801368400926328377e+02
-3.966195693104035308e+04 4.004120573732999037e+04 -2.764221610757568124e+04 3.021293292833978921e+04 -2.493442167436739965e+03 -1.390694696797913821e+03 1.065249501527101984e+03 2.179269857356858847e+04 -7.755907677798884947e+01 2.295551851117566002e+03 -7.038190215810401241e+03 3.218785048448404996e+04 7.626935537878633113e+03 9.046687740326947278e+02 9.339557986530579001e+03 -2.231343816549387611e+03 8.271217244607242947e+02 7.377609374998649400e+03 2.829926156639518013e+03 -1.696527187017689897e+01
-2.090807003298712880e+04 1.066914386485004616e+04 2.151162957591526356e+04 4.390405571010498988e+02 2.917371992061785932e+03 1.461041995788909662e+04 7.346527099691236344e+02 1.379379365222128763e+04 -3.218355585142423661e+04 1.984755638490269484e+04 -6.077115607586383703e+02 2.293675054058701062e+04 6.665996700225996392e+03 -3.022304655863654989e+04 1.125375178413546018e+04 -4.778366562453223014e+04 7.494683350185205927e+04 -1.136855553795930609e+05 -2.042325418609485496e+04 -1.416895264937281581e+03
-4.294209999004137353e+04 4.663562243543785007e+04 -1.541114752016290186e+04 1.107845237226321333e+05 2.507904275969111404e+04 3.310276319178069571e+03 -5.541459717901100703e+03 1.108768933776301710e+05 -9.764297773718810640e+04 -3.508579293691056228e+04 -1.320212215596504975e+05 4.231233154571938794e+05 -2.184216901469569653e+06 7.066311574326612754e+04 7.156111954620771576e+04 3.262321622631782157e+04 8.397799584997252168e+03 -1.895603453860760783e+04 3.056620159365318978e+04 -5.783508163028805575e+04
-2.167860636990320563e+04 2.025583358000189764e+04 2.520692955259805967e+04 4.749198215730758966e+04 8.891947860891770688e+03 6.073787725879605568e+04 -3.011764126796269920e+03 5.802405074599313230e+04 -1.832934375170957937e+05 9.640354322395923373e+04 3.841293327143844363e+04 3.164823417081935258e+04 -5.378163419804982368e+03 -1.565431554177791986e+05 -1.670825712136294460e+05 2.621873018577216862e+04 -3.955337558413219813e+04 4.709164554354678694e+04 -1.279300545699638315e+05 -4.209663697822220456e+03
-3.937153958005669847e+04 9.400567375560969595e+03 2.847170868239002084e+04 -7.704187854615644937e+03 -4.774978464673319650e+03 6.019810164568498294e+02 -9.283654984462929133e+04 9.804378563949621821e+03 -1.180067871268931231e+04 -9.444628457886306933e+03 -3.087097540681488681e+04 -2.959314100704528391e+04 -1.036357618702884065e+04 -4.091347559392799303e+04 4.181658393500300735e+04 -5.402395853004804812e+05 -4.130519698641552241e+05 -2.224136468164364123e+04 -2.088010960122931283e+04 2.494672799212529571e+04
-2.357973698137010069e+04 2.213168240127365789e+04 9.095586911058037003e+03 8.362150157613139527e+03 2.141982638830304859e+04 4.268245387439521437e+04 -3.608363684239473969e+03 1.909696696275541035e+04 -1.197225425014620414e+05 1.649075360942386760e+04 -2.284943244844026140e+03 -5.160468385109771589e+03 3.738913189768248685e+03 -5.765547525549553393e+04 -7.276989581578336947e+04 -1.805060686426645043e+04 2.174476544557615489e+04 4.689438204987749486e+04 2.525832097703455074e+05 5.581249781309382342e+03
-3.770983126473466837e+04 5.487385780222576614e+03 1.397230955163091676e+04 2.078126879706950422e+04 7.888132223667610560e+03 5.041418500662119914e+04 -7.442846384545428009e+02 4.519229222614926402e+04 -1.758634299516984902e+05 8.380269460526382318e+04 2.220801421463676525e+04 2.007865925857896218e+04 1.205491776937907707e+04 -3.255078927226952510e+05 -2.339856602635043964e+05 -4.201601559623531066e+05 7.102285857723297086e+05 -2.104463607909047045e+06 -2.177633794808288221e+05 5.090580878107423814e+03
-2.298735121337326200e+04 4.705232300530215980e+03 9.906994785801847684e+03 1.773967228792976357e+03 -9.338420134052921640e+02 -4.617655959913828383e+02 -1.262289078915210848e+04 2.911918651629247961e+03 -2.006746321693136224e+03 -3.033064239297332279e+03 -6.982870412343196222e+03 -7.186502121839236679e+03 -1.855042272285347963e+03 -5.309593753497450052e+03 5.942921663663153595e+03 -3.515813205701702827e+04 -2.372350045744415911e+04 -1.405105798011596505e+02 -6.471498407633773695e+02 -1.665048283938133693e+02
-3.218828895728725911e+03 1.115653767529577271e+04 1.779933617223151305e+04 -2.056450150711322294e+03 -7.267341980835855111e+02 -3.856788359149124545e+01 4.539305105728802118e+03 1.235707320853513011e+03 5.357348478004693106e+02 9.119022757278836480e+02 -2.205218986331441101e+03 -6.330613751438833106e+02 -4.717889924034211369e+00 1.069916260632734520e+03 -7.809414472250210792e+02 3.247808022779052450e+00 1.775016753168665389e+02 1.461658243149421139e+02 -2.568635741876476004e+02 6.297516942171551335e+01
-1.088619993337641972e+04 1.317526386142097181e+04 2.117236603755645410e+04 4.041711014244255693e+03 -5.259441840792404719e+02 6.075108892591435506e+03 3.246665308080391696e+03 1.386471470263610172e+04 -1.657775357397400148e+04 1.271832615328547035e+04 8.999109552614088898e+03 -3.711002903894227347e+04 -5.679937055062571744e+03 -1.089361498368091852e+05 1.247252232001722878e+05 5.592142791276628850e+04 -1.657627994533282981e+04 7.314047632459645683e+03 -4.732871350326957327e+03 1.832988135824754863e+04
-2.610242197688267333e+04 2.386216534980037613e+04 4.059350447293950856e+04 8.410286854203541589e+04 1.177612168732729333e+04 6.847236345777140232e+05 -3.749090863536947836e+03 2.619994086451471230e+04 -2.458544951800013951e+05 1.918072635599534260e+05 8.308929554243077291e+04 -6.446634764245100814e+04 3.851768587538258089e+03 1.882888994847180729e+05 1.452413748835508595e+05 -1.659832318506508454e+04 1.594278785061724375e+04 -2.391009001376440574e+04 2.909646146443907492e+04 1.790145158489068990e+03
