2.097417835626035230e+04 -3.083688951855946016e+03 -3.383865700994422696e+03 -4.293201332309827194e+02 1.626581119572514069e+02 9.530541265126494466e+01 -9.630124497326151811e+01 2.136156339644761601e+02 5.136127077765156201e+00 -4.407648800301925007e+01 1.117851102726965138e+02 3.971827351071779333e+01 3.996249110271364202e+00 7.561789830583538929e+00 -7.726304966049656997e+00 8.521067353618501983e+00 -3.264042892832406295e+01 -2.454475349317633359e+01 5.388157080926752052e+00 1.564399466437472741e+00
-4.936954993788444699e+04 -1.551614606855894817e+04 1.466977072742005532e+02 -1.170290668540982324e+03 5.010063415849995039e+00 7.010436401991633204e+01 -4.029978596786947946e+02 1.380899736542167844e+01 2.863775900087970285e+02 3.797794756652052683e+02 -4.658735872442330894e+00 2.560524692235829320e+02 5.934782799162751843e+01 1.011046053663404649e+02 -6.054778245722159369e+01 1.280365635378248896e+02 -2.206294869529227753e+01 2.394610943286948412e+01 4.713770359886720485e+01 -6.647190109479398643e+02
-3.819084211609570502e+03 1.554492031022190531e+04 2.237162500150499181e+04 -3.000529317527039893e+03 -1.031612382569589727e+03 -2.813669247184373035e+02 1.301810138537464127e+03 1.823303073720288012e+03 8.084536292997843248e+02 8.704106076407447290e+02 -2.245034570537020045e+03 -4.845185444786547464e+02 1.039967052860197505e+01 8.625859616655326363e+02 -7.458905977519175394e+02 8.406443773983227175e+01 1.867257758173777518e+02 -1.387471433725790959e+01 1.029058281917972835e+02 1.076810977757594827e+02
-4.259634162077117071e+04 3.583739288687194494e+04 -2.623383516649831290e+04 -5.088388950059941635e+03 9.140220474214651176e+02 4.979174492120028503e+02 1.712223684878491667e+03 -2.144431387485428331e+03 3.139348559712389033e+02 8.234302600724900003e+02 1.135608171671090759e+03 -1.010936064691690461e+02 -1.660287003320449912e+02 -5.205704911358152458e+02 5.884656679423228454e+00 1.265527806230841463e+02 -3.203198508088585754e+02 -9.832905445853940307e+01 -1.331363306755184794e+02 -6.167000765551655661e+01
-4.597529699952659939e+03 3.786836690933244427e+03 5.935754700480245447e+03 8.954917242564493790e+03 -1.820857990790169652e+03 -1.354668423600666301e+03 1.726209534840945935e+03 -8.700273348433818683e+03 -6.570914669030615869e+02 1.453079075795188601e+03 -2.001116544344054546e+03 -1.475585492820035256e+02 -3.164562076473223584e+01 -2.533821954641834964e+02 1.321718881107672132e+02 -3.758532912147084915e+01 8.289677697629220177e+01 1.668707496531538936e+02 -7.608312162861389538e+01 -1.165923929237594848e+03
-1.598481027555489163e+04 1.605844507917346891e+04 2.910596221067151782e+04 2.356558485701464451e+04 1.898000607508886897e+05 -5.464605380277439508e+03 -3.659697841431338929e+03 -2.938103788948702459e+03 2.619750068613452186e+03 9.249744410993196198e+02 3.596521568328472540e+02 6.194738636956110440e+02 3.917078968736499860e+02 7.740867835951031566e+02 2.806617143677009949e+02 1.991868520182972588e+02 -2.361460318243067888e+02 -7.715899476580440286e+00 -8.359560623401964676e+02 4.713464685566528090e+01
-1.510912100929787084e+04 8.486130798199648780e+03 -1.237232445912078674e+03 4.541094563230300264e+04 -5.115794187867187247e+03 -3.685823618645552870e+03 -4.296982104529163848e+02 4.700857211869669300e+03 1.685458497224193934e+03 5.872501539701804631e+02 -1.772222838247628488e+03 -2.348103507749598975e+03 6.693348524185526571e+01 1.532593785587644561e+03 -1.659894054511990817e+03 1.663813785220718046e+03 -1.699630217860424864e+03 -1.022575095657313682e+03 -5.088900126135509367e+02 2.668842879398746959e+02
-3.390361032988087391e+04 7.461490853905177210e+04 1.565464070198635163e+05 6.688038500037605409e+05 9.269461209923577553e+04 7.429178814210163429e+06 -7.226347487304396054e+04 -6.452495208701075753e+05 2.697222315995696001e+06 -1.839428319571936736e+06 -9.099011106334049255e+05 4.952719504703676794e+05 -1.449154183666315657e+04 -1.352397542225514771e+06 -1.006791201424730825e+06 1.677897437323605482e+04 5.029670213864884863e+04 3.157114726211919697e+04 3.748489633779013529e+05 3.634773474928404903e+04
5.301517504038517473e+03 2.286156390295882375e+04 2.368154291624363395e+04 -4.416622117830409479e+03 -4.002622989820849398e+03 -5.111561630908711322e+02 -6.262962338603968237e+04 6.865090642789400590e+02 1.188831739298717139e+03 2.647827762692073520e+03 -4.120048641393665093e+03 7.116721498236631760e+01 3.451037497817835060e+02 1.823283695335586117e+03 -3.427924387815342584e+02 5.173964912836841904e+03 3.247926338364011372e+03 6.141176961336784643e+02 -1.171094137864182130e+03 -6.063068425689613150e+02
-2.565878459653392929e+04 3.358599089879604435e+04 5.708764951182202640e+04 1.265682710195328400e+05 1.246886401081194163e+04 1.079153712367501110e+06 -1.980573551790535248e+03 4.764847057562755026e+02 -1.227497470573359751e+05 1.130276360866224277e+05 5.791435668412648374e+04 -4.207963430240102753e+04 1.965142948199533976e+03 1.511315273015922285e+05 1.124061843004663388e+05 -4.768730042643174784e+03 -2.540931072747018789e+03 -4.865482070642618055e+03 -2.411280510591260827e+04 -2.560147508348171414e+03
-5.631399571680760710e+04 3.612698839812578080e+04 -3.315493476533495414e+04 3.077423780231919227e+04 -2.346323662748547576e+03 -2.707242433414163770e+03 -2.759995758638618781e+02 1.228860324040262458e+04 5.545455381270971884e+03 -3.124082625305425609e+03 6.191967591323261331e+03 -1.185131361392116196e+04 -9.940633105087828199e+02 2.760439078391926159e+03 -2.847757339763724303e+03 -1.400183720422050101e+03 3.126522384883728591e+03 -1.624320343584961620e+03 5.277977864890116280e+02 8.130101979342200593e+02
-3.966195693104035308e+04 4.004120573732999765e+04 -2.764221610757568487e+04 3.021293292833978194e+04 -2.493442167436739510e+03 -1.390694696797913821e+03 1.065249501527102211e+03 2.179269857356859211e+04 -7.755907677798892053e+01 2.295551851117566002e+03 -7.038190215810400332e+03 3.218785048448405723e+04 7.626935537878633113e+03 9.046687740326947278e+02 9.339557986530577182e+03 -2.231343816549387611e+03 8.271217244607242947e+02 7.377609374998649400e+03 2.829926156639518922e+03 -1.696527187017692029e+01
-2.514048847882688278e+04 4.909128056622494478e+04 -7.709089448920706673e+03 -9.631230089615415636e+03 -5.029939572577494573e+02 4.469780816716983054e+02 -5.710120432255391279e+03 -5.054364563921645299e+02 8.093853688510505435e+02 2.232548448368206209e+03 -2.562458332856897414e+03 2.925116768452874680e+02 3.313828696489667891e+01 9.288217858054457565e+02 -1.004024971288001780e+03 6.097710829424864869e+02 -4.290893215947556314e+02 -4.082711261446577851e+02 -6.069554001637612828e+01 4.335129348790409267e+02
-8.615134959204155166e+03 1.681301651464385941e+04 2.645605704289424102e+04 1.731746438844586010e+04 7.613700476713954231e+03 1.662599770305132843e+05 9.211857305488975953e+02 1.219285530292775366e+04 -9.609645173121526022e+04 7.919862256129315938e+04 3.202174556461199973e+04 -3.190880370180965474e+04 9.822126711337942879e+02 7.918556001314903551e+04 7.529023868534802750e+04 -2.099799033003845636e+02 2.095535048226275649e+03 -7.329596213116971740e+03 -8.685713131100636019e+03 9.204185387053632894e+02
-9.446490009398832626e+03 1.680092904512415407e+04 2.558655817801877856e+04 1.050947816254691134e+03 -2.059122245663884314e+03 -3.404830546358650736e+02 -3.263666517732355260e+03 -2.627142331458596800e+02 -1.061400197866599228e+03 -8.782127592457985884e+03 1.836366940939183041e+04 5.568280942956550462e+03 3.073932782769149981e+02 6.990873082249046320e+02 -3.102603329056323673e+02 -1.072164755608526292e+02 -1.568503092224059401e+03 -4.274745880798017197e+02 4.418784305712875380e+02 -7.399635127409625284e+02
-9.481828451304119881e+03 2.682296625778880298e+03 7.408578882932986289e+02 8.632022038866369257e+03 -5.892716708152630645e+02 -1.051807889652995755e+03 -6.736604641035796703e+02 2.503086956683455810e+03 2.758826499769480506e+03 -5.785270686984585154e+03 9.763062293892200614e+03 -2.370067319509044682e+04 -4.329315148614737154e+03 -3.268449352609609832e+03 -9.178771395821951273e+02 -2.564221699431715024e+04 3.929610655493176455e+04 2.298183953525812103e+04 -3.849259137226220446e+03 -2.793058004696141779e+03
-3.058797927152428747e+04 -2.831624471880822824e+01 1.034420321135784252e+04 4.110570050959176115e+03 3.327631979799135138e+02 1.634089291322766076e+04 -3.548714393388787812e+03 9.506561474977068428e+03 -3.749701498466454359e+04 1.386976502550491205e+04 2.128108752576995812e+03 -1.505747885008665889e+03 -5.592739521304533810e+02 -2.254449124704100541e+04 -2.686032323789696966e+04 -1.277013509222171706e+03 1.489504611786577925e+03 -2.112799421724930369e+02 3.841157138851462150e+03 6.652174185660337571e+02
-3.219675013622490496e+03 1.115610646916900805e+04 1.779918578833785796e+04 -2.056489594243240390e+03 -7.266224248494208950e+02 -3.883464330456824598e+01 4.538538876034244822e+03 1.236072836937039028e+03 5.339952992712355808e+02 9.096741141639746502e+02 -2.207182655290494949e+03 -6.339524196823265356e+02 -4.416715977699575468e+00 1.070036758186103043e+03 -7.794191037464865985e+02 3.433402887777586621e+00 1.778555942869875821e+02 1.459896875987991791e+02 -2.577308906875472871e+02 6.145221843159200148e+01
-1.088127047408913677e+04 1.063327939952481574e+04 1.564184280952224617e+04 2.471008130676486871e+03 -7.092394349782194922e+02 1.117933517520296931e+02 4.855567238274211945e+02 4.356996807249739504e+03 3.104510488540345250e+02 -5.642142144537552895e+02 6.529617326401594255e+02 -5.670256949886477742e+03 -9.966643185618203233e+02 -1.408308182770886197e+04 1.178020689893807503e+04 3.026038730736172965e+03 -2.131011326563037471e+02 1.806792544776280920e+02 9.983876822282588819e+02 2.157927255423542761e+02
-4.642430987521816132e+04 1.262058146170593136e+04 -1.489466415371561743e+04 1.485310096882286234e+04 5.229594527003364419e+02 7.864271895957033109e+01 -8.859917811096230480e+02 1.766254458245273418e+04 -1.153370333030189067e+04 -1.107612323008576095e+04 -1.144745084928774486e+04 5.085202129412726208e+04 -3.554592968990615918e+05 1.423681213888706043e+04 1.032531327677989611e+04 -9.200706691267406256e+01 1.194895349052356687e+04 -4.136270348621467747e+03 1.026388967557384240e+04 2.859103910837543694e+01
-9.303363338415467751e+02 7.765979642308706389e+03 1.151734736799494567e+04 1.470289969761368411e+04 -3.375999617269438204e+03 -2.463614207718989746e+03 -5.935954632222670853e+02 -2.394373815716999889e+04 -3.773636345333199188e+03 4.761331606198602344e+02 -9.623350101946217592e+02 2.209202286458936214e+03 -3.202346250983988085e+01 -1.347032264862755255e+03 1.513904042715794276e+03 -1.087094188334307546e+03 1.306288146539194258e+03 4.211398133777041153e+02 2.174078646194763564e+02 2.320637684334749792e+03
-3.899669851322623435e+04 3.506531220562384260e+04 -2.146183478300110801e+04 -3.217770032512496073e+03 5.593718021618480634e+03 2.178886521399269895e+03 1.151076658057319946e+03 3.586826096555520053e+03 -4.068657144753022294e+04 -5.068991431984210067e+04 -2.239884057045980080e+04 -5.875936218143591759e+03 2.594150819382172358e+03 4.784146477015194250e+03 1.967325163329326870e+03 2.804094182275907770e+03 -8.679815820596229514e+02 -7.176702655865356064e+02 -2.965259002789853184e+03 -1.533741367959612035e+03
-3.937153958005669847e+04 9.400567375560967776e+03 2.847170868239002084e+04 -7.704187854615644937e+03 -4.774978464673319650e+03 6.019810164568498294e+02 -9.283654984462929133e+04 9.804378563949621821e+03 -1.180067871268931049e+04 -9.444628457886305114e+03 -3.087097540681489045e+04 -2.959314100704528755e+04 -1.036357618702884247e+04 -4.091347559392800031e+04 4.181658393500300735e+04 -5.402395853004804812e+05 -4.130519698641551659e+05 -2.224136468164364123e+04 -2.088010960122931283e+04 2.494672799212529571e+04
-2.165300409977543313e+04 2.023736926671516994e+04 2.517060234481331281e+04 4.747982505918673269e+04 8.814834810591390124e+03 6.054308469245400192e+04 -3.003102867043227889e+03 5.789798274297916214e+04 -1.827300432664918189e+05 9.609888120254258683e+04 3.822818139346693351e+04 3.158593009308754699e+04 -5.364285358298337087e+03 -1.560532430979706696e+05 -1.665751834928165481e+05 2.612894864032471014e+04 -3.941394563470881985e+04 4.692617222299194691e+04 -1.274192006480659766e+05 -4.186362091392883485e+03
-2.097319313853653875e+04 1.064905953118869911e+04 2.148240740527850357e+04 5.178864029924002352e+02 2.936638504587389434e+03 1.474919424102371340e+04 7.289203946651562092e+02 1.391549325909697473e+04 -3.274045458824700472e+04 2.009544451753974863e+04 -5.192785151175710325e+02 2.292567266740093692e+04 6.686883991191706627e+03 -3.136756146624917892e+04 1.030321142736166257e+04 -4.922698535452379292e+04 7.740916587499347224e+04 -1.214017493816451897e+05 -2.118813839266358264e+04 -1.391672489189046473e+03
-2.911486701600536617e+04 3.653983992449308425e+04 -4.904849949526131240e+03 2.739232079347618128e+04 -2.288708088021994172e+03 5.624511011933601594e+02 3.415953755338190149e+03 4.243668583384665544e+04 -1.942037400894496750e+04 1.236762052673873768e+03 -3.520484728121941589e+04 1.363359469578772550e+05 2.917480266019107148e+04 -1.259428317978455016e+04 5.478246446948628727e+04 -5.258772828366493923e+04 6.598745947900979081e+04 2.753488055806069315e+04 4.335550403379740601e+03 -4.115922046550237610e+03
-8.263449677869700736e+02 9.931465608301610700e+03 1.131967092150181088e+04 5.695550952974298298e+02 -1.830710800669770379e+03 -5.018942258050077498e+02 -3.391768624680996436e+04 1.691774866866184993e+03 6.218118257154608273e+02 1.131386462587160167e+03 -4.184743118679077270e+03 -3.113536445634100346e+03 -6.763302731559595493e+00 6.066172355665952409e+02 6.571814853995763315e+02 2.811527833335500873e+03 4.457287540708848610e+03 1.144255047101367836e+03 -1.057520731632987008e+03 -1.487794650650851054e+03
-4.845176022172188095e+04 -1.539697031355521540e+04 9.283251366862306497e+01 -1.396405662085128142e+03 3.486338482620540447e+01 1.389697024735912976e+02 -7.699038544098490320e+02 1.734855984008353971e+03 3.810653455308758453e+02 -3.213837134815826744e+02 5.638046631854150519e+02 1.614433436048736894e+02 -4.063316030410562689e+02 3.715251532921826652e+02 -1.283805957348808420e+02 -2.507775937360384546e+02 2.628271772188767841e+02 -7.532580212579824774e+02 3.083860438932360353e+02 2.131917891831710585e+04
-9.055153201902232468e+03 1.223858794090434458e+04 1.912488643586153557e+04 1.306393100383087358e+03 -1.021689470057605718e+03 -1.906485850256261756e+02 1.471298113921107415e+03 2.306150138740018974e+03 -4.799672953867318483e+02 -5.675626456328466702e+03 1.148747849318677072e+04 2.403208735618223727e+03 9.768111963081211968e+01 -2.768180270242151551e+02 4.157160963611942606e+01 -4.871111934174956559e+02 -1.229558284563494908e+03 -1.933571006090777757e+02 3.168726185115921226e+02 -1.061568639678604313e+03
-4.332376167140884354e+04 4.873417784566304908e+04 -1.491819379816078981e+04 1.183625997982947010e+05 3.774330498322490166e+04 3.272267325405126940e+03 -6.657788197464812583e+03 1.238686921783806029e+05 -1.073264803249460820e+05 -3.239254324847713360e+04 -1.485637644755731453e+05 4.946661070626931614e+05 -2.562450987102032639e+06 7.993945496745551645e+04 8.424003479697836156e+04 3.541244295918357238e+04 9.498511284400306977e+03 -2.362886442389662261e+04 3.937337699184878875e+04 -6.968172246985540551e+04
-1.088619993337641972e+04 1.317526386142097181e+04 2.117236603755645410e+04 4.041711014244255239e+03 -5.259441840792405856e+02 6.075108892591437325e+03 3.246665308080390787e+03 1.386471470263610536e+04 -1.657775357397400148e+04 1.271832615328547035e+04 8.999109552614088898e+03 -3.711002903894228075e+04 -5.679937055062569925e+03 -1.089361498368091707e+05 1.247252232001722587e+05 5.592142791276628850e+04 -1.657627994533282981e+04 7.314047632459645683e+03 -4.732871350326958236e+03 1.832988135824754499e+04
-2.298735121337326200e+04 4.705232300530216889e+03 9.906994785801845865e+03 1.773967228792976357e+03 -9.338420134052917092e+02 -4.617655959913827246e+02 -1.262289078915211576e+04 2.911918651629248416e+03 -2.006746321693136451e+03 -3.033064239297332279e+03 -6.982870412343197131e+03 -7.186502121839237589e+03 -1.855042272285347508e+03 -5.309593753497450962e+03 5.942921663663153595e+03 -3.515813205701702827e+04 -2.372350045744415547e+04 -1.405105798011596505e+02 -6.471498407633777106e+02 -1.665048283938133693e+02
-4.834985818437577836e+04 -1.505533499355893946e+04 6.373163914976546494e+02 -1.191333453238879201e+03 2.158383208898887062e+02 2.744074746271692220e+02 -9.270570933693678626e+02 2.918180559038180490e+03 -1.589680649314974653e+04 -2.506369925416234400e+04 -1.207721319202799350e+04 -3.721511124254013794e+03 1.065199163813578707e+03 5.794147745045437659e+03 3.362574117115596891e+03 4.720246569931714475e+03 9.299858914140767183e+02 -9.733371771884948203e+02 -4.677839852634031558e+03 2.610965620145051389e+02
-2.358677561770621833e+04 2.218257895965478383e+04 9.218534334524878432e+03 8.760727125051138501e+03 2.146985492654661721e+04 4.602909177837962488e+04 -3.639077006460829125e+03 1.929983883422809595e+04 -1.219381418185076473e+05 1.778029748772960011e+04 -1.828628216384898224e+03 -5.724040914779425293e+03 3.779192442868771195e+03 -5.678383681821096252e+04 -7.264217747681224137e+04 -1.817486408945311632e+04 2.189317479635314885e+04 4.695924059080413281e+04 2.544723343355236575e+05 5.660564390504129733e+03
-1.335784412477532533e+04 5.392653224570922248e+03 2.971616937562581825e+03 1.905387220489508400e+04 -2.967550780421677700e+03 -2.583561633666754460e+03 7.440411009900009276e+02 -2.025390919334139471e+04 -1.802770929451634402e+03 4.385586316204738068e+03 -5.493329614280697569e+03 -1.757388606066574539e+03 4.256477700449544841e+02 -5.472627718535204622e+03 5.260608814052413436e+03 2.075946158333256335e+03 -5.314070374452280703e+03 -3.959156515725744612e+03 6.026868224275362991e+03 -8.006412039263304905e+04
