2.097416118405954330e+04 -3.083686033628618588e+03 -3.383861872409236639e+03 -4.293180655754611053e+02 1.626579553801783220e+02 9.530514660356837453e+01 -9.630097367226819927e+01 2.136149150271877488e+02 5.135912086351542172e+00 -4.407667561891604890e+01 1.117852826697079678e+02 3.971796879609288311e+01 3.996203618983418249e+00 7.561155747079149947e+00 -7.725845736860386559e+00 8.520753660261132012e+00 -3.264029132454557214e+01 -2.454447110408313293e+01 5.388144103916128635e+00 1.564215464758899055e+00
-4.937154703214223264e+04 -1.552293276564082407e+04 1.484991791741458940e+02 -1.197800170067943554e+03 7.752539736055830133e+00 7.263997319196838021e+01 -3.990666673955914803e+02 -4.663063732083729818e+00 2.794428588627088743e+02 3.825779651484159558e+02 -7.234470831700708260e+00 2.591145148661198618e+02 5.486089980175595571e+01 9.426614690984584399e+01 -6.289214363124799689e+01 1.084808811845008591e+02 5.976817892194576487e+00 9.147735432603178651e+01 -1.134335340201675990e+01 -6.511567653129150131e+02
-3.829687710915483422e+03 1.554902492626094863e+04 2.236607138120718446e+04 -3.000616181096140281e+03 -1.032239986739449478e+03 -3.027670328411199989e+02 1.266423664582095398e+03 1.825811263887940640e+03 8.114009548322891305e+02 8.550578240169854780e+02 -2.264062976254765545e+03 -4.916136238037469184e+02 1.151136798336721689e+01 8.550452314452819564e+02 -7.419097259223863148e+02 8.060520002192974687e+01 1.968276065903109213e+02 -1.793403406183155369e+01 1.172622789530833955e+02 1.000222840545660006e+02
-1.598481027555489163e+04 1.605844507917347073e+04 2.910596221067152146e+04 2.356558485701464451e+04 1.898000607508886897e+05 -5.464605380277439508e+03 -3.659697841431337565e+03 -2.938103788948703368e+03 2.619750068613452186e+03 9.249744410993195061e+02 3.596521568328472540e+02 6.194738636956110440e+02 3.917078968736500428e+02 7.740867835951030429e+02 2.806617143677009949e+02 1.991868520182972873e+02 -2.361460318243067888e+02 -7.715899476580440286e+00 -8.359560623401965813e+02 4.713464685566528090e+01
-4.259640264948450931e+04 3.583758387051056343e+04 -2.623405624320556672e+04 -5.088658072402133257e+03 9.134189505955393997e+02 4.979548982257971943e+02 1.712256810207567469e+03 -2.144500168846530414e+03 3.139085934293931359e+02 8.234800934688978487e+02 1.135570617896726162e+03 -1.010013796214868194e+02 -1.660152304281077136e+02 -5.205880285409267572e+02 5.898169665937269990e+00 1.265837005396587216e+02 -3.203708504767064369e+02 -9.833346231684336658e+01 -1.331461967636077190e+02 -6.167435813053158711e+01
-4.714796089567107629e+03 3.807284006264103937e+03 5.891141426809249424e+03 9.052734398537792003e+03 -1.834450191454796141e+03 -1.367323724114799688e+03 1.577118661279111393e+03 -8.807362515234433886e+03 -6.604313076946593810e+02 1.482871895501638619e+03 -2.033762900497674309e+03 -1.952147998926771209e+02 -3.057566044895034096e+01 -3.110885998215662198e+02 1.909052892664697083e+02 -7.004393257181734889e+00 5.001186911920439826e+01 1.247410351465888141e+02 -6.923284896826742418e+00 -2.120888853224149898e+03
-2.565878459653392929e+04 3.358599089879602980e+04 5.708764951182201912e+04 1.265682710195328546e+05 1.246886401081194163e+04 1.079153712367500877e+06 -1.980573551790535475e+03 4.764847057562756163e+02 -1.227497470573359606e+05 1.130276360866224277e+05 5.791435668412647647e+04 -4.207963430240102753e+04 1.965142948199534203e+03 1.511315273015922285e+05 1.124061843004663242e+05 -4.768730042643172965e+03 -2.540931072747019243e+03 -4.865482070642618964e+03 -2.411280510591261191e+04 -2.560147508348170959e+03
-1.559017244275634948e+04 1.032614437636895309e+04 -1.636236033973523035e+03 6.116904980511918257e+04 -6.821382848950676816e+03 -3.258872529556641439e+03 -5.982871806963005383e+02 1.091450942887099154e+04 5.874976661527478683e+01 3.391115391073910814e+03 -5.396198886446371944e+03 4.366420184676569988e+03 -2.305150841986119872e+02 1.614415912633053040e+03 -3.158335479933398801e+03 3.382411638184693857e+03 -3.918668486471113738e+03 6.344150715867095869e+02 -2.830115644413160680e+03 5.314858727483247094e+02
-2.514048847882687915e+04 4.909128056622493750e+04 -7.709089448920707582e+03 -9.631230089615415636e+03 -5.029939572577494573e+02 4.469780816716981917e+02 -5.710120432255391279e+03 -5.054364563921644162e+02 8.093853688510503162e+02 2.232548448368206664e+03 -2.562458332856897414e+03 2.925116768452874680e+02 3.313828696489668602e+01 9.288217858054455291e+02 -1.004024971288001780e+03 6.097710829424864869e+02 -4.290893215947556314e+02 -4.082711261446577851e+02 -6.069554001637612828e+01 4.335129348790408699e+02
-3.390361032988087391e+04 7.461490853905177210e+04 1.565464070198635163e+05 6.688038500037605409e+05 9.269461209923577553e+04 7.429178814210163429e+06 -7.226347487304396054e+04 -6.452495208701075753e+05 2.697222315995696001e+06 -1.839428319571936736e+06 -9.099011106334049255e+05 4.952719504703676794e+05 -1.449154183666315657e+04 -1.352397542225514771e+06 -1.006791201424730825e+06 1.677897437323605482e+04 5.029670213864884863e+04 3.157114726211919697e+04 3.748489633779013529e+05 3.634773474928404903e+04
-2.165300409977543677e+04 2.023736926671516994e+04 2.517060234481330917e+04 4.747982505918673269e+04 8.814834810591391943e+03 6.054308469245399465e+04 -3.003102867043227889e+03 5.789798274297916214e+04 -1.827300432664918189e+05 9.609888120254260139e+04 3.822818139346694079e+04 3.158593009308754699e+04 -5.364285358298336178e+03 -1.560532430979706987e+05 -1.665751834928165481e+05 2.612894864032471378e+04 -3.941394563470881985e+04 4.692617222299195419e+04 -1.274192006480660057e+05 -4.186362091392883485e+03
4.601136152249612678e+03 1.901102528325183448e+04 2.013642971456249870e+04 -3.242851193002611126e+03 -3.402616213429400887e+03 -4.993511813546368217e+02 -5.522887787284785009e+04 7.003788513253525707e+02 1.079204431651536652e+03 2.462539265452553536e+03 -4.125687049552875578e+03 -3.018034973012928504e+02 2.929623673844710652e+02 1.530151419894071068e+03 -1.523065018571113285e+02 4.880401778427636600e+03 3.338057902461868707e+03 6.924712950323772702e+02 -1.122895364215540212e+03 -7.247567354947576632e+02
-4.642430987521816132e+04 1.262058146170593136e+04 -1.489466415371561743e+04 1.485310096882286052e+04 5.229594527003364419e+02 7.864271895957035952e+01 -8.859917811096230480e+02 1.766254458245273781e+04 -1.153370333030189067e+04 -1.107612323008576095e+04 -1.144745084928774668e+04 5.085202129412725481e+04 -3.554592968990616500e+05 1.423681213888706043e+04 1.032531327677989611e+04 -9.200706691267407678e+01 1.194895349052356687e+04 -4.136270348621467747e+03 1.026388967557384240e+04 2.859103910837546536e+01
-6.123808013645612846e+03 1.452197878229301205e+04 2.339801625839413464e+04 1.203858593737063757e+03 -1.123478296977965101e+03 2.269313646122561840e+04 5.795121247361044880e+03 3.890587748230334910e+03 -1.023366601681119573e+04 6.491339803127597406e+03 1.208471780842006774e+04 -1.162702616410306518e+03 -9.502147341604151620e+01 8.841464197955196141e+03 3.430314332171240494e+03 2.298830402218606196e+03 -5.723562785477638499e+03 5.060810454922578174e+03 -2.027084783811574016e+04 -2.315841838285071844e+03
-9.333859182910404343e+03 2.612894697144436122e+03 6.821641479737128293e+02 8.609478983953469651e+03 -5.837156173694203289e+02 -1.048534204084097837e+03 -6.238790554993133810e+02 2.443559132905523711e+03 2.743794098582457991e+03 -5.803885877390871428e+03 9.809447841487159167e+03 -2.371820666154544233e+04 -4.340160774976567154e+03 -3.273069574138345615e+03 -9.239516101287889569e+02 -2.574781969662050687e+04 3.946225350105373218e+04 2.311102334513762253e+04 -3.893876317099745393e+03 -2.814086146264307899e+03
-1.098124714073741961e+04 1.067273920483467737e+04 1.562900301153566215e+04 2.464923749053105439e+03 -7.172491194062633895e+02 7.974965714759853164e+00 2.682070624998263497e+02 4.381695639979093357e+03 3.429203093102831872e+02 -6.431889779022707216e+02 5.387852711646097532e+02 -5.773414561119666359e+03 -9.990548896612249337e+02 -1.394375568514170118e+04 1.165318285912980718e+04 2.879507127144369406e+03 -2.892042844218284259e+01 2.251247960778559332e+02 1.037338486648807248e+03 1.824477355784155748e+02
-3.966195693104035308e+04 4.004120573732999037e+04 -2.764221610757568124e+04 3.021293292833978921e+04 -2.493442167436739965e+03 -1.390694696797913821e+03 1.065249501527101984e+03 2.179269857356858847e+04 -7.755907677798882105e+01 2.295551851117565548e+03 -7.038190215810401241e+03 3.218785048448405360e+04 7.626935537878634022e+03 9.046687740326947278e+02 9.339557986530579001e+03 -2.231343816549387611e+03 8.271217244607242947e+02 7.377609374998649400e+03 2.829926156639518467e+03 -1.696527187017690252e+01
-2.911486701600536253e+04 3.653983992449309153e+04 -4.904849949526131240e+03 2.739232079347618492e+04 -2.288708088021994627e+03 5.624511011933600457e+02 3.415953755338189694e+03 4.243668583384665544e+04 -1.942037400894497114e+04 1.236762052673873768e+03 -3.520484728121940861e+04 1.363359469578772550e+05 2.917480266019107512e+04 -1.259428317978455198e+04 5.478246446948630182e+04 -5.258772828366493195e+04 6.598745947900979081e+04 2.753488055806069679e+04 4.335550403379740601e+03 -4.115922046550238520e+03
-5.631399571680760710e+04 3.612698839812578080e+04 -3.315493476533495414e+04 3.077423780231919227e+04 -2.346323662748547576e+03 -2.707242433414163770e+03 -2.759995758638618781e+02 1.228860324040262276e+04 5.545455381270971884e+03 -3.124082625305425609e+03 6.191967591323261331e+03 -1.185131361392116014e+04 -9.940633105087825925e+02 2.760439078391925705e+03 -2.847757339763724758e+03 -1.400183720422050101e+03 3.126522384883728591e+03 -1.624320343584961620e+03 5.277977864890115143e+02 8.130101979342200593e+02
-3.899669851322623435e+04 3.506531220562384260e+04 -2.146183478300110801e+04 -3.217770032512496073e+03 5.593718021618479725e+03 2.178886521399269895e+03 1.151076658057319946e+03 3.586826096555520508e+03 -4.068657144753021566e+04 -5.068991431984209339e+04 -2.239884057045980444e+04 -5.875936218143590850e+03 2.594150819382171903e+03 4.784146477015192431e+03 1.967325163329326870e+03 2.804094182275907315e+03 -8.679815820596227240e+02 -7.176702655865356064e+02 -2.965259002789852730e+03 -1.533741367959612262e+03
-9.218502986381923620e+03 1.424476688670862495e+04 2.196778322189518440e+04 1.157219610843412511e+03 -1.486464287249208610e+03 -6.125742565795503651e+02 -7.030277008295489622e+02 1.112730328875046325e+03 -5.830024229750224549e+02 -7.210696959366332521e+03 1.446614367031287293e+04 3.858385389773129646e+03 1.935762017595427835e+02 2.133497313904057791e+01 -1.682593016739774328e+02 -3.517941691282244960e+02 -1.305337255127020171e+03 -3.784768761567661954e+02 6.888447179546924417e+02 -8.909140512195359634e+02
-8.615134959204155166e+03 1.681301651464386305e+04 2.645605704289423375e+04 1.731746438844585646e+04 7.613700476713953321e+03 1.662599770305132843e+05 9.211857305488979364e+02 1.219285530292775366e+04 -9.609645173121528933e+04 7.919862256129314483e+04 3.202174556461199609e+04 -3.190880370180965838e+04 9.822126711337942879e+02 7.918556001314903551e+04 7.529023868534804205e+04 -2.099799033003845921e+02 2.095535048226275649e+03 -7.329596213116973558e+03 -8.685713131100636019e+03 9.204185387053630620e+02
-9.303689662727516634e+02 7.766858828881183399e+03 1.151800600078480238e+04 1.470266823573680449e+04 -3.376101263599100548e+03 -2.463595703406520897e+03 -5.954853700811311228e+02 -2.394345992428200043e+04 -3.773597274619492055e+03 4.764485661036437136e+02 -9.629713966461549717e+02 2.209038805053498436e+03 -3.201036596636958365e+01 -1.347227583725185923e+03 1.514066654840988122e+03 -1.087077524424889361e+03 1.306204039827978477e+03 4.212096856408795134e+02 2.174189590421431149e+02 2.320175454466599604e+03
-2.090807003298712880e+04 1.066914386485004434e+04 2.151162957591526720e+04 4.390405571010499557e+02 2.917371992061785932e+03 1.461041995788909662e+04 7.346527099691237481e+02 1.379379365222128399e+04 -3.218355585142423661e+04 1.984755638490269121e+04 -6.077115607586385977e+02 2.293675054058701062e+04 6.665996700225996392e+03 -3.022304655863654989e+04 1.125375178413546018e+04 -4.778366562453223014e+04 7.494683350185205927e+04 -1.136855553795930464e+05 -2.042325418609485132e+04 -1.416895264937281581e+03
-3.937153958005670574e+04 9.400567375560967776e+03 2.847170868239002084e+04 -7.704187854615644937e+03 -4.774978464673319650e+03 6.019810164568498294e+02 -9.283654984462929133e+04 9.804378563949621821e+03 -1.180067871268931412e+04 -9.444628457886306933e+03 -3.087097540681488681e+04 -2.959314100704528391e+04 -1.036357618702884065e+04 -4.091347559392800031e+04 4.181658393500300735e+04 -5.402395853004803648e+05 -4.130519698641552241e+05 -2.224136468164364123e+04 -2.088010960122930919e+04 2.494672799212529208e+04
-2.298405038523047551e+04 4.707200269904434208e+03 9.908316626780300794e+03 1.770718669745494708e+03 -9.335781344633517165e+02 -4.614953331532335028e+02 -1.262311623791264174e+04 2.909618423890523445e+03 -2.007597167539315478e+03 -3.032644976703124485e+03 -6.983343516335486129e+03 -7.186284809056268386e+03 -1.855629841750520882e+03 -5.310564616133270647e+03 5.942692006932374170e+03 -3.516065141307785962e+04 -2.371993384296520162e+04 -1.319566471780509858e+02 -6.545261162809961206e+02 -1.648512319728592388e+02
-3.770983126473466837e+04 5.487385780222576614e+03 1.397230955163091676e+04 2.078126879706950422e+04 7.888132223667610560e+03 5.041418500662119914e+04 -7.442846384545428009e+02 4.519229222614926402e+04 -1.758634299516984902e+05 8.380269460526382318e+04 2.220801421463676525e+04 2.007865925857896218e+04 1.205491776937907707e+04 -3.255078927226952510e+05 -2.339856602635043964e+05 -4.201601559623531066e+05 7.102285857723297086e+05 -2.104463607909047045e+06 -2.177633794808288221e+05 5.090580878107423814e+03
-4.835460857774761098e+04 -1.506661409500540140e+04 6.415030321676466656e+02 -1.225146616408884483e+03 2.186400918515080036e+02 2.774151115535015606e+02 -9.226494801506066779e+02 2.895967841343886448e+03 -1.590377371880018472e+04 -2.505983049863821361e+04 -1.208070723907739011e+04 -3.715691942991669293e+03 1.059403548894966207e+03 5.789700702109589656e+03 3.360279099896918979e+03 4.696147479131610453e+03 9.652274839627247047e+02 -8.891856788718534972e+02 -4.748970760425263506e+03 2.759057529537724349e+02
-2.358677561770622196e+04 2.218257895965478383e+04 9.218534334524876613e+03 8.760727125051138501e+03 2.146985492654661721e+04 4.602909177837962488e+04 -3.639077006460828670e+03 1.929983883422809595e+04 -1.219381418185076618e+05 1.778029748772960374e+04 -1.828628216384897542e+03 -5.724040914779425293e+03 3.779192442868771195e+03 -5.678383681821096252e+04 -7.264217747681224137e+04 -1.817486408945311632e+04 2.189317479635314521e+04 4.695924059080413281e+04 2.544723343355236575e+05 5.660564390504130643e+03
-1.506683534822081492e+04 8.195206052747980721e+03 -1.157250594719375385e+03 4.281248060069738858e+04 -4.831875210539243199e+03 -3.748508963449376097e+03 -4.009609790001762235e+02 3.691225229649031007e+03 1.943585956610965923e+03 1.354322290772665838e+02 -1.181608352352193606e+03 -3.425867670813362110e+03 1.118665552765307609e+02 1.514652276360012593e+03 -1.414128422434897175e+03 1.378665922529811951e+03 -1.333109330850579909e+03 -1.274521506364833158e+03 -1.436357200302231263e+02 1.715025502021244677e+02
-4.845784046854464395e+04 -1.540722682511087623e+04 9.334970288958442097e+01 -1.426102680774332612e+03 3.763961031651867017e+01 1.417343381531434545e+02 -7.652636910464717630e+02 1.714384149508754490e+03 3.738033121719887504e+02 -3.180863645514310178e+02 5.606716403652208101e+02 1.647955249098624222e+02 -4.116749009129211458e+02 3.649488164622501927e+02 -1.307770612212174797e+02 -2.736995646917526983e+02 2.955235918508437294e+02 -6.735355940782209245e+02 2.397910706035088708e+02 2.133365608698922733e+04
-4.332376167140884354e+04 4.873417784566304908e+04 -1.491819379816078981e+04 1.183625997982947010e+05 3.774330498322490166e+04 3.272267325405126940e+03 -6.657788197464812583e+03 1.238686921783806029e+05 -1.073264803249460820e+05 -3.239254324847713360e+04 -1.485637644755731453e+05 4.946661070626931614e+05 -2.562450987102032639e+06 7.993945496745551645e+04 8.424003479697836156e+04 3.541244295918357238e+04 9.498511284400306977e+03 -2.362886442389662261e+04 3.937337699184878875e+04 -6.968172246985540551e+04
-3.058426989113105083e+04 -2.707174062560518735e+01 1.034509900555863896e+04 4.105971059424146006e+03 3.332955613503185077e+02 1.634148960709431412e+04 -3.547802143142643217e+03 9.502837151329526023e+03 -3.749864691758796835e+04 1.387047177872016437e+04 2.127502997454693286e+03 -1.505117602999382598e+03 -5.603102294799531364e+02 -2.254618579848392619e+04 -2.686097961801070051e+04 -1.281537008481570410e+03 1.495957078648857987e+03 -1.954453560352228578e+02 3.827349295951924887e+03 6.683084280154546377e+02
-4.671644323815371172e+04 -8.833421144162351993e+03 -1.316056677328759179e+03 2.173438275559758767e+04 -2.098462895800227670e+03 -2.010084638459700955e+03 -3.622622482187003243e+03 1.541245215691823796e+04 5.479739826316340441e+03 -2.392003593591393837e+03 2.052666039841050861e+03 -2.516322868954956903e+03 3.772502049914236977e+03 5.133511418345481616e+03 1.713029432046041165e+03 1.643663608952853610e+04 -2.328164593565207906e+04 -5.591206601450366725e+04 4.843004162574758084e+04 -1.023217144902201107e+04
-1.088619993337642154e+04 1.317526386142097545e+04 2.117236603755645046e+04 4.041711014244255239e+03 -5.259441840792405856e+02 6.075108892591435506e+03 3.246665308080391696e+03 1.386471470263610172e+04 -1.657775357397400148e+04 1.271832615328546672e+04 8.999109552614088898e+03 -3.711002903894226620e+04 -5.679937055062570835e+03 -1.089361498368091852e+05 1.247252232001722878e+05 5.592142791276628122e+04 -1.657627994533282981e+04 7.314047632459643864e+03 -4.732871350326958236e+03 1.832988135824754499e+04
-3.203471612003618247e+03 1.113875262370024939e+04 1.776177754002358779e+04 -2.082474048608304201e+03 -7.250949751932964773e+02 -2.642701791782168925e+02 4.511447650583497307e+03 1.209538422170658805e+03 6.430923924163712400e+02 8.425446329913033878e+02 -2.304040286316096626e+03 -6.160465531722220476e+02 -4.046460513195865971e+00 9.841248140588835440e+02 -8.190819930467162067e+02 -1.837804969671239519e+01 2.306115717259465328e+02 9.673836205692300894e+01 -5.384669089817628418e+01 8.745128322307171231e+01
