2.097416118405954330e+04 -3.083686033628618588e+03 -3.383861872409236639e+03 -4.293180655754611053e+02 1.626579553801782652e+02 9.530514660356836032e+01 -9.630097367226819927e+01 2.136149150271877488e+02 5.135912086351543060e+00 -4.407667561891604890e+01 1.117852826697079678e+02 3.971796879609288311e+01 3.996203618983417361e+00 7.561155747079152611e+00 -7.725845736860385671e+00 8.520753660261130236e+00 -3.264029132454557214e+01 -2.454447110408314003e+01 5.388144103916127747e+00 1.564215464758899055e+00
-4.937154703214223991e+04 -1.552293276564081680e+04 1.484991791741458940e+02 -1.197800170067943327e+03 7.752539736055828357e+00 7.263997319196838021e+01 -3.990666673955914803e+02 -4.663063732083729818e+00 2.794428588627088743e+02 3.825779651484158421e+02 -7.234470831700710924e+00 2.591145148661198050e+02 5.486089980175594150e+01 9.426614690984587241e+01 -6.289214363124800400e+01 1.084808811845008591e+02 5.976817892194577375e+00 9.147735432603181494e+01 -1.134335340201675812e+01 -6.511567653129151267e+02
-3.206281628353045562e+03 1.113837530458787114e+04 1.776111184510935709e+04 -2.081794953839009395e+03 -7.250039355415515274e+02 -2.641820823750478553e+02 4.509629201818926049e+03 1.210361442457170369e+03 6.409415492154647609e+02 8.396280634519353043e+02 -2.305454613819145379e+03 -6.178111596758132009e+02 -3.885911837915891454e+00 9.845414934633311077e+02 -8.172430907438244958e+02 -1.842691384752117756e+01 2.314734969302301124e+02 9.632164043741853732e+01 -5.529120979384290280e+01 8.589810683370720312e+01
-4.259640264948450931e+04 3.583758387051055615e+04 -2.623405624320557035e+04 -5.088658072402133257e+03 9.134189505955392860e+02 4.979548982257971375e+02 1.712256810207567469e+03 -2.144500168846530414e+03 3.139085934293931359e+02 8.234800934688978487e+02 1.135570617896726162e+03 -1.010013796214868194e+02 -1.660152304281076852e+02 -5.205880285409268708e+02 5.898169665937269102e+00 1.265837005396586932e+02 -3.203708504767064937e+02 -9.833346231684336658e+01 -1.331461967636077190e+02 -6.167435813053160842e+01
-2.275445489799300049e+04 8.591919218522129086e+03 -4.091744925314346347e+03 4.540065236886245111e+04 -4.895576899839915313e+03 -4.070828616330455588e+03 -7.157833340879956268e+02 5.605981675972703670e+03 3.152143608019689964e+03 -1.314559778373067729e+03 1.362867287203054047e+03 -7.945752925491958194e+03 -6.278823904508182068e+02 1.975665976354893246e+03 -2.169766065362679001e+03 -2.385677635407814421e+02 1.376565829924451464e+03 -9.228532812821226798e+02 -2.048010322150432501e+02 2.854331315215727614e+02
-1.598481027555488799e+04 1.605844507917346891e+04 2.910596221067151782e+04 2.356558485701464451e+04 1.898000607508886314e+05 -5.464605380277438599e+03 -3.659697841431339384e+03 -2.938103788948702913e+03 2.619750068613452186e+03 9.249744410993195061e+02 3.596521568328472540e+02 6.194738636956110440e+02 3.917078968736499291e+02 7.740867835951031566e+02 2.806617143677010517e+02 1.991868520182972873e+02 -2.361460318243068173e+02 -7.715899476580441174e+00 -8.359560623401965813e+02 4.713464685566528800e+01
-9.313947811070445368e+02 7.767136193426304999e+03 1.151754677076117332e+04 1.470343258499197509e+04 -3.376146219314486643e+03 -2.463656431362951935e+03 -5.955212056406797956e+02 -2.394314439605791631e+04 -3.773496319347535064e+03 4.763742558850236719e+02 -9.628589668195554623e+02 2.208852735937062789e+03 -3.201447181728516256e+01 -1.347187530599239608e+03 1.514041936403157706e+03 -1.087086428461210971e+03 1.306231554790613245e+03 4.211529996531415350e+02 2.174545872072355053e+02 2.320214281984071476e+03
4.601136152249612678e+03 1.901102528325183448e+04 2.013642971456249506e+04 -3.242851193002610671e+03 -3.402616213429400887e+03 -4.993511813546369353e+02 -5.522887787284783553e+04 7.003788513253526844e+02 1.079204431651536652e+03 2.462539265452553082e+03 -4.125687049552875578e+03 -3.018034973012928504e+02 2.929623673844711220e+02 1.530151419894070614e+03 -1.523065018571113285e+02 4.880401778427638419e+03 3.338057902461868707e+03 6.924712950323772702e+02 -1.122895364215540667e+03 -7.247567354947575495e+02
-3.390361032988087391e+04 7.461490853905177210e+04 1.565464070198635163e+05 6.688038500037605409e+05 9.269461209923577553e+04 7.429178814210163429e+06 -7.226347487304396054e+04 -6.452495208701075753e+05 2.697222315995696001e+06 -1.839428319571936736e+06 -9.099011106334049255e+05 4.952719504703676794e+05 -1.449154183666315657e+04 -1.352397542225514771e+06 -1.006791201424730825e+06 1.677897437323605482e+04 5.029670213864884863e+04 3.157114726211919697e+04 3.748489633779013529e+05 3.634773474928404903e+04
-9.208011923971478609e+03 1.424554034718118055e+04 2.197466812555580327e+04 1.147920508594728062e+03 -1.486146956588242574e+03 -6.118493367131850391e+02 -7.040516479941862826e+02 1.108483720069375067e+03 -5.847383643768807815e+02 -7.209637890029635855e+03 1.446468598432232284e+04 3.863546321831443947e+03 1.941781549019522686e+02 2.081146867308192228e+01 -1.676498673076843886e+02 -3.504935261577669507e+02 -1.307423257935492529e+03 -3.784054570238865836e+02 6.887146533762429499e+02 -8.909606353247428387e+02
-5.631504518624302000e+04 3.612787966814923857e+04 -3.315664109234372154e+04 3.077474157533325342e+04 -2.346345278103804503e+03 -2.707277467580029224e+03 -2.760854111482021835e+02 1.228862576396178338e+04 5.545587502341104482e+03 -3.123646817218860178e+03 6.191185370419398168e+03 -1.185161212075377807e+04 -9.940691201575582454e+02 2.760518262122724536e+03 -2.847836463084313891e+03 -1.400095608982342128e+03 3.126545700202091666e+03 -1.624359117037115311e+03 5.277506058097492314e+02 8.131064267579480429e+02
-2.564487654416878649e+04 3.351903955894328101e+04 5.689923443061482249e+04 1.262911631968686997e+05 1.192117059980419617e+04 1.075727603055951651e+06 -1.782249876699719152e+03 -1.211287765026649140e+03 -1.045565310153414612e+05 9.831239085651461210e+04 5.107653595750965178e+04 -3.440347403805133217e+04 1.678778590184820132e+03 1.288297864245885139e+05 9.534393748889227572e+04 -4.068318751478960621e+03 -2.281041932684943731e+03 -8.187489395666285418e+03 -4.498403305464772711e+04 -3.862854643594800564e+03
-2.514048847882687551e+04 4.909128056622493750e+04 -7.709089448920706673e+03 -9.631230089615415636e+03 -5.029939572577494005e+02 4.469780816716981349e+02 -5.710120432255390369e+03 -5.054364563921644162e+02 8.093853688510503162e+02 2.232548448368206664e+03 -2.562458332856896959e+03 2.925116768452874680e+02 3.313828696489669312e+01 9.288217858054455291e+02 -1.004024971288002007e+03 6.097710829424863732e+02 -4.290893215947556314e+02 -4.082711261446577851e+02 -6.069554001637612828e+01 4.335129348790407562e+02
-4.738808585330526512e+03 3.814395966680129732e+03 5.886195625596601531e+03 9.072718510206808787e+03 -1.835635349207743957e+03 -1.368702457949422978e+03 1.575761902672625411e+03 -8.793865280654828894e+03 -6.578492320469216565e+02 1.480760365518033495e+03 -2.030781217582309864e+03 -2.007283095611356032e+02 -3.060979466391579251e+01 -3.109370147207183095e+02 1.897330081853035608e+02 -6.278593799220884897e+00 4.913847660488433178e+01 1.231540813565482182e+02 -6.392925331386646981e+00 -2.128299522579932727e+03
-1.096216362333695542e+04 1.066993600722208248e+04 1.563129755973940519e+04 2.462501023818876092e+03 -7.169058529023507162e+02 8.906051874967833015e+00 2.905249558891715651e+02 4.375911302173784861e+03 3.540380513031506098e+02 -6.249729968297380083e+02 5.547392068444577262e+02 -5.757692692720834202e+03 -9.996184495278257600e+02 -1.398297326329656789e+04 1.167220354781014612e+04 2.899688679084705655e+03 -5.268247489661332850e+01 2.245933845722459239e+02 1.048317261618015209e+03 1.947653870710500712e+02
-3.937153958005669847e+04 9.400567375560969595e+03 2.847170868239001720e+04 -7.704187854615644028e+03 -4.774978464673319650e+03 6.019810164568499431e+02 -9.283654984462926222e+04 9.804378563949623640e+03 -1.180067871268931412e+04 -9.444628457886306933e+03 -3.087097540681489045e+04 -2.959314100704528755e+04 -1.036357618702884065e+04 -4.091347559392799303e+04 4.181658393500300735e+04 -5.402395853004804812e+05 -4.130519698641552241e+05 -2.224136468164364123e+04 -2.088010960122931283e+04 2.494672799212529208e+04
-3.899669851322622708e+04 3.506531220562383533e+04 -2.146183478300110801e+04 -3.217770032512496073e+03 5.593718021618480634e+03 2.178886521399269895e+03 1.151076658057319946e+03 3.586826096555520053e+03 -4.068657144753022294e+04 -5.068991431984210794e+04 -2.239884057045980808e+04 -5.875936218143590850e+03 2.594150819382172358e+03 4.784146477015193341e+03 1.967325163329326870e+03 2.804094182275907770e+03 -8.679815820596229514e+02 -7.176702655865356064e+02 -2.965259002789852730e+03 -1.533741367959612035e+03
-3.831187794003313684e+03 1.554929909339918959e+04 2.236589574013676611e+04 -3.000134830981930918e+03 -1.032294231398525653e+03 -3.027888484890793279e+02 1.264172571113022968e+03 1.826466613683491005e+03 8.114535364182829653e+02 8.548616603281537891e+02 -2.264278045922749698e+03 -4.930587907469204652e+02 1.130578816067262338e+01 8.545779164661651066e+02 -7.415177702508567563e+02 7.964156275406764962e+01 1.982397077022935150e+02 -1.754907749541449391e+01 1.173617331243058430e+02 9.981730490269694656e+01
-3.966195693104035308e+04 4.004120573732999765e+04 -2.764221610757568124e+04 3.021293292833978921e+04 -2.493442167436739510e+03 -1.390694696797913821e+03 1.065249501527102211e+03 2.179269857356859211e+04 -7.755907677798882105e+01 2.295551851117565548e+03 -7.038190215810401241e+03 3.218785048448405723e+04 7.626935537878634022e+03 9.046687740326947278e+02 9.339557986530579001e+03 -2.231343816549387611e+03 8.271217244607244083e+02 7.377609374998649400e+03 2.829926156639518922e+03 -1.696527187017689187e+01
-2.940842770769222989e+04 3.535432899358587747e+04 -3.977650566721580617e+03 2.652870307352436430e+04 -2.149788096263111129e+03 1.160293065978584764e+03 3.376683749200329657e+03 4.223907388947688014e+04 -2.048038026632729816e+04 2.094515064768321736e+03 -3.479903762792704219e+04 1.361022537823686434e+05 2.924794807027906427e+04 -1.379801202080585608e+04 5.511065351442399697e+04 -5.474621203902682464e+04 6.945727942120138323e+04 2.168589549443342185e+04 3.369216308071825551e+03 -4.184968032366828993e+03
-1.290225711796707583e+04 8.461915029787949607e+03 -3.769337528897173115e+02 4.533651028508908348e+04 -5.168819585709295097e+03 -3.568224740213073346e+03 -3.455609391297670641e+02 4.430727102335034033e+03 1.257495510329731587e+03 1.129716467123300845e+03 -2.661198244557524049e+03 -7.178495657996834325e+02 2.667061029992178192e+02 1.399628223104464723e+03 -1.503013432863236176e+03 2.205125525608192220e+03 -2.582785274537641271e+03 -1.038563136272248585e+03 -6.025712995844925217e+02 2.197795430139180439e+02
-4.332376167140884354e+04 4.873417784566304908e+04 -1.491819379816078981e+04 1.183625997982947010e+05 3.774330498322490166e+04 3.272267325405126940e+03 -6.657788197464812583e+03 1.238686921783806029e+05 -1.073264803249460820e+05 -3.239254324847713360e+04 -1.485637644755731453e+05 4.946661070626931614e+05 -2.562450987102032639e+06 7.993945496745551645e+04 8.424003479697836156e+04 3.541244295918357238e+04 9.498511284400306977e+03 -2.362886442389662261e+04 3.937337699184878875e+04 -6.968172246985540551e+04
-9.346845806934299617e+03 2.619994164415148589e+03 6.884790821999521313e+02 8.608613455195512870e+03 -5.841950757420155469e+02 -1.048790131112245035e+03 -6.316808238245040457e+02 2.448319828939941090e+03 2.744914776293147497e+03 -5.801550740241449603e+03 9.804164217261475642e+03 -2.371649441533017307e+04 -4.339196457839072536e+03 -3.272761970924244906e+03 -9.233049811992221976e+02 -2.573780098333643036e+04 3.944648852650852496e+04 2.309888768847823303e+04 -3.889816092954097257e+03 -2.812052953473321850e+03
-4.642430987521816132e+04 1.262058146170593136e+04 -1.489466415371561743e+04 1.485310096882286234e+04 5.229594527003364419e+02 7.864271895957031688e+01 -8.859917811096231617e+02 1.766254458245273418e+04 -1.153370333030189067e+04 -1.107612323008576095e+04 -1.144745084928774486e+04 5.085202129412726208e+04 -3.554592968990615918e+05 1.423681213888706043e+04 1.032531327677989793e+04 -9.200706691267404835e+01 1.194895349052356687e+04 -4.136270348621468656e+03 1.026388967557384240e+04 2.859103910837552576e+01
-4.845784046854465123e+04 -1.540722682511087623e+04 9.334970288958442097e+01 -1.426102680774332384e+03 3.763961031651867017e+01 1.417343381531434261e+02 -7.652636910464719904e+02 1.714384149508754717e+03 3.738033121719888072e+02 -3.180863645514309610e+02 5.606716403652208101e+02 1.647955249098624222e+02 -4.116749009129209753e+02 3.649488164622501927e+02 -1.307770612212174797e+02 -2.736995646917526983e+02 2.955235918508437294e+02 -6.735355940782209245e+02 2.397910706035088708e+02 2.133365608698923097e+04
-2.165300409977543677e+04 2.023736926671517358e+04 2.517060234481331281e+04 4.747982505918673269e+04 8.814834810591390124e+03 6.054308469245400192e+04 -3.003102867043227434e+03 5.789798274297916942e+04 -1.827300432664918480e+05 9.609888120254258683e+04 3.822818139346693351e+04 3.158593009308754699e+04 -5.364285358298336178e+03 -1.560532430979706987e+05 -1.665751834928166063e+05 2.612894864032471378e+04 -3.941394563470881985e+04 4.692617222299193236e+04 -1.274192006480659766e+05 -4.186362091392882576e+03
-2.298405038523047187e+04 4.707200269904436027e+03 9.908316626780302613e+03 1.770718669745494481e+03 -9.335781344633517165e+02 -4.614953331532334460e+02 -1.262311623791263810e+04 2.909618423890524355e+03 -2.007597167539315706e+03 -3.032644976703124030e+03 -6.983343516335487038e+03 -7.186284809056267477e+03 -1.855629841750519972e+03 -5.310564616133271556e+03 5.942692006932375079e+03 -3.516065141307785962e+04 -2.371993384296520890e+04 -1.319566471780509858e+02 -6.545261162809963480e+02 -1.648512319728592672e+02
-4.835460857774761098e+04 -1.506661409500540140e+04 6.415030321676466656e+02 -1.225146616408884483e+03 2.186400918515080036e+02 2.774151115535016174e+02 -9.226494801506066779e+02 2.895967841343887812e+03 -1.590377371880018472e+04 -2.505983049863821361e+04 -1.208070723907739011e+04 -3.715691942991670203e+03 1.059403548894966434e+03 5.789700702109586928e+03 3.360279099896919888e+03 4.696147479131610453e+03 9.652274839627245910e+02 -8.891856788718532698e+02 -4.748970760425261687e+03 2.759057529537723212e+02
-2.358677561770621469e+04 2.218257895965478383e+04 9.218534334524878432e+03 8.760727125051138501e+03 2.146985492654661721e+04 4.602909177837963216e+04 -3.639077006460828670e+03 1.929983883422809231e+04 -1.219381418185076473e+05 1.778029748772960011e+04 -1.828628216384898224e+03 -5.724040914779425293e+03 3.779192442868771195e+03 -5.678383681821096252e+04 -7.264217747681225592e+04 -1.817486408945311632e+04 2.189317479635314885e+04 4.695924059080412553e+04 2.544723343355236866e+05 5.660564390504131552e+03
-2.017512809917119012e+04 1.061202587802486232e+04 2.187239421868021964e+04 -1.704033470780743542e+01 3.035236544830615912e+03 1.469043164664064170e+04 6.394920086802413834e+02 1.254038083099508731e+04 -3.170452983855798084e+04 1.988339030308759902e+04 7.278625782861378184e+02 1.738870949188196755e+04 5.437158145900713862e+03 -2.983935050435879748e+04 8.678020703171749119e+03 -4.523391084584669443e+04 7.170089963834911759e+04 -1.146617122205499036e+05 -2.065749491612784914e+04 -1.205202679790892034e+03
-6.123808013645611936e+03 1.452197878229301568e+04 2.339801625839413464e+04 1.203858593737063757e+03 -1.123478296977965101e+03 2.269313646122562204e+04 5.795121247361045789e+03 3.890587748230334910e+03 -1.023366601681119755e+04 6.491339803127597406e+03 1.208471780842006410e+04 -1.162702616410306291e+03 -9.502147341604154462e+01 8.841464197955194322e+03 3.430314332171240494e+03 2.298830402218606196e+03 -5.723562785477638499e+03 5.060810454922577264e+03 -2.027084783811574016e+04 -2.315841838285072299e+03
-8.615134959204155166e+03 1.681301651464385941e+04 2.645605704289423738e+04 1.731746438844586373e+04 7.613700476713954231e+03 1.662599770305132552e+05 9.211857305488975953e+02 1.219285530292775366e+04 -9.609645173121527478e+04 7.919862256129315938e+04 3.202174556461199609e+04 -3.190880370180966565e+04 9.822126711337945153e+02 7.918556001314903551e+04 7.529023868534802750e+04 -2.099799033003846489e+02 2.095535048226275649e+03 -7.329596213116971740e+03 -8.685713131100634200e+03 9.204185387053632894e+02
-1.088619993337642154e+04 1.317526386142097181e+04 2.117236603755645046e+04 4.041711014244255239e+03 -5.259441840792405856e+02 6.075108892591435506e+03 3.246665308080390787e+03 1.386471470263610536e+04 -1.657775357397400148e+04 1.271832615328546672e+04 8.999109552614090717e+03 -3.711002903894227347e+04 -5.679937055062570835e+03 -1.089361498368091852e+05 1.247252232001722878e+05 5.592142791276627395e+04 -1.657627994533283345e+04 7.314047632459645683e+03 -4.732871350326958236e+03 1.832988135824754863e+04
-4.671644323815371172e+04 -8.833421144162351993e+03 -1.316056677328759406e+03 2.173438275559758767e+04 -2.098462895800227670e+03 -2.010084638459700500e+03 -3.622622482187003243e+03 1.541245215691823978e+04 5.479739826316340441e+03 -2.392003593591393837e+03 2.052666039841050406e+03 -2.516322868954957357e+03 3.772502049914236977e+03 5.133511418345481616e+03 1.713029432046041165e+03 1.643663608952853610e+04 -2.328164593565207542e+04 -5.591206601450366725e+04 4.843004162574758084e+04 -1.023217144902201107e+04
-3.058426989113104719e+04 -2.707174062560528327e+01 1.034509900555863715e+04 4.105971059424146006e+03 3.332955613503185646e+02 1.634148960709431230e+04 -3.547802143142643217e+03 9.502837151329522385e+03 -3.749864691758796835e+04 1.387047177872016255e+04 2.127502997454693741e+03 -1.505117602999382598e+03 -5.603102294799533638e+02 -2.254618579848392619e+04 -2.686097961801070051e+04 -1.281537008481570638e+03 1.495957078648857987e+03 -1.954453560352228578e+02 3.827349295951925342e+03 6.683084280154547514e+02
-3.770983126473466837e+04 5.487385780222576614e+03 1.397230955163091676e+04 2.078126879706950422e+04 7.888132223667610560e+03 5.041418500662119914e+04 -7.442846384545428009e+02 4.519229222614926402e+04 -1.758634299516984902e+05 8.380269460526382318e+04 2.220801421463676525e+04 2.007865925857896218e+04 1.205491776937907707e+04 -3.255078927226952510e+05 -2.339856602635043964e+05 -4.201601559623531066e+05 7.102285857723297086e+05 -2.104463607909047045e+06 -2.177633794808288221e+05 5.090580878107423814e+03
-2.643763552898166745e+04 3.733526593055090052e+04 6.763889405942482699e+04 1.420863090887261205e+05 4.313969502724552149e+04 1.271015833814267302e+06 -1.308669935687625548e+04 9.499174306960003742e+04 -1.141569845409028232e+06 9.370813689726606244e+05 4.408323173746695393e+05 -4.719446091059840401e+05 1.800154699702349899e+04 1.400029016413799254e+06 1.067892005748613970e+06 -4.399176234783912514e+04 -1.709472291622325429e+04 1.811669281306827033e+05 1.144675960023254156e+06 7.039145206546309055e+04
