2.097417835626035594e+04 -3.083688951855946925e+03 -3.383865700994423150e+03 -4.293201332309827762e+02 1.626581119572513501e+02 9.530541265126493045e+01 -9.630124497326154653e+01 2.136156339644761601e+02 5.136127077765157090e+00 -4.407648800301924297e+01 1.117851102726964996e+02 3.971827351071779333e+01 3.996249110271363314e+00 7.561789830583538929e+00 -7.726304966049654332e+00 8.521067353618501983e+00 -3.264042892832405585e+01 -2.454475349317634070e+01 5.388157080926751163e+00 1.564399466437472075e+00
-4.936948779125894362e+04 -1.551609186753547874e+04 1.467333364062352530e+02 -1.170266318540608154e+03 5.004730073897958320e+00 7.010147677132756883e+01 -4.030019488163016490e+02 1.381757666236491211e+01 2.863757370480498139e+02 3.797548972191872849e+02 -4.613098113732123196e+00 2.560650209155613766e+02 5.934925896064746098e+01 1.011054918418834632e+02 -6.054742550239105014e+01 1.280359166900841501e+02 -2.206966221137063044e+01 2.394301294174681871e+01 4.714083704724820478e+01 -6.647194390692429806e+02
-3.211206618110344607e+03 1.113556508660793770e+04 1.775775021772646505e+04 -2.079929923334103023e+03 -7.248436994868920920e+02 -2.640319942500371440e+02 4.507820140388766049e+03 1.211547892354517217e+03 6.367727060995108559e+02 8.339008943439972654e+02 -2.307893470689650258e+03 -6.210968391683358050e+02 -3.422068459063556833e+00 9.855178639709840809e+02 -8.139140385869171723e+02 -1.841645928390975229e+01 2.329418153168290644e+02 9.592473274795081295e+01 -5.803231366697555416e+01 8.305638984522533974e+01
-4.259634162077116343e+04 3.583739288687193039e+04 -2.623383516649831654e+04 -5.088388950059941635e+03 9.140220474214650039e+02 4.979174492120029072e+02 1.712223684878491667e+03 -2.144431387485428331e+03 3.139348559712389033e+02 8.234302600724900003e+02 1.135608171671090759e+03 -1.010936064691690319e+02 -1.660287003320449912e+02 -5.205704911358152458e+02 5.884656679423229342e+00 1.265527806230841179e+02 -3.203198508088585754e+02 -9.832905445853941728e+01 -1.331363306755184794e+02 -6.167000765551655661e+01
-1.598481027555489163e+04 1.605844507917346709e+04 2.910596221067152146e+04 2.356558485701464451e+04 1.898000607508886897e+05 -5.464605380277438599e+03 -3.659697841431338929e+03 -2.938103788948702459e+03 2.619750068613452186e+03 9.249744410993195061e+02 3.596521568328471972e+02 6.194738636956110440e+02 3.917078968736499860e+02 7.740867835951030429e+02 2.806617143677009949e+02 1.991868520182972588e+02 -2.361460318243067888e+02 -7.715899476580438510e+00 -8.359560623401965813e+02 4.713464685566528800e+01
-9.303363338415466615e+02 7.765979642308705479e+03 1.151734736799494203e+04 1.470289969761368411e+04 -3.375999617269437749e+03 -2.463614207718990201e+03 -5.935954632222670853e+02 -2.394373815716999889e+04 -3.773636345333197823e+03 4.761331606198602344e+02 -9.623350101946216455e+02 2.209202286458935760e+03 -3.202346250983988796e+01 -1.347032264862755028e+03 1.513904042715794048e+03 -1.087094188334307773e+03 1.306288146539194258e+03 4.211398133777041153e+02 2.174078646194763564e+02 2.320637684334749338e+03
-1.511035348622641686e+04 8.486626118732872783e+03 -1.236435020656798997e+03 4.540887247447993286e+04 -5.115538518027147802e+03 -3.685637387672687964e+03 -4.294608080526900267e+02 4.701351674453458145e+03 1.685316802993026613e+03 5.867079197431820603e+02 -1.770868670873587007e+03 -2.348223431375648943e+03 6.688130353716115906e+01 1.532373119980098636e+03 -1.660126765106685980e+03 1.663690504884883239e+03 -1.699597240570817803e+03 -1.022571828118606618e+03 -5.090115706845560339e+02 2.668075597988535606e+02
-2.573749651385382822e+04 3.785175956513985147e+04 6.391511305935947894e+04 1.465511675749784044e+05 1.304573744582744621e+04 1.266397301408426370e+06 2.676421462859736167e+01 -1.343929897185369737e+04 -5.027129899369159102e+04 6.066590919445449254e+04 3.896024108155938302e+04 -2.474813218605207294e+04 8.934732568289721257e+02 1.094449136928787193e+05 7.524944471713704115e+04 1.832348636066077233e+03 -1.175554942588993617e+04 5.999444603015631401e+03 -5.314916635660701286e+04 -5.175170767896208417e+03
5.303554938662663517e+03 2.286115963403366186e+04 2.368127648436477830e+04 -4.416596696648008219e+03 -4.002727191660434073e+03 -5.112378515845848028e+02 -6.263104248613429809e+04 6.858272983804878322e+02 1.189613298474898329e+03 2.648687402034494426e+03 -4.118853538856639716e+03 7.217233672990201399e+01 3.450437818822921372e+02 1.823155129475669128e+03 -3.434175491195649670e+02 5.174346931319103533e+03 3.247879414049723437e+03 6.142456798981429529e+02 -1.170574860159377067e+03 -6.057664434145361838e+02
-9.222843624472670854e+03 1.424429688666965740e+04 2.196474269679222198e+04 1.161106929063460029e+03 -1.486522483694647462e+03 -6.128817902266190458e+02 -7.020604906728945025e+02 1.114454131416674954e+03 -5.823243692566791196e+02 -7.211213210173953485e+03 1.446685294163735489e+04 3.856090684018125557e+03 1.933330927395643926e+02 2.138042930260362340e+01 -1.685444162324544664e+02 -3.523241714226397221e+02 -1.304437097488699919e+03 -3.788098346128682010e+02 6.892816739468280502e+02 -8.907274760180526982e+02
-5.631399571680760710e+04 3.612698839812578080e+04 -3.315493476533495414e+04 3.077423780231919227e+04 -2.346323662748547576e+03 -2.707242433414163770e+03 -2.759995758638618781e+02 1.228860324040262458e+04 5.545455381270971884e+03 -3.124082625305425609e+03 6.191967591323261331e+03 -1.185131361392116196e+04 -9.940633105087828199e+02 2.760439078391926159e+03 -2.847757339763724303e+03 -1.400183720422050101e+03 3.126522384883728137e+03 -1.624320343584961620e+03 5.277977864890116280e+02 8.130101979342200593e+02
-2.514048847882687915e+04 4.909128056622493750e+04 -7.709089448920707582e+03 -9.631230089615415636e+03 -5.029939572577495142e+02 4.469780816716981349e+02 -5.710120432255390369e+03 -5.054364563921644162e+02 8.093853688510504298e+02 2.232548448368206664e+03 -2.562458332856897414e+03 2.925116768452874680e+02 3.313828696489668602e+01 9.288217858054455291e+02 -1.004024971288001780e+03 6.097710829424862595e+02 -4.290893215947556314e+02 -4.082711261446577851e+02 -6.069554001637613538e+01 4.335129348790409267e+02
-3.390361032988087391e+04 7.461490853905177210e+04 1.565464070198635163e+05 6.688038500037605409e+05 9.269461209923577553e+04 7.429178814210163429e+06 -7.226347487304396054e+04 -6.452495208701075753e+05 2.697222315995696001e+06 -1.839428319571936736e+06 -9.099011106334049255e+05 4.952719504703676794e+05 -1.449154183666315657e+04 -1.352397542225514771e+06 -1.006791201424730825e+06 1.677897437323605482e+04 5.029670213864884863e+04 3.157114726211919697e+04 3.748489633779013529e+05 3.634773474928404903e+04
-9.679342255352696156e+03 2.784102225279466893e+03 8.317774281916497330e+02 8.656829902627940101e+03 -5.971282697476991643e+02 -1.055965977798156700e+03 -7.474567389344405228e+02 2.582951641935057978e+03 2.778902549229113447e+03 -5.760459212007340284e+03 9.701423877235825785e+03 -2.367686142196748187e+04 -4.314895396631349286e+03 -3.262316014218100008e+03 -9.098745750066415212e+02 -2.550128616444316867e+04 3.907480021386923909e+04 2.280973800936504267e+04 -3.789830547903837669e+03 -2.764984320987589854e+03
-4.599682230111197896e+03 3.788190549426794405e+03 5.936627899579732912e+03 8.956402139606007040e+03 -1.820084735700998863e+03 -1.354639856555959341e+03 1.726052702330603097e+03 -8.697845355866184036e+03 -6.566767639028117856e+02 1.452729585098903044e+03 -2.000757747456660127e+03 -1.481550756847943831e+02 -3.165268240466447480e+01 -2.533235494244031827e+02 1.319144078598068006e+02 -3.749415687126492713e+01 8.282215726198104733e+01 1.667535694178811525e+02 -7.610800526980771963e+01 -1.165712101802703955e+03
-4.642430987521816132e+04 1.262058146170593136e+04 -1.489466415371561743e+04 1.485310096882286234e+04 5.229594527003364419e+02 7.864271895957031688e+01 -8.859917811096231617e+02 1.766254458245273418e+04 -1.153370333030189067e+04 -1.107612323008576095e+04 -1.144745084928774486e+04 5.085202129412726208e+04 -3.554592968990615918e+05 1.423681213888706043e+04 1.032531327677989793e+04 -9.200706691267404835e+01 1.194895349052356687e+04 -4.136270348621468656e+03 1.026388967557383876e+04 2.859103910837540496e+01
-1.084284307349786286e+04 1.060877976492852940e+04 1.561843653365634600e+04 2.455681342035150465e+03 -7.067320104991549670e+02 1.735349009056339398e+01 5.164666583736309349e+02 4.332470695524420080e+03 3.507340435711315081e+02 -5.891455521244622560e+02 6.170446756016398240e+02 -5.627450988089079146e+03 -9.943629864974349175e+02 -1.416209012909799094e+04 1.179919794002442359e+04 3.058303516568455962e+03 -2.377968812769276212e+02 1.411611488608261027e+02 1.086280145502495316e+03 2.323717968837124772e+02
-3.966195693104035308e+04 4.004120573732999765e+04 -2.764221610757568487e+04 3.021293292833978921e+04 -2.493442167436739055e+03 -1.390694696797913821e+03 1.065249501527101984e+03 2.179269857356859211e+04 -7.755907677798890631e+01 2.295551851117566002e+03 -7.038190215810401241e+03 3.218785048448405723e+04 7.626935537878634022e+03 9.046687740326947278e+02 9.339557986530577182e+03 -2.231343816549387611e+03 8.271217244607242947e+02 7.377609374998649400e+03 2.829926156639518922e+03 -1.696527187017689897e+01
-3.899669851322622708e+04 3.506531220562383533e+04 -2.146183478300110801e+04 -3.217770032512496073e+03 5.593718021618479725e+03 2.178886521399269895e+03 1.151076658057319946e+03 3.586826096555520053e+03 -4.068657144753022294e+04 -5.068991431984210067e+04 -2.239884057045980444e+04 -5.875936218143592669e+03 2.594150819382172358e+03 4.784146477015193341e+03 1.967325163329326870e+03 2.804094182275908224e+03 -8.679815820596229514e+02 -7.176702655865356064e+02 -2.965259002789853184e+03 -1.533741367959612262e+03
-3.820791474415168977e+03 1.554373403070373388e+04 2.236614140491180660e+04 -3.001470414426732987e+03 -1.031172734979443248e+03 -3.031833721648861797e+02 1.295319586525803516e+03 1.822240326032662097e+03 8.187112466797663046e+02 8.630269213536777215e+02 -2.254739370480343496e+03 -4.842727797008298012e+02 1.052497687714252450e+01 8.534983175016304813e+02 -7.483617608744399377e+02 7.979525852522428409e+01 1.948365474785858567e+02 -1.695513155534483118e+01 1.224145736119301802e+02 1.094371480809200250e+02
-7.390367560573906303e+03 1.666381432624372610e+04 2.603068909526058997e+04 1.397076019505869044e+04 7.381269240129716309e+03 1.424286669910019846e+05 1.128218878994382294e+03 1.075477051275472149e+04 -8.509487801778098219e+04 7.142973307006925461e+04 2.870800541630275620e+04 -3.017305830538624286e+04 8.022616470851532995e+02 7.395029978255111200e+04 7.213731153022375656e+04 9.247868787468123628e+02 9.519593974712710178e+02 -5.775620825524162683e+03 -9.898078799871276715e+03 8.864249539256167054e+02
-2.081303823523509709e+04 1.817157416201244996e+04 2.201060758109214294e+04 4.077177566681605094e+04 8.554490850500491433e+03 4.733763754826346121e+04 -3.403484791888218751e+03 4.652069384642330260e+04 -1.432079830899474910e+05 7.464975937167488155e+04 2.615881343345425557e+04 2.465849558045705999e+04 -3.992497341237764431e+03 -1.201239800959517161e+05 -1.277858689853067481e+05 1.798070703808469625e+04 -2.675841434647992355e+04 3.179403125142637145e+04 -8.951835829721749178e+04 -2.500594444517755619e+03
-2.088088297848041111e+04 1.068365292447832144e+04 2.151535144673610557e+04 4.180413413471131321e+02 2.916003063296480377e+03 1.455295530744060488e+04 7.370927641115553115e+02 1.375106991375035614e+04 -3.199258083888542023e+04 1.975515013115508191e+04 -6.496264973005663705e+02 2.292588126497125268e+04 6.672893581838475257e+03 -3.006131521224333119e+04 1.143630818730350438e+04 -4.780862415811418032e+04 7.498424660888401559e+04 -1.137242872804932122e+05 -2.031996459666311785e+04 -1.414344207644727931e+03
-3.937153958005670574e+04 9.400567375560969595e+03 2.847170868239002084e+04 -7.704187854615644028e+03 -4.774978464673319650e+03 6.019810164568498294e+02 -9.283654984462929133e+04 9.804378563949621821e+03 -1.180067871268931231e+04 -9.444628457886306933e+03 -3.087097540681488681e+04 -2.959314100704528391e+04 -1.036357618702884065e+04 -4.091347559392800031e+04 4.181658393500300735e+04 -5.402395853004804812e+05 -4.130519698641551659e+05 -2.224136468164364123e+04 -2.088010960122930919e+04 2.494672799212529208e+04
-2.298735121337326200e+04 4.705232300530215980e+03 9.906994785801845865e+03 1.773967228792976584e+03 -9.338420134052919366e+02 -4.617655959913828383e+02 -1.262289078915211394e+04 2.911918651629247961e+03 -2.006746321693136451e+03 -3.033064239297331824e+03 -6.982870412343196222e+03 -7.186502121839239408e+03 -1.855042272285347735e+03 -5.309593753497451871e+03 5.942921663663152685e+03 -3.515813205701703555e+04 -2.372350045744415911e+04 -1.405105798011596505e+02 -6.471498407633777106e+02 -1.665048283938133693e+02
-4.332376167140884354e+04 4.873417784566304908e+04 -1.491819379816078981e+04 1.183625997982947010e+05 3.774330498322490166e+04 3.272267325405126940e+03 -6.657788197464812583e+03 1.238686921783806029e+05 -1.073264803249460820e+05 -3.239254324847713360e+04 -1.485637644755731453e+05 4.946661070626931614e+05 -2.562450987102032639e+06 7.993945496745551645e+04 8.424003479697836156e+04 3.541244295918357238e+04 9.498511284400306977e+03 -2.362886442389662261e+04 3.937337699184878875e+04 -6.968172246985540551e+04
-4.834559710530879966e+04 -1.505172349770140136e+04 6.403191590767661410e+02 -1.191727427933845775e+03 2.169356056374954278e+02 2.742969972701945380e+02 -9.271059531505622999e+02 2.918615407201418748e+03 -1.589568461574101821e+04 -2.506271162771063609e+04 -1.207667618399606908e+04 -3.720737602818227515e+03 1.064993895311564074e+03 5.794349423443726664e+03 3.362030077050587806e+03 4.721102695294603109e+03 9.293897256794622308e+02 -9.750343252516793200e+02 -4.672024589289349933e+03 2.630214234526719679e+02
-1.088619993337642154e+04 1.317526386142097181e+04 2.117236603755645046e+04 4.041711014244255693e+03 -5.259441840792405856e+02 6.075108892591435506e+03 3.246665308080390787e+03 1.386471470263610172e+04 -1.657775357397400512e+04 1.271832615328547035e+04 8.999109552614090717e+03 -3.711002903894227347e+04 -5.679937055062571744e+03 -1.089361498368091707e+05 1.247252232001723023e+05 5.592142791276628122e+04 -1.657627994533282981e+04 7.314047632459643864e+03 -4.732871350326957327e+03 1.832988135824754499e+04
-2.911486701600536617e+04 3.653983992449308425e+04 -4.904849949526131240e+03 2.739232079347618492e+04 -2.288708088021994627e+03 5.624511011933599320e+02 3.415953755338190149e+03 4.243668583384665544e+04 -1.942037400894497114e+04 1.236762052673873995e+03 -3.520484728121941589e+04 1.363359469578772550e+05 2.917480266019107512e+04 -1.259428317978455198e+04 5.478246446948628727e+04 -5.258772828366493195e+04 6.598745947900980536e+04 2.753488055806069679e+04 4.335550403379739691e+03 -4.115922046550238520e+03
-4.845176022172188095e+04 -1.539697031355521540e+04 9.283251366862303655e+01 -1.396405662085128142e+03 3.486338482620540447e+01 1.389697024735912692e+02 -7.699038544098492594e+02 1.734855984008353744e+03 3.810653455308757884e+02 -3.213837134815827312e+02 5.638046631854150519e+02 1.614433436048736894e+02 -4.063316030410563258e+02 3.715251532921826652e+02 -1.283805957348808420e+02 -2.507775937360384546e+02 2.628271772188767272e+02 -7.532580212579822501e+02 3.083860438932359784e+02 2.131917891831710585e+04
-2.357973698137009342e+04 2.213168240127365789e+04 9.095586911058037003e+03 8.362150157613135889e+03 2.141982638830304859e+04 4.268245387439520709e+04 -3.608363684239474878e+03 1.909696696275541035e+04 -1.197225425014620414e+05 1.649075360942386760e+04 -2.284943244844026594e+03 -5.160468385109771589e+03 3.738913189768247776e+03 -5.765547525549554121e+04 -7.276989581578338402e+04 -1.805060686426645043e+04 2.174476544557616216e+04 4.689438204987750214e+04 2.525832097703455074e+05 5.581249781309382342e+03
-1.335784412477532715e+04 5.392653224570921338e+03 2.971616937562581825e+03 1.905387220489508400e+04 -2.967550780421678155e+03 -2.583561633666754005e+03 7.440411009900007002e+02 -2.025390919334139471e+04 -1.802770929451634402e+03 4.385586316204737159e+03 -5.493329614280697569e+03 -1.757388606066574312e+03 4.256477700449543704e+02 -5.472627718535204622e+03 5.260608814052413436e+03 2.075946158333255880e+03 -5.314070374452280703e+03 -3.959156515725744612e+03 6.026868224275362991e+03 -8.006412039263304905e+04
-2.583860626927782869e+04 2.364807956141862451e+04 4.027439240968571539e+04 8.252064025545708137e+04 1.179767565159713558e+04 6.730262807425665669e+05 -3.748766529795995211e+03 2.653212095279858841e+04 -2.468411215676228749e+05 1.921557048722768377e+05 8.323967373187320482e+04 -6.459408585838933504e+04 3.846793315238232935e+03 1.876176905064621533e+05 1.447908432118141791e+05 -1.658250260849871847e+04 1.599176337649395828e+04 -2.392876879753473986e+04 2.919330694939517343e+04 1.811439695035898012e+03
-8.767284184314605682e+02 9.958737228312391380e+03 1.134593518252172362e+04 5.703197232999769994e+02 -1.830320460608772692e+03 -5.016173268501278244e+02 -3.386630830902634625e+04 1.710372356354032490e+03 6.256635541380829864e+02 1.128198852695405776e+03 -4.182815535208823349e+03 -3.145369644056784182e+03 -1.147077309774686071e+01 5.829770611165843093e+02 6.704404155565018755e+02 2.781966409239855693e+03 4.472957921636620995e+03 1.153692098379131266e+03 -1.049035987670910345e+03 -1.484626112134404366e+03
-3.063109256807820566e+04 -1.038107097751253178e+02 1.031431872703942645e+04 3.983874804966532338e+03 3.091587830621042485e+02 1.627457431969018762e+04 -3.549894542045665276e+03 9.395223741190113287e+03 -3.723597991705813183e+04 1.371531629009627613e+04 2.081331246309076050e+03 -1.602047992734629361e+03 -5.532111765920567450e+02 -2.229539706886278145e+04 -2.660365165237295150e+04 -1.329604545319873750e+03 1.567939160729514924e+03 -3.069698311676161211e+02 4.074389748565511582e+03 6.727577274697908933e+02
-6.123808013645611936e+03 1.452197878229301205e+04 2.339801625839413828e+04 1.203858593737063757e+03 -1.123478296977965101e+03 2.269313646122561477e+04 5.795121247361043970e+03 3.890587748230334910e+03 -1.023366601681119573e+04 6.491339803127597406e+03 1.208471780842006956e+04 -1.162702616410306518e+03 -9.502147341604151620e+01 8.841464197955190684e+03 3.430314332171240494e+03 2.298830402218606196e+03 -5.723562785477638499e+03 5.060810454922578174e+03 -2.027084783811574016e+04 -2.315841838285071844e+03
-3.770983126473466837e+04 5.487385780222576614e+03 1.397230955163091676e+04 2.078126879706950422e+04 7.888132223667610560e+03 5.041418500662119914e+04 -7.442846384545428009e+02 4.519229222614926402e+04 -1.758634299516984902e+05 8.380269460526382318e+04 2.220801421463676525e+04 2.007865925857896218e+04 1.205491776937907707e+04 -3.255078927226952510e+05 -2.339856602635043964e+05 -4.201601559623531066e+05 7.102285857723297086e+05 -2.104463607909047045e+06 -2.177633794808288221e+05 5.090580878107423814e+03
-2.355501195781554270e+04 2.426984973255989826e+04 3.045530167303908092e+04 5.912451571240433987e+04 8.350890648660182705e+03 8.631646067246637540e+04 -1.990197281742229734e+03 7.837111987679243612e+04 -2.531767388323282066e+05 1.347787085001167143e+05 5.998019736836874654e+04 4.462488080936217739e+04 -7.427769283151555101e+03 -2.174164048649182660e+05 -2.326986299964478821e+05 3.998201027050674747e+04 -6.119156957917978434e+04 7.300509332303369592e+04 -1.949312601985632209e+05 -7.287238835909098270e+03
