-3.216885821510616552e+03 1.115750988322974808e+04 1.780089100599861558e+04 -2.057541737542247120e+03 -7.267833214823532444e+02 -3.981751143958937433e+01 4.539053463208239918e+03 1.235483863130189775e+03 5.364221455299974650e+02 9.121664492834116800e+02 -2.206536150597038159e+03 -6.323783585278124519e+02 -4.637386880150489610e+00 1.069201884190363671e+03 -7.811374360966045742e+02 3.340493726996959456e+00 1.773799783274633626e+02 1.459756363607001788e+02 -2.556089799468050785e+02 6.288900022072350282e+01
2.097417835626035594e+04 -3.083688951855945561e+03 -3.383865700994422696e+03 -4.293201332309827762e+02 1.626581119572514069e+02 9.530541265126493045e+01 -9.630124497326150390e+01 2.136156339644761601e+02 5.136127077765155313e+00 -4.407648800301923586e+01 1.117851102726964996e+02 3.971827351071780043e+01 3.996249110271364646e+00 7.561789830583536265e+00 -7.726304966049656997e+00 8.521067353618503759e+00 -3.264042892832405585e+01 -2.454475349317633359e+01 5.388157080926750275e+00 1.564399466437473185e+00
-4.937160926037879835e+04 -1.552298705615232393e+04 1.484635139482591342e+02 -1.197824649053519806e+03 7.757889413820007185e+00 7.264287309861644815e+01 -3.990625590963605873e+02 -4.671720341161706536e+00 2.794446888702378828e+02 3.826025831615316406e+02 -7.280172547789855564e+00 2.591019592692973106e+02 5.485945083467068883e+01 9.426523455260939954e+01 -6.289250952232539049e+01 1.084814578266425116e+02 5.983641214968311139e+00 9.148069963470391031e+01 -1.134670286347339285e+01 -6.511562874536110712e+02
-4.259634162077116343e+04 3.583739288687193039e+04 -2.623383516649831654e+04 -5.088388950059941635e+03 9.140220474214648902e+02 4.979174492120029072e+02 1.712223684878491213e+03 -2.144431387485427422e+03 3.139348559712389033e+02 8.234302600724900003e+02 1.135608171671090759e+03 -1.010936064691690319e+02 -1.660287003320449912e+02 -5.205704911358152458e+02 5.884656679423228454e+00 1.265527806230841179e+02 -3.203198508088585754e+02 -9.832905445853941728e+01 -1.331363306755184510e+02 -6.167000765551655661e+01
-1.598481027555489163e+04 1.605844507917347073e+04 2.910596221067152146e+04 2.356558485701464451e+04 1.898000607508886606e+05 -5.464605380277438599e+03 -3.659697841431338020e+03 -2.938103788948702913e+03 2.619750068613451731e+03 9.249744410993196198e+02 3.596521568328472540e+02 6.194738636956111577e+02 3.917078968736498723e+02 7.740867835951030429e+02 2.806617143677010517e+02 1.991868520182972873e+02 -2.361460318243068457e+02 -7.715899476580442062e+00 -8.359560623401965813e+02 4.713464685566528800e+01
-3.390361032988087391e+04 7.461490853905177210e+04 1.565464070198635163e+05 6.688038500037605409e+05 9.269461209923577553e+04 7.429178814210163429e+06 -7.226347487304396054e+04 -6.452495208701075753e+05 2.697222315995696001e+06 -1.839428319571936736e+06 -9.099011106334049255e+05 4.952719504703676794e+05 -1.449154183666315657e+04 -1.352397542225514771e+06 -1.006791201424730825e+06 1.677897437323605482e+04 5.029670213864884863e+04 3.157114726211919697e+04 3.748489633779013529e+05 3.634773474928404903e+04
-4.598083989573502549e+03 3.787312685143652743e+03 5.935998842820826212e+03 8.955292020209590191e+03 -1.820882522212942376e+03 -1.354689823678810626e+03 1.725848799128706332e+03 -8.699515769297111547e+03 -6.569454367370792625e+02 1.453004544867578488e+03 -2.001065569914417665e+03 -1.477795974665743870e+02 -3.164573202978343147e+01 -2.533570847593226745e+02 1.321485171942980230e+02 -3.755470741881621421e+01 8.286623210615994140e+01 1.668080531495438095e+02 -7.604598069373403746e+01 -1.166199907339131869e+03
-1.510531428906566180e+04 8.484973092832400653e+03 -1.235893767527517639e+03 4.541523788809439429e+04 -5.117358500505141819e+03 -3.686185861584629947e+03 -4.295474495875363345e+02 4.698506811511463638e+03 1.686118289992936070e+03 5.880837176820801915e+02 -1.773272743749958863e+03 -2.346973459064218332e+03 6.622380158436146758e+01 1.535594985471645032e+03 -1.659356337055431595e+03 1.660581389333614879e+03 -1.695479761863569593e+03 -1.012874006842630820e+03 -5.177023399855338539e+02 2.641680571843940584e+02
-2.582779713293261011e+04 4.103378408436563041e+04 7.085850867787012248e+04 1.602517036121081328e+05 1.462650677973210259e+04 1.419527762761521386e+06 -6.839088767762207226e+02 -2.288686662521430480e+04 -1.184814358055565026e+04 3.549834912916762551e+04 3.044917126111051766e+04 -1.752724586291370724e+04 7.474228707812824268e+02 9.168779570678774326e+04 5.930620811617381696e+04 2.419758157141218817e+03 -1.297548241209344997e+04 9.154458372820456134e+03 -5.247164813775656512e+04 -5.764553742307483844e+03
-4.645939692685379850e+04 1.237415228688542265e+04 -1.488224770073667787e+04 1.418553674896762277e+04 5.293432637753512608e+02 5.130675542432747704e+01 -8.659685498892590658e+02 1.710691853952978636e+04 -1.098211432838973997e+04 -1.083317968393954834e+04 -1.072440386682065946e+04 4.895792450939941773e+04 -3.465974007560403552e+05 1.392380697230854639e+04 1.002880108035108242e+04 -3.162778919333267709e+02 1.199649545171639875e+04 -4.091029816229664448e+03 1.024167512084914415e+04 3.109909646477283900e+02
-9.447547804843001359e+03 1.680188009065679944e+04 2.558680668926795988e+04 1.050185040539356123e+03 -2.059782358432194997e+03 -3.539757453650973389e+02 -3.268902154683122717e+03 -2.653138916550851150e+02 -1.055368432925737579e+03 -8.788330274769154130e+03 1.836155891152851837e+04 5.570282240215947240e+03 3.075174438510094319e+02 6.946706643187765167e+02 -3.124320320517618939e+02 -1.085603700683805357e+02 -1.565064654953605668e+03 -4.304568198975475752e+02 4.538761413519172834e+02 -7.385072441723370957e+02
3.729986182283625567e+03 2.650994098070374457e+04 2.347862724597191118e+04 -6.626645063510838554e+03 -4.185216275801578377e+03 -1.210355746883810610e+02 -7.633954401556885568e+04 4.064636868204736402e+03 1.966657399322125684e+03 7.072823897836577089e+03 -1.303318661055268421e+04 -3.500752324084531665e+03 1.737433352743826163e+02 1.200042058906606371e+03 -1.184459642683238059e+02 5.175002807876587212e+03 3.444957243819149426e+03 8.559242411758110620e+02 -1.709938823400998444e+03 -9.679770924579679559e+02
-3.966195693104035308e+04 4.004120573732999037e+04 -2.764221610757568124e+04 3.021293292833978194e+04 -2.493442167436739510e+03 -1.390694696797913821e+03 1.065249501527101984e+03 2.179269857356859211e+04 -7.755907677798882105e+01 2.295551851117565548e+03 -7.038190215810401241e+03 3.218785048448404996e+04 7.626935537878634932e+03 9.046687740326947278e+02 9.339557986530580820e+03 -2.231343816549388066e+03 8.271217244607242947e+02 7.377609374998648491e+03 2.829926156639518922e+03 -1.696527187017691318e+01
-2.514048847882687551e+04 4.909128056622493750e+04 -7.709089448920707582e+03 -9.631230089615417455e+03 -5.029939572577494573e+02 4.469780816716983054e+02 -5.710120432255391279e+03 -5.054364563921645299e+02 8.093853688510504298e+02 2.232548448368206209e+03 -2.562458332856896959e+03 2.925116768452874680e+02 3.313828696489668602e+01 9.288217858054457565e+02 -1.004024971288001780e+03 6.097710829424863732e+02 -4.290893215947555746e+02 -4.082711261446577282e+02 -6.069554001637611407e+01 4.335129348790409267e+02
-9.303363338415465478e+02 7.765979642308704570e+03 1.151734736799494385e+04 1.470289969761368593e+04 -3.375999617269437749e+03 -2.463614207718990656e+03 -5.935954632222670853e+02 -2.394373815716999889e+04 -3.773636345333198733e+03 4.761331606198602913e+02 -9.623350101946217592e+02 2.209202286458935760e+03 -3.202346250983988796e+01 -1.347032264862755028e+03 1.513904042715794276e+03 -1.087094188334307319e+03 1.306288146539194031e+03 4.211398133777041721e+02 2.174078646194763564e+02 2.320637684334749338e+03
-1.095037644179631025e+04 1.067686375707043590e+04 1.565492749276921677e+04 2.472944216885181504e+03 -7.186210583091369699e+02 1.058807170996904006e+02 3.290721295468640619e+02 4.383749449266694683e+03 3.162861821385102417e+02 -5.810280667346033852e+02 6.108626271969854997e+02 -5.750433053714278685e+03 -1.001303459292112734e+03 -1.397473775301285605e+04 1.170471770425837713e+04 2.924469053513137624e+03 -9.406461929775447572e+01 2.413461926179425916e+02 9.699945012004055798e+02 1.902365114680187332e+02
-9.405204698335297508e+03 2.645819129624472225e+03 7.080347303353331654e+02 8.622685531430735864e+03 -5.866918402809454847e+02 -1.050279963981043466e+03 -6.496992373820644389e+02 2.472605172550182033e+03 2.751208310343271478e+03 -5.794858042334443780e+03 9.786990423522016499e+03 -2.371010187831829535e+04 -4.334909066760003952e+03 -3.270622772929252278e+03 -9.211226165779171424e+02 -2.569721238356355025e+04 3.938266042192637542e+04 2.304906215145456736e+04 -3.872484170749825353e+03 -2.804044384164013536e+03
-5.631399571680760710e+04 3.612698839812578808e+04 -3.315493476533495414e+04 3.077423780231919227e+04 -2.346323662748547576e+03 -2.707242433414163770e+03 -2.759995758638618781e+02 1.228860324040262458e+04 5.545455381270971884e+03 -3.124082625305425609e+03 6.191967591323261331e+03 -1.185131361392116196e+04 -9.940633105087828199e+02 2.760439078391925705e+03 -2.847757339763724303e+03 -1.400183720422050101e+03 3.126522384883728591e+03 -1.624320343584961620e+03 5.277977864890116280e+02 8.130101979342200593e+02
-2.298405038523047915e+04 4.707200269904436027e+03 9.908316626780298975e+03 1.770718669745494708e+03 -9.335781344633516028e+02 -4.614953331532334460e+02 -1.262311623791264174e+04 2.909618423890524355e+03 -2.007597167539315478e+03 -3.032644976703124485e+03 -6.983343516335486129e+03 -7.186284809056265658e+03 -1.855629841750520654e+03 -5.310564616133271556e+03 5.942692006932372351e+03 -3.516065141307786689e+04 -2.371993384296520890e+04 -1.319566471780509858e+02 -6.545261162809963480e+02 -1.648512319728592388e+02
-3.834148071852777775e+03 1.554951549524840993e+04 2.237059638670341519e+04 -2.998413773867280725e+03 -1.032375949339402268e+03 -2.811397370182653503e+02 1.271380441620422971e+03 1.829340550186553628e+03 8.018970940579979469e+02 8.620327748183933636e+02 -2.254672927993230587e+03 -4.965393063027839844e+02 1.074763381728971012e+01 8.626810126878235678e+02 -7.388881873759366954e+02 8.138609819882462659e+01 1.936780444656323255e+02 -1.280281809189063047e+01 9.830206757689190056e+01 1.016721555449130960e+02
-2.090807003298712516e+04 1.066914386485004434e+04 2.151162957591526356e+04 4.390405571010497283e+02 2.917371992061785477e+03 1.461041995788909844e+04 7.346527099691238618e+02 1.379379365222128399e+04 -3.218355585142423661e+04 1.984755638490269121e+04 -6.077115607586383703e+02 2.293675054058701426e+04 6.665996700225996392e+03 -3.022304655863654625e+04 1.125375178413546018e+04 -4.778366562453223742e+04 7.494683350185207382e+04 -1.136855553795930464e+05 -2.042325418609484768e+04 -1.416895264937281809e+03
-7.579750983960803751e+03 1.668384790453822279e+04 2.609677446021027936e+04 1.453304990525592802e+04 7.420877993602937750e+03 1.455186484037435148e+05 1.079604836747192849e+03 1.107862591129723660e+04 -8.682516840250468522e+04 7.238053687883462408e+04 2.902647854735419969e+04 -3.015026751940886243e+04 8.133956777271150713e+02 7.350889099845931923e+04 7.147233573388341756e+04 7.797322454737953876e+02 1.129846725350199677e+03 -5.967095844707511787e+03 -9.762246583748183184e+03 8.911489142584638330e+02
-3.899669851322624163e+04 3.506531220562383533e+04 -2.146183478300110801e+04 -3.217770032512496073e+03 5.593718021618480634e+03 2.178886521399269441e+03 1.151076658057319719e+03 3.586826096555520508e+03 -4.068657144753022294e+04 -5.068991431984210794e+04 -2.239884057045980444e+04 -5.875936218143591759e+03 2.594150819382171903e+03 4.784146477015193341e+03 1.967325163329327097e+03 2.804094182275907770e+03 -8.679815820596229514e+02 -7.176702655865354927e+02 -2.965259002789852730e+03 -1.533741367959612262e+03
-4.294209999004137353e+04 4.663562243543785007e+04 -1.541114752016290186e+04 1.107845237226321333e+05 2.507904275969111404e+04 3.310276319178069571e+03 -5.541459717901100703e+03 1.108768933776301710e+05 -9.764297773718810640e+04 -3.508579293691056228e+04 -1.320212215596504975e+05 4.231233154571938794e+05 -2.184216901469569653e+06 7.066311574326612754e+04 7.156111954620771576e+04 3.262321622631782157e+04 8.397799584997252168e+03 -1.895603453860760783e+04 3.056620159365318978e+04 -5.783508163028805575e+04
-2.911486701600536617e+04 3.653983992449309881e+04 -4.904849949526131240e+03 2.739232079347618128e+04 -2.288708088021994627e+03 5.624511011933599320e+02 3.415953755338190149e+03 4.243668583384665544e+04 -1.942037400894497114e+04 1.236762052673873995e+03 -3.520484728121941589e+04 1.363359469578772550e+05 2.917480266019107512e+04 -1.259428317978455198e+04 5.478246446948629455e+04 -5.258772828366493923e+04 6.598745947900979081e+04 2.753488055806069315e+04 4.335550403379739691e+03 -4.115922046550237610e+03
-2.165300409977543677e+04 2.023736926671516994e+04 2.517060234481330917e+04 4.747982505918673269e+04 8.814834810591391943e+03 6.054308469245400192e+04 -3.003102867043227889e+03 5.789798274297915486e+04 -1.827300432664918189e+05 9.609888120254257228e+04 3.822818139346693351e+04 3.158593009308754699e+04 -5.364285358298337087e+03 -1.560532430979706696e+05 -1.665751834928165481e+05 2.612894864032471378e+04 -3.941394563470881985e+04 4.692617222299195419e+04 -1.274192006480660057e+05 -4.186362091392882576e+03
-2.357973698137010069e+04 2.213168240127365425e+04 9.095586911058037003e+03 8.362150157613139527e+03 2.141982638830305223e+04 4.268245387439520709e+04 -3.608363684239475333e+03 1.909696696275541399e+04 -1.197225425014619977e+05 1.649075360942386760e+04 -2.284943244844026594e+03 -5.160468385109771589e+03 3.738913189768247776e+03 -5.765547525549554121e+04 -7.276989581578339858e+04 -1.805060686426645407e+04 2.174476544557615489e+04 4.689438204987750214e+04 2.525832097703455365e+05 5.581249781309383252e+03
-3.937153958005669847e+04 9.400567375560969595e+03 2.847170868239002084e+04 -7.704187854615644937e+03 -4.774978464673319650e+03 6.019810164568498294e+02 -9.283654984462929133e+04 9.804378563949623640e+03 -1.180067871268931412e+04 -9.444628457886306933e+03 -3.087097540681488681e+04 -2.959314100704528391e+04 -1.036357618702884065e+04 -4.091347559392800031e+04 4.181658393500300735e+04 -5.402395853004804812e+05 -4.130519698641552241e+05 -2.224136468164363396e+04 -2.088010960122930919e+04 2.494672799212529208e+04
-4.671644323815371172e+04 -8.833421144162351993e+03 -1.316056677328759179e+03 2.173438275559758767e+04 -2.098462895800227670e+03 -2.010084638459700955e+03 -3.622622482187003243e+03 1.541245215691823796e+04 5.479739826316340441e+03 -2.392003593591393837e+03 2.052666039841050861e+03 -2.516322868954956903e+03 3.772502049914236977e+03 5.133511418345481616e+03 1.713029432046041165e+03 1.643663608952853610e+04 -2.328164593565207906e+04 -5.591206601450366725e+04 4.843004162574758084e+04 -1.023217144902201107e+04
-2.600899284821623223e+04 2.600175641499472476e+04 4.335340050218266697e+04 9.339541481153664063e+04 1.091000051733737746e+04 7.622010244314898737e+05 -2.400815919782372475e+03 1.884870308181330256e+04 -1.979203732264874852e+05 1.579402352949524065e+05 7.048339085961435921e+04 -5.140331516988883959e+04 2.940368650639446514e+03 1.590393016813258582e+05 1.219103156506168307e+05 -1.161985499098092987e+04 9.643010742604767074e+03 -2.114944889911758946e+04 -1.297210955686853413e+04 -1.021186324948770675e+03
-1.088619993337642154e+04 1.317526386142097181e+04 2.117236603755645046e+04 4.041711014244255239e+03 -5.259441840792405856e+02 6.075108892591435506e+03 3.246665308080391696e+03 1.386471470263610536e+04 -1.657775357397400148e+04 1.271832615328547035e+04 8.999109552614088898e+03 -3.711002903894228075e+04 -5.679937055062570835e+03 -1.089361498368091852e+05 1.247252232001722587e+05 5.592142791276628122e+04 -1.657627994533283345e+04 7.314047632459643864e+03 -4.732871350326957327e+03 1.832988135824754863e+04
-4.845784046854464395e+04 -1.540722682511087623e+04 9.334970288958443518e+01 -1.426102680774332157e+03 3.763961031651866307e+01 1.417343381531434545e+02 -7.652636910464716493e+02 1.714384149508754490e+03 3.738033121719887504e+02 -3.180863645514309610e+02 5.606716403652208101e+02 1.647955249098624222e+02 -4.116749009129210322e+02 3.649488164622501358e+02 -1.307770612212174797e+02 -2.736995646917526983e+02 2.955235918508437294e+02 -6.735355940782209245e+02 2.397910706035088992e+02 2.133365608698922733e+04
-3.058426989113104719e+04 -2.707174062560505590e+01 1.034509900555863896e+04 4.105971059424145096e+03 3.332955613503185077e+02 1.634148960709431230e+04 -3.547802143142643217e+03 9.502837151329522385e+03 -3.749864691758796835e+04 1.387047177872016618e+04 2.127502997454693741e+03 -1.505117602999382370e+03 -5.603102294799531364e+02 -2.254618579848392255e+04 -2.686097961801069687e+04 -1.281537008481570638e+03 1.495957078648858214e+03 -1.954453560352228862e+02 3.827349295951924887e+03 6.683084280154547514e+02
4.247727286291426935e+03 1.736695720640917716e+04 1.909281156478518096e+04 -2.314014990005976870e+03 -3.225556877667907884e+03 -5.876444217183699266e+02 -5.078858941076421615e+04 1.627985041886674651e+02 9.551510948193688364e+02 1.544166557490586911e+03 -2.389950715412086993e+03 5.261235736786468919e+01 2.787711206831819482e+02 1.577829393062068675e+03 -1.705999357986803773e+02 4.718952889310263345e+03 3.422172514741233499e+03 6.800513430599349931e+02 -1.011112323415463493e+03 -7.678599619829998346e+02
-2.643763552898166745e+04 3.733526593055090052e+04 6.763889405942482699e+04 1.420863090887261205e+05 4.313969502724552149e+04 1.271015833814267302e+06 -1.308669935687625548e+04 9.499174306960003742e+04 -1.141569845409028232e+06 9.370813689726606244e+05 4.408323173746695393e+05 -4.719446091059840401e+05 1.800154699702349899e+04 1.400029016413799254e+06 1.067892005748613970e+06 -4.399176234783912514e+04 -1.709472291622325429e+04 1.811669281306827033e+05 1.144675960023254156e+06 7.039145206546309055e+04
-3.770983126473466837e+04 5.487385780222576614e+03 1.397230955163091676e+04 2.078126879706950422e+04 7.888132223667610560e+03 5.041418500662119914e+04 -7.442846384545428009e+02 4.519229222614926402e+04 -1.758634299516984902e+05 8.380269460526382318e+04 2.220801421463676525e+04 2.007865925857896218e+04 1.205491776937907707e+04 -3.255078927226952510e+05 -2.339856602635043964e+05 -4.201601559623531066e+05 7.102285857723297086e+05 -2.104463607909047045e+06 -2.177633794808288221e+05 5.090580878107423814e+03
-9.053535771781263975e+03 1.224124339468018843e+04 1.912937357682835136e+04 1.305892064184507035e+03 -1.021781190025252613e+03 -1.747561835864585476e+02 1.473016730599465745e+03 2.307159927761068502e+03 -4.871354823676314822e+02 -5.669129854060652178e+03 1.149201425849042607e+04 2.402176060700232483e+03 9.757381001063018289e+01 -2.704834260172897871e+02 4.392156806874589847e+01 -4.857978523220343163e+02 -1.232689270454223561e+03 -1.890019143570067683e+02 3.021871201960005919e+02 -1.063109429120235745e+03
-4.835887820248821663e+04 -1.507023427185117544e+04 6.384957363308686809e+02 -1.224758642981076264e+03 2.175414045477861578e+02 2.775263823937991674e+02 -9.225996592608067886e+02 2.895527812978177735e+03 -1.590489897959789414e+04 -2.506081912040716634e+04 -1.208124589816896696e+04 -3.716465690958964387e+03 1.059608034567913137e+03 5.789497782083756647e+03 3.360823655743303789e+03 4.695285047786949690e+03 9.658317010672527658e+02 -8.874688171513105317e+02 -4.754810504443662467e+03 2.739803929408054159e+02
-1.335784412477532533e+04 5.392653224570921338e+03 2.971616937562581370e+03 1.905387220489508400e+04 -2.967550780421677700e+03 -2.583561633666754460e+03 7.440411009900007002e+02 -2.025390919334140199e+04 -1.802770929451634174e+03 4.385586316204738068e+03 -5.493329614280696660e+03 -1.757388606066574766e+03 4.256477700449544841e+02 -5.472627718535205531e+03 5.260608814052413436e+03 2.075946158333255880e+03 -5.314070374452280703e+03 -3.959156515725744612e+03 6.026868224275362991e+03 -8.006412039263303450e+04
