2.097417835626035958e+04 -3.083688951855946016e+03 -3.383865700994423150e+03 -4.293201332309827194e+02 1.626581119572513785e+02 9.530541265126494466e+01 -9.630124497326150390e+01 2.136156339644761601e+02 5.136127077765157090e+00 -4.407648800301922876e+01 1.117851102726964712e+02 3.971827351071780043e+01 3.996249110271365534e+00 7.561789830583536265e+00 -7.726304966049656997e+00 8.521067353618500206e+00 -3.264042892832405585e+01 -2.454475349317633359e+01 5.388157080926751163e+00 1.564399466437472075e+00
-4.937160926037879835e+04 -1.552298705615232575e+04 1.484635139482591626e+02 -1.197824649053519579e+03 7.757889413820008073e+00 7.264287309861646236e+01 -3.990625590963605873e+02 -4.671720341161705647e+00 2.794446888702378828e+02 3.826025831615316406e+02 -7.280172547789852899e+00 2.591019592692973106e+02 5.485945083467068883e+01 9.426523455260937112e+01 -6.289250952232539049e+01 1.084814578266425116e+02 5.983641214968311139e+00 9.148069963470391031e+01 -1.134670286347339108e+01 -6.511562874536108438e+02
-3.196929689411316758e+03 1.114069878842623621e+04 1.776489080584714611e+04 -2.084499410200716284e+03 -7.253578092822840517e+02 -2.643676255813212492e+02 4.514416784701128563e+03 1.208081100745116373e+03 6.467948880029694010e+02 8.480818351405174553e+02 -2.302172973297154385e+03 -6.124027216074176749e+02 -4.373451168615180684e+00 9.831953844951314068e+02 -8.221090652707339359e+02 -1.817787922302753145e+01 2.288665298390490079e+02 9.720132233302038571e+01 -5.134586549718820692e+01 8.978592590260964812e+01
-4.259634162077117071e+04 3.583739288687193766e+04 -2.623383516649831290e+04 -5.088388950059940726e+03 9.140220474214651176e+02 4.979174492120029072e+02 1.712223684878491667e+03 -2.144431387485427877e+03 3.139348559712389033e+02 8.234302600724896593e+02 1.135608171671090759e+03 -1.010936064691690319e+02 -1.660287003320449912e+02 -5.205704911358152458e+02 5.884656679423228454e+00 1.265527806230841179e+02 -3.203198508088585754e+02 -9.832905445853940307e+01 -1.331363306755184794e+02 -6.167000765551654951e+01
-1.510464547315283016e+04 8.485049079818127211e+03 -1.236235638090450720e+03 4.541678827080239716e+04 -5.117577295605201471e+03 -3.686290617906188345e+03 -4.309149154527179917e+02 4.698760034133153567e+03 1.686191332976523881e+03 5.881955760538770619e+02 -1.773565707894596017e+03 -2.346851445575204707e+03 6.662051702675046272e+01 1.535765711544906253e+03 -1.659654186848342761e+03 1.661158457194357652e+03 -1.695930235201858068e+03 -1.011954628361530922e+03 -5.176507471821273612e+02 2.644494484612988003e+02
-3.390361032988087391e+04 7.461490853905177210e+04 1.565464070198635163e+05 6.688038500037605409e+05 9.269461209923577553e+04 7.429178814210163429e+06 -7.226347487304396054e+04 -6.452495208701075753e+05 2.697222315995696001e+06 -1.839428319571936736e+06 -9.099011106334049255e+05 4.952719504703676794e+05 -1.449154183666315657e+04 -1.352397542225514771e+06 -1.006791201424730825e+06 1.677897437323605482e+04 5.029670213864884863e+04 3.157114726211919697e+04 3.748489633779013529e+05 3.634773474928404903e+04
-1.647305053727971244e+04 1.746456503427818461e+04 3.264841207009941354e+04 2.837607478542299214e+04 2.331496947451460583e+05 -6.368543462013868520e+03 -4.748292577293247632e+03 -4.077668205530622345e+03 3.137384743019154030e+03 2.014524435061107624e+03 6.365722347173233402e+02 1.030153511668393776e+03 6.139265895720308208e+02 1.080326754835357633e+03 2.049501247954403027e+02 3.645862257961532009e+02 -4.208535761931287880e+02 6.816353769887238911e+01 -1.625653456702136737e+03 1.232078337994026924e+02
-1.099176513557180260e+04 1.066565589711038047e+04 1.562169062526576090e+04 2.462713328975685727e+03 -7.176062018278488495e+02 8.345883453464626456e+00 2.585783769308588376e+02 4.383158800390027864e+03 3.177053724734110460e+02 -6.741028780442462676e+02 5.132050936321442123e+02 -5.781835444280922275e+03 -9.939354228634481387e+02 -1.390045965607154358e+04 1.164338766300619864e+04 2.871998307771061263e+03 -1.859835128229334700e+01 2.211408175766834745e+02 1.017591123860889752e+03 1.609561192520882003e+02
4.601518733476927991e+03 1.901198622617253932e+04 2.013712829799019164e+04 -3.242311009963642846e+03 -3.402756466060987805e+03 -4.994065444874101445e+02 -5.522858229366639716e+04 7.003514045703600459e+02 1.079161458160729580e+03 2.462582454665093792e+03 -4.125743511246664639e+03 -3.015152787761794002e+02 2.930457071182466962e+02 1.530027840816429034e+03 -1.521684391820548683e+02 4.880358673187512068e+03 3.337484505857456497e+03 6.922114696927648083e+02 -1.122635616318067150e+03 -7.263430743872753510e+02
-2.564487654416879377e+04 3.351903955894328101e+04 5.689923443061482976e+04 1.262911631968686561e+05 1.192117059980419617e+04 1.075727603055951651e+06 -1.782249876699719152e+03 -1.211287765026647776e+03 -1.045565310153414612e+05 9.831239085651459754e+04 5.107653595750964450e+04 -3.440347403805133945e+04 1.678778590184820132e+03 1.288297864245884994e+05 9.534393748889226117e+04 -4.068318751478961531e+03 -2.281041932684944186e+03 -8.187489395666282689e+03 -4.498403305464772711e+04 -3.862854643594800564e+03
-9.307834653320026064e+02 7.767005641888894388e+03 1.151800791761347864e+04 1.470294213460160245e+04 -3.376133345113346877e+03 -2.463625562882936265e+03 -5.955894205244056820e+02 -2.394335846663131815e+04 -3.773548162473113280e+03 4.763523044397461490e+02 -9.627902127281022331e+02 2.208923112872100319e+03 -3.202846181270605541e+01 -1.347197784902630247e+03 1.514037050005308174e+03 -1.087116844480581449e+03 1.306277017376167805e+03 4.212024863905029974e+02 2.174300434561338022e+02 2.320198572224410327e+03
-2.514048847882687915e+04 4.909128056622493750e+04 -7.709089448920706673e+03 -9.631230089615415636e+03 -5.029939572577495142e+02 4.469780816716983054e+02 -5.710120432255391279e+03 -5.054364563921644162e+02 8.093853688510504298e+02 2.232548448368206209e+03 -2.562458332856897414e+03 2.925116768452874680e+02 3.313828696489667891e+01 9.288217858054455291e+02 -1.004024971288002007e+03 6.097710829424863732e+02 -4.290893215947556314e+02 -4.082711261446577282e+02 -6.069554001637612828e+01 4.335129348790408699e+02
-9.444000072488453952e+03 1.677941207154533913e+04 2.552998342062365191e+04 1.009208264215400163e+03 -2.062256028587265519e+03 -7.875557696182984273e+02 -3.344883309671232837e+03 -3.282584796336947193e+02 -8.601309367185291421e+02 -8.951588733854967359e+03 1.821438487494238507e+04 5.614787641863008503e+03 3.104471875222957920e+02 5.373210554502574041e+02 -3.823514694978577495e+02 -1.498725982403998387e+02 -1.462171097253126163e+03 -5.268325340716653500e+02 8.379844529853527320e+02 -6.959404235270529853e+02
-3.966195693104035308e+04 4.004120573732999037e+04 -2.764221610757568124e+04 3.021293292833979285e+04 -2.493442167436739510e+03 -1.390694696797914048e+03 1.065249501527101984e+03 2.179269857356859211e+04 -7.755907677798884947e+01 2.295551851117566002e+03 -7.038190215810401241e+03 3.218785048448405360e+04 7.626935537878634932e+03 9.046687740326948415e+02 9.339557986530579001e+03 -2.231343816549388066e+03 8.271217244607242947e+02 7.377609374998650310e+03 2.829926156639518467e+03 -1.696527187017689897e+01
-3.899669851322624163e+04 3.506531220562384260e+04 -2.146183478300110073e+04 -3.217770032512496073e+03 5.593718021618480634e+03 2.178886521399269895e+03 1.151076658057319946e+03 3.586826096555520053e+03 -4.068657144753023022e+04 -5.068991431984210067e+04 -2.239884057045980444e+04 -5.875936218143591759e+03 2.594150819382172358e+03 4.784146477015194250e+03 1.967325163329326870e+03 2.804094182275907315e+03 -8.679815820596229514e+02 -7.176702655865356064e+02 -2.965259002789853184e+03 -1.533741367959612489e+03
-2.358677561770621469e+04 2.218257895965478383e+04 9.218534334524876613e+03 8.760727125051138501e+03 2.146985492654661721e+04 4.602909177837962488e+04 -3.639077006460829125e+03 1.929983883422809595e+04 -1.219381418185076473e+05 1.778029748772960011e+04 -1.828628216384897769e+03 -5.724040914779425293e+03 3.779192442868771195e+03 -5.678383681821098435e+04 -7.264217747681225592e+04 -1.817486408945310905e+04 2.189317479635314885e+04 4.695924059080412553e+04 2.544723343355236575e+05 5.660564390504129733e+03
-9.345932626697758678e+03 2.617806601944702834e+03 6.844097019229086527e+02 8.616050105259571865e+03 -5.844737111216898029e+02 -1.049176922451135624e+03 -6.263220984792594663e+02 2.449333277088446721e+03 2.745344698627728576e+03 -5.802937979274539430e+03 9.806706964869130388e+03 -2.371717678686927320e+04 -4.339246903165375443e+03 -3.272420469209544081e+03 -9.235853862317228504e+02 -2.574000823231966206e+04 3.944998746352176386e+04 2.310127403632636560e+04 -3.890334575175071222e+03 -2.812588348999770005e+03
-5.631399571680761437e+04 3.612698839812578080e+04 -3.315493476533495414e+04 3.077423780231919227e+04 -2.346323662748547576e+03 -2.707242433414163315e+03 -2.759995758638618781e+02 1.228860324040262276e+04 5.545455381270971884e+03 -3.124082625305425609e+03 6.191967591323261331e+03 -1.185131361392116196e+04 -9.940633105087828199e+02 2.760439078391926159e+03 -2.847757339763724758e+03 -1.400183720422050328e+03 3.126522384883728591e+03 -1.624320343584961620e+03 5.277977864890115143e+02 8.130101979342200593e+02
-3.062737967958937952e+04 -1.025821191245591564e+02 1.031520991536755355e+04 3.979221016422537105e+03 3.096867725976277370e+02 1.627515494853708515e+04 -3.548978790369939816e+03 9.391452595199107236e+03 -3.723754560633166693e+04 1.371598276119526236e+04 2.080709847436254677e+03 -1.601442030489442232e+03 -5.542501090478865535e+02 -2.229702898353546334e+04 -2.660423891294486748e+04 -1.334161772813657535e+03 1.574440695514471372e+03 -2.910955281714650482e+02 4.060589218734085534e+03 6.758638322568331205e+02
-4.332376167140884354e+04 4.873417784566304908e+04 -1.491819379816078981e+04 1.183625997982947010e+05 3.774330498322490166e+04 3.272267325405126940e+03 -6.657788197464812583e+03 1.238686921783806029e+05 -1.073264803249460820e+05 -3.239254324847713360e+04 -1.485637644755731453e+05 4.946661070626931614e+05 -2.562450987102032639e+06 7.993945496745551645e+04 8.424003479697836156e+04 3.541244295918357238e+04 9.498511284400306977e+03 -2.362886442389662261e+04 3.937337699184878875e+04 -6.968172246985540551e+04
-4.835887820248822391e+04 -1.507023427185117180e+04 6.384957363308685672e+02 -1.224758642981076036e+03 2.175414045477860725e+02 2.775263823937991106e+02 -9.225996592608070159e+02 2.895527812978177280e+03 -1.590489897959789232e+04 -2.506081912040716270e+04 -1.208124589816896514e+04 -3.716465690958964387e+03 1.059608034567913592e+03 5.789497782083753918e+03 3.360823655743302879e+03 4.695285047786950599e+03 9.658317010672529932e+02 -8.874688171513107591e+02 -4.754810504443661557e+03 2.739803929408054728e+02
-4.647092744041699916e+03 3.795669495142311462e+03 5.915436879247832621e+03 8.959442705476025367e+03 -1.821344193568762194e+03 -1.354692519642398565e+03 1.586593289822168799e+03 -8.647998338181780127e+03 -6.419829711744205269e+02 1.443282016063897572e+03 -1.985915360454750726e+03 -1.847899758959995324e+02 -3.648461076890529142e+01 -2.459224211394186455e+02 1.266565307152880422e+02 -3.232918848979681314e+01 1.163034838470092183e+02 1.728783909125926641e+02 -8.087771964478396569e+01 -1.163901743460332455e+03
-3.937153958005670574e+04 9.400567375560969595e+03 2.847170868239002084e+04 -7.704187854615644937e+03 -4.774978464673319650e+03 6.019810164568498294e+02 -9.283654984462929133e+04 9.804378563949621821e+03 -1.180067871268931231e+04 -9.444628457886305114e+03 -3.087097540681488681e+04 -2.959314100704528391e+04 -1.036357618702884247e+04 -4.091347559392800031e+04 4.181658393500300735e+04 -5.402395853004803648e+05 -4.130519698641552241e+05 -2.224136468164364123e+04 -2.088010960122931283e+04 2.494672799212529571e+04
-4.845784046854464395e+04 -1.540722682511087260e+04 9.334970288958440676e+01 -1.426102680774332612e+03 3.763961031651867017e+01 1.417343381531434829e+02 -7.652636910464717630e+02 1.714384149508754490e+03 3.738033121719887504e+02 -3.180863645514309610e+02 5.606716403652208101e+02 1.647955249098624222e+02 -4.116749009129211458e+02 3.649488164622501358e+02 -1.307770612212174797e+02 -2.736995646917527552e+02 2.955235918508437862e+02 -6.735355940782208108e+02 2.397910706035089277e+02 2.133365608698922733e+04
-8.581035136115859132e+03 1.680344620531245164e+04 2.645041319409941570e+04 1.721053129835556319e+04 7.613698090988040349e+03 1.662430229527578631e+05 9.288806222806992992e+02 1.207988540592334357e+04 -9.577089031740919745e+04 7.903731720272428356e+04 3.197077990715125634e+04 -3.198763347072963734e+04 9.947789152864177140e+02 7.952708365694861277e+04 7.565154319959427812e+04 -2.623452197871665135e+02 2.173649205530887230e+03 -7.422820168006814129e+03 -8.446253068697542403e+03 9.261515362675269216e+02
-1.564869111899574455e+04 1.510486965616915950e+04 2.670099703414156829e+04 2.029211302894567416e+04 1.603170428276811435e+05 -4.845035600297828751e+03 -2.919308263051089853e+03 -2.163465761654711514e+03 2.269483245287618956e+03 1.847115905517370607e+02 1.703406400687494795e+02 3.408330368991746013e+02 2.408154931696924166e+02 5.655732255544832014e+02 3.309521191248767877e+02 8.697894246753747893e+01 -1.106803040029111429e+02 -5.917458994857285148e+01 -2.996667561594678091e+02 -4.413467888946556172e+00
-3.828267145442146102e+03 1.554894302052262356e+04 2.236725504730811372e+04 -3.001402282499317153e+03 -1.032869741715865075e+03 -3.027867792766969046e+02 1.266075216516471983e+03 1.825087504784264866e+03 8.115453000549039189e+02 8.552607362549103982e+02 -2.263904637415963407e+03 -4.930184797410387887e+02 1.114721838737180448e+01 8.549418927712415552e+02 -7.424447663946071998e+02 8.088243282047771743e+01 1.965011874524786322e+02 -1.838577607084642906e+01 1.172391316681812015e+02 9.974761361221280254e+01
-3.770983126473466837e+04 5.487385780222576614e+03 1.397230955163091676e+04 2.078126879706950422e+04 7.888132223667610560e+03 5.041418500662119914e+04 -7.442846384545428009e+02 4.519229222614926402e+04 -1.758634299516984902e+05 8.380269460526382318e+04 2.220801421463676525e+04 2.007865925857896218e+04 1.205491776937907707e+04 -3.255078927226952510e+05 -2.339856602635043964e+05 -4.201601559623531066e+05 7.102285857723297086e+05 -2.104463607909047045e+06 -2.177633794808288221e+05 5.090580878107423814e+03
-4.671644323815371172e+04 -8.833421144162351993e+03 -1.316056677328759179e+03 2.173438275559759131e+04 -2.098462895800228125e+03 -2.010084638459700500e+03 -3.622622482187003243e+03 1.541245215691823978e+04 5.479739826316340441e+03 -2.392003593591393837e+03 2.052666039841050861e+03 -2.516322868954956903e+03 3.772502049914236977e+03 5.133511418345481616e+03 1.713029432046041165e+03 1.643663608952853610e+04 -2.328164593565207906e+04 -5.591206601450366725e+04 4.843004162574758811e+04 -1.023217144902201107e+04
-2.911486701600536253e+04 3.653983992449309153e+04 -4.904849949526130331e+03 2.739232079347618492e+04 -2.288708088021994627e+03 5.624511011933600457e+02 3.415953755338190604e+03 4.243668583384666272e+04 -1.942037400894497114e+04 1.236762052673873995e+03 -3.520484728121941589e+04 1.363359469578772550e+05 2.917480266019107148e+04 -1.259428317978455198e+04 5.478246446948629455e+04 -5.258772828366493195e+04 6.598745947900980536e+04 2.753488055806069679e+04 4.335550403379740601e+03 -4.115922046550237610e+03
-9.062350598203271147e+03 1.219709540718824428e+04 1.906962768236929332e+04 1.293405741794250162e+03 -1.017935081232197035e+03 -4.722024832482811121e+02 1.432554334383715059e+03 2.288276927991654247e+03 -3.549839222242978849e+02 -5.796454362450647750e+03 1.141827655082909769e+04 2.432681290868055839e+03 9.962209679868719547e+01 -3.931115583501885453e+02 4.971045474254935925e+00 -5.181488372107736495e+02 -1.170356310226904498e+03 -2.563188822505180156e+02 5.696894380454558586e+02 -1.043102636549519502e+03
-2.355501195781553906e+04 2.426984973255989826e+04 3.045530167303908092e+04 5.912451571240433987e+04 8.350890648660184524e+03 8.631646067246637540e+04 -1.990197281742229734e+03 7.837111987679243612e+04 -2.531767388323282066e+05 1.347787085001167434e+05 5.998019736836873199e+04 4.462488080936217739e+04 -7.427769283151556010e+03 -2.174164048649182951e+05 -2.326986299964479695e+05 3.998201027050674747e+04 -6.119156957917978434e+04 7.300509332303371048e+04 -1.949312601985632791e+05 -7.287238835909097361e+03
-4.642430987521816132e+04 1.262058146170593136e+04 -1.489466415371561743e+04 1.485310096882286234e+04 5.229594527003364419e+02 7.864271895957033109e+01 -8.859917811096231617e+02 1.766254458245273781e+04 -1.153370333030189067e+04 -1.107612323008576095e+04 -1.144745084928774668e+04 5.085202129412725481e+04 -3.554592968990616500e+05 1.423681213888706043e+04 1.032531327677989611e+04 -9.200706691267406256e+01 1.194895349052356687e+04 -4.136270348621467747e+03 1.026388967557384240e+04 2.859103910837543694e+01
-6.123808013645612846e+03 1.452197878229301205e+04 2.339801625839413464e+04 1.203858593737063757e+03 -1.123478296977965101e+03 2.269313646122562204e+04 5.795121247361044880e+03 3.890587748230334000e+03 -1.023366601681119573e+04 6.491339803127598316e+03 1.208471780842006410e+04 -1.162702616410306291e+03 -9.502147341604151620e+01 8.841464197955192503e+03 3.430314332171240949e+03 2.298830402218606196e+03 -5.723562785477641228e+03 5.060810454922578174e+03 -2.027084783811574380e+04 -2.315841838285071390e+03
-2.298405038523047551e+04 4.707200269904436027e+03 9.908316626780300794e+03 1.770718669745494481e+03 -9.335781344633517165e+02 -4.614953331532333891e+02 -1.262311623791263628e+04 2.909618423890524355e+03 -2.007597167539315706e+03 -3.032644976703124030e+03 -6.983343516335486129e+03 -7.186284809056267477e+03 -1.855629841750519972e+03 -5.310564616133270647e+03 5.942692006932374170e+03 -3.516065141307785234e+04 -2.371993384296519798e+04 -1.319566471780509858e+02 -6.545261162809963480e+02 -1.648512319728592388e+02
-2.088088297848041839e+04 1.068365292447831780e+04 2.151535144673610193e+04 4.180413413471131321e+02 2.916003063296480832e+03 1.455295530744060125e+04 7.370927641115553115e+02 1.375106991375035432e+04 -3.199258083888541660e+04 1.975515013115508191e+04 -6.496264973005665979e+02 2.292588126497125268e+04 6.672893581838472528e+03 -3.006131521224333846e+04 1.143630818730350256e+04 -4.780862415811419487e+04 7.498424660888401559e+04 -1.137242872804932122e+05 -2.031996459666312148e+04 -1.414344207644727931e+03
-2.643763552898166745e+04 3.733526593055090052e+04 6.763889405942482699e+04 1.420863090887261205e+05 4.313969502724552149e+04 1.271015833814267302e+06 -1.308669935687625548e+04 9.499174306960003742e+04 -1.141569845409028232e+06 9.370813689726606244e+05 4.408323173746695393e+05 -4.719446091059840401e+05 1.800154699702349899e+04 1.400029016413799254e+06 1.067892005748613970e+06 -4.399176234783912514e+04 -1.709472291622325429e+04 1.811669281306827033e+05 1.144675960023254156e+06 7.039145206546309055e+04
-2.081303823523509709e+04 1.817157416201244996e+04 2.201060758109213566e+04 4.077177566681605094e+04 8.554490850500491433e+03 4.733763754826346121e+04 -3.403484791888219206e+03 4.652069384642330260e+04 -1.432079830899474618e+05 7.464975937167488155e+04 2.615881343345425194e+04 2.465849558045705999e+04 -3.992497341237764886e+03 -1.201239800959516724e+05 -1.277858689853067335e+05 1.798070703808469261e+04 -2.675841434647992355e+04 3.179403125142636782e+04 -8.951835829721752089e+04 -2.500594444517755619e+03
-1.335784412477532533e+04 5.392653224570921338e+03 2.971616937562581370e+03 1.905387220489508400e+04 -2.967550780421677700e+03 -2.583561633666754005e+03 7.440411009900009276e+02 -2.025390919334140199e+04 -1.802770929451634402e+03 4.385586316204738068e+03 -5.493329614280699388e+03 -1.757388606066574084e+03 4.256477700449543704e+02 -5.472627718535205531e+03 5.260608814052413436e+03 2.075946158333256335e+03 -5.314070374452279793e+03 -3.959156515725744157e+03 6.026868224275362081e+03 -8.006412039263304905e+04
-1.088619993337642154e+04 1.317526386142097181e+04 2.117236603755645774e+04 4.041711014244255693e+03 -5.259441840792405856e+02 6.075108892591435506e+03 3.246665308080391696e+03 1.386471470263609990e+04 -1.657775357397400148e+04 1.271832615328547035e+04 8.999109552614087079e+03 -3.711002903894228075e+04 -5.679937055062570835e+03 -1.089361498368091852e+05 1.247252232001722878e+05 5.592142791276628122e+04 -1.657627994533283345e+04 7.314047632459643864e+03 -4.732871350326958236e+03 1.832988135824754863e+04
