2.097417835626035230e+04 -3.083688951855945561e+03 -3.383865700994422696e+03 -4.293201332309826057e+02 1.626581119572513501e+02 9.530541265126494466e+01 -9.630124497326151811e+01 2.136156339644762170e+02 5.136127077765155313e+00 -4.407648800301924297e+01 1.117851102726964996e+02 3.971827351071780043e+01 3.996249110271364202e+00 7.561789830583536265e+00 -7.726304966049656997e+00 8.521067353618501983e+00 -3.264042892832405585e+01 -2.454475349317633004e+01 5.388157080926752052e+00 1.564399466437472519e+00
-4.937160926037879835e+04 -1.552298705615232029e+04 1.484635139482591626e+02 -1.197824649053519352e+03 7.757889413820007185e+00 7.264287309861646236e+01 -3.990625590963606442e+02 -4.671720341161702983e+00 2.794446888702378828e+02 3.826025831615317543e+02 -7.280172547789855564e+00 2.591019592692973106e+02 5.485945083467068883e+01 9.426523455260937112e+01 -6.289250952232539049e+01 1.084814578266425116e+02 5.983641214968310251e+00 9.148069963470391031e+01 -1.134670286347339108e+01 -6.511562874536108438e+02
-3.820495744728043519e+03 1.554468336116905266e+04 2.237101197804767435e+04 -3.000102153200327848e+03 -1.031910273071818892e+03 -2.814888536579742890e+02 1.300238537255535903e+03 1.823809567124485511e+03 8.086039117648640513e+02 8.702848136705468960e+02 -2.245163270795836070e+03 -4.859097715078282249e+02 1.024174248847720037e+01 8.620590614695512386e+02 -7.456172014916081707e+02 8.309472543958138147e+01 1.880941995495324477e+02 -1.328555527621976040e+01 1.031593394712669749e+02 1.075918347653012859e+02
-4.259640264948450931e+04 3.583758387051056343e+04 -2.623405624320556308e+04 -5.088658072402133257e+03 9.134189505955395134e+02 4.979548982257971943e+02 1.712256810207567696e+03 -2.144500168846530414e+03 3.139085934293931359e+02 8.234800934688979623e+02 1.135570617896726390e+03 -1.010013796214868051e+02 -1.660152304281077136e+02 -5.205880285409268708e+02 5.898169665937269990e+00 1.265837005396587216e+02 -3.203708504767064937e+02 -9.833346231684336658e+01 -1.331461967636077759e+02 -6.167435813053160842e+01
-1.563580473108638034e+04 1.036776547340303296e+04 -1.659556223603724447e+03 6.151632540436790441e+04 -6.857872708506145500e+03 -3.252077935904937931e+03 -6.035290465324152365e+02 1.105506392900348692e+04 3.097916231128221298e+01 3.442841780891253620e+03 -5.460220587889044509e+03 4.486124107214579453e+03 -2.395870968703177653e+02 1.618529640098953223e+03 -3.192823644558115120e+03 3.411769208173216157e+03 -3.953923425546950966e+03 6.693260268254116454e+02 -2.877904784471965286e+03 5.377762300457520723e+02
-1.636851717304193699e+04 1.728942415423864804e+04 3.224792621828879419e+04 2.771376774574427327e+04 2.276027846861451108e+05 -6.255865905553475386e+03 -4.610109421843748351e+03 -3.952452618400745905e+03 3.079693138582955726e+03 1.882323596433156354e+03 5.896456073421541078e+02 1.000477920767474075e+03 5.906599660826659601e+02 1.041626326162026771e+03 2.292670610692280206e+02 3.540969348057055299e+02 -4.171918047586398757e+02 6.189766868102038444e+01 -1.515398091157969247e+03 1.104779161043364724e+02
-2.582779713293261011e+04 4.103378408436563768e+04 7.085850867787012248e+04 1.602517036121081328e+05 1.462650677973210259e+04 1.419527762761521386e+06 -6.839088767762210637e+02 -2.288686662521430480e+04 -1.184814358055565208e+04 3.549834912916763278e+04 3.044917126111051766e+04 -1.752724586291370724e+04 7.474228707812825405e+02 9.168779570678772870e+04 5.930620811617380241e+04 2.419758157141218817e+03 -1.297548241209344997e+04 9.154458372820456134e+03 -5.247164813775655057e+04 -5.764553742307485663e+03
-2.514048847882687915e+04 4.909128056622493023e+04 -7.709089448920705763e+03 -9.631230089615415636e+03 -5.029939572577494573e+02 4.469780816716981917e+02 -5.710120432255390369e+03 -5.054364563921643594e+02 8.093853688510503162e+02 2.232548448368206664e+03 -2.562458332856896959e+03 2.925116768452874112e+02 3.313828696489668602e+01 9.288217858054454155e+02 -1.004024971288002007e+03 6.097710829424863732e+02 -4.290893215947556882e+02 -4.082711261446577851e+02 -6.069554001637611407e+01 4.335129348790408699e+02
-9.299218005040859225e+02 7.765832803032098127e+03 1.151734544028556229e+04 1.470262578021807894e+04 -3.375967531488116947e+03 -2.463584346112846561e+03 -5.934913735338968763e+02 -2.394383962761147995e+04 -3.773685462114286565e+03 4.762294249851863128e+02 -9.625161985015361097e+02 2.209317990721528076e+03 -3.200536540346583791e+01 -1.347062062930996262e+03 1.513933647313936035e+03 -1.087054865348676458e+03 1.306215164418991662e+03 4.211470120764709577e+02 2.173967791223845722e+02 2.320614572221365052e+03
-8.722793515234519646e+02 9.947050677403303780e+03 1.133333944868016442e+04 5.720157017976424640e+02 -1.829777720047522735e+03 -5.019063251502248590e+02 -3.387174353845808946e+04 1.706138919945567068e+03 6.255489183973780882e+02 1.127770820370072215e+03 -4.183610352994627647e+03 -3.144998532885261739e+03 -1.112632675516050718e+01 5.930012018928015323e+02 6.623451763241556591e+02 2.779377989080192037e+03 4.479331256117967314e+03 1.155703264081752422e+03 -1.050160166755835462e+03 -1.485664809157158061e+03
-9.050475729460753428e+03 1.223915030395716167e+04 1.912891187898339194e+04 1.302200785546676798e+03 -1.020227442961256997e+03 -1.840713396395672987e+02 1.472253207154595657e+03 2.304918232077324319e+03 -4.830940369132253522e+02 -5.673302892727790095e+03 1.148949637341765992e+04 2.404642203398681431e+03 9.777925774815857096e+01 -2.741294731506710036e+02 4.331841715775760804e+01 -4.865474742985256285e+02 -1.231266909126917881e+03 -1.912731512454061260e+02 3.109825958429925095e+02 -1.062520190727005229e+03
5.303554938662662607e+03 2.286115963403366186e+04 2.368127648436477466e+04 -4.416596696648008219e+03 -4.002727191660432709e+03 -5.112378515845848028e+02 -6.263104248613429809e+04 6.858272983804878322e+02 1.189613298474898329e+03 2.648687402034493971e+03 -4.118853538856639716e+03 7.217233672990201399e+01 3.450437818822921372e+02 1.823155129475669810e+03 -3.434175491195649670e+02 5.174346931319103533e+03 3.247879414049722982e+03 6.142456798981430666e+02 -1.170574860159376840e+03 -6.057664434145361838e+02
-4.566727498349218877e+03 3.778646190025302531e+03 5.942848278485732408e+03 8.929775977270270232e+03 -1.820301439381377349e+03 -1.352837002672643393e+03 1.728414731194861133e+03 -8.718881430531704609e+03 -6.612385583088965859e+02 1.456872309412684672e+03 -2.006039360065460414e+03 -1.393053571250269442e+02 -3.127519476219717376e+01 -2.547446381222125922e+02 1.339814463093896109e+02 -3.756247932417773683e+01 8.216831214779109871e+01 1.682264494532187484e+02 -7.624468708929573779e+01 -1.167601409131902528e+03
-3.966195693104035308e+04 4.004120573732999765e+04 -2.764221610757568124e+04 3.021293292833978921e+04 -2.493442167436739510e+03 -1.390694696797913821e+03 1.065249501527101984e+03 2.179269857356859211e+04 -7.755907677798887789e+01 2.295551851117565548e+03 -7.038190215810400332e+03 3.218785048448405723e+04 7.626935537878634022e+03 9.046687740326947278e+02 9.339557986530579001e+03 -2.231343816549387611e+03 8.271217244607244083e+02 7.377609374998648491e+03 2.829926156639518467e+03 -1.696527187017687410e+01
-1.504745127814236366e+04 8.198826606892682321e+03 -1.157108973785820581e+03 4.287755072485326673e+04 -4.838904141753017029e+03 -3.747447382340933473e+03 -4.004244377395716015e+02 3.719558362389784179e+03 1.938112343495471350e+03 1.468220444215021416e+02 -1.199549885073437054e+03 -3.399000990866094980e+03 1.113829113052900510e+02 1.518267250527238275e+03 -1.422408708995541474e+03 1.386079968987185566e+03 -1.341342172477725398e+03 -1.267119196011930853e+03 -1.558961804123840409e+02 2.204784906317670732e+02
-3.390361032988087391e+04 7.461490853905177210e+04 1.565464070198635163e+05 6.688038500037605409e+05 9.269461209923577553e+04 7.429178814210163429e+06 -7.226347487304396054e+04 -6.452495208701075753e+05 2.697222315995696001e+06 -1.839428319571936736e+06 -9.099011106334049255e+05 4.952719504703676794e+05 -1.449154183666315657e+04 -1.352397542225514771e+06 -1.006791201424730825e+06 1.677897437323605482e+04 5.029670213864884863e+04 3.157114726211919697e+04 3.748489633779013529e+05 3.634773474928404903e+04
-5.631399571680761437e+04 3.612698839812578080e+04 -3.315493476533495414e+04 3.077423780231919227e+04 -2.346323662748547576e+03 -2.707242433414163315e+03 -2.759995758638618781e+02 1.228860324040262276e+04 5.545455381270971884e+03 -3.124082625305425609e+03 6.191967591323261331e+03 -1.185131361392116196e+04 -9.940633105087828199e+02 2.760439078391926159e+03 -2.847757339763724758e+03 -1.400183720422050328e+03 3.126522384883728591e+03 -1.624320343584961620e+03 5.277977864890115143e+02 8.130101979342200593e+02
-1.088619993337642154e+04 1.317526386142097181e+04 2.117236603755645046e+04 4.041711014244254329e+03 -5.259441840792405856e+02 6.075108892591435506e+03 3.246665308080390787e+03 1.386471470263610536e+04 -1.657775357397400148e+04 1.271832615328547035e+04 8.999109552614088898e+03 -3.711002903894227347e+04 -5.679937055062569925e+03 -1.089361498368091852e+05 1.247252232001722878e+05 5.592142791276628122e+04 -1.657627994533283345e+04 7.314047632459646593e+03 -4.732871350326958236e+03 1.832988135824754499e+04
-3.899669851322623435e+04 3.506531220562383533e+04 -2.146183478300110437e+04 -3.217770032512496073e+03 5.593718021618479725e+03 2.178886521399269895e+03 1.151076658057319946e+03 3.586826096555520053e+03 -4.068657144753022294e+04 -5.068991431984210067e+04 -2.239884057045980080e+04 -5.875936218143592669e+03 2.594150819382172358e+03 4.784146477015194250e+03 1.967325163329326188e+03 2.804094182275908224e+03 -8.679815820596227240e+02 -7.176702655865354927e+02 -2.965259002789853184e+03 -1.533741367959612035e+03
-1.084569922254857920e+04 1.062655911223744988e+04 1.565669011654886708e+04 2.454979059210479591e+03 -7.117037681659817281e+02 1.148942134947744194e+02 5.136472069325271832e+02 4.345100131218551724e+03 3.092522256825014324e+02 -5.575514710462225594e+02 6.567261441792142023e+02 -5.646709520010423148e+03 -9.974875049312037163e+02 -1.411140364131787646e+04 1.181358632966338882e+04 3.046313157784482428e+03 -2.334140682171911578e+02 1.945011804933260180e+02 9.778278091116443420e+02 2.113928352298106290e+02
-2.600899284821622859e+04 2.600175641499472476e+04 4.335340050218265969e+04 9.339541481153664063e+04 1.091000051733737746e+04 7.622010244314898737e+05 -2.400815919782372475e+03 1.884870308181330256e+04 -1.979203732264874852e+05 1.579402352949524065e+05 7.048339085961437377e+04 -5.140331516988884687e+04 2.940368650639446514e+03 1.590393016813258873e+05 1.219103156506168161e+05 -1.161985499098092987e+04 9.643010742604767074e+03 -2.114944889911758582e+04 -1.297210955686853231e+04 -1.021186324948770675e+03
-9.577495893595474627e+03 2.731430125815486008e+03 7.858089969286970700e+02 8.639124982245712090e+03 -5.926915631167723859e+02 -1.053370398122236566e+03 -7.118354189444340818e+02 2.541102613818373356e+03 2.768284100744564512e+03 -5.772011286680151898e+03 9.730788877196873727e+03 -2.368916885399559396e+04 -4.322362609623853132e+03 -3.265801306474973444e+03 -9.138383859690342206e+02 -2.557289768409426324e+04 3.918719222049349628e+04 2.289740246581352767e+04 -3.820385362774840814e+03 -2.779228500565482591e+03
-3.220189328570939324e+03 1.115591707890228645e+04 1.779893588425058260e+04 -2.056308870598748854e+03 -7.265964109460958298e+02 -3.889795696732791441e+01 4.538240696811081762e+03 1.236226756360434138e+03 5.335915439895612735e+02 9.090436125687401727e+02 -2.207507403681192955e+03 -6.343126754334565476e+02 -4.366468828301486305e+00 1.070104441792694615e+03 -7.790681046562750680e+02 3.429103121323126224e+00 1.780322030227952723e+02 1.459252113063772072e+02 -2.579513968064215987e+02 6.115180072653919296e+01
-3.058426989113104719e+04 -2.707174062560505590e+01 1.034509900555864078e+04 4.105971059424146006e+03 3.332955613503185646e+02 1.634148960709430867e+04 -3.547802143142643217e+03 9.502837151329526023e+03 -3.749864691758796835e+04 1.387047177872016437e+04 2.127502997454693286e+03 -1.505117602999382598e+03 -5.603102294799533638e+02 -2.254618579848392983e+04 -2.686097961801070051e+04 -1.281537008481570410e+03 1.495957078648858214e+03 -1.954453560352228862e+02 3.827349295951925342e+03 6.683084280154546377e+02
-4.294209999004137353e+04 4.663562243543785007e+04 -1.541114752016290186e+04 1.107845237226321333e+05 2.507904275969111404e+04 3.310276319178069571e+03 -5.541459717901100703e+03 1.108768933776301710e+05 -9.764297773718810640e+04 -3.508579293691056228e+04 -1.320212215596504975e+05 4.231233154571938794e+05 -2.184216901469569653e+06 7.066311574326612754e+04 7.156111954620771576e+04 3.262321622631782157e+04 8.397799584997252168e+03 -1.895603453860760783e+04 3.056620159365318978e+04 -5.783508163028805575e+04
-3.937153958005670574e+04 9.400567375560969595e+03 2.847170868239001356e+04 -7.704187854615644937e+03 -4.774978464673319650e+03 6.019810164568499431e+02 -9.283654984462926222e+04 9.804378563949621821e+03 -1.180067871268931231e+04 -9.444628457886306933e+03 -3.087097540681488681e+04 -2.959314100704528028e+04 -1.036357618702884065e+04 -4.091347559392800031e+04 4.181658393500301463e+04 -5.402395853004804812e+05 -4.130519698641552241e+05 -2.224136468164364123e+04 -2.088010960122931283e+04 2.494672799212529208e+04
-2.357973698137009706e+04 2.213168240127365789e+04 9.095586911058037003e+03 8.362150157613139527e+03 2.141982638830304859e+04 4.268245387439522165e+04 -3.608363684239473969e+03 1.909696696275541035e+04 -1.197225425014619977e+05 1.649075360942387124e+04 -2.284943244844025685e+03 -5.160468385109771589e+03 3.738913189768247776e+03 -5.765547525549554121e+04 -7.276989581578338402e+04 -1.805060686426645043e+04 2.174476544557616216e+04 4.689438204987750214e+04 2.525832097703455365e+05 5.581249781309383252e+03
-4.835887820248821663e+04 -1.507023427185117544e+04 6.384957363308686809e+02 -1.224758642981076036e+03 2.175414045477860157e+02 2.775263823937991674e+02 -9.225996592608067886e+02 2.895527812978177735e+03 -1.590489897959789414e+04 -2.506081912040716270e+04 -1.208124589816896514e+04 -3.716465690958963933e+03 1.059608034567913592e+03 5.789497782083754828e+03 3.360823655743302879e+03 4.695285047786950599e+03 9.658317010672532206e+02 -8.874688171513105317e+02 -4.754810504443661557e+03 2.739803929408054728e+02
-2.090807003298712880e+04 1.066914386485004434e+04 2.151162957591526356e+04 4.390405571010497283e+02 2.917371992061786841e+03 1.461041995788909480e+04 7.346527099691237481e+02 1.379379365222128581e+04 -3.218355585142424388e+04 1.984755638490269484e+04 -6.077115607586385977e+02 2.293675054058701789e+04 6.665996700225996392e+03 -3.022304655863654625e+04 1.125375178413546200e+04 -4.778366562453224469e+04 7.494683350185207382e+04 -1.136855553795930464e+05 -2.042325418609485496e+04 -1.416895264937281581e+03
-4.645939692685379850e+04 1.237415228688542265e+04 -1.488224770073667787e+04 1.418553674896762095e+04 5.293432637753512608e+02 5.130675542432749836e+01 -8.659685498892589521e+02 1.710691853952978636e+04 -1.098211432838973815e+04 -1.083317968393954834e+04 -1.072440386682065764e+04 4.895792450939941773e+04 -3.465974007560403552e+05 1.392380697230854639e+04 1.002880108035108242e+04 -3.162778919333267709e+02 1.199649545171639875e+04 -4.091029816229664448e+03 1.024167512084914415e+04 3.109909646477283900e+02
-3.770983126473466837e+04 5.487385780222576614e+03 1.397230955163091676e+04 2.078126879706950422e+04 7.888132223667610560e+03 5.041418500662119914e+04 -7.442846384545428009e+02 4.519229222614926402e+04 -1.758634299516984902e+05 8.380269460526382318e+04 2.220801421463676525e+04 2.007865925857896218e+04 1.205491776937907707e+04 -3.255078927226952510e+05 -2.339856602635043964e+05 -4.201601559623531066e+05 7.102285857723297086e+05 -2.104463607909047045e+06 -2.177633794808288221e+05 5.090580878107423814e+03
-4.845784046854464395e+04 -1.540722682511087260e+04 9.334970288958442097e+01 -1.426102680774332157e+03 3.763961031651866307e+01 1.417343381531434545e+02 -7.652636910464719904e+02 1.714384149508754490e+03 3.738033121719887504e+02 -3.180863645514309610e+02 5.606716403652208101e+02 1.647955249098624506e+02 -4.116749009129210322e+02 3.649488164622501927e+02 -1.307770612212174797e+02 -2.736995646917526983e+02 2.955235918508437294e+02 -6.735355940782208108e+02 2.397910706035088708e+02 2.133365608698922733e+04
-9.447135696880381147e+03 1.680118093929656243e+04 2.558660748736400274e+04 1.050514467162381607e+03 -2.059480116214460850e+03 -3.472077321989366396e+02 -3.265771588475768567e+03 -2.641714984489065614e+02 -1.058519604553224326e+03 -8.785302044880276298e+03 1.836290324982228412e+04 5.569533813256172834e+03 3.074698094211804005e+02 6.968688516429264155e+02 -3.114564240834253042e+02 -1.077794790499899449e+02 -1.566943680029531606e+03 -4.289976185837041385e+02 4.477845397451433769e+02 -7.392191994232363186e+02
-2.298405038523047551e+04 4.707200269904436936e+03 9.908316626780302613e+03 1.770718669745494026e+03 -9.335781344633516028e+02 -4.614953331532333891e+02 -1.262311623791263810e+04 2.909618423890524355e+03 -2.007597167539315706e+03 -3.032644976703124485e+03 -6.983343516335485219e+03 -7.186284809056267477e+03 -1.855629841750520200e+03 -5.310564616133270647e+03 5.942692006932374170e+03 -3.516065141307786689e+04 -2.371993384296520526e+04 -1.319566471780510142e+02 -6.545261162809963480e+02 -1.648512319728592388e+02
-7.579750983960801022e+03 1.668384790453821915e+04 2.609677446021028300e+04 1.453304990525592802e+04 7.420877993602937750e+03 1.455186484037435148e+05 1.079604836747192849e+03 1.107862591129723478e+04 -8.682516840250469977e+04 7.238053687883462408e+04 2.902647854735420333e+04 -3.015026751940886243e+04 8.133956777271149576e+02 7.350889099845931923e+04 7.147233573388340301e+04 7.797322454737953876e+02 1.129846725350198994e+03 -5.967095844707514516e+03 -9.762246583748185003e+03 8.911489142584638330e+02
-1.563861779635070889e+04 1.496573401455254498e+04 2.631392218991184927e+04 1.987083683689288591e+04 1.561480461620750721e+05 -4.754848864202076584e+03 -2.813627595199680854e+03 -2.035610362779190154e+03 2.212330153077727118e+03 7.360948179966132443e+01 1.538036297182567864e+02 2.810876791633934886e+02 2.148808275956243392e+02 5.356611804714806340e+02 3.250787752502823764e+02 6.161844339022315609e+01 -7.518168273233933974e+01 -6.951450669152355033e+01 -2.320055567443012023e+02 -9.042611601872073024e+00
-1.335784412477532533e+04 5.392653224570921338e+03 2.971616937562581370e+03 1.905387220489508400e+04 -2.967550780421677700e+03 -2.583561633666754005e+03 7.440411009900009276e+02 -2.025390919334139107e+04 -1.802770929451634174e+03 4.385586316204737159e+03 -5.493329614280696660e+03 -1.757388606066574539e+03 4.256477700449545409e+02 -5.472627718535205531e+03 5.260608814052413436e+03 2.075946158333256335e+03 -5.314070374452280703e+03 -3.959156515725744612e+03 6.026868224275362991e+03 -8.006412039263304905e+04
-2.911486701600536617e+04 3.653983992449309153e+04 -4.904849949526131240e+03 2.739232079347618128e+04 -2.288708088021994627e+03 5.624511011933600457e+02 3.415953755338190604e+03 4.243668583384665544e+04 -1.942037400894497114e+04 1.236762052673873995e+03 -3.520484728121942317e+04 1.363359469578772259e+05 2.917480266019107148e+04 -1.259428317978455198e+04 5.478246446948630182e+04 -5.258772828366493923e+04 6.598745947900979081e+04 2.753488055806070042e+04 4.335550403379740601e+03 -4.115922046550238520e+03
-4.671644323815371172e+04 -8.833421144162351993e+03 -1.316056677328759406e+03 2.173438275559758767e+04 -2.098462895800227670e+03 -2.010084638459700500e+03 -3.622622482187003243e+03 1.541245215691823978e+04 5.479739826316340441e+03 -2.392003593591393837e+03 2.052666039841050406e+03 -2.516322868954957357e+03 3.772502049914236977e+03 5.133511418345481616e+03 1.713029432046041165e+03 1.643663608952853610e+04 -2.328164593565207542e+04 -5.591206601450366725e+04 4.843004162574758084e+04 -1.023217144902201107e+04
-2.643763552898166745e+04 3.733526593055090052e+04 6.763889405942482699e+04 1.420863090887261205e+05 4.313969502724552149e+04 1.271015833814267302e+06 -1.308669935687625548e+04 9.499174306960003742e+04 -1.141569845409028232e+06 9.370813689726606244e+05 4.408323173746695393e+05 -4.719446091059840401e+05 1.800154699702349899e+04 1.400029016413799254e+06 1.067892005748613970e+06 -4.399176234783912514e+04 -1.709472291622325429e+04 1.811669281306827033e+05 1.144675960023254156e+06 7.039145206546309055e+04
-2.165300409977543313e+04 2.023736926671517358e+04 2.517060234481330554e+04 4.747982505918673269e+04 8.814834810591391943e+03 6.054308469245400920e+04 -3.003102867043227889e+03 5.789798274297916942e+04 -1.827300432664918189e+05 9.609888120254258683e+04 3.822818139346693351e+04 3.158593009308753972e+04 -5.364285358298337087e+03 -1.560532430979706405e+05 -1.665751834928165772e+05 2.612894864032471014e+04 -3.941394563470881258e+04 4.692617222299193963e+04 -1.274192006480659766e+05 -4.186362091392882576e+03
