2.097417835626034866e+04 -3.083688951855945561e+03 -3.383865700994421786e+03 -4.293201332309826057e+02 1.626581119572513785e+02 9.530541265126495887e+01 -9.630124497326151811e+01 2.136156339644761601e+02 5.136127077765157978e+00 -4.407648800301924297e+01 1.117851102726964712e+02 3.971827351071779333e+01 3.996249110271364646e+00 7.561789830583537153e+00 -7.726304966049654332e+00 8.521067353618500206e+00 -3.264042892832405585e+01 -2.454475349317633004e+01 5.388157080926752052e+00 1.564399466437472519e+00
-4.937160926037879835e+04 -1.552298705615232393e+04 1.484635139482591910e+02 -1.197824649053519352e+03 7.757889413820008073e+00 7.264287309861646236e+01 -3.990625590963605873e+02 -4.671720341161702983e+00 2.794446888702378828e+02 3.826025831615315838e+02 -7.280172547789855564e+00 2.591019592692973106e+02 5.485945083467068173e+01 9.426523455260939954e+01 -6.289250952232539049e+01 1.084814578266425258e+02 5.983641214968310251e+00 9.148069963470391031e+01 -1.134670286347339108e+01 -6.511562874536108438e+02
-3.208514827841809620e+03 1.113573805054952209e+04 1.775847252783166914e+04 -2.080740100968633669e+03 -7.249000001558481472e+02 -2.639985464167091322e+02 4.508851095600291046e+03 1.211016185142522090e+03 6.373581078705731215e+02 8.351717684364075467e+02 -2.307920693984657191e+03 -6.200421570197838719e+02 -3.422244095909701578e+00 9.852848548063815315e+02 -8.144269693015269240e+02 -1.824811328994565329e+01 2.323696147749870704e+02 9.611540142991231050e+01 -5.762167584146184396e+01 8.324578601107101861e+01
-4.259634162077116343e+04 3.583739288687193039e+04 -2.623383516649831290e+04 -5.088388950059941635e+03 9.140220474214648902e+02 4.979174492120029072e+02 1.712223684878491667e+03 -2.144431387485427877e+03 3.139348559712389033e+02 8.234302600724901140e+02 1.135608171671090986e+03 -1.010936064691690319e+02 -1.660287003320449912e+02 -5.205704911358152458e+02 5.884656679423229342e+00 1.265527806230841463e+02 -3.203198508088585754e+02 -9.832905445853941728e+01 -1.331363306755184510e+02 -6.167000765551654951e+01
-6.863461874162039749e+03 6.651072796970020136e+03 9.060113011385043137e+03 1.662591640720563373e+04 -2.828616478577234375e+03 -2.441746174498923665e+03 5.140936614057851557e+02 -2.031770349295531196e+04 -3.192336655918663382e+03 2.385668850540692802e+03 -5.955222391209100351e+03 -3.917480444106444793e+03 -5.677111300545961967e+02 -7.446264245138933802e+03 5.958044976759685596e+03 -3.653094317839013002e+03 2.025142553656683276e+03 3.567230634447153079e+03 1.012479951454186107e+03 -1.170190418406917343e+04
-2.600899284821623223e+04 2.600175641499472840e+04 4.335340050218266697e+04 9.339541481153664063e+04 1.091000051733737928e+04 7.622010244314897573e+05 -2.400815919782372021e+03 1.884870308181329892e+04 -1.979203732264875143e+05 1.579402352949524357e+05 7.048339085961437377e+04 -5.140331516988883959e+04 2.940368650639446969e+03 1.590393016813258582e+05 1.219103156506168307e+05 -1.161985499098092623e+04 9.643010742604767074e+03 -2.114944889911758582e+04 -1.297210955686853413e+04 -1.021186324948770675e+03
-1.647305053727971608e+04 1.746456503427818461e+04 3.264841207009941354e+04 2.837607478542299214e+04 2.331496947451460874e+05 -6.368543462013867611e+03 -4.748292577293246723e+03 -4.077668205530620980e+03 3.137384743019154030e+03 2.014524435061107397e+03 6.365722347173233402e+02 1.030153511668393776e+03 6.139265895720310482e+02 1.080326754835357178e+03 2.049501247954402743e+02 3.645862257961532009e+02 -4.208535761931287311e+02 6.816353769887236069e+01 -1.625653456702136282e+03 1.232078337994026924e+02
-1.510443598436651700e+04 8.484752840173339791e+03 -1.236273249065016216e+03 4.541658357735999743e+04 -5.117465162874186717e+03 -3.686188706650428685e+03 -4.294630489261801927e+02 4.700006714274971273e+03 1.686268281108410747e+03 5.881592701683871383e+02 -1.773362677907786974e+03 -2.346359601098430630e+03 6.632846927708786211e+01 1.536099917809024419e+03 -1.659783711150560066e+03 1.661080249651501390e+03 -1.696000335225706522e+03 -1.013098151335413036e+03 -5.178931050071013260e+02 2.652348693241694377e+02
-4.570613906200204838e+03 3.780366334179948808e+03 5.940600746930849709e+03 8.926050248409679625e+03 -1.818154835617820936e+03 -1.351198201205528676e+03 1.729140168262899579e+03 -8.684237940490611436e+03 -6.560347765540390128e+02 1.455288053966191910e+03 -2.000417168292391352e+03 -1.256979822093040298e+02 -2.825920782771711259e+01 -2.406609309362879685e+02 1.231792183386693296e+02 -2.554296762431338053e+01 7.077153204074717507e+01 1.591025014748390731e+02 -7.804051001820550937e+01 -1.143221663149272899e+03
-2.514048847882688278e+04 4.909128056622494478e+04 -7.709089448920705763e+03 -9.631230089615413817e+03 -5.029939572577494573e+02 4.469780816716981917e+02 -5.710120432255390369e+03 -5.054364563921645299e+02 8.093853688510504298e+02 2.232548448368206209e+03 -2.562458332856897414e+03 2.925116768452874680e+02 3.313828696489667891e+01 9.288217858054455291e+02 -1.004024971288001780e+03 6.097710829424863732e+02 -4.290893215947555177e+02 -4.082711261446577851e+02 -6.069554001637612828e+01 4.335129348790409267e+02
-8.555633719584817527e+02 9.942638966910828458e+03 1.132874298853085020e+04 5.721737688599163221e+02 -1.830383072144521293e+03 -5.020355522743950587e+02 -3.389307588972915255e+04 1.701718158897391959e+03 6.239323505744630438e+02 1.128135935422096736e+03 -4.184480360297220614e+03 -3.134072144353351632e+03 -9.416652034857127873e+00 6.004465305051097630e+02 6.592066813637229643e+02 2.791566032154618370e+03 4.471801269599565785e+03 1.151120476998321692e+03 -1.053711853010962386e+03 -1.487033554928792910e+03
-3.817102691727585807e+03 1.554333792133545285e+04 2.236771194923930307e+04 -3.003058971780968477e+03 -1.031716980976518016e+03 -3.031476777272370668e+02 1.298425136879909587e+03 1.820657436944674600e+03 8.184580229088322767e+02 8.632523519921179513e+02 -2.254636485127588003e+03 -4.834241465318598330e+02 1.044210928370232772e+01 8.543426567145829722e+02 -7.493016887101679231e+02 8.172288459836113361e+01 1.922354285507352643e+02 -1.843840869904991209e+01 1.219031068901643238e+02 1.095686790186990720e+02
-3.390361032988087391e+04 7.461490853905177210e+04 1.565464070198635163e+05 6.688038500037605409e+05 9.269461209923577553e+04 7.429178814210163429e+06 -7.226347487304396054e+04 -6.452495208701075753e+05 2.697222315995696001e+06 -1.839428319571936736e+06 -9.099011106334049255e+05 4.952719504703676794e+05 -1.449154183666315657e+04 -1.352397542225514771e+06 -1.006791201424730825e+06 1.677897437323605482e+04 5.029670213864884863e+04 3.157114726211919697e+04 3.748489633779013529e+05 3.634773474928404903e+04
-9.062933221061573931e+03 1.219690267837056854e+04 1.906913953575622509e+04 1.294739941868398319e+03 -1.016776823033061874e+03 -4.723214414603151567e+02 1.432770624232413184e+03 2.288485971605692157e+03 -3.549474575232235338e+02 -5.796330478742740524e+03 1.141795381476515104e+04 2.432799445107117663e+03 9.968154726376043584e+01 -3.930842400415729117e+02 4.985302148210447371e+00 -5.178442576913286075e+02 -1.170765819272706040e+03 -2.564963257390472791e+02 5.696655144721645456e+02 -1.043082651930242264e+03
-3.899669851322623435e+04 3.506531220562383533e+04 -2.146183478300110437e+04 -3.217770032512495163e+03 5.593718021618480634e+03 2.178886521399269895e+03 1.151076658057320174e+03 3.586826096555520053e+03 -4.068657144753023022e+04 -5.068991431984210067e+04 -2.239884057045980444e+04 -5.875936218143590850e+03 2.594150819382171903e+03 4.784146477015193341e+03 1.967325163329326870e+03 2.804094182275907315e+03 -8.679815820596229514e+02 -7.176702655865354927e+02 -2.965259002789853184e+03 -1.533741367959612035e+03
5.303554938662663517e+03 2.286115963403366186e+04 2.368127648436477102e+04 -4.416596696648007310e+03 -4.002727191660433618e+03 -5.112378515845849165e+02 -6.263104248613429081e+04 6.858272983804878322e+02 1.189613298474898102e+03 2.648687402034493971e+03 -4.118853538856640625e+03 7.217233672990190030e+01 3.450437818822921940e+02 1.823155129475669582e+03 -3.434175491195649670e+02 5.174346931319104442e+03 3.247879414049723437e+03 6.142456798981430666e+02 -1.170574860159377067e+03 -6.057664434145361838e+02
-5.631399571680761437e+04 3.612698839812578808e+04 -3.315493476533495414e+04 3.077423780231919227e+04 -2.346323662748547576e+03 -2.707242433414163315e+03 -2.759995758638618781e+02 1.228860324040262276e+04 5.545455381270970975e+03 -3.124082625305425609e+03 6.191967591323260422e+03 -1.185131361392116196e+04 -9.940633105087825925e+02 2.760439078391926159e+03 -2.847757339763724303e+03 -1.400183720422050328e+03 3.126522384883728591e+03 -1.624320343584961620e+03 5.277977864890116280e+02 8.130101979342200593e+02
-2.165300409977543677e+04 2.023736926671516994e+04 2.517060234481330917e+04 4.747982505918673269e+04 8.814834810591390124e+03 6.054308469245400192e+04 -3.003102867043227889e+03 5.789798274297915486e+04 -1.827300432664918189e+05 9.609888120254258683e+04 3.822818139346693351e+04 3.158593009308754699e+04 -5.364285358298336178e+03 -1.560532430979706987e+05 -1.665751834928165481e+05 2.612894864032471742e+04 -3.941394563470882713e+04 4.692617222299194691e+04 -1.274192006480660057e+05 -4.186362091392882576e+03
-2.298405038523047915e+04 4.707200269904436027e+03 9.908316626780302613e+03 1.770718669745494026e+03 -9.335781344633516028e+02 -4.614953331532334460e+02 -1.262311623791263628e+04 2.909618423890523445e+03 -2.007597167539315478e+03 -3.032644976703124030e+03 -6.983343516335485219e+03 -7.186284809056267477e+03 -1.855629841750520654e+03 -5.310564616133271556e+03 5.942692006932375079e+03 -3.516065141307785962e+04 -2.371993384296520526e+04 -1.319566471780509858e+02 -6.545261162809964617e+02 -1.648512319728591820e+02
-4.845784046854465123e+04 -1.540722682511087623e+04 9.334970288958442097e+01 -1.426102680774332384e+03 3.763961031651867017e+01 1.417343381531434545e+02 -7.652636910464716493e+02 1.714384149508755172e+03 3.738033121719887504e+02 -3.180863645514309610e+02 5.606716403652208101e+02 1.647955249098624506e+02 -4.116749009129210322e+02 3.649488164622501358e+02 -1.307770612212174512e+02 -2.736995646917527552e+02 2.955235918508437294e+02 -6.735355940782209245e+02 2.397910706035088708e+02 2.133365608698923097e+04
-4.645939692685379850e+04 1.237415228688542265e+04 -1.488224770073667787e+04 1.418553674896762277e+04 5.293432637753512608e+02 5.130675542432746283e+01 -8.659685498892590658e+02 1.710691853952979000e+04 -1.098211432838973815e+04 -1.083317968393954834e+04 -1.072440386682065764e+04 4.895792450939941773e+04 -3.465974007560402970e+05 1.392380697230854639e+04 1.002880108035108242e+04 -3.162778919333267709e+02 1.199649545171639511e+04 -4.091029816229664902e+03 1.024167512084914415e+04 3.109909646477283900e+02
-3.966195693104033853e+04 4.004120573732999037e+04 -2.764221610757568124e+04 3.021293292833978921e+04 -2.493442167436739055e+03 -1.390694696797913593e+03 1.065249501527101984e+03 2.179269857356858847e+04 -7.755907677798880684e+01 2.295551851117566912e+03 -7.038190215810401241e+03 3.218785048448405723e+04 7.626935537878634022e+03 9.046687740326948415e+02 9.339557986530582639e+03 -2.231343816549387611e+03 8.271217244607242947e+02 7.377609374998649400e+03 2.829926156639518013e+03 -1.696527187017688831e+01
-2.090807003298712880e+04 1.066914386485004434e+04 2.151162957591526720e+04 4.390405571010497283e+02 2.917371992061786386e+03 1.461041995788909480e+04 7.346527099691237481e+02 1.379379365222128581e+04 -3.218355585142423297e+04 1.984755638490269484e+04 -6.077115607586384840e+02 2.293675054058701062e+04 6.665996700225996392e+03 -3.022304655863654989e+04 1.125375178413546382e+04 -4.778366562453223742e+04 7.494683350185205927e+04 -1.136855553795930464e+05 -2.042325418609485496e+04 -1.416895264937281809e+03
-1.564869111899574091e+04 1.510486965616915768e+04 2.670099703414157193e+04 2.029211302894567052e+04 1.603170428276811435e+05 -4.845035600297829660e+03 -2.919308263051089853e+03 -2.163465761654712423e+03 2.269483245287619411e+03 1.847115905517370322e+02 1.703406400687494795e+02 3.408330368991745445e+02 2.408154931696924450e+02 5.655732255544832014e+02 3.309521191248767877e+02 8.697894246753747893e+01 -1.106803040029111429e+02 -5.917458994857285148e+01 -2.996667561594678091e+02 -4.413467888946555284e+00
-7.579750983960801932e+03 1.668384790453821915e+04 2.609677446021028300e+04 1.453304990525592439e+04 7.420877993602938659e+03 1.455186484037434566e+05 1.079604836747192621e+03 1.107862591129723660e+04 -8.682516840250468522e+04 7.238053687883465318e+04 2.902647854735420333e+04 -3.015026751940886970e+04 8.133956777271150713e+02 7.350889099845930468e+04 7.147233573388338846e+04 7.797322454737953876e+02 1.129846725350199677e+03 -5.967095844707513606e+03 -9.762246583748185003e+03 8.911489142584638330e+02
-5.800815017945031968e+02 7.838761304867442959e+03 1.165977518401301859e+04 1.459780361727931631e+04 -3.412106783189460202e+03 -2.466755469337398154e+03 -6.655281526456004713e+02 -2.416557309695255390e+04 -3.805183891168418086e+03 3.476819807208922271e+02 -6.310682862819047614e+02 2.583834890089283363e+03 -6.669803097687705407e-01 -9.519101842447164472e+02 1.223998869474885396e+03 -9.282769553089731289e+02 1.271047253987714384e+03 2.197482149120005772e+02 1.659755163969288674e+02 3.220646790328758470e+03
-3.937153958005669847e+04 9.400567375560969595e+03 2.847170868239002084e+04 -7.704187854615644937e+03 -4.774978464673319650e+03 6.019810164568498294e+02 -9.283654984462929133e+04 9.804378563949621821e+03 -1.180067871268931231e+04 -9.444628457886306933e+03 -3.087097540681488681e+04 -2.959314100704528391e+04 -1.036357618702884247e+04 -4.091347559392800031e+04 4.181658393500300735e+04 -5.402395853004804812e+05 -4.130519698641551659e+05 -2.224136468164363396e+04 -2.088010960122931283e+04 2.494672799212529208e+04
-1.085567759226649105e+04 1.061798257985298733e+04 1.563030478038243746e+04 2.449552167556255881e+03 -7.117464058670434497e+02 1.629477523571378583e+01 4.811001814463303958e+02 4.338137386824003443e+03 3.547937866075772035e+02 -5.944649930535948670e+02 6.067910600929858447e+02 -5.654889900330987984e+03 -9.979030554726861055e+02 -1.412885146089038062e+04 1.178130908943320901e+04 3.018393308310244720e+03 -1.889085687572747361e+02 1.792382170233786667e+02 1.063527425734028384e+03 2.173778862567599219e+02
-9.547448626476454592e+03 2.714759391402757501e+03 7.701134155446318346e+02 8.639881687350994980e+03 -5.916067733313956296e+02 -1.053120159844152340e+03 -6.957450019233094736e+02 2.529590412796983856e+03 2.765456090614285586e+03 -5.776863319327049794e+03 9.742178927995468257e+03 -2.369274270940546194e+04 -4.324513923519237323e+03 -3.266531581163422743e+03 -9.151353166424289611e+02 -2.559502037276916963e+04 3.922190407719271025e+04 2.292418403741731890e+04 -3.829362368245559992e+03 -2.783651212305659101e+03
-4.294209999004137353e+04 4.663562243543785007e+04 -1.541114752016290186e+04 1.107845237226321333e+05 2.507904275969111404e+04 3.310276319178069571e+03 -5.541459717901100703e+03 1.108768933776301710e+05 -9.764297773718810640e+04 -3.508579293691056228e+04 -1.320212215596504975e+05 4.231233154571938794e+05 -2.184216901469569653e+06 7.066311574326612754e+04 7.156111954620771576e+04 3.262321622631782157e+04 8.397799584997252168e+03 -1.895603453860760783e+04 3.056620159365318978e+04 -5.783508163028805575e+04
-4.835887820248822391e+04 -1.507023427185117544e+04 6.384957363308686809e+02 -1.224758642981076264e+03 2.175414045477861293e+02 2.775263823937991674e+02 -9.225996592608067886e+02 2.895527812978178190e+03 -1.590489897959788868e+04 -2.506081912040716270e+04 -1.208124589816896696e+04 -3.716465690958964387e+03 1.059608034567913592e+03 5.789497782083755737e+03 3.360823655743303789e+03 4.695285047786949690e+03 9.658317010672529932e+02 -8.874688171513104180e+02 -4.754810504443662467e+03 2.739803929408054159e+02
-3.058426989113104355e+04 -2.707174062560495997e+01 1.034509900555864078e+04 4.105971059424146006e+03 3.332955613503185077e+02 1.634148960709430685e+04 -3.547802143142643217e+03 9.502837151329522385e+03 -3.749864691758796107e+04 1.387047177872016618e+04 2.127502997454693741e+03 -1.505117602999382370e+03 -5.603102294799533638e+02 -2.254618579848392983e+04 -2.686097961801070778e+04 -1.281537008481570410e+03 1.495957078648858214e+03 -1.954453560352228862e+02 3.827349295951924432e+03 6.683084280154547514e+02
-1.088619993337642154e+04 1.317526386142097181e+04 2.117236603755645410e+04 4.041711014244255239e+03 -5.259441840792405856e+02 6.075108892591435506e+03 3.246665308080390787e+03 1.386471470263610172e+04 -1.657775357397400148e+04 1.271832615328546672e+04 8.999109552614088898e+03 -3.711002903894228075e+04 -5.679937055062570835e+03 -1.089361498368091852e+05 1.247252232001723023e+05 5.592142791276628850e+04 -1.657627994533282617e+04 7.314047632459643864e+03 -4.732871350326958236e+03 1.832988135824755227e+04
-3.770983126473466837e+04 5.487385780222576614e+03 1.397230955163091676e+04 2.078126879706950422e+04 7.888132223667610560e+03 5.041418500662119914e+04 -7.442846384545428009e+02 4.519229222614926402e+04 -1.758634299516984902e+05 8.380269460526382318e+04 2.220801421463676525e+04 2.007865925857896218e+04 1.205491776937907707e+04 -3.255078927226952510e+05 -2.339856602635043964e+05 -4.201601559623531066e+05 7.102285857723297086e+05 -2.104463607909047045e+06 -2.177633794808288221e+05 5.090580878107423814e+03
-2.357973698137009342e+04 2.213168240127365425e+04 9.095586911058037003e+03 8.362150157613135889e+03 2.141982638830304859e+04 4.268245387439520709e+04 -3.608363684239473969e+03 1.909696696275540671e+04 -1.197225425014620123e+05 1.649075360942386760e+04 -2.284943244844025685e+03 -5.160468385109772498e+03 3.738913189768246866e+03 -5.765547525549553393e+04 -7.276989581578341313e+04 -1.805060686426645043e+04 2.174476544557615489e+04 4.689438204987750214e+04 2.525832097703455074e+05 5.581249781309382342e+03
-2.911486701600536253e+04 3.653983992449309153e+04 -4.904849949526131240e+03 2.739232079347618128e+04 -2.288708088021994172e+03 5.624511011933600457e+02 3.415953755338190604e+03 4.243668583384665544e+04 -1.942037400894496750e+04 1.236762052673873995e+03 -3.520484728121941589e+04 1.363359469578772550e+05 2.917480266019107148e+04 -1.259428317978455379e+04 5.478246446948628727e+04 -5.258772828366492467e+04 6.598745947900980536e+04 2.753488055806069315e+04 4.335550403379739691e+03 -4.115922046550237610e+03
-4.671644323815370444e+04 -8.833421144162351993e+03 -1.316056677328759406e+03 2.173438275559758767e+04 -2.098462895800227670e+03 -2.010084638459700500e+03 -3.622622482187003243e+03 1.541245215691823978e+04 5.479739826316340441e+03 -2.392003593591393837e+03 2.052666039841050406e+03 -2.516322868954957357e+03 3.772502049914236977e+03 5.133511418345481616e+03 1.713029432046041165e+03 1.643663608952853610e+04 -2.328164593565207542e+04 -5.591206601450366725e+04 4.843004162574758084e+04 -1.023217144902200926e+04
-6.123808013645613755e+03 1.452197878229301205e+04 2.339801625839413100e+04 1.203858593737063529e+03 -1.123478296977965101e+03 2.269313646122562568e+04 5.795121247361044880e+03 3.890587748230334000e+03 -1.023366601681119755e+04 6.491339803127596497e+03 1.208471780842006410e+04 -1.162702616410306291e+03 -9.502147341604151620e+01 8.841464197955192503e+03 3.430314332171240039e+03 2.298830402218606196e+03 -5.723562785477640318e+03 5.060810454922577264e+03 -2.027084783811573652e+04 -2.315841838285071390e+03
-1.335784412477532715e+04 5.392653224570922248e+03 2.971616937562581825e+03 1.905387220489508400e+04 -2.967550780421677700e+03 -2.583561633666754460e+03 7.440411009900009276e+02 -2.025390919334139471e+04 -1.802770929451634174e+03 4.385586316204737159e+03 -5.493329614280697569e+03 -1.757388606066574084e+03 4.256477700449543704e+02 -5.472627718535204622e+03 5.260608814052413436e+03 2.075946158333256335e+03 -5.314070374452279793e+03 -3.959156515725744157e+03 6.026868224275362991e+03 -8.006412039263304905e+04
-2.643763552898166745e+04 3.733526593055090052e+04 6.763889405942482699e+04 1.420863090887261205e+05 4.313969502724552149e+04 1.271015833814267302e+06 -1.308669935687625548e+04 9.499174306960003742e+04 -1.141569845409028232e+06 9.370813689726606244e+05 4.408323173746695393e+05 -4.719446091059840401e+05 1.800154699702349899e+04 1.400029016413799254e+06 1.067892005748613970e+06 -4.399176234783912514e+04 -1.709472291622325429e+04 1.811669281306827033e+05 1.144675960023254156e+06 7.039145206546309055e+04
-9.443562895166292947e+03 1.677890656357548505e+04 2.553002170613025010e+04 1.008771798244769002e+03 -2.062179518059897873e+03 -7.875214535797983899e+02 -3.343804342009198535e+03 -3.287164637469689978e+02 -8.602928352702634811e+02 -8.951868867331237198e+03 1.821502067340270150e+04 5.615314802949339537e+03 3.104722055969743906e+02 5.373861586011969393e+02 -3.823932513062079011e+02 -1.497161872299570291e+02 -1.462457355310173398e+03 -5.269167321444377876e+02 8.379256851334887415e+02 -6.959359979235159699e+02
-2.582779713293261011e+04 4.103378408436563768e+04 7.085850867787012248e+04 1.602517036121081037e+05 1.462650677973209895e+04 1.419527762761521386e+06 -6.839088767762207226e+02 -2.288686662521430480e+04 -1.184814358055565208e+04 3.549834912916763278e+04 3.044917126111052130e+04 -1.752724586291370724e+04 7.474228707812825405e+02 9.168779570678774326e+04 5.930620811617380241e+04 2.419758157141218817e+03 -1.297548241209345179e+04 9.154458372820457953e+03 -5.247164813775656512e+04 -5.764553742307485663e+03
