-3.817675790211886579e+03 1.554334069327510952e+04 2.236756764752581148e+04 -3.002873968152626730e+03 -1.031726007603995185e+03 -3.031561961582427216e+02 1.297701690321082879e+03 1.820882562512645109e+03 8.184945548219188822e+02 8.631854915550862870e+02 -2.254687773702915820e+03 -4.839863951384732559e+02 1.038344379289136654e+01 8.541494389734504011e+02 -7.491744370762273775e+02 8.134828130752198661e+01 1.927724432943203681e+02 -1.820541427791072664e+01 1.219660374473271958e+02 1.095176944232669740e+02
2.097417835626035594e+04 -3.083688951855946016e+03 -3.383865700994423150e+03 -4.293201332309827762e+02 1.626581119572513217e+02 9.530541265126493045e+01 -9.630124497326151811e+01 2.136156339644761317e+02 5.136127077765155313e+00 -4.407648800301924297e+01 1.117851102726964996e+02 3.971827351071780043e+01 3.996249110271364646e+00 7.561789830583538929e+00 -7.726304966049654332e+00 8.521067353618501983e+00 -3.264042892832405585e+01 -2.454475349317634070e+01 5.388157080926749387e+00 1.564399466437472519e+00
-4.937160926037878380e+04 -1.552298705615232575e+04 1.484635139482591626e+02 -1.197824649053519352e+03 7.757889413820008073e+00 7.264287309861646236e+01 -3.990625590963606442e+02 -4.671720341161702983e+00 2.794446888702378828e+02 3.826025831615317543e+02 -7.280172547789855564e+00 2.591019592692973106e+02 5.485945083467068883e+01 9.426523455260937112e+01 -6.289250952232539760e+01 1.084814578266425258e+02 5.983641214968314692e+00 9.148069963470391031e+01 -1.134670286347338752e+01 -6.511562874536108438e+02
-4.259640264948450204e+04 3.583758387051055615e+04 -2.623405624320557399e+04 -5.088658072402133257e+03 9.134189505955393997e+02 4.979548982257971943e+02 1.712256810207567469e+03 -2.144500168846530414e+03 3.139085934293931359e+02 8.234800934688978487e+02 1.135570617896726162e+03 -1.010013796214868194e+02 -1.660152304281076852e+02 -5.205880285409268708e+02 5.898169665937269990e+00 1.265837005396586932e+02 -3.203708504767064369e+02 -9.833346231684336658e+01 -1.331461967636077190e+02 -6.167435813053159421e+01
-1.559268397071706022e+04 1.032819555980007317e+04 -1.637279381498148268e+03 6.118421502142626559e+04 -6.822969535097052358e+03 -3.258749205795779289e+03 -5.986321172857591364e+02 1.092059896363143889e+04 5.782376826273006287e+01 3.393098802196750967e+03 -5.398695460315630953e+03 4.371167671224368860e+03 -2.307731404682040477e+02 1.614662273135138321e+03 -3.159652182273367089e+03 3.383741931468283383e+03 -3.920316496695918886e+03 6.355584105142037288e+02 -2.831830567588119720e+03 5.317069763953351185e+02
-4.566157204069257205e+03 3.778479126152285062e+03 5.943079388781506168e+03 8.928724642862649489e+03 -1.820214505300396468e+03 -1.352749079942098888e+03 1.728472252681806594e+03 -8.719221864594659564e+03 -6.613225158947127511e+02 1.456940649404046098e+03 -2.006074766508042330e+03 -1.391388476595939494e+02 -3.128418475895034589e+01 -2.547954563470889866e+02 1.340226060286240966e+02 -3.760688212915879092e+01 8.222009864339194962e+01 1.682814186775630105e+02 -7.624084706783543197e+01 -1.167670592529419082e+03
-2.564487654416879377e+04 3.351903955894327373e+04 5.689923443061482249e+04 1.262911631968686852e+05 1.192117059980419799e+04 1.075727603055951651e+06 -1.782249876699718698e+03 -1.211287765026649140e+03 -1.045565310153414903e+05 9.831239085651461210e+04 5.107653595750962995e+04 -3.440347403805133217e+04 1.678778590184820814e+03 1.288297864245885285e+05 9.534393748889226117e+04 -4.068318751478961531e+03 -2.281041932684943276e+03 -8.187489395666283599e+03 -4.498403305464771984e+04 -3.862854643594801018e+03
-1.636851717304193699e+04 1.728942415423864804e+04 3.224792621828879419e+04 2.771376774574428055e+04 2.276027846861450525e+05 -6.255865905553476296e+03 -4.610109421843749260e+03 -3.952452618400744996e+03 3.079693138582955726e+03 1.882323596433156354e+03 5.896456073421542214e+02 1.000477920767474075e+03 5.906599660826658464e+02 1.041626326162026771e+03 2.292670610692279922e+02 3.540969348057054162e+02 -4.171918047586398188e+02 6.189766868102037023e+01 -1.515398091157969247e+03 1.104779161043364581e+02
-2.514048847882687915e+04 4.909128056622493750e+04 -7.709089448920705763e+03 -9.631230089615415636e+03 -5.029939572577494573e+02 4.469780816716981917e+02 -5.710120432255390369e+03 -5.054364563921645868e+02 8.093853688510503162e+02 2.232548448368206209e+03 -2.562458332856897414e+03 2.925116768452874112e+02 3.313828696489668602e+01 9.288217858054455291e+02 -1.004024971288001666e+03 6.097710829424863732e+02 -4.290893215947555746e+02 -4.082711261446577851e+02 -6.069554001637611407e+01 4.335129348790409267e+02
3.746973160122689023e+03 2.652317954581521553e+04 2.346029159606683606e+04 -6.646511466511172330e+03 -4.183702214710055159e+03 -1.169805102144090228e+02 -7.641903516135503014e+04 4.097604150077600934e+03 1.974543662456343782e+03 7.117420238977972986e+03 -1.312492838026994832e+04 -3.537538239449903358e+03 1.718887399583472870e+02 1.194608219258948338e+03 -1.170364369711317778e+02 5.174013177668914977e+03 3.447529355432905959e+03 8.582267939536390031e+02 -1.714933119850373942e+03 -9.714949353375648116e+02
-3.390361032988087391e+04 7.461490853905177210e+04 1.565464070198635163e+05 6.688038500037605409e+05 9.269461209923577553e+04 7.429178814210163429e+06 -7.226347487304396054e+04 -6.452495208701075753e+05 2.697222315995696001e+06 -1.839428319571936736e+06 -9.099011106334049255e+05 4.952719504703676794e+05 -1.449154183666315657e+04 -1.352397542225514771e+06 -1.006791201424730825e+06 1.677897437323605482e+04 5.029670213864884863e+04 3.157114726211919697e+04 3.748489633779013529e+05 3.634773474928404903e+04
-3.058080215296576716e+04 -2.212754489461604379e+01 1.034784466373336727e+04 4.117598695765713273e+03 3.327148675555287127e+02 1.634637252136710049e+04 -3.547319485807191541e+03 9.511513992472187965e+03 -3.751761719470426033e+04 1.388175968295482926e+04 2.130510990516838774e+03 -1.498271941151925603e+03 -5.611194518670199614e+02 -2.256469404199820565e+04 -2.688055087146022197e+04 -1.277324459297710973e+03 1.489877346381683992e+03 -1.886285808294759363e+02 3.810271079435611227e+03 6.678449904803029540e+02
-9.444000408327825426e+03 1.677864290469602929e+04 2.552986390855917125e+04 1.008778066755475152e+03 -2.062170556041434793e+03 -7.875180909625872800e+02 -3.343796112238722799e+03 -3.287129357580790838e+02 -8.602920283784671938e+02 -8.951882833798219508e+03 1.821504624923914525e+04 5.615308144402744801e+03 3.104705843015349842e+02 5.373910656169490494e+02 -3.823933837749019062e+02 -1.497180761377749718e+02 -1.462452641669798140e+03 -5.269156308835721347e+02 8.379227451076576472e+02 -6.959326830341293544e+02
-3.966195693104035308e+04 4.004120573732999037e+04 -2.764221610757568124e+04 3.021293292833979285e+04 -2.493442167436739510e+03 -1.390694696797913593e+03 1.065249501527101984e+03 2.179269857356858847e+04 -7.755907677798886368e+01 2.295551851117565548e+03 -7.038190215810401241e+03 3.218785048448405360e+04 7.626935537878634932e+03 9.046687740326947278e+02 9.339557986530579001e+03 -2.231343816549387611e+03 8.271217244607241810e+02 7.377609374998649400e+03 2.829926156639519377e+03 -1.696527187017689897e+01
-9.299218005040858088e+02 7.765832803032098127e+03 1.151734544028555865e+04 1.470262578021808440e+04 -3.375967531488116492e+03 -2.463584346112846561e+03 -5.934913735338966490e+02 -2.394383962761148723e+04 -3.773685462114287930e+03 4.762294249851863697e+02 -9.625161985015359960e+02 2.209317990721528076e+03 -3.200536540346583791e+01 -1.347062062930996717e+03 1.513933647313936035e+03 -1.087054865348676458e+03 1.306215164418992117e+03 4.211470120764709577e+02 2.173967791223845722e+02 2.320614572221365052e+03
-4.645939692685379850e+04 1.237415228688542265e+04 -1.488224770073667787e+04 1.418553674896762277e+04 5.293432637753512608e+02 5.130675542432749836e+01 -8.659685498892590658e+02 1.710691853952979000e+04 -1.098211432838973815e+04 -1.083317968393954834e+04 -1.072440386682065764e+04 4.895792450939941773e+04 -3.465974007560402970e+05 1.392380697230854639e+04 1.002880108035108242e+04 -3.162778919333267709e+02 1.199649545171639511e+04 -4.091029816229664448e+03 1.024167512084914415e+04 3.109909646477283900e+02
-2.090807003298712880e+04 1.066914386485004434e+04 2.151162957591526720e+04 4.390405571010497283e+02 2.917371992061785932e+03 1.461041995788909662e+04 7.346527099691239755e+02 1.379379365222128581e+04 -3.218355585142424025e+04 1.984755638490269121e+04 -6.077115607586384840e+02 2.293675054058701426e+04 6.665996700225996392e+03 -3.022304655863655353e+04 1.125375178413546564e+04 -4.778366562453223742e+04 7.494683350185207382e+04 -1.136855553795930464e+05 -2.042325418609484768e+04 -1.416895264937281581e+03
-9.584327269264098504e+03 2.734928895707537777e+03 7.890762855114660397e+02 8.639867304853598398e+03 -5.929318086491291524e+02 -1.053502189743495137e+03 -7.141288314983789860e+02 2.543905458407297374e+03 2.768980934986340799e+03 -5.771128921510322471e+03 9.728598600460987655e+03 -2.368834514924554605e+04 -4.321861972052915917e+03 -3.265599449113226456e+03 -9.135560961292759430e+02 -2.556796197299685809e+04 3.917944124486515648e+04 2.289137946667581127e+04 -3.818309826643329416e+03 -2.778246800554109996e+03
-1.084436533568228333e+04 1.061535742058096548e+04 1.563287303103038721e+04 2.444821038413667793e+03 -7.111871238398849755e+02 1.721468080219162999e+01 4.908059212357343881e+02 4.334124199928929556e+03 3.537291853401291633e+02 -5.914951068417936995e+02 6.082781941843730920e+02 -5.645284354979942691e+03 -9.973320983271229352e+02 -1.414027054607427453e+04 1.179052282006895621e+04 3.028761825326178496e+03 -2.009208320079027033e+02 1.754805904466039408e+02 1.064081085050178899e+03 2.184434478390734853e+02
-5.631399571680761437e+04 3.612698839812578808e+04 -3.315493476533495414e+04 3.077423780231919227e+04 -2.346323662748547576e+03 -2.707242433414163770e+03 -2.759995758638618781e+02 1.228860324040262458e+04 5.545455381270971884e+03 -3.124082625305425609e+03 6.191967591323261331e+03 -1.185131361392116014e+04 -9.940633105087828199e+02 2.760439078391925705e+03 -2.847757339763724303e+03 -1.400183720422050101e+03 3.126522384883728137e+03 -1.624320343584961620e+03 5.277977864890116280e+02 8.130101979342200593e+02
-4.835887820248822391e+04 -1.507023427185117544e+04 6.384957363308685672e+02 -1.224758642981076036e+03 2.175414045477861293e+02 2.775263823937991674e+02 -9.225996592608067886e+02 2.895527812978177735e+03 -1.590489897959789232e+04 -2.506081912040716270e+04 -1.208124589816896696e+04 -3.716465690958964387e+03 1.059608034567913364e+03 5.789497782083755737e+03 3.360823655743302879e+03 4.695285047786950599e+03 9.658317010672529932e+02 -8.874688171513104180e+02 -4.754810504443662467e+03 2.739803929408055296e+02
-3.899669851322623435e+04 3.506531220562384260e+04 -2.146183478300110801e+04 -3.217770032512496982e+03 5.593718021618479725e+03 2.178886521399269895e+03 1.151076658057319946e+03 3.586826096555520508e+03 -4.068657144753021566e+04 -5.068991431984210067e+04 -2.239884057045980444e+04 -5.875936218143591759e+03 2.594150819382171903e+03 4.784146477015192431e+03 1.967325163329327097e+03 2.804094182275907770e+03 -8.679815820596230651e+02 -7.176702655865356064e+02 -2.965259002789852730e+03 -1.533741367959612262e+03
-3.937153958005669847e+04 9.400567375560967776e+03 2.847170868239002084e+04 -7.704187854615644028e+03 -4.774978464673319650e+03 6.019810164568499431e+02 -9.283654984462929133e+04 9.804378563949621821e+03 -1.180067871268931231e+04 -9.444628457886306933e+03 -3.087097540681488681e+04 -2.959314100704528755e+04 -1.036357618702884065e+04 -4.091347559392800031e+04 4.181658393500300735e+04 -5.402395853004803648e+05 -4.130519698641552241e+05 -2.224136468164363396e+04 -2.088010960122930919e+04 2.494672799212529571e+04
-8.776293805511950268e+03 1.684056509540584011e+04 2.645363217351550338e+04 1.760864826118429846e+04 7.637391912296501687e+03 1.675633745885476528e+05 8.712982548418336819e+02 1.237381860797134868e+04 -9.706446582789249078e+04 7.928210504782073258e+04 3.195194083988362036e+04 -3.175274695576131489e+04 1.014722714796350488e+03 7.821897723125295306e+04 7.394163726083384245e+04 -4.644274209182014488e+02 2.411154252025804908e+03 -7.370148046348338539e+03 -6.903709037998241001e+03 9.601230536098269113e+02
-2.911486701600536253e+04 3.653983992449308425e+04 -4.904849949526131240e+03 2.739232079347618128e+04 -2.288708088021994627e+03 5.624511011933599320e+02 3.415953755338190604e+03 4.243668583384665544e+04 -1.942037400894497478e+04 1.236762052673873768e+03 -3.520484728121941589e+04 1.363359469578772550e+05 2.917480266019107512e+04 -1.259428317978455198e+04 5.478246446948629455e+04 -5.258772828366493195e+04 6.598745947900979081e+04 2.753488055806069679e+04 4.335550403379739691e+03 -4.115922046550238520e+03
-2.298405038523047551e+04 4.707200269904436936e+03 9.908316626780302613e+03 1.770718669745494026e+03 -9.335781344633519439e+02 -4.614953331532334460e+02 -1.262311623791264174e+04 2.909618423890524809e+03 -2.007597167539315478e+03 -3.032644976703124939e+03 -6.983343516335484310e+03 -7.186284809056267477e+03 -1.855629841750520654e+03 -5.310564616133269737e+03 5.942692006932374170e+03 -3.516065141307786689e+04 -2.371993384296520526e+04 -1.319566471780510142e+02 -6.545261162809964617e+02 -1.648512319728592672e+02
-2.167860636990320563e+04 2.025583358000190128e+04 2.520692955259805603e+04 4.749198215730758966e+04 8.891947860891770688e+03 6.073787725879606296e+04 -3.011764126796269920e+03 5.802405074599313230e+04 -1.832934375170957646e+05 9.640354322395926283e+04 3.841293327143844363e+04 3.164823417081935986e+04 -5.378163419804982368e+03 -1.565431554177791986e+05 -1.670825712136294751e+05 2.621873018577217226e+04 -3.955337558413219813e+04 4.709164554354677966e+04 -1.279300545699638315e+05 -4.209663697822219547e+03
-1.088619993337642154e+04 1.317526386142097181e+04 2.117236603755645046e+04 4.041711014244255693e+03 -5.259441840792405856e+02 6.075108892591435506e+03 3.246665308080390787e+03 1.386471470263610536e+04 -1.657775357397400148e+04 1.271832615328547035e+04 8.999109552614090717e+03 -3.711002903894227347e+04 -5.679937055062569925e+03 -1.089361498368091852e+05 1.247252232001723023e+05 5.592142791276628122e+04 -1.657627994533283345e+04 7.314047632459645683e+03 -4.732871350326958236e+03 1.832988135824754863e+04
-4.294209999004137353e+04 4.663562243543785007e+04 -1.541114752016290186e+04 1.107845237226321333e+05 2.507904275969111404e+04 3.310276319178069571e+03 -5.541459717901100703e+03 1.108768933776301710e+05 -9.764297773718810640e+04 -3.508579293691056228e+04 -1.320212215596504975e+05 4.231233154571938794e+05 -2.184216901469569653e+06 7.066311574326612754e+04 7.156111954620771576e+04 3.262321622631782157e+04 8.397799584997252168e+03 -1.895603453860760783e+04 3.056620159365318978e+04 -5.783508163028805575e+04
-2.346766604432228996e+04 2.233738304670876823e+04 8.155300016626578326e+03 6.093494774056141978e+03 2.084441227421105214e+04 2.979625031598347414e+04 -2.657081318001424279e+03 1.638718481982711455e+04 -9.754681200612605608e+04 8.721311554789637739e+03 -3.420161125430932771e+03 -1.501638607132911375e+03 3.286300981041058549e+03 -5.326562316836922400e+04 -5.867144417679858452e+04 -1.635292660895227345e+04 1.936241102596935161e+04 4.436896289784924738e+04 2.175743676345765125e+05 4.121306649780967746e+03
-3.208763732567211719e+03 1.113576411500296672e+04 1.775848164863405327e+04 -2.080683738252231706e+03 -7.248969749000691536e+02 -2.639927671752633387e+02 4.508667469652721593e+03 1.211098650972474161e+03 6.371774819582635700e+02 8.349197670873486459e+02 -2.308042636170216156e+03 -6.201938040795100733e+02 -3.401199680943585602e+00 9.853207884608578979e+02 -8.142720004671582501e+02 -1.824533543979624639e+01 2.324351354604195308e+02 9.609353071695487358e+01 -5.773994055385605151e+01 8.311656539877390060e+01
-8.825823110839423862e+02 9.931415893717146901e+03 1.132123863809234354e+04 5.791175391176792573e+02 -1.828044757659410607e+03 -5.021722812436445906e+02 -3.384904735166169121e+04 1.703619344952152915e+03 6.192250910485419126e+02 1.116897460496877329e+03 -4.182068335346997628e+03 -3.145986557936553709e+03 -1.022044433783907458e+01 5.995221602215191297e+02 6.635448287195301873e+02 2.782233874018402730e+03 4.480284607458177561e+03 1.153737634591547021e+03 -1.055188337164270479e+03 -1.490960797344213461e+03
-4.845784046854464395e+04 -1.540722682511087805e+04 9.334970288958442097e+01 -1.426102680774332612e+03 3.763961031651867017e+01 1.417343381531434261e+02 -7.652636910464717630e+02 1.714384149508754490e+03 3.738033121719888072e+02 -3.180863645514309042e+02 5.606716403652209237e+02 1.647955249098624506e+02 -4.116749009129212027e+02 3.649488164622501358e+02 -1.307770612212174797e+02 -2.736995646917526983e+02 2.955235918508437294e+02 -6.735355940782209245e+02 2.397910706035088992e+02 2.133365608698923097e+04
-1.563861779635071252e+04 1.496573401455255043e+04 2.631392218991184563e+04 1.987083683689288227e+04 1.561480461620750721e+05 -4.754848864202076584e+03 -2.813627595199680400e+03 -2.035610362779190154e+03 2.212330153077726663e+03 7.360948179966133864e+01 1.538036297182567296e+02 2.810876791633934886e+02 2.148808275956243676e+02 5.356611804714806340e+02 3.250787752502823764e+02 6.161844339022314188e+01 -7.518168273233933974e+01 -6.951450669152356454e+01 -2.320055567443012308e+02 -9.042611601872071247e+00
-9.058054310468591211e+03 1.219664167168104177e+04 1.907170097429749876e+04 1.290086480871723779e+03 -1.016474931653434851e+03 -4.720063428403589683e+02 1.433020845232676265e+03 2.286734100631787442e+03 -3.553570951924872361e+02 -5.796405237813687563e+03 1.141788197590462005e+04 2.434783694564278903e+03 9.988115551957791638e+01 -3.930775407652642457e+02 5.698643057716175520e+00 -5.176256007671676116e+02 -1.171413047697388038e+03 -2.565224178555299659e+02 5.699651711419240883e+02 -1.043245219066901655e+03
-6.123808013645612846e+03 1.452197878229301386e+04 2.339801625839413828e+04 1.203858593737063757e+03 -1.123478296977964874e+03 2.269313646122561840e+04 5.795121247361043970e+03 3.890587748230334000e+03 -1.023366601681119755e+04 6.491339803127597406e+03 1.208471780842006592e+04 -1.162702616410306518e+03 -9.502147341604151620e+01 8.841464197955192503e+03 3.430314332171240039e+03 2.298830402218606196e+03 -5.723562785477639409e+03 5.060810454922577264e+03 -2.027084783811574016e+04 -2.315841838285071844e+03
-3.770983126473466837e+04 5.487385780222576614e+03 1.397230955163091676e+04 2.078126879706950422e+04 7.888132223667610560e+03 5.041418500662119914e+04 -7.442846384545428009e+02 4.519229222614926402e+04 -1.758634299516984902e+05 8.380269460526382318e+04 2.220801421463676525e+04 2.007865925857896218e+04 1.205491776937907707e+04 -3.255078927226952510e+05 -2.339856602635043964e+05 -4.201601559623531066e+05 7.102285857723297086e+05 -2.104463607909047045e+06 -2.177633794808288221e+05 5.090580878107423814e+03
-2.643763552898166745e+04 3.733526593055090052e+04 6.763889405942482699e+04 1.420863090887261205e+05 4.313969502724552149e+04 1.271015833814267302e+06 -1.308669935687625548e+04 9.499174306960003742e+04 -1.141569845409028232e+06 9.370813689726606244e+05 4.408323173746695393e+05 -4.719446091059840401e+05 1.800154699702349899e+04 1.400029016413799254e+06 1.067892005748613970e+06 -4.399176234783912514e+04 -1.709472291622325429e+04 1.811669281306827033e+05 1.144675960023254156e+06 7.039145206546309055e+04
-1.335784412477532533e+04 5.392653224570922248e+03 2.971616937562581370e+03 1.905387220489508400e+04 -2.967550780421677700e+03 -2.583561633666754460e+03 7.440411009900009276e+02 -2.025390919334139107e+04 -1.802770929451634174e+03 4.385586316204738068e+03 -5.493329614280697569e+03 -1.757388606066574539e+03 4.256477700449544841e+02 -5.472627718535205531e+03 5.260608814052413436e+03 2.075946158333256335e+03 -5.314070374452279793e+03 -3.959156515725744612e+03 6.026868224275362991e+03 -8.006412039263303450e+04
-4.671644323815371172e+04 -8.833421144162351993e+03 -1.316056677328759179e+03 2.173438275559759131e+04 -2.098462895800228125e+03 -2.010084638459700500e+03 -3.622622482187003243e+03 1.541245215691823978e+04 5.479739826316340441e+03 -2.392003593591393837e+03 2.052666039841050861e+03 -2.516322868954956903e+03 3.772502049914236977e+03 5.133511418345481616e+03 1.713029432046041165e+03 1.643663608952853610e+04 -2.328164593565207906e+04 -5.591206601450366725e+04 4.843004162574758811e+04 -1.023217144902201107e+04
-2.429149618151942195e+04 2.138233502905675414e+04 1.481778149685930657e+04 2.351173212356964723e+04 2.814922798141415478e+04 1.325675983824705181e+05 -1.120752279658537009e+04 4.020509865985707438e+04 -3.004748567136552883e+05 7.730728614370441937e+04 6.344329164561305333e+03 -3.698501779453412018e+04 7.538314145428079428e+03 -9.014152430201877723e+04 -1.831759849721636856e+05 -3.111880655256619866e+04 3.966591690700189065e+04 7.635902575420694484e+04 5.548334904273032444e+05 1.776165418716534987e+04
-1.505117390982865982e+04 8.193339057672174022e+03 -1.157522408061492115e+03 4.282697515622877836e+04 -4.833274100021995764e+03 -3.748913908054455987e+03 -3.999921705936983471e+02 3.700520796479316232e+03 1.944034088572206201e+03 1.368741600415957294e+02 -1.186233029421075571e+03 -3.423321213334168533e+03 1.118552923446724918e+02 1.518212022738348651e+03 -1.417959053372532026e+03 1.379465512192401093e+03 -1.332457912089959564e+03 -1.272200339730397445e+03 -1.484394515954453482e+02 2.201046113008679015e+02
5.731735835005080844e+03 2.184785306340205716e+04 2.372496868703444852e+04 -3.804371455202297966e+03 -3.951002036627763118e+03 -6.185868509027326354e+02 -5.884827414263979153e+04 -2.430133272957614565e+02 9.776910377688034259e+02 1.434844956289502989e+03 -1.665856585761394854e+03 1.056503722233727331e+03 3.919488417252808290e+02 1.992425522877969797e+03 -4.058732258363387473e+02 5.174669892679434270e+03 3.191355352251288878e+03 5.475892626843110520e+02 -1.020812029039394247e+03 -5.051583246818237285e+02
