2.097417835626035594e+04 -3.083688951855946016e+03 -3.383865700994422696e+03 -4.293201332309826057e+02 1.626581119572514069e+02 9.530541265126494466e+01 -9.630124497326151811e+01 2.136156339644761317e+02 5.136127077765157978e+00 -4.407648800301924297e+01 1.117851102726964569e+02 3.971827351071780043e+01 3.996249110271364646e+00 7.561789830583537153e+00 -7.726304966049655221e+00 8.521067353618501983e+00 -3.264042892832406295e+01 -2.454475349317633359e+01 5.388157080926750275e+00 1.564399466437472519e+00
-4.937135322682167316e+04 -1.552341478592821477e+04 1.487818512480133393e+02 -1.198213198415778379e+03 7.784994508670288305e+00 7.267765390356488808e+01 -3.990533209798383041e+02 -4.835217864061662318e+00 2.793738600106468084e+02 3.826697347039743704e+02 -7.392247136988229883e+00 2.592926026966482027e+02 5.488130740373977545e+01 9.423495475374221542e+01 -6.286031513844429952e+01 1.085318032772083967e+02 5.898741550177628135e+00 9.148863303100348787e+01 -1.135832470101928671e+01 -6.511605269356833787e+02
-3.817049821802979295e+03 1.554330044874160376e+04 2.236776847898700726e+04 -3.003094116033023965e+03 -1.031729568294059845e+03 -3.031467171637141860e+02 1.298412538404166071e+03 1.820612501965301590e+03 8.184621540342321850e+02 8.632473235465944299e+02 -2.254619750356456279e+03 -4.835294754907854440e+02 1.041774612650080734e+01 8.543417415820779297e+02 -7.493348756901069692e+02 8.173567360611940558e+01 1.922259119402461636e+02 -1.846555876247104422e+01 1.218938496722969234e+02 1.095688863909042965e+02
-5.560978682690627465e+04 3.641959121849780786e+04 -3.187332191819058789e+04 1.636295665926871879e+04 -7.705892450452714684e+02 -1.426647196371821337e+03 4.078440027251239286e+01 7.205593028447587130e+03 3.973579641226828244e+03 -2.482531817238759231e+03 6.194977329205477872e+03 -9.287511059166605264e+03 -1.177678898626057617e+03 1.112061261977084314e+03 -1.468894583658930060e+03 -2.102295366814734734e+03 3.719368459957485811e+03 -7.986145779317163260e+02 5.775158561435131332e+02 3.015259457545532769e+02
-9.299218005040856951e+02 7.765832803032098127e+03 1.151734544028556229e+04 1.470262578021808076e+04 -3.375967531488116947e+03 -2.463584346112846561e+03 -5.934913735338967626e+02 -2.394383962761149087e+04 -3.773685462114286565e+03 4.762294249851863697e+02 -9.625161985015361097e+02 2.209317990721527622e+03 -3.200536540346583791e+01 -1.347062062930996490e+03 1.513933647313936035e+03 -1.087054865348676913e+03 1.306215164418991662e+03 4.211470120764710146e+02 2.173967791223845722e+02 2.320614572221365052e+03
-1.564869111899574455e+04 1.510486965616915404e+04 2.670099703414157193e+04 2.029211302894566325e+04 1.603170428276811435e+05 -4.845035600297829660e+03 -2.919308263051089398e+03 -2.163465761654711514e+03 2.269483245287618502e+03 1.847115905517370607e+02 1.703406400687495079e+02 3.408330368991746013e+02 2.408154931696924450e+02 5.655732255544832014e+02 3.309521191248767877e+02 8.697894246753747893e+01 -1.106803040029111429e+02 -5.917458994857286569e+01 -2.996667561594678091e+02 -4.413467888946557061e+00
-1.504621076891805387e+04 8.198166251046119214e+03 -1.157161269072998948e+03 4.287866392806723888e+04 -4.841649909741718147e+03 -3.747505835739014401e+03 -4.003534291787237862e+02 3.719289609490442217e+03 1.938068262292935970e+03 1.471449173876033854e+02 -1.200109451615017861e+03 -3.398789612624006622e+03 1.114721963423853310e+02 1.518287690075063892e+03 -1.422395199174097570e+03 1.386316346040421877e+03 -1.341640295783316333e+03 -1.267215814777669038e+03 -1.559361748546000683e+02 2.204903622643610390e+02
-4.257742609796195029e+04 3.584183902862393006e+04 -2.622944085734319378e+04 -5.121420094448277268e+03 9.160339871811144121e+02 5.010131053922449382e+02 1.715451564864505826e+03 -2.159686090683132079e+03 3.074619409981398803e+02 8.297670942563667040e+02 1.125574908330631388e+03 -8.198031798242685397e+01 -1.628302215593308802e+02 -5.231636938917623638e+02 8.704950023499199219e+00 1.326562106956569949e+02 -3.307915235505967644e+02 -9.718326943316522204e+01 -1.335849151213446362e+02 -6.387625950611141690e+01
-2.582779713293261011e+04 4.103378408436563768e+04 7.085850867787010793e+04 1.602517036121081037e+05 1.462650677973210259e+04 1.419527762761521386e+06 -6.839088767762203815e+02 -2.288686662521430480e+04 -1.184814358055565390e+04 3.549834912916763278e+04 3.044917126111051766e+04 -1.752724586291371088e+04 7.474228707812824268e+02 9.168779570678774326e+04 5.930620811617380241e+04 2.419758157141218362e+03 -1.297548241209344997e+04 9.154458372820457953e+03 -5.247164813775655057e+04 -5.764553742307484754e+03
-9.443562895166292947e+03 1.677890656357548869e+04 2.553002170613025010e+04 1.008771798244769002e+03 -2.062179518059897873e+03 -7.875214535797986173e+02 -3.343804342009198990e+03 -3.287164637469689978e+02 -8.602928352702634811e+02 -8.951868867331239016e+03 1.821502067340269787e+04 5.615314802949338628e+03 3.104722055969744474e+02 5.373861586011968257e+02 -3.823932513062079011e+02 -1.497161872299570291e+02 -1.462457355310173853e+03 -5.269167321444379013e+02 8.379256851334887415e+02 -6.959359979235158562e+02
5.303554938662662607e+03 2.286115963403366186e+04 2.368127648436477466e+04 -4.416596696648008219e+03 -4.002727191660432709e+03 -5.112378515845849165e+02 -6.263104248613431264e+04 6.858272983804878322e+02 1.189613298474898102e+03 2.648687402034494426e+03 -4.118853538856640625e+03 7.217233672990192872e+01 3.450437818822921372e+02 1.823155129475669128e+03 -3.434175491195650238e+02 5.174346931319103533e+03 3.247879414049723437e+03 6.142456798981430666e+02 -1.170574860159377295e+03 -6.057664434145362975e+02
-3.390361032988087391e+04 7.461490853905177210e+04 1.565464070198635163e+05 6.688038500037605409e+05 9.269461209923577553e+04 7.429178814210163429e+06 -7.226347487304396054e+04 -6.452495208701075753e+05 2.697222315995696001e+06 -1.839428319571936736e+06 -9.099011106334049255e+05 4.952719504703676794e+05 -1.449154183666315657e+04 -1.352397542225514771e+06 -1.006791201424730825e+06 1.677897437323605482e+04 5.029670213864884863e+04 3.157114726211919697e+04 3.748489633779013529e+05 3.634773474928404903e+04
-2.514091011824327506e+04 4.909151812292714749e+04 -7.709834931021397097e+03 -9.631911042044110218e+03 -5.032156407525156396e+02 4.470152705281579983e+02 -5.710423827825888111e+03 -5.062217993464828396e+02 8.094743848644451418e+02 2.232522087276410730e+03 -2.562205862195809914e+03 2.905196765106501289e+02 3.269761367255849649e+01 9.286907838256214518e+02 -1.004528037475090514e+03 6.098270144030670963e+02 -4.290465548303297396e+02 -4.086312566087672167e+02 -6.082400818580440216e+01 4.335109613251760265e+02
-7.579750983960801932e+03 1.668384790453821915e+04 2.609677446021028300e+04 1.453304990525592802e+04 7.420877993602938659e+03 1.455186484037435148e+05 1.079604836747192621e+03 1.107862591129723478e+04 -8.682516840250468522e+04 7.238053687883465318e+04 2.902647854735419605e+04 -3.015026751940886243e+04 8.133956777271150713e+02 7.350889099845931923e+04 7.147233573388340301e+04 7.797322454737953876e+02 1.129846725350199449e+03 -5.967095844707513606e+03 -9.762246583748185003e+03 8.911489142584638330e+02
-3.899453442279434967e+04 3.506559774403774645e+04 -2.146106585260586508e+04 -3.220132610375363583e+03 5.594780475017398203e+03 2.179442122915325854e+03 1.151133511608690242e+03 3.586267610886313378e+03 -4.069163163343543420e+04 -5.069394532056872413e+04 -2.240174426367120395e+04 -5.874574781295371395e+03 2.594366236323582598e+03 4.783808166008540866e+03 1.967433330179937684e+03 2.804166445570764608e+03 -8.691343452726530359e+02 -7.178659153111676687e+02 -2.964443970307499967e+03 -1.534114731448807561e+03
-5.625809064676718117e+04 3.590613531079778477e+04 -3.329947260663643829e+04 3.420597490354679030e+04 -2.724226577112489849e+03 -3.014101269872092416e+03 -3.414137678059025234e+02 1.348173982091226571e+04 5.906494654866758538e+03 -3.260488712861615568e+03 6.134973763194866478e+03 -1.244703270341415191e+04 -9.536573107271052550e+02 3.170553860888142481e+03 -3.195144765093678870e+03 -1.217521444699307267e+03 2.967396607218488043e+03 -1.831179635368838490e+03 4.900498948365554384e+02 9.680660370650798541e+02
-4.566727498349218877e+03 3.778646190025304350e+03 5.942848278485732408e+03 8.929775977270268413e+03 -1.820301439381377804e+03 -1.352837002672643393e+03 1.728414731194861361e+03 -8.718881430531706428e+03 -6.612385583088964722e+02 1.456872309412684899e+03 -2.006039360065460414e+03 -1.393053571250269158e+02 -3.127519476219716665e+01 -2.547446381222125353e+02 1.339814463093896393e+02 -3.756247932417774393e+01 8.216831214779109871e+01 1.682264494532186916e+02 -7.624468708929572358e+01 -1.167601409131902756e+03
-1.085332206547012720e+04 1.061729217242732557e+04 1.563153755756993269e+04 2.447108495590652637e+03 -7.115776320849904550e+02 1.648717577381690802e+01 4.809977223198880552e+02 4.336779174147496633e+03 3.547083648149783244e+02 -5.939171666422972748e+02 6.066046991307002827e+02 -5.654824017368637215e+03 -9.975544057074130251e+02 -1.412972657336816519e+04 1.178130651076092363e+04 3.019244169744226838e+03 -1.900383991534406221e+02 1.804474565284044729e+02 1.063763548120728956e+03 2.178535966890472650e+02
-4.645939692685379850e+04 1.237415228688542265e+04 -1.488224770073667787e+04 1.418553674896762277e+04 5.293432637753512608e+02 5.130675542432746283e+01 -8.659685498892590658e+02 1.710691853952979000e+04 -1.098211432838973815e+04 -1.083317968393954834e+04 -1.072440386682065764e+04 4.895792450939941773e+04 -3.465974007560402970e+05 1.392380697230854639e+04 1.002880108035108242e+04 -3.162778919333267709e+02 1.199649545171639511e+04 -4.091029816229664902e+03 1.024167512084914415e+04 3.109909646477283900e+02
-3.058080215296576716e+04 -2.212754489461552510e+01 1.034784466373336363e+04 4.117598695765713273e+03 3.327148675555287696e+02 1.634637252136710049e+04 -3.547319485807191541e+03 9.511513992472187965e+03 -3.751761719470426033e+04 1.388175968295482744e+04 2.130510990516838774e+03 -1.498271941151925375e+03 -5.611194518670199614e+02 -2.256469404199820201e+04 -2.688055087146021833e+04 -1.277324459297710973e+03 1.489877346381684220e+03 -1.886285808294759363e+02 3.810271079435611682e+03 6.678449904803031814e+02
-4.139254975734923937e+04 4.481058145175516984e+04 -2.854226595469416134e+04 7.265649193703857600e+04 -7.073855572616131212e+03 2.771791647340889426e+02 7.187977792358436773e+02 3.904259759137638321e+04 -5.396441798498382013e+03 1.049476324803692660e+04 -1.760507837311280309e+04 5.206110705263497948e+04 6.487869914161293309e+03 8.171958282758363339e+02 4.896995088240258156e+03 2.410814208178956505e+03 -5.048168551221263442e+03 1.307679159983052523e+04 -4.270657836264222169e+03 9.750236956541780273e+02
-3.944276801147953665e+04 3.948999000626841735e+04 -2.750343219936155219e+04 2.536432645608744133e+04 -1.968057059222890985e+03 -1.578399814867738314e+03 1.104003913629146155e+03 1.982657647795178127e+04 5.222201242068932743e+02 1.367182228961596138e+03 -5.841949285168075221e+03 2.994977086729794974e+04 7.756292162336847468e+03 9.103083398821953551e+02 9.845627237759321360e+03 -2.766617051261465804e+03 1.492724211421157634e+03 6.764053538184680292e+03 3.634105076038500556e+03 -1.274392740324371829e+02
-9.058771957127286441e+03 1.219637496249531068e+04 1.907170660541285906e+04 1.290367847771614151e+03 -1.016661713276473392e+03 -4.720499343851962522e+02 1.432848591213742338e+03 2.286637555018353396e+03 -3.552918615644423426e+02 -5.796685106885876849e+03 1.141846871996022310e+04 2.434076865876146258e+03 9.972348397213640681e+01 -3.930668183138067775e+02 5.495550740788148758e+00 -5.176081361164397094e+02 -1.171413914436082905e+03 -2.566970257760015670e+02 5.699386971634610290e+02 -1.043256066345219551e+03
-9.536414138871190517e+03 2.709676316503684120e+03 7.670862068333598245e+02 8.635201074594324382e+03 -5.909491723877152936e+02 -1.052629168811460886e+03 -6.925199264366477792e+02 2.524407949597049083e+03 2.764078322131347704e+03 -5.777983912211962888e+03 9.745177964711463574e+03 -2.369381242579668469e+04 -4.325365155320510894e+03 -3.267073733914424338e+03 -9.155085994309897615e+02 -2.560260946468562179e+04 3.923380977483602328e+04 2.293358576256188462e+04 -3.832721677068919689e+03 -2.785126068365699666e+03
-2.600899284821623223e+04 2.600175641499472476e+04 4.335340050218266697e+04 9.339541481153664063e+04 1.091000051733737746e+04 7.622010244314898737e+05 -2.400815919782372475e+03 1.884870308181330256e+04 -1.979203732264874852e+05 1.579402352949524065e+05 7.048339085961435921e+04 -5.140331516988883959e+04 2.940368650639446969e+03 1.590393016813258582e+05 1.219103156506168161e+05 -1.161985499098092441e+04 9.643010742604767074e+03 -2.114944889911758946e+04 -1.297210955686853231e+04 -1.021186324948770675e+03
-4.845784046854464395e+04 -1.540722682511087623e+04 9.334970288958442097e+01 -1.426102680774332384e+03 3.763961031651867017e+01 1.417343381531434545e+02 -7.652636910464717630e+02 1.714384149508754490e+03 3.738033121719887504e+02 -3.180863645514309610e+02 5.606716403652210374e+02 1.647955249098624222e+02 -4.116749009129211458e+02 3.649488164622501358e+02 -1.307770612212174797e+02 -2.736995646917528120e+02 2.955235918508437294e+02 -6.735355940782208108e+02 2.397910706035089277e+02 2.133365608698922733e+04
-2.298277204448335397e+04 4.703014925652918464e+03 9.910852958239436703e+03 1.768815590303919180e+03 -9.333613980942506032e+02 -4.613843414648159182e+02 -1.262342947590139374e+04 2.907804769479017978e+03 -2.007366638200414400e+03 -3.032366194221173373e+03 -6.983607816208163968e+03 -7.191566761841691914e+03 -1.856796926333262945e+03 -5.310762145659919952e+03 5.941237983229807469e+03 -3.516017902321350266e+04 -2.372024152795497139e+04 -1.330750615075968426e+02 -6.550513787998006592e+02 -1.648843443857836633e+02
-2.167860636990320563e+04 2.025583358000190128e+04 2.520692955259805603e+04 4.749198215730758966e+04 8.891947860891770688e+03 6.073787725879607024e+04 -3.011764126796270375e+03 5.802405074599313957e+04 -1.832934375170957937e+05 9.640354322395926283e+04 3.841293327143844363e+04 3.164823417081935258e+04 -5.378163419804980549e+03 -1.565431554177792277e+05 -1.670825712136294751e+05 2.621873018577217226e+04 -3.955337558413220540e+04 4.709164554354677966e+04 -1.279300545699638024e+05 -4.209663697822219547e+03
-2.090807003298712880e+04 1.066914386485004434e+04 2.151162957591526720e+04 4.390405571010498420e+02 2.917371992061786386e+03 1.461041995788909480e+04 7.346527099691238618e+02 1.379379365222128763e+04 -3.218355585142423661e+04 1.984755638490269484e+04 -6.077115607586384840e+02 2.293675054058701789e+04 6.665996700225996392e+03 -3.022304655863654989e+04 1.125375178413546382e+04 -4.778366562453223742e+04 7.494683350185208838e+04 -1.136855553795930464e+05 -2.042325418609485132e+04 -1.416895264937281581e+03
-4.294209999004137353e+04 4.663562243543785007e+04 -1.541114752016290186e+04 1.107845237226321333e+05 2.507904275969111404e+04 3.310276319178069571e+03 -5.541459717901100703e+03 1.108768933776301710e+05 -9.764297773718810640e+04 -3.508579293691056228e+04 -1.320212215596504975e+05 4.231233154571938794e+05 -2.184216901469569653e+06 7.066311574326612754e+04 7.156111954620771576e+04 3.262321622631782157e+04 8.397799584997252168e+03 -1.895603453860760783e+04 3.056620159365318978e+04 -5.783508163028805575e+04
-4.835947063683773013e+04 -1.507337245200322468e+04 6.403355173945798242e+02 -1.227123340833114071e+03 2.176787775626482357e+02 2.777373665074571250e+02 -9.226916769839634753e+02 2.894624718266933087e+03 -1.590517624288871048e+04 -2.506023047394819878e+04 -1.208183937605140454e+04 -3.715448237147752025e+03 1.059529243739614913e+03 5.789343733267278367e+03 3.361039570424582962e+03 4.695408129555436972e+03 9.655674314108946419e+02 -8.872771283424641524e+02 -4.754760534488639678e+03 2.737687902980323997e+02
-2.357973698137009342e+04 2.213168240127365425e+04 9.095586911058037003e+03 8.362150157613137708e+03 2.141982638830305223e+04 4.268245387439522165e+04 -3.608363684239475333e+03 1.909696696275541035e+04 -1.197225425014620123e+05 1.649075360942386760e+04 -2.284943244844026594e+03 -5.160468385109771589e+03 3.738913189768246866e+03 -5.765547525549554121e+04 -7.276989581578338402e+04 -1.805060686426645043e+04 2.174476544557615853e+04 4.689438204987750214e+04 2.525832097703455365e+05 5.581249781309383252e+03
-3.937153958005670574e+04 9.400567375560969595e+03 2.847170868239001720e+04 -7.704187854615644937e+03 -4.774978464673319650e+03 6.019810164568498294e+02 -9.283654984462929133e+04 9.804378563949623640e+03 -1.180067871268931231e+04 -9.444628457886306933e+03 -3.087097540681488681e+04 -2.959314100704528391e+04 -1.036357618702884247e+04 -4.091347559392800031e+04 4.181658393500301463e+04 -5.402395853004804812e+05 -4.130519698641552241e+05 -2.224136468164364123e+04 -2.088010960122931283e+04 2.494672799212529208e+04
-3.208515987016714462e+03 1.113574543190955228e+04 1.775848224206988743e+04 -2.080740821156764014e+03 -7.249014743083123449e+02 -2.639989179871898841e+02 4.508844419104209919e+03 1.211013914498843405e+03 6.373578385766570591e+02 8.351688465576459066e+02 -2.307913907152002139e+03 -6.200390114355957394e+02 -3.422042715334940866e+00 9.852857094532145084e+02 -8.144274188358340325e+02 -1.824774875380426664e+01 2.323693605899623833e+02 9.611511139258921332e+01 -5.762136287781780908e+01 8.324616842659786187e+01
-1.647305053727971244e+04 1.746456503427818461e+04 3.264841207009941718e+04 2.837607478542299577e+04 2.331496947451460874e+05 -6.368543462013867611e+03 -4.748292577293245813e+03 -4.077668205530621435e+03 3.137384743019153575e+03 2.014524435061107624e+03 6.365722347173233402e+02 1.030153511668393776e+03 6.139265895720310482e+02 1.080326754835357406e+03 2.049501247954402743e+02 3.645862257961531441e+02 -4.208535761931287311e+02 6.816353769887238911e+01 -1.625653456702136737e+03 1.232078337994027066e+02
-4.671644323815371172e+04 -8.833421144162351993e+03 -1.316056677328759179e+03 2.173438275559759131e+04 -2.098462895800228125e+03 -2.010084638459700500e+03 -3.622622482187003243e+03 1.541245215691823978e+04 5.479739826316340441e+03 -2.392003593591393837e+03 2.052666039841050861e+03 -2.516322868954956903e+03 3.772502049914236977e+03 5.133511418345481616e+03 1.713029432046041165e+03 1.643663608952853610e+04 -2.328164593565207906e+04 -5.591206601450366725e+04 4.843004162574758811e+04 -1.023217144902201107e+04
-2.905214177714181278e+04 3.647711192644031689e+04 -4.805401589503968353e+03 2.708769169249828701e+04 -2.255816110445148297e+03 5.418684417173906240e+02 3.418634036052370448e+03 4.230362476878252346e+04 -1.941224405224734437e+04 1.105918002719767628e+03 -3.515214185267610446e+04 1.362442687539174221e+05 2.920770436698220510e+04 -1.260042549086100189e+04 5.499840379461687553e+04 -5.283860204324863298e+04 6.635433276267275505e+04 2.698383581453350052e+04 4.413932260018876150e+03 -4.189794890513889186e+03
-3.770983126473466837e+04 5.487385780222576614e+03 1.397230955163091676e+04 2.078126879706950422e+04 7.888132223667610560e+03 5.041418500662119914e+04 -7.442846384545428009e+02 4.519229222614926402e+04 -1.758634299516984902e+05 8.380269460526382318e+04 2.220801421463676525e+04 2.007865925857896218e+04 1.205491776937907707e+04 -3.255078927226952510e+05 -2.339856602635043964e+05 -4.201601559623531066e+05 7.102285857723297086e+05 -2.104463607909047045e+06 -2.177633794808288221e+05 5.090580878107423814e+03
-8.529616528484667697e+02 9.942220668470319652e+03 1.132831397513182310e+04 5.720741416049710324e+02 -1.830484974614881367e+03 -5.020374530936352926e+02 -3.389631250997460302e+04 1.701108129809978664e+03 6.236658921572064855e+02 1.128243005771913886e+03 -4.184659111418098291e+03 -3.132358166742606500e+03 -9.157506521752889483e+00 6.012414517443777413e+02 6.590315622376159581e+02 2.793636906151872608e+03 4.470387305942584135e+03 1.150327667047906971e+03 -1.054256018349513397e+03 -1.487212628773138704e+03
-6.123808013645611936e+03 1.452197878229301386e+04 2.339801625839413828e+04 1.203858593737063757e+03 -1.123478296977965101e+03 2.269313646122562204e+04 5.795121247361044880e+03 3.890587748230334910e+03 -1.023366601681119755e+04 6.491339803127597406e+03 1.208471780842006774e+04 -1.162702616410306518e+03 -9.502147341604151620e+01 8.841464197955192503e+03 3.430314332171240039e+03 2.298830402218606196e+03 -5.723562785477639409e+03 5.060810454922578174e+03 -2.027084783811574016e+04 -2.315841838285071390e+03
-1.088619993337642154e+04 1.317526386142096999e+04 2.117236603755645046e+04 4.041711014244255239e+03 -5.259441840792405856e+02 6.075108892591435506e+03 3.246665308080390787e+03 1.386471470263610172e+04 -1.657775357397400148e+04 1.271832615328547035e+04 8.999109552614088898e+03 -3.711002903894228075e+04 -5.679937055062570835e+03 -1.089361498368091707e+05 1.247252232001722587e+05 5.592142791276628122e+04 -1.657627994533283345e+04 7.314047632459642955e+03 -4.732871350326958236e+03 1.832988135824754863e+04
-2.643763552898166745e+04 3.733526593055090052e+04 6.763889405942482699e+04 1.420863090887261205e+05 4.313969502724552149e+04 1.271015833814267302e+06 -1.308669935687625548e+04 9.499174306960003742e+04 -1.141569845409028232e+06 9.370813689726606244e+05 4.408323173746695393e+05 -4.719446091059840401e+05 1.800154699702349899e+04 1.400029016413799254e+06 1.067892005748613970e+06 -4.399176234783912514e+04 -1.709472291622325429e+04 1.811669281306827033e+05 1.144675960023254156e+06 7.039145206546309055e+04
-1.335784412477532533e+04 5.392653224570921338e+03 2.971616937562581370e+03 1.905387220489508400e+04 -2.967550780421677700e+03 -2.583561633666754460e+03 7.440411009900009276e+02 -2.025390919334139471e+04 -1.802770929451634629e+03 4.385586316204738068e+03 -5.493329614280697569e+03 -1.757388606066574539e+03 4.256477700449544841e+02 -5.472627718535205531e+03 5.260608814052413436e+03 2.075946158333255880e+03 -5.314070374452280703e+03 -3.959156515725744157e+03 6.026868224275362991e+03 -8.006412039263304905e+04
-1.563613362350193165e+04 1.036632294554649161e+04 -1.660361848922256058e+03 6.150668525255995337e+04 -6.856660004892746656e+03 -3.252554655130680203e+03 -6.034531992411349393e+02 1.105335935388541839e+04 3.289979999570134339e+01 3.440689230800536734e+03 -5.457623573261445927e+03 4.480522014618891262e+03 -2.392102216721910963e+02 1.618721855351490376e+03 -3.191818733955471544e+03 3.410918646777822232e+03 -3.952867773700645103e+03 6.677077649744403516e+02 -2.876022422239513617e+03 5.371307074357378042e+02
