2.097417835626035594e+04 -3.083688951855946016e+03 -3.383865700994421331e+03 -4.293201332309827194e+02 1.626581119572513785e+02 9.530541265126495887e+01 -9.630124497326151811e+01 2.136156339644761601e+02 5.136127077765156201e+00 -4.407648800301925007e+01 1.117851102726964712e+02 3.971827351071777912e+01 3.996249110271364646e+00 7.561789830583536265e+00 -7.726304966049656997e+00 8.521067353618500206e+00 -3.264042892832404164e+01 -2.454475349317633004e+01 5.388157080926752052e+00 1.564399466437472075e+00
-4.937160926037880563e+04 -1.552298705615232029e+04 1.484635139482591626e+02 -1.197824649053519352e+03 7.757889413820007185e+00 7.264287309861647657e+01 -3.990625590963606442e+02 -4.671720341161702095e+00 2.794446888702378828e+02 3.826025831615316406e+02 -7.280172547789855564e+00 2.591019592692972537e+02 5.485945083467068883e+01 9.426523455260937112e+01 -6.289250952232538339e+01 1.084814578266425116e+02 5.983641214968313804e+00 9.148069963470391031e+01 -1.134670286347339108e+01 -6.511562874536108438e+02
-3.818404566568540758e+03 1.554330937613596507e+04 2.236735454573815878e+04 -3.002642322104936738e+03 -1.031735905007191832e+03 -3.031617411956456749e+02 1.296792730922353712e+03 1.821158750847455167e+03 8.185877881599111561e+02 8.631465245437469775e+02 -2.254715805844411989e+03 -4.847207899582230084e+02 1.029662782279900490e+01 8.538708922732115525e+02 -7.490367709829478144e+02 8.082709437656741613e+01 1.935011050444239231e+02 -1.787529855561185954e+01 1.220814277510437620e+02 1.094791730764893174e+02
-1.504667710660025114e+04 8.198472650224521203e+03 -1.157383274473717165e+03 4.287843414979332010e+04 -4.839012819595400288e+03 -3.747508532742260286e+03 -4.003295865435711107e+02 3.719205650426998091e+03 1.938005549566214086e+03 1.471028946430355688e+02 -1.200050903973984759e+03 -3.398539385703586049e+03 1.114621776975744751e+02 1.518347219229257917e+03 -1.422431246377579555e+03 1.386432841804234158e+03 -1.341809833665024144e+03 -1.267264454075020012e+03 -1.559801548196243743e+02 2.205062020142394772e+02
-4.262715925242631783e+04 3.583446498632816656e+04 -2.623150696832823814e+04 -5.084182788521619841e+03 9.105757751976867667e+02 4.959503136743348932e+02 1.724967253394528598e+03 -2.203165291405227890e+03 3.102526862274496580e+02 8.472867528978134715e+02 1.115748090598764975e+03 -9.690457468442681943e+01 -1.502160128959892518e+02 -5.294798130105581322e+02 8.050502001819362263e+00 1.392344605216833031e+02 -3.301066217218549923e+02 -7.301496777282403627e+01 -1.416535179534535303e+02 -7.900995487955757426e+02
-1.564869111899574091e+04 1.510486965616915950e+04 2.670099703414156829e+04 2.029211302894567052e+04 1.603170428276811726e+05 -4.845035600297829660e+03 -2.919308263051089853e+03 -2.163465761654711969e+03 2.269483245287618502e+03 1.847115905517370607e+02 1.703406400687495079e+02 3.408330368991745445e+02 2.408154931696924450e+02 5.655732255544832014e+02 3.309521191248767877e+02 8.697894246753747893e+01 -1.106803040029111713e+02 -5.917458994857286569e+01 -2.996667561594678091e+02 -4.413467888946557949e+00
-2.603316319507319349e+04 2.590798502458157600e+04 4.361529759241329157e+04 9.373414383485945291e+04 1.053716370611440288e+04 7.651537720173669513e+05 -2.274760771898308121e+03 1.816759559100352635e+04 -1.920683329681984906e+05 1.564152749493358133e+05 7.038917084523018275e+04 -5.043146255696604931e+04 2.790446737576353826e+03 1.603827574185502308e+05 1.253018469024071674e+05 -1.107957106637272591e+04 8.911023598780075190e+03 -2.269983679924545140e+04 -2.447615848642737183e+04 -1.415027887093188156e+03
-9.299218005040856951e+02 7.765832803032099036e+03 1.151734544028556229e+04 1.470262578021808258e+04 -3.375967531488116947e+03 -2.463584346112846561e+03 -5.934913735338966490e+02 -2.394383962761148723e+04 -3.773685462114286565e+03 4.762294249851863697e+02 -9.625161985015359960e+02 2.209317990721528076e+03 -3.200536540346584502e+01 -1.347062062930996262e+03 1.513933647313935808e+03 -1.087054865348676458e+03 1.306215164418991662e+03 4.211470120764709577e+02 2.173967791223845438e+02 2.320614572221365052e+03
5.303554938662663517e+03 2.286115963403366186e+04 2.368127648436477830e+04 -4.416596696648008219e+03 -4.002727191660433618e+03 -5.112378515845849734e+02 -6.263104248613429081e+04 6.858272983804877185e+02 1.189613298474898329e+03 2.648687402034493971e+03 -4.118853538856640625e+03 7.217233672990201399e+01 3.450437818822921372e+02 1.823155129475669582e+03 -3.434175491195649670e+02 5.174346931319103533e+03 3.247879414049723437e+03 6.142456798981430666e+02 -1.170574860159377067e+03 -6.057664434145361838e+02
-3.390361032988087391e+04 7.461490853905177210e+04 1.565464070198635163e+05 6.688038500037605409e+05 9.269461209923577553e+04 7.429178814210163429e+06 -7.226347487304396054e+04 -6.452495208701075753e+05 2.697222315995696001e+06 -1.839428319571936736e+06 -9.099011106334049255e+05 4.952719504703676794e+05 -1.449154183666315657e+04 -1.352397542225514771e+06 -1.006791201424730825e+06 1.677897437323605482e+04 5.029670213864884863e+04 3.157114726211919697e+04 3.748489633779013529e+05 3.634773474928404903e+04
-2.514063977867602807e+04 4.909103398444905906e+04 -7.709170833356601179e+03 -9.631111093881701890e+03 -5.029809612501224478e+02 4.469712759506047632e+02 -5.710109632354346104e+03 -5.053732938031692470e+02 8.094074087087393536e+02 2.232509903565643981e+03 -2.562418605991012555e+03 2.922986062618155643e+02 3.311042806364168456e+01 9.287342248421141448e+02 -1.003980960971013360e+03 6.096030624050035840e+02 -4.288611140729801150e+02 -4.081672202420650706e+02 -6.065608620265815176e+01 4.335022828067444607e+02
-9.443562895166296585e+03 1.677890656357548141e+04 2.553002170613025010e+04 1.008771798244769002e+03 -2.062179518059897873e+03 -7.875214535797985036e+02 -3.343804342009198535e+03 -3.287164637469689410e+02 -8.602928352702635948e+02 -8.951868867331237198e+03 1.821502067340269787e+04 5.615314802949337718e+03 3.104722055969744474e+02 5.373861586011969393e+02 -3.823932513062078442e+02 -1.497161872299570291e+02 -1.462457355310173625e+03 -5.269167321444377876e+02 8.379256851334887415e+02 -6.959359979235157425e+02
-4.566727498349218877e+03 3.778646190025303440e+03 5.942848278485732408e+03 8.929775977270270232e+03 -1.820301439381377349e+03 -1.352837002672643621e+03 1.728414731194861133e+03 -8.718881430531704609e+03 -6.612385583088965859e+02 1.456872309412684899e+03 -2.006039360065460414e+03 -1.393053571250269442e+02 -3.127519476219717376e+01 -2.547446381222125922e+02 1.339814463093896393e+02 -3.756247932417774393e+01 8.216831214779109871e+01 1.682264494532187484e+02 -7.624468708929575200e+01 -1.167601409131902528e+03
-3.899811365670094528e+04 3.506580057670374663e+04 -2.146472820003777451e+04 -3.222365586556313701e+03 5.593046039181101150e+03 2.175962385145003736e+03 1.151631549405795113e+03 3.584091879475153746e+03 -4.068089156076281506e+04 -5.069540260546825448e+04 -2.239933676429327897e+04 -5.877628022111745850e+03 2.594387956902635779e+03 4.788636311720552840e+03 1.972787262615993086e+03 2.804088267553134301e+03 -8.678649358173489645e+02 -7.180495953628471852e+02 -2.965941455727912398e+03 -1.533940276185530138e+03
-3.966296007498184190e+04 4.004185531022513169e+04 -2.764536996914597330e+04 3.021044771607868825e+04 -2.493249891590939114e+03 -1.393242852003133976e+03 1.065352155850315739e+03 2.179034383115346282e+04 -7.125386802143107445e+01 2.292546098542494292e+03 -7.037769381456660994e+03 3.218605368190057925e+04 7.627182544740207959e+03 9.085186535645275399e+02 9.344234959568495469e+03 -2.231604597978856873e+03 8.275037838392578351e+02 7.376771953734312774e+03 2.830788691661686244e+03 -1.708299381990127941e+01
-4.604627741940412670e+04 -1.259906075228155714e+04 4.576054832466072185e+03 1.937791861520115162e+03 4.289908033490660273e+02 1.602205318481283211e+04 -3.010843108189032137e+03 8.336419234093516934e+03 -3.707189018879443756e+04 1.345619431214451288e+04 2.521004675497531480e+03 -1.771540826357301512e+03 -5.522307809826710354e+02 -2.169653438903723509e+04 -2.672028257042164842e+04 -1.423384993807663477e+03 1.885098753698848441e+03 -5.605461733229213905e+02 4.342865661380818892e+03 9.581481931211824303e+02
-2.298405038523047551e+04 4.707200269904436027e+03 9.908316626780302613e+03 1.770718669745494026e+03 -9.335781344633514891e+02 -4.614953331532334460e+02 -1.262311623791263810e+04 2.909618423890523445e+03 -2.007597167539315706e+03 -3.032644976703124030e+03 -6.983343516335487038e+03 -7.186284809056267477e+03 -1.855629841750520654e+03 -5.310564616133270647e+03 5.942692006932375079e+03 -3.516065141307786689e+04 -2.371993384296520526e+04 -1.319566471780509858e+02 -6.545261162809964617e+02 -1.648512319728591820e+02
-5.631683351893884537e+04 3.612752220333219884e+04 -3.315930799589512753e+04 3.079339070003902089e+04 -2.348284804636512490e+03 -2.708917135781257002e+03 -2.764545010079623921e+02 1.229401731295872924e+04 5.547384748834763741e+03 -3.124305949508348931e+03 6.191597944862495751e+03 -1.185388224206831183e+04 -9.934602597609328996e+02 2.762064043381621104e+03 -2.848941775811195839e+03 -1.398779555045649431e+03 3.125263392405233844e+03 -1.623959494332811346e+03 5.273289525501858179e+02 7.929789699377030274e+02
-9.616251583756804393e+03 2.751385772884130347e+03 8.022658537822103426e+02 8.644860425319269780e+03 -5.944069744920258245e+02 -1.054227728858677665e+03 -7.286813624995771761e+02 2.557012855445403147e+03 2.772317350486710438e+03 -5.766793252733874397e+03 9.718024413322002147e+03 -2.368501002646124834e+04 -4.319567070443056764e+03 -3.264565677122420311e+03 -9.123042011098966668e+02 -2.554569718465580445e+04 3.914449882276455901e+04 2.286417657045870146e+04 -3.808955606393880316e+03 -2.773855932852561182e+03
-1.088619993337642154e+04 1.317526386142097181e+04 2.117236603755645046e+04 4.041711014244255239e+03 -5.259441840792405856e+02 6.075108892591435506e+03 3.246665308080390787e+03 1.386471470263610172e+04 -1.657775357397400148e+04 1.271832615328546672e+04 8.999109552614088898e+03 -3.711002903894228075e+04 -5.679937055062571744e+03 -1.089361498368091852e+05 1.247252232001723023e+05 5.592142791276628122e+04 -1.657627994533283345e+04 7.314047632459643864e+03 -4.732871350326958236e+03 1.832988135824754863e+04
-1.083892867246264359e+04 1.061320649432054961e+04 1.563219455252458283e+04 2.444455581408219132e+03 -7.109003604114144537e+02 1.761153988316103636e+01 4.991807366862781237e+02 4.332102295771371246e+03 3.527875783253422810e+02 -5.905624280258168710e+02 6.100855723352981386e+02 -5.638949034279165062e+03 -9.969563324211583222e+02 -1.414785817551517903e+04 1.179727613997989465e+04 3.036779922233366506e+03 -2.100260498160787392e+02 1.720504335265686962e+02 1.064068443771058583e+03 2.198630770098165499e+02
-4.332376167140884354e+04 4.873417784566304908e+04 -1.491819379816078981e+04 1.183625997982947010e+05 3.774330498322490166e+04 3.272267325405126940e+03 -6.657788197464812583e+03 1.238686921783806029e+05 -1.073264803249460820e+05 -3.239254324847713360e+04 -1.485637644755731453e+05 4.946661070626931614e+05 -2.562450987102032639e+06 7.993945496745551645e+04 8.424003479697836156e+04 3.541244295918357238e+04 9.498511284400306977e+03 -2.362886442389662261e+04 3.937337699184878875e+04 -6.968172246985540551e+04
-7.579750983960803751e+03 1.668384790453821915e+04 2.609677446021027936e+04 1.453304990525592439e+04 7.420877993602938659e+03 1.455186484037434857e+05 1.079604836747192621e+03 1.107862591129723660e+04 -8.682516840250467067e+04 7.238053687883465318e+04 2.902647854735420333e+04 -3.015026751940886970e+04 8.133956777271150713e+02 7.350889099845930468e+04 7.147233573388340301e+04 7.797322454737953876e+02 1.129846725350199677e+03 -5.967095844707513606e+03 -9.762246583748185003e+03 8.911489142584638330e+02
-4.642430987521816132e+04 1.262058146170593136e+04 -1.489466415371561743e+04 1.485310096882286234e+04 5.229594527003364419e+02 7.864271895957033109e+01 -8.859917811096230480e+02 1.766254458245273418e+04 -1.153370333030189067e+04 -1.107612323008576095e+04 -1.144745084928774486e+04 5.085202129412726208e+04 -3.554592968990615918e+05 1.423681213888706407e+04 1.032531327677989611e+04 -9.200706691267406256e+01 1.194895349052356687e+04 -4.136270348621468656e+03 1.026388967557383876e+04 2.859103910837549734e+01
-2.017512809917118648e+04 1.061202587802486414e+04 2.187239421868021964e+04 -1.704033470780728265e+01 3.035236544830616367e+03 1.469043164664064352e+04 6.394920086802413834e+02 1.254038083099509095e+04 -3.170452983855798811e+04 1.988339030308759902e+04 7.278625782861374773e+02 1.738870949188196391e+04 5.437158145900713862e+03 -2.983935050435880112e+04 8.678020703171749119e+03 -4.523391084584670170e+04 7.170089963834913215e+04 -1.146617122205499036e+05 -2.065749491612784186e+04 -1.205202679790892034e+03
-4.845784046854462940e+04 -1.540722682511087260e+04 9.334970288958442097e+01 -1.426102680774332157e+03 3.763961031651867017e+01 1.417343381531434545e+02 -7.652636910464717630e+02 1.714384149508754490e+03 3.738033121719887504e+02 -3.180863645514309610e+02 5.606716403652209237e+02 1.647955249098624506e+02 -4.116749009129210322e+02 3.649488164622501358e+02 -1.307770612212174797e+02 -2.736995646917526983e+02 2.955235918508437294e+02 -6.735355940782208108e+02 2.397910706035088992e+02 2.133365608698923097e+04
-2.167860636990320563e+04 2.025583358000190128e+04 2.520692955259805967e+04 4.749198215730759694e+04 8.891947860891770688e+03 6.073787725879607024e+04 -3.011764126796269920e+03 5.802405074599313957e+04 -1.832934375170957937e+05 9.640354322395924828e+04 3.841293327143845090e+04 3.164823417081935986e+04 -5.378163419804980549e+03 -1.565431554177791986e+05 -1.670825712136294460e+05 2.621873018577216862e+04 -3.955337558413220540e+04 4.709164554354678694e+04 -1.279300545699638315e+05 -4.209663697822219547e+03
-3.208912275830274666e+03 1.113577567510426707e+04 1.775847899836779834e+04 -2.080648662510114718e+03 -7.248943237902323062e+02 -2.639890202246717195e+02 4.508556655617761862e+03 1.211151045723758443e+03 6.370696095334527627e+02 8.347718905961691007e+02 -2.308123258583197185e+03 -6.202881698810189164e+02 -3.388721384407303638e+00 9.853417929465668976e+02 -8.141787144506872664e+02 -1.824383237943642300e+01 2.324746005911566442e+02 9.608060310049421560e+01 -5.781127594546200754e+01 8.303864775683564403e+01
-2.940842770769222625e+04 3.535432899358587747e+04 -3.977650566721581072e+03 2.652870307352436066e+04 -2.149788096263111129e+03 1.160293065978584991e+03 3.376683749200329657e+03 4.223907388947688014e+04 -2.048038026632730180e+04 2.094515064768322191e+03 -3.479903762792703492e+04 1.361022537823686434e+05 2.924794807027906427e+04 -1.379801202080585426e+04 5.511065351442400424e+04 -5.474621203902683192e+04 6.945727942120138323e+04 2.168589549443342185e+04 3.369216308071825097e+03 -4.184968032366828083e+03
-3.937153958005669847e+04 9.400567375560969595e+03 2.847170868239002084e+04 -7.704187854615644028e+03 -4.774978464673319650e+03 6.019810164568498294e+02 -9.283654984462929133e+04 9.804378563949623640e+03 -1.180067871268931231e+04 -9.444628457886305114e+03 -3.087097540681489045e+04 -2.959314100704528755e+04 -1.036357618702884065e+04 -4.091347559392800031e+04 4.181658393500300735e+04 -5.402395853004804812e+05 -4.130519698641552241e+05 -2.224136468164364123e+04 -2.088010960122931283e+04 2.494672799212529571e+04
-4.835887820248821663e+04 -1.507023427185117180e+04 6.384957363308686809e+02 -1.224758642981076036e+03 2.175414045477861293e+02 2.775263823937991106e+02 -9.225996592608070159e+02 2.895527812978177735e+03 -1.590489897959789232e+04 -2.506081912040716270e+04 -1.208124589816896878e+04 -3.716465690958964387e+03 1.059608034567913592e+03 5.789497782083755737e+03 3.360823655743302879e+03 4.695285047786949690e+03 9.658317010672529932e+02 -8.874688171513105317e+02 -4.754810504443661557e+03 2.739803929408054159e+02
-3.770983126473466837e+04 5.487385780222576614e+03 1.397230955163091676e+04 2.078126879706950422e+04 7.888132223667610560e+03 5.041418500662119914e+04 -7.442846384545428009e+02 4.519229222614926402e+04 -1.758634299516984902e+05 8.380269460526382318e+04 2.220801421463676525e+04 2.007865925857896218e+04 1.205491776937907707e+04 -3.255078927226952510e+05 -2.339856602635043964e+05 -4.201601559623531066e+05 7.102285857723297086e+05 -2.104463607909047045e+06 -2.177633794808288221e+05 5.090580878107423814e+03
-2.582779713293261011e+04 4.103378408436563768e+04 7.085850867787012248e+04 1.602517036121081037e+05 1.462650677973210259e+04 1.419527762761521153e+06 -6.839088767762207226e+02 -2.288686662521430480e+04 -1.184814358055565026e+04 3.549834912916763278e+04 3.044917126111052130e+04 -1.752724586291370724e+04 7.474228707812825405e+02 9.168779570678772870e+04 5.930620811617380241e+04 2.419758157141218362e+03 -1.297548241209345179e+04 9.154458372820457953e+03 -5.247164813775655057e+04 -5.764553742307485663e+03
-1.335784412477532715e+04 5.392653224570922248e+03 2.971616937562581370e+03 1.905387220489508400e+04 -2.967550780421677700e+03 -2.583561633666754460e+03 7.440411009900009276e+02 -2.025390919334139471e+04 -1.802770929451634629e+03 4.385586316204737159e+03 -5.493329614280699388e+03 -1.757388606066574312e+03 4.256477700449544841e+02 -5.472627718535205531e+03 5.260608814052413436e+03 2.075946158333255880e+03 -5.314070374452279793e+03 -3.959156515725744157e+03 6.026868224275362991e+03 -8.006412039263304905e+04
-2.408353520905942787e+04 2.579935649114631451e+04 1.720750631250813240e+04 3.007831917064302615e+04 3.844381309111721202e+04 1.772545793926036858e+05 -1.497249808001800739e+04 4.701581304711107077e+04 -3.750193786442371784e+05 1.005736153573317570e+05 1.134389659765551005e+04 -5.551949107928519516e+04 9.012998884525479298e+03 -8.348932941851795476e+04 -2.088926535841066798e+05 -3.495527787190514937e+04 4.522400412553703791e+04 8.404869804075999127e+04 6.602044144220042508e+05 2.213392217059195900e+04
-1.647305053727971244e+04 1.746456503427818461e+04 3.264841207009941354e+04 2.837607478542299214e+04 2.331496947451460001e+05 -6.368543462013868520e+03 -4.748292577293246723e+03 -4.077668205530621435e+03 3.137384743019154939e+03 2.014524435061106715e+03 6.365722347173233402e+02 1.030153511668393776e+03 6.139265895720309345e+02 1.080326754835357406e+03 2.049501247954402743e+02 3.645862257961531441e+02 -4.208535761931287311e+02 6.816353769887236069e+01 -1.625653456702137191e+03 1.232078337994026924e+02
-2.355240860195222558e+04 2.193236164615537200e+04 8.665838159947419626e+03 7.285925159632830400e+03 2.029555593402915474e+04 3.695059892456538364e+04 -2.855003850428570331e+03 1.738238149874562077e+04 -1.044293770066647267e+05 1.205245788668794557e+04 -2.739934964526057229e+03 -2.279072664404812713e+03 3.417105204766735369e+03 -5.493628701567401004e+04 -6.321604390964095364e+04 -1.701395495984951413e+04 2.027909226414545628e+04 4.439330328294554783e+04 2.264028193609872833e+05 4.520898128988620556e+03
-4.671644323815371172e+04 -8.833421144162351993e+03 -1.316056677328759406e+03 2.173438275559758767e+04 -2.098462895800227670e+03 -2.010084638459700273e+03 -3.622622482187003243e+03 1.541245215691823978e+04 5.479739826316340441e+03 -2.392003593591393837e+03 2.052666039841050406e+03 -2.516322868954957357e+03 3.772502049914236977e+03 5.133511418345481616e+03 1.713029432046041165e+03 1.643663608952853610e+04 -2.328164593565207542e+04 -5.591206601450366725e+04 4.843004162574758084e+04 -1.023217144902201107e+04
-6.123808013645613755e+03 1.452197878229301386e+04 2.339801625839413100e+04 1.203858593737063757e+03 -1.123478296977965101e+03 2.269313646122562568e+04 5.795121247361045789e+03 3.890587748230334000e+03 -1.023366601681119573e+04 6.491339803127597406e+03 1.208471780842006592e+04 -1.162702616410306291e+03 -9.502147341604151620e+01 8.841464197955192503e+03 3.430314332171240039e+03 2.298830402218606196e+03 -5.723562785477639409e+03 5.060810454922579083e+03 -2.027084783811574016e+04 -2.315841838285071390e+03
-2.643763552898166745e+04 3.733526593055090052e+04 6.763889405942482699e+04 1.420863090887261205e+05 4.313969502724552149e+04 1.271015833814267302e+06 -1.308669935687625548e+04 9.499174306960003742e+04 -1.141569845409028232e+06 9.370813689726606244e+05 4.408323173746695393e+05 -4.719446091059840401e+05 1.800154699702349899e+04 1.400029016413799254e+06 1.067892005748613970e+06 -4.399176234783912514e+04 -1.709472291622325429e+04 1.811669281306827033e+05 1.144675960023254156e+06 7.039145206546309055e+04
-9.058915180505176977e+03 1.219671926884875938e+04 1.907145457762044680e+04 1.290480726192916336e+03 -1.016516589825080473e+03 -4.720449123228061126e+02 1.432879833898832203e+03 2.286865842570831319e+03 -3.552910281715945757e+02 -5.796542540560112684e+03 1.141813999264065023e+04 2.434649869081665656e+03 9.986345044358228051e+01 -3.930250720623206462e+02 5.662808749049914603e+00 -5.176662124203612620e+02 -1.171334260078298485e+03 -2.565380073625799469e+02 5.699823356423330551e+02 -1.043231154755981379e+03
-1.620583591266299300e+04 1.170535380334639194e+04 1.569678728258695446e+04 6.177186328544129537e+03 2.456270849756422763e+02 1.664946729065434920e+04 -4.042993426061746959e+03 1.062469995543481673e+04 -3.795558920595944801e+04 1.426429274036054812e+04 1.749061015827010351e+03 -1.216299235924163895e+03 -5.649725572740395592e+02 -2.337294911959566161e+04 -2.702926800940675093e+04 -1.138775026916460092e+03 1.118959643901349637e+03 1.654082451922135704e+02 3.309374830487613963e+03 3.974829966450442384e+02
-1.563580473108637852e+04 1.036776547340303296e+04 -1.659556223603724447e+03 6.151632540436790441e+04 -6.857872708506144591e+03 -3.252077935904937931e+03 -6.035290465324152365e+02 1.105506392900348692e+04 3.097916231128221298e+01 3.442841780891253620e+03 -5.460220587889044509e+03 4.486124107214579453e+03 -2.395870968703177937e+02 1.618529640098953223e+03 -3.192823644558115575e+03 3.411769208173216612e+03 -3.953923425546950966e+03 6.693260268254116454e+02 -2.877904784471964831e+03 5.377762300457520723e+02
-4.172608777330074372e+04 3.592787108181338408e+04 -2.631589073096554057e+04 -5.182943896914643119e+03 9.935539003638663189e+02 5.530777588356271508e+02 1.339592739222816135e+03 -4.163366728071254101e+02 4.274584175089832456e+02 1.217086125787295003e+02 1.725473623612460187e+03 -2.391533168208337088e+02 -6.293232401133772100e+02 -2.574458202210207673e+02 -6.068518586755961053e+01 -2.473325640224668973e+02 -2.793589445456337117e+01 -8.409503479282906255e+02 1.169198094499063814e+02 2.120647983586489136e+04
-8.531105051114186608e+02 9.942232473310377827e+03 1.132979538746458638e+04 5.706244256616282655e+02 -1.830255431816748569e+03 -5.018821888185418629e+02 -3.389237697603942797e+04 1.700836967155775255e+03 6.234555639032959107e+02 1.128566375114790162e+03 -4.185227663508235310e+03 -3.132382560093167285e+03 -9.147825075078598545e+00 6.002367908769251699e+02 6.595234626214382843e+02 2.792126288156009650e+03 4.470837803443999292e+03 1.150993342063133241e+03 -1.053660142528950701e+03 -1.487108730338101850e+03
