2.097417835626035594e+04 -3.083688951855946016e+03 -3.383865700994422696e+03 -4.293201332309827762e+02 1.626581119572513785e+02 9.530541265126494466e+01 -9.630124497326151811e+01 2.136156339644761317e+02 5.136127077765155313e+00 -4.407648800301924297e+01 1.117851102726964996e+02 3.971827351071779333e+01 3.996249110271365534e+00 7.561789830583536265e+00 -7.726304966049655221e+00 8.521067353618503759e+00 -3.264042892832405585e+01 -2.454475349317634070e+01 5.388157080926752940e+00 1.564399466437472519e+00
-3.192362066922283702e+03 1.113893336795854702e+04 1.776400928010288771e+04 -2.085045254962525632e+03 -7.263947293437433927e+02 -2.644058328037067440e+02 4.517734294238120128e+03 1.206725353751205830e+03 6.484369583708621576e+02 8.504575196819032499e+02 -2.300886639602813830e+03 -6.103893218529352680e+02 -4.182244105080101804e+00 9.830299560826056222e+02 -8.238022040228245260e+02 -1.777618489159834425e+01 2.275582240374525611e+02 9.813733563913856983e+01 -5.008779363702631571e+01 9.124742677195676777e+01
-4.937476216695347102e+04 -1.552610294221064214e+04 1.424287509086184116e+02 -1.205419902949760854e+03 -5.601968018464064158e+01 7.447784025235515060e+01 -3.968945125213801361e+02 -3.996104516749279689e+00 2.795916902963184612e+02 3.839611893142302961e+02 -6.748448876552393116e+00 2.589993643517546502e+02 5.503626177350953697e+01 9.362825768184769970e+01 -6.273856364697492438e+01 1.084610195891235662e+02 5.912961950577122039e+00 9.158038929383795335e+01 -1.200086589927210845e+01 -6.522622337470924094e+02
-4.259640264948450204e+04 3.583758387051056343e+04 -2.623405624320556308e+04 -5.088658072402133257e+03 9.134189505955393997e+02 4.979548982257971943e+02 1.712256810207567469e+03 -2.144500168846530414e+03 3.139085934293931359e+02 8.234800934688978487e+02 1.135570617896726162e+03 -1.010013796214868051e+02 -1.660152304281076852e+02 -5.205880285409267572e+02 5.898169665937269990e+00 1.265837005396586932e+02 -3.203708504767064937e+02 -9.833346231684336658e+01 -1.331461967636077475e+02 -6.167435813053159421e+01
-3.390361032988087391e+04 7.461490853905177210e+04 1.565464070198635163e+05 6.688038500037605409e+05 9.269461209923577553e+04 7.429178814210163429e+06 -7.226347487304396054e+04 -6.452495208701075753e+05 2.697222315995696001e+06 -1.839428319571936736e+06 -9.099011106334049255e+05 4.952719504703676794e+05 -1.449154183666315657e+04 -1.352397542225514771e+06 -1.006791201424730825e+06 1.677897437323605482e+04 5.029670213864884863e+04 3.157114726211919697e+04 3.748489633779013529e+05 3.634773474928404903e+04
-1.564355983570645731e+04 1.496367155917337186e+04 2.631165070204525182e+04 1.987639072310277697e+04 1.561801382140241330e+05 -4.760896366825928453e+03 -2.814447542370116480e+03 -2.035990779051772506e+03 2.210698847589648722e+03 7.355419693436569162e+01 1.551070557085980397e+02 2.806271999756808100e+02 2.147695056928539543e+02 5.361499959696120641e+02 3.263696444539818344e+02 6.141728302079205548e+01 -7.513263839520796239e+01 -6.962685523155779777e+01 -2.316930357851312010e+02 -9.199806952990885023e+00
-4.556506344898998577e+03 3.774076962675005689e+03 5.941564743017597721e+03 8.919830611316496288e+03 -1.820560588992524799e+03 -1.352078003241017768e+03 1.729412641864590796e+03 -8.729525395558070159e+03 -6.635783906472372564e+02 1.458903135249754996e+03 -2.008082185656383672e+03 -1.343049565751295233e+02 -3.092594523996435640e+01 -2.553806813014326167e+02 1.348298776892283684e+02 -3.689327947861432477e+01 8.095350803711299648e+01 1.680893291474659463e+02 -7.627440431437864277e+01 -1.168003284757578513e+03
-2.514033077326112107e+04 4.909182172751029429e+04 -7.709393080290820762e+03 -9.631260458009890499e+03 -5.029822025107043260e+02 4.469803448787430966e+02 -5.709991808476733240e+03 -5.054846626710882447e+02 8.093863165743754280e+02 2.232533567133858469e+03 -2.562391644062729029e+03 2.925248639188314428e+02 3.313567312713138335e+01 9.288214409126758255e+02 -1.004030084002696185e+03 6.097731820005133159e+02 -4.290952065713545380e+02 -4.082765866430971755e+02 -6.069365944297706505e+01 4.335152828885555891e+02
-1.265536923876891706e+04 8.143063221466227333e+03 -2.380134395154246931e+02 4.252456786989422835e+04 -4.870027780970930507e+03 -3.628039171079584776e+03 -3.061828179745053262e+02 3.302315317475247866e+03 1.499263187389645736e+03 6.884883153711501791e+02 -2.102563529100209507e+03 -1.747279236111441605e+03 3.337075724171310753e+02 1.369148617363505537e+03 -1.226530214360626132e+03 1.946703590751404363e+03 -2.265316563283769028e+03 -1.325429927238060372e+03 -2.078823741004189571e+02 1.667413200964780629e+02
-3.060199582758425822e+04 -4.639551627817149182e+01 1.033431852525771683e+04 4.094499644117469870e+03 2.455707531938240606e+02 1.635303810101123054e+04 -3.549850555725122376e+03 9.504790929814160336e+03 -3.750919670069599670e+04 1.387053618600529626e+04 2.123474451604596197e+03 -1.510267824753564128e+03 -5.601746163330957415e+02 -2.254315140386296844e+04 -2.686137470913073048e+04 -1.286862021000624054e+03 1.503480965215310789e+03 -2.023945593235702347e+02 3.849055706844531869e+03 6.696623540353967883e+02
-2.589315924004955377e+04 3.815286730347537377e+04 6.444176500637544814e+04 1.475341526225479320e+05 1.312032998629080430e+04 1.276258929124878952e+06 1.126405598942979509e+02 -1.379949596707853743e+04 -4.871347909541905392e+04 5.954987557764834492e+04 3.894852959848543833e+04 -2.437973324487753780e+04 8.831116357292268049e+02 1.089189789694205392e+05 7.453525230501782789e+04 2.011124714283893354e+03 -1.214724734962498951e+04 6.461958925604880278e+03 -5.427298869344774721e+04 -5.328253949810521590e+03
5.028417156080391578e+03 1.909656941899241428e+04 2.029730666781301625e+04 -3.372735588281934724e+03 -3.429042996021855288e+03 -4.976017054320427064e+02 -5.567536336024691991e+04 6.067997527676948266e+02 1.109501425062038379e+03 2.545760833024626208e+03 -4.089869007680110371e+03 -1.385825215805155892e+02 3.067669498638334744e+02 1.549227693864073672e+03 -1.913523115234824843e+02 4.982830124218728088e+03 3.279511230321191306e+03 6.776112254134137629e+02 -1.117881496925633655e+03 -7.141333167813170348e+02
-9.443519450640034847e+03 1.677836543926628292e+04 2.552998619165462878e+04 1.008431488253043540e+03 -2.062123782022547402e+03 -7.874907853860237310e+02 -3.343193992895762676e+03 -3.290376860768338929e+02 -8.604080159872740978e+02 -8.951956949137071206e+03 1.821522705221542856e+04 5.615659020506695015e+03 3.105127110487819095e+02 5.373731501829710169e+02 -3.823641362616658625e+02 -1.496578213582529315e+02 -1.462567601311428007e+03 -5.269150657991606295e+02 8.379263537993750788e+02 -6.959279662594426554e+02
-3.805944984718084015e+03 1.554408459698429397e+04 2.236959637511594337e+04 -3.005540458492530888e+03 -1.031868569899836530e+03 -3.031962394476905729e+02 1.304888478819899319e+03 1.816593321552690213e+03 8.203019841765694764e+02 8.672850401969810719e+02 -2.252401405574946239e+03 -4.751498000768669954e+02 1.107138678136001353e+01 8.555170163757247792e+02 -7.523334028415760031e+02 8.609837075743222101e+01 1.849772234450208828e+02 -2.039035631740495091e+01 1.231724883231697447e+02 1.081218164807386302e+02
-5.631606354989748797e+04 3.612897297929172782e+04 -3.315803362156562071e+04 3.077477036472244072e+04 -2.350451677358998495e+03 -2.707202410402246642e+03 -2.759706583204564367e+02 1.228887352162586649e+04 5.545689128498645005e+03 -3.123538731792925319e+03 6.191206242217383078e+03 -1.185173318831463803e+04 -9.940537938732780958e+02 2.760570550318393543e+03 -2.847918275537209865e+03 -1.400030663950713915e+03 3.126486935828290825e+03 -1.624420837161182362e+03 5.276906859848710383e+02 8.131348264038200568e+02
-2.355240860195222922e+04 2.193236164615536836e+04 8.665838159947419626e+03 7.285925159632833129e+03 2.029555593402915110e+04 3.695059892456538364e+04 -2.855003850428570331e+03 1.738238149874562077e+04 -1.044293770066647412e+05 1.205245788668794739e+04 -2.739934964526057684e+03 -2.279072664404812713e+03 3.417105204766734914e+03 -5.493628701567401004e+04 -6.321604390964093182e+04 -1.701395495984951413e+04 2.027909226414545992e+04 4.439330328294554783e+04 2.264028193609873415e+05 4.520898128988621465e+03
-3.966455855206839624e+04 4.004277252873081306e+04 -2.764818514108385352e+04 3.021814452635611815e+04 -2.518568860387237237e+03 -1.390397749784712460e+03 1.065829210908824507e+03 2.179606550431970027e+04 -7.715927584736374456e+01 2.296039076259996818e+03 -7.038219915489999039e+03 3.218801123894721604e+04 7.627078316751928469e+03 9.049534709763381670e+02 9.339142096810077419e+03 -2.230765941155229029e+03 8.264425584936210498e+02 7.377350336785399122e+03 2.829539054225624113e+03 -1.695132768254810429e+01
-3.899669851322624163e+04 3.506531220562384260e+04 -2.146183478300110801e+04 -3.217770032512496982e+03 5.593718021618479725e+03 2.178886521399269895e+03 1.151076658057319946e+03 3.586826096555520508e+03 -4.068657144753021566e+04 -5.068991431984210067e+04 -2.239884057045980444e+04 -5.875936218143592669e+03 2.594150819382172358e+03 4.784146477015193341e+03 1.967325163329327097e+03 2.804094182275908224e+03 -8.679815820596227240e+02 -7.176702655865356064e+02 -2.965259002789852730e+03 -1.533741367959612262e+03
-1.047309236887226325e+04 1.058516063365918671e+04 1.574747676036155826e+04 2.315729755195075541e+03 -6.996485146143405700e+02 4.985865817112306786e+01 8.134819131490260133e+02 4.216242983048377027e+03 2.920373292244883032e+02 -5.244996424852381551e+02 6.611693567379765000e+02 -5.292626554170875352e+03 -9.120323533411332164e+02 -1.464975484976773078e+04 1.222244902493886184e+04 3.582898458446761651e+03 -8.216896324294714304e+02 1.059324790571358079e+02 1.070076550726594860e+03 3.017403545638325681e+02
-5.167297920570949827e+03 1.137300815742934356e+04 1.545370699406302083e+04 1.571854449868856318e+04 -4.018164795594338557e+03 -2.743250120860649076e+03 -4.221864513140714735e+03 -2.475206778443295843e+04 -3.882920370707380243e+03 -1.460180899840310758e+03 3.129545839281308872e+03 3.605935382254090200e+03 3.975766776685158987e+01 -7.324826829612075016e+02 1.178008767956558131e+03 -9.029155694128061214e+02 1.315385598071583900e+03 1.016441496720958071e+02 3.873345440226935352e+02 3.265452515969019260e+03
-7.430964076998669952e+03 1.667452056404286486e+04 2.603819498372306407e+04 1.409632049297588674e+04 7.382093089387964937e+03 1.425309089961040590e+05 1.119302993624354940e+03 1.088000734592963636e+04 -8.548002133675295045e+04 7.162875003975283471e+04 2.877392203483276535e+04 -3.009534800486153836e+04 7.895320058629239384e+02 7.360555293960741255e+04 7.176416760219197022e+04 9.764730747908909052e+02 8.729177518955359574e+02 -5.681958510915508668e+03 -1.014848555999339806e+04 8.804474320831022851e+02
-3.937153958005670574e+04 9.400567375560967776e+03 2.847170868239002084e+04 -7.704187854615644937e+03 -4.774978464673319650e+03 6.019810164568498294e+02 -9.283654984462929133e+04 9.804378563949621821e+03 -1.180067871268931231e+04 -9.444628457886306933e+03 -3.087097540681488681e+04 -2.959314100704528391e+04 -1.036357618702884065e+04 -4.091347559392800031e+04 4.181658393500300735e+04 -5.402395853004803648e+05 -4.130519698641552241e+05 -2.224136468164363396e+04 -2.088010960122930919e+04 2.494672799212529208e+04
-4.332376167140884354e+04 4.873417784566304908e+04 -1.491819379816078981e+04 1.183625997982947010e+05 3.774330498322490166e+04 3.272267325405126940e+03 -6.657788197464812583e+03 1.238686921783806029e+05 -1.073264803249460820e+05 -3.239254324847713360e+04 -1.485637644755731453e+05 4.946661070626931614e+05 -2.562450987102032639e+06 7.993945496745551645e+04 8.424003479697836156e+04 3.541244295918357238e+04 9.498511284400306977e+03 -2.362886442389662261e+04 3.937337699184878875e+04 -6.968172246985540551e+04
-4.642430987521816132e+04 1.262058146170593136e+04 -1.489466415371561743e+04 1.485310096882286052e+04 5.229594527003364419e+02 7.864271895957035952e+01 -8.859917811096230480e+02 1.766254458245273781e+04 -1.153370333030189067e+04 -1.107612323008576095e+04 -1.144745084928774668e+04 5.085202129412725481e+04 -3.554592968990616500e+05 1.423681213888706043e+04 1.032531327677989611e+04 -9.200706691267407678e+01 1.194895349052356687e+04 -4.136270348621467747e+03 1.026388967557384240e+04 2.859103910837546536e+01
-4.837312190781839308e+04 -1.508413322305646943e+04 6.340494536812765318e+02 -1.226687212464746835e+03 2.179271402988711941e+02 2.779119534523626385e+02 -9.223665236157540903e+02 2.894783362308908181e+03 -1.590871555772044667e+04 -2.506575288206604819e+04 -1.208358960874117656e+04 -3.714990768567015493e+03 1.060817623766248516e+03 5.791972333957860428e+03 3.360591537007031548e+03 4.697276508753533562e+03 9.653631663372017329e+02 -8.877976001818398117e+02 -4.763056658587920538e+03 2.753205906474220797e+02
-1.890704710196026645e+04 1.223067940025661483e+04 1.277614697257244734e+04 5.509351909865839843e+03 -1.300107530860041152e+03 -7.146529073348618795e+02 -1.250079898621244502e+04 6.623725342033752895e+03 2.989778112029957242e+02 -3.346053196673959519e+03 -1.814174326824788750e+03 -1.171062149047119601e+04 -1.587293761565331351e+03 -1.251508125777215810e+03 2.364330756700047459e+03 -5.409318016622730283e+03 9.866785829795437166e+03 1.620881364274462612e+03 -4.792773480681846650e+02 -1.989865766267962954e+03
-2.090807003298712880e+04 1.066914386485004434e+04 2.151162957591526720e+04 4.390405571010496146e+02 2.917371992061785932e+03 1.461041995788909662e+04 7.346527099691238618e+02 1.379379365222128581e+04 -3.218355585142423661e+04 1.984755638490269121e+04 -6.077115607586384840e+02 2.293675054058701426e+04 6.665996700225996392e+03 -3.022304655863654989e+04 1.125375178413546018e+04 -4.778366562453223742e+04 7.494683350185207382e+04 -1.136855553795930609e+05 -2.042325418609485496e+04 -1.416895264937281809e+03
-2.298405038523047915e+04 4.707200269904436027e+03 9.908316626780300794e+03 1.770718669745494708e+03 -9.335781344633517165e+02 -4.614953331532335028e+02 -1.262311623791263810e+04 2.909618423890524355e+03 -2.007597167539315478e+03 -3.032644976703124485e+03 -6.983343516335487038e+03 -7.186284809056268386e+03 -1.855629841750520200e+03 -5.310564616133270647e+03 5.942692006932375079e+03 -3.516065141307786689e+04 -2.371993384296519798e+04 -1.319566471780509858e+02 -6.545261162809963480e+02 -1.648512319728592672e+02
-9.045574359854301292e+03 2.509472781560665680e+03 6.052602049672834710e+02 8.564211321167173082e+03 -5.749691222825023260e+02 -1.042737895624301245e+03 -5.479558260491886585e+02 2.337874444150976615e+03 2.716819043223619701e+03 -5.838273971440328751e+03 9.895888114277091518e+03 -2.375673958914054310e+04 -4.361648984331932297e+03 -3.282483414749741769e+03 -9.360360308197105041e+02 -2.595746211705441965e+04 3.979367801747012709e+04 2.336766508746085674e+04 -3.981866910769650531e+03 -2.856470254596074483e+03
-2.165300409977543677e+04 2.023736926671517722e+04 2.517060234481330554e+04 4.747982505918673269e+04 8.814834810591391943e+03 6.054308469245400192e+04 -3.003102867043227889e+03 5.789798274297915486e+04 -1.827300432664918189e+05 9.609888120254257228e+04 3.822818139346693351e+04 3.158593009308754699e+04 -5.364285358298337087e+03 -1.560532430979706987e+05 -1.665751834928165772e+05 2.612894864032471014e+04 -3.941394563470882713e+04 4.692617222299194691e+04 -1.274192006480659766e+05 -4.186362091392883485e+03
-4.845999768929906713e+04 -1.540962169993309362e+04 9.290157004511235073e+01 -1.427175792138142242e+03 3.770020319648906337e+01 1.418535644779666995e+02 -7.655353877769618975e+02 1.713934388278013557e+03 3.736072126740050976e+02 -3.177918854974654437e+02 5.602652299967433009e+02 1.656309058514209482e+02 -4.114239336416053447e+02 3.649355268051018584e+02 -1.307062289856114319e+02 -2.734310420835669220e+02 2.950907490406892748e+02 -6.735857874120908946e+02 2.397902551982747070e+02 2.133375731645512496e+04
-2.911486701600536253e+04 3.653983992449308425e+04 -4.904849949526131240e+03 2.739232079347618492e+04 -2.288708088021994627e+03 5.624511011933600457e+02 3.415953755338190149e+03 4.243668583384665544e+04 -1.942037400894496750e+04 1.236762052673873995e+03 -3.520484728121942317e+04 1.363359469578772550e+05 2.917480266019107148e+04 -1.259428317978455016e+04 5.478246446948629455e+04 -5.258772828366493923e+04 6.598745947900980536e+04 2.753488055806069679e+04 4.335550403379740601e+03 -4.115922046550237610e+03
-2.643763552898166745e+04 3.733526593055090052e+04 6.763889405942482699e+04 1.420863090887261205e+05 4.313969502724552149e+04 1.271015833814267302e+06 -1.308669935687625548e+04 9.499174306960003742e+04 -1.141569845409028232e+06 9.370813689726606244e+05 4.408323173746695393e+05 -4.719446091059840401e+05 1.800154699702349899e+04 1.400029016413799254e+06 1.067892005748613970e+06 -4.399176234783912514e+04 -1.709472291622325429e+04 1.811669281306827033e+05 1.144675960023254156e+06 7.039145206546309055e+04
-4.671644323815371172e+04 -8.833421144162351993e+03 -1.316056677328759406e+03 2.173438275559758767e+04 -2.098462895800227670e+03 -2.010084638459700955e+03 -3.622622482187003243e+03 1.541245215691823978e+04 5.479739826316339531e+03 -2.392003593591393837e+03 2.052666039841050406e+03 -2.516322868954957357e+03 3.772502049914236977e+03 5.133511418345481616e+03 1.713029432046041165e+03 1.643663608952853610e+04 -2.328164593565207542e+04 -5.591206601450366725e+04 4.843004162574758811e+04 -1.023217144902201107e+04
-1.636851717304193517e+04 1.728942415423864441e+04 3.224792621828879783e+04 2.771376774574428055e+04 2.276027846861451108e+05 -6.255865905553476296e+03 -4.610109421843749260e+03 -3.952452618400744996e+03 3.079693138582954816e+03 1.882323596433156354e+03 5.896456073421542214e+02 1.000477920767474075e+03 5.906599660826659601e+02 1.041626326162026771e+03 2.292670610692279922e+02 3.540969348057055299e+02 -4.171918047586398757e+02 6.189766868102037023e+01 -1.515398091157969247e+03 1.104779161043364724e+02
-1.088619993337642154e+04 1.317526386142097545e+04 2.117236603755645046e+04 4.041711014244255239e+03 -5.259441840792405856e+02 6.075108892591435506e+03 3.246665308080391696e+03 1.386471470263609990e+04 -1.657775357397400148e+04 1.271832615328546672e+04 8.999109552614088898e+03 -3.711002903894228075e+04 -5.679937055062570835e+03 -1.089361498368091707e+05 1.247252232001722587e+05 5.592142791276628122e+04 -1.657627994533282981e+04 7.314047632459643864e+03 -4.732871350326958236e+03 1.832988135824754863e+04
-2.408353520905942787e+04 2.579935649114631451e+04 1.720750631250813240e+04 3.007831917064302615e+04 3.844381309111721930e+04 1.772545793926037150e+05 -1.497249808001800557e+04 4.701581304711106350e+04 -3.750193786442371784e+05 1.005736153573317715e+05 1.134389659765550641e+04 -5.551949107928518788e+04 9.012998884525477479e+03 -8.348932941851794021e+04 -2.088926535841066798e+05 -3.495527787190514937e+04 4.522400412553704518e+04 8.404869804076000582e+04 6.602044144220043672e+05 2.213392217059195900e+04
-3.770983126473466837e+04 5.487385780222576614e+03 1.397230955163091676e+04 2.078126879706950422e+04 7.888132223667610560e+03 5.041418500662119914e+04 -7.442846384545428009e+02 4.519229222614926402e+04 -1.758634299516984902e+05 8.380269460526382318e+04 2.220801421463676525e+04 2.007865925857896218e+04 1.205491776937907707e+04 -3.255078927226952510e+05 -2.339856602635043964e+05 -4.201601559623531066e+05 7.102285857723297086e+05 -2.104463607909047045e+06 -2.177633794808288221e+05 5.090580878107423814e+03
-1.556920174538574065e+04 1.049689940908655444e+04 -1.638747412775046769e+03 6.257454103600501548e+04 -6.975287625772572937e+03 -3.215129744711117382e+03 -6.101352547129861250e+02 1.146721267597928272e+04 -1.038265734348567690e+02 3.662644569687599414e+03 -5.753273916694682157e+03 5.033604802199578444e+03 -2.492822176823048608e+02 1.615440006606425641e+03 -3.286059423828610761e+03 3.557864976453196959e+03 -4.152681027569826256e+03 7.807593210057762008e+02 -3.040199470063523222e+03 5.529007978672669879e+02
-1.335784412477532715e+04 5.392653224570921338e+03 2.971616937562581370e+03 1.905387220489508036e+04 -2.967550780421677700e+03 -2.583561633666754460e+03 7.440411009900009276e+02 -2.025390919334140199e+04 -1.802770929451634174e+03 4.385586316204738068e+03 -5.493329614280697569e+03 -1.757388606066574312e+03 4.256477700449543704e+02 -5.472627718535205531e+03 5.260608814052413436e+03 2.075946158333256335e+03 -5.314070374452279793e+03 -3.959156515725744612e+03 6.026868224275362991e+03 -8.006412039263303450e+04
-8.987190846845369379e+03 1.219151922102396202e+04 1.910683044287562734e+04 1.234473440702593962e+03 -1.015929317768584724e+03 -4.669335675724229873e+02 1.437503879065308638e+03 2.263117724511032975e+03 -3.668550955730534042e+02 -5.788442816974607013e+03 1.140845457523261575e+04 2.470873246836368708e+03 1.043937870744789649e+02 -3.983802736979134238e+02 1.038163247616796347e+01 -5.069775217435667969e+02 -1.191286955204147262e+03 -2.577255899911968982e+02 5.686528943088934511e+02 -1.046841027197190897e+03
-6.123808013645612846e+03 1.452197878229301386e+04 2.339801625839413464e+04 1.203858593737063757e+03 -1.123478296977965101e+03 2.269313646122562568e+04 5.795121247361045789e+03 3.890587748230334910e+03 -1.023366601681119755e+04 6.491339803127597406e+03 1.208471780842006774e+04 -1.162702616410306291e+03 -9.502147341604151620e+01 8.841464197955194322e+03 3.430314332171240039e+03 2.298830402218606196e+03 -5.723562785477638499e+03 5.060810454922578174e+03 -2.027084783811573652e+04 -2.315841838285071844e+03
-2.572492274859163808e+04 2.325388719248694906e+04 4.001664117772556347e+04 8.200699162569141481e+04 1.059094913600616746e+04 6.666301649364248151e+05 -3.383042574800510920e+03 2.358932082519509640e+04 -2.161405550294337154e+05 1.711284701467357809e+05 7.386980384584928106e+04 -5.336996622906235280e+04 3.287133002249614947e+03 1.596145089487663936e+05 1.263807101158846926e+05 -1.509401849087449409e+04 1.568896845440872312e+04 -3.041161543986927063e+04 -1.140859943549422678e+04 -2.782786735252360586e+02
-4.586432023880355700e+04 -1.191914361341627591e+04 6.037153966927228794e+03 6.474147941556185287e+03 6.257933191574817465e+04 -1.691474413193014698e+03 -2.462117077828661422e+03 -5.436469526825924277e+02 1.886793929454401919e+01 -9.019882708858804108e+02 -4.564710643815757294e+02 4.066691986541965775e+02 -1.068545127673955903e+02 5.801903365363588136e+02 -3.109030060451408417e+02 1.054359243759561622e+02 9.355048786758028712e+01 5.739937152516236551e+01 5.593245593204746910e+02 4.170869290855291638e+02
3.408589992052080220e+02 6.682437985250842758e+03 1.033252891835018272e+04 1.439994672312863804e+04 -3.183100571729962667e+03 -2.379713181089305181e+03 4.952723509122750443e+02 -2.369859502824535957e+04 -3.740073049232684752e+03 1.058723293292885501e+03 -2.193724485889099014e+03 1.786761879411544214e+03 -5.384754594080560963e+01 -1.532230988808468510e+03 1.615090460892852661e+03 -1.143066572119570765e+03 1.304289839895204295e+03 5.174795662307010389e+02 1.663945349093422976e+02 2.035225933803417320e+03
-2.264715858421717348e+04 8.427633503899902280e+03 -4.234490281168888032e+03 4.500602009977160196e+04 -4.864659398774336296e+03 -4.132965707034275511e+03 -7.121153371884946637e+02 5.303241542378972554e+03 3.274276440201464993e+03 -1.441208029525318125e+03 1.510071320906190067e+03 -8.357446283138859144e+03 -6.081647782936414615e+02 2.012159404639685818e+03 -2.126731703760342043e+03 -3.058274937536342577e+02 1.480368923529411859e+03 -1.015194005012669777e+03 -9.281748911280573111e+01 4.090631392108738851e+02
