-2.129629399981396637e+04 1.326138434517175847e+04 1.357225458284136039e+04 8.609788822939623060e+03 -1.510362128836201009e+03 -1.038694237536064520e+03 -4.246875619838948296e+03 6.641528868186544059e+03 1.242697152638152602e+03 -5.883740489578293818e+03 7.229037439832891323e+03 -9.009154796586062730e+03 -1.499509657566174383e+03 -1.366522505085930106e+03 1.261688335185514461e+03 -4.460092849781548466e+03 6.758024358747913539e+03 9.073707476427460961e+02 2.223179939474620426e+02 -1.061400760657723595e+03
2.097417835626035594e+04 -3.083688951855945561e+03 -3.383865700994421786e+03 -4.293201332309827194e+02 1.626581119572514069e+02 9.530541265126497308e+01 -9.630124497326151811e+01 2.136156339644762170e+02 5.136127077765156201e+00 -4.407648800301924297e+01 1.117851102726965138e+02 3.971827351071780043e+01 3.996249110271365534e+00 7.561789830583537153e+00 -7.726304966049654332e+00 8.521067353618501983e+00 -3.264042892832404874e+01 -2.454475349317633004e+01 5.388157080926750275e+00 1.564399466437472519e+00
-4.937478108556941152e+04 -1.552612373290164578e+04 1.424168408142209614e+02 -1.205422443816919440e+03 -5.602384387292642742e+01 7.447848941998829275e+01 -3.968988138383256796e+02 -4.001022151747500644e+00 2.795897371615845941e+02 3.839615491800343534e+02 -6.747600131470949059e+00 2.590043145005124643e+02 5.503686892117289631e+01 9.362607806679218925e+01 -6.273649470164439634e+01 1.084622329215863346e+02 5.910324696024478186e+00 9.158031682264592632e+01 -1.200057404783276382e+01 -6.522636937238833070e+02
-4.262715925242631783e+04 3.583446498632816656e+04 -2.623150696832824178e+04 -5.084182788521619841e+03 9.105757751976868803e+02 4.959503136743348932e+02 1.724967253394528598e+03 -2.203165291405227890e+03 3.102526862274496580e+02 8.472867528978135852e+02 1.115748090598765202e+03 -9.690457468442681943e+01 -1.502160128959892518e+02 -5.294798130105580185e+02 8.050502001819364040e+00 1.392344605216833031e+02 -3.301066217218549923e+02 -7.301496777282403627e+01 -1.416535179534535303e+02 -7.900995487955754015e+02
-3.807326087080567959e+03 1.554327169709027476e+04 2.237053664060314622e+04 -3.005799507079959312e+03 -1.031642890924256790e+03 -3.031804470769632189e+02 1.310419789623118731e+03 1.817036105621645902e+03 8.203323065439404900e+02 8.667976851461713750e+02 -2.251888065093232399e+03 -4.752084540552712610e+02 1.101387981115900416e+01 8.559448790601761630e+02 -7.527341435718236653e+02 8.597323200420693468e+01 1.852427689410631046e+02 -2.027183667759171826e+01 1.228778982387231906e+02 1.118932107310760813e+02
-2.257276674120178359e+04 8.400304870466550710e+03 -4.368520773385637767e+03 4.540919995482270315e+04 -4.911801623953781927e+03 -4.163744312320896825e+03 -7.421836157469649606e+02 5.278597141132237084e+03 3.277414950769963070e+03 -1.420329488346011885e+03 1.465150748545870783e+03 -8.348691147872355941e+03 -6.053441645913803768e+02 2.033374986442111322e+03 -2.136754089645407930e+03 -2.887092478952604893e+02 1.462865653186427835e+03 -1.024699391161732819e+03 -9.551990545176879266e+01 4.157645002421423897e+02
-1.564355983570645731e+04 1.496367155917337186e+04 2.631165070204525182e+04 1.987639072310277697e+04 1.561801382140241330e+05 -4.760896366825928453e+03 -2.814447542370116025e+03 -2.035990779051772051e+03 2.210698847589649176e+03 7.355419693436569162e+01 1.551070557085980681e+02 2.806271999756808100e+02 2.147695056928539543e+02 5.361499959696121778e+02 3.263696444539818344e+02 6.141728302079204127e+01 -7.513263839520794818e+01 -6.962685523155778355e+01 -2.316930357851312010e+02 -9.199806952990888576e+00
5.249178340875521826e+03 2.287886236417408509e+04 2.369007073125838360e+04 -4.409025918916248884e+03 -4.002114690025368418e+03 -5.103567176517487383e+02 -6.260363777280285285e+04 7.054130337333149328e+02 1.185887564024887524e+03 2.641295188464782314e+03 -4.134443571438854633e+03 4.354660986770361575e+01 3.434259959175968220e+02 1.817058253257424667e+03 -3.350412305316093011e+02 5.154036117066083534e+03 3.258683273001560792e+03 6.183846096912474195e+02 -1.171273085799331739e+03 -6.106090976257892180e+02
-2.589315924004955014e+04 3.815286730347536650e+04 6.444176500637544814e+04 1.475341526225479320e+05 1.312032998629080066e+04 1.276258929124878719e+06 1.126405598942978941e+02 -1.379949596707853743e+04 -4.871347909541904664e+04 5.954987557764834492e+04 3.894852959848543105e+04 -2.437973324487754144e+04 8.831116357292268049e+02 1.089189789694205247e+05 7.453525230501782789e+04 2.011124714283893354e+03 -1.214724734962498951e+04 6.461958925604881188e+03 -5.427298869344772538e+04 -5.328253949810520680e+03
-4.543816795729827390e+03 3.768378030127212241e+03 5.939766069289193183e+03 8.912147784378415963e+03 -1.820450180822320362e+03 -1.351728048717076263e+03 1.729761614033495789e+03 -8.741217304146446622e+03 -6.660437949990974857e+02 1.460950603574442084e+03 -2.010424462694455542e+03 -1.303183847124817021e+02 -3.072947431056423184e+01 -2.563883294599600049e+02 1.359427904142262094e+02 -3.697292668260215720e+01 8.064191211863393960e+01 1.687656479582269355e+02 -7.622318516987928660e+01 -1.169345762129340528e+03
-2.514075241464172723e+04 4.909205930861767411e+04 -7.710138587404359896e+03 -9.631941424152744730e+03 -5.032038896697949326e+02 4.470175345065367196e+02 -5.710295204900526187e+03 -5.062700219294544581e+02 8.094753342687631630e+02 2.232507205004314073e+03 -2.562139166267138535e+03 2.905328272389002109e+02 3.269499158988790555e+01 9.286904364978129252e+02 -1.004533159680772883e+03 6.098291145729164100e+02 -4.290524392337839572e+02 -4.086367239681116530e+02 -6.082212991829312898e+01 4.335133093850302544e+02
-3.390361032988087391e+04 7.461490853905177210e+04 1.565464070198635163e+05 6.688038500037605409e+05 9.269461209923577553e+04 7.429178814210163429e+06 -7.226347487304396054e+04 -6.452495208701075753e+05 2.697222315995696001e+06 -1.839428319571936736e+06 -9.099011106334049255e+05 4.952719504703676794e+05 -1.449154183666315657e+04 -1.352397542225514771e+06 -1.006791201424730825e+06 1.677897437323605482e+04 5.029670213864884863e+04 3.157114726211919697e+04 3.748489633779013529e+05 3.634773474928404903e+04
-3.944615075057548529e+04 3.949240504387723922e+04 -2.751016115480472945e+04 2.536793218655256715e+04 -1.977433979888579415e+03 -1.578570875840435519e+03 1.103756454043919803e+03 1.982755331144701995e+04 5.229547842205475945e+02 1.366890665181052327e+03 -5.841792852674328969e+03 2.994932550474642630e+04 7.759444424761036316e+03 9.109296875436905339e+02 9.843801335891110284e+03 -2.763917942046723510e+03 1.488905790478037488e+03 6.771146408036550383e+03 3.635305219171279532e+03 -1.255483537655595399e+02
-9.264444197293518073e+02 7.764318191195828149e+03 1.151716258769499291e+04 1.470045208552558870e+04 -3.375656108519777263e+03 -2.463389768066778743e+03 -5.917475166219772973e+02 -2.394484050381921770e+04 -3.774062783692856556e+03 4.767980741236528957e+02 -9.636253194866453669e+02 2.210301202334384016e+03 -3.181350930533393750e+01 -1.347298968423572205e+03 1.514238917815755485e+03 -1.086722369001680136e+03 1.305565630109451149e+03 4.211112768879385158e+02 2.174226515587682798e+02 2.320394794852438736e+03
-9.100919831843035354e+03 1.675562195880703439e+04 2.569152093043517743e+04 7.717414058416787839e+02 -2.048312296609107307e+03 -7.648652051390237148e+02 -3.329371664850571960e+03 -4.446674634689183563e+02 -9.223936270916403828e+02 -8.884328255677806737e+03 1.809739496769258039e+04 5.828858572971998910e+03 3.443795608720993755e+02 5.109649026351709722e+02 -3.436657530831843133e+02 -7.721964957186668244e+01 -1.584607189484330547e+03 -5.410391670782986466e+02 8.410108190271697595e+02 -7.054626017646542095e+02
-3.899669851322623435e+04 3.506531220562384260e+04 -2.146183478300110801e+04 -3.217770032512495163e+03 5.593718021618480634e+03 2.178886521399269895e+03 1.151076658057319946e+03 3.586826096555520053e+03 -4.068657144753021566e+04 -5.068991431984210067e+04 -2.239884057045980444e+04 -5.875936218143592669e+03 2.594150819382172813e+03 4.784146477015193341e+03 1.967325163329326870e+03 2.804094182275907770e+03 -8.679815820596229514e+02 -7.176702655865356064e+02 -2.965259002789852730e+03 -1.533741367959612489e+03
-9.045574359854303111e+03 2.509472781560665226e+03 6.052602049672834710e+02 8.564211321167173082e+03 -5.749691222825024397e+02 -1.042737895624301245e+03 -5.479558260491887722e+02 2.337874444150976615e+03 2.716819043223619701e+03 -5.838273971440328751e+03 9.895888114277091518e+03 -2.375673958914053583e+04 -4.361648984331933207e+03 -3.282483414749742224e+03 -9.360360308197105041e+02 -2.595746211705441965e+04 3.979367801747011981e+04 2.336766508746085674e+04 -3.981866910769650531e+03 -2.856470254596074483e+03
-1.029061919769723681e+04 1.057556481822448950e+04 1.583499749079604589e+04 2.190607019925093937e+03 -6.926197951542316105e+02 5.486086109398544863e+01 8.190509190160979642e+02 4.159516725793888327e+03 2.552992602450839001e+02 -4.854548946958506690e+02 5.992204166668713015e+02 -5.181113296774008631e+03 -8.939010702745659955e+02 -1.466452465920072245e+04 1.224215632691596693e+04 3.621688226694315745e+03 -8.868596090764224300e+02 9.904312734769558801e+01 1.069375110686074777e+03 2.961249422046975610e+02
-2.017512809917118284e+04 1.061202587802486050e+04 2.187239421868021600e+04 -1.704033470780727910e+01 3.035236544830616367e+03 1.469043164664064534e+04 6.394920086802413834e+02 1.254038083099508731e+04 -3.170452983855799175e+04 1.988339030308759538e+04 7.278625782861374773e+02 1.738870949188197483e+04 5.437158145900713862e+03 -2.983935050435879748e+04 8.678020703171750938e+03 -4.523391084584669443e+04 7.170089963834911759e+04 -1.146617122205499036e+05 -2.065749491612784914e+04 -1.205202679790892034e+03
-2.167860636990320563e+04 2.025583358000190128e+04 2.520692955259805603e+04 4.749198215730758966e+04 8.891947860891770688e+03 6.073787725879605568e+04 -3.011764126796269920e+03 5.802405074599313957e+04 -1.832934375170957646e+05 9.640354322395923373e+04 3.841293327143844363e+04 3.164823417081935986e+04 -5.378163419804980549e+03 -1.565431554177792277e+05 -1.670825712136294751e+05 2.621873018577217226e+04 -3.955337558413220540e+04 4.709164554354677966e+04 -1.279300545699638024e+05 -4.209663697822220456e+03
-5.631983209323791380e+04 3.613006740471978264e+04 -3.316429958945075487e+04 3.079440609839094395e+04 -2.352387487426523876e+03 -2.708885067234581584e+03 -2.758567070195724682e+02 1.229426638083484977e+04 5.547619300551536980e+03 -3.123451864586756074e+03 6.190404001486608649e+03 -1.185384772506424815e+04 -9.933679675485390135e+02 2.762414538620691928e+03 -2.849228420453818671e+03 -1.398025524422223043e+03 3.124376720021808978e+03 -1.624453412989418439e+03 5.270582617882193972e+02 7.931307527354994136e+02
-4.645939692685379850e+04 1.237415228688542265e+04 -1.488224770073667787e+04 1.418553674896762277e+04 5.293432637753512608e+02 5.130675542432747704e+01 -8.659685498892589521e+02 1.710691853952979000e+04 -1.098211432838973815e+04 -1.083317968393954834e+04 -1.072440386682065764e+04 4.895792450939941045e+04 -3.465974007560402970e+05 1.392380697230854639e+04 1.002880108035108242e+04 -3.162778919333267140e+02 1.199649545171639875e+04 -4.091029816229664448e+03 1.024167512084914415e+04 3.109909646477283900e+02
-2.357973698137009342e+04 2.213168240127365425e+04 9.095586911058037003e+03 8.362150157613139527e+03 2.141982638830305223e+04 4.268245387439520709e+04 -3.608363684239475333e+03 1.909696696275541035e+04 -1.197225425014619977e+05 1.649075360942386396e+04 -2.284943244844026140e+03 -5.160468385109771589e+03 3.738913189768247776e+03 -5.765547525549554121e+04 -7.276989581578338402e+04 -1.805060686426645407e+04 2.174476544557616216e+04 4.689438204987750214e+04 2.525832097703454492e+05 5.581249781309382342e+03
-2.934984718489590523e+04 3.529005710724370147e+04 -3.879417226382005083e+03 2.623539799578597740e+04 -2.117943156101464865e+03 1.142999349611211073e+03 3.379084131779643940e+03 4.211164994506248331e+04 -2.047671812007623157e+04 1.973260644185449564e+03 -3.474730530785872543e+04 1.360140843644626148e+05 2.927954929274405004e+04 -1.380848875477679030e+04 5.531747340678847831e+04 -5.499332642076654884e+04 6.981986002754280344e+04 2.113884719025416416e+04 3.440113136621357171e+03 -4.255554858777674781e+03
-3.937153958005670574e+04 9.400567375560967776e+03 2.847170868239002084e+04 -7.704187854615644028e+03 -4.774978464673319650e+03 6.019810164568498294e+02 -9.283654984462929133e+04 9.804378563949621821e+03 -1.180067871268931231e+04 -9.444628457886306933e+03 -3.087097540681488681e+04 -2.959314100704528391e+04 -1.036357618702884065e+04 -4.091347559392800031e+04 4.181658393500300735e+04 -5.402395853004804812e+05 -4.130519698641551659e+05 -2.224136468164364123e+04 -2.088010960122930919e+04 2.494672799212529208e+04
-4.836611222231323336e+04 -1.507941174408299048e+04 6.369602980794704763e+02 -1.227033585779325676e+03 2.177946743718431435e+02 2.778291126388024850e+02 -9.225264428398301106e+02 2.894514959941590860e+03 -1.590741046387051028e+04 -2.506357372967812262e+04 -1.208316318172669162e+04 -3.714528735267298998e+03 1.060357622135722522e+03 5.790758334381257555e+03 3.360679069846683433e+03 4.696818567741378502e+03 9.649464960962425266e+02 -8.876892069097038984e+02 -4.758823742501139350e+03 2.749689324110832445e+02
-2.298277204448335033e+04 4.703014925652918464e+03 9.910852958239436703e+03 1.768815590303919407e+03 -9.333613980942504895e+02 -4.613843414648159751e+02 -1.262342947590139374e+04 2.907804769479018432e+03 -2.007366638200414400e+03 -3.032366194221174737e+03 -6.983607816208164877e+03 -7.191566761841690095e+03 -1.856796926333262491e+03 -5.310762145659919952e+03 5.941237983229807469e+03 -3.516017902321350994e+04 -2.372024152795497139e+04 -1.330750615075968142e+02 -6.550513787998007729e+02 -1.648843443857837201e+02
-3.059851927086214346e+04 -4.144040774824897966e+01 1.033707025742435326e+04 4.106143462976668161e+03 2.450138947417574116e+02 1.635792324335077137e+04 -3.549366787856060910e+03 9.513476912342839569e+03 -3.752818521150622837e+04 1.388183667388764843e+04 2.126486927088761604e+03 -1.503413083121250111e+03 -5.609847799712636061e+02 -2.256168115655076690e+04 -2.688096770132507299e+04 -1.282643282810553501e+03 1.497392345754267353e+03 -1.955682344934550656e+02 3.831952366332418023e+03 6.691980212515259154e+02
-7.430964076998668133e+03 1.667452056404286122e+04 2.603819498372306407e+04 1.409632049297588492e+04 7.382093089387964937e+03 1.425309089961040881e+05 1.119302993624354940e+03 1.088000734592963636e+04 -8.548002133675293589e+04 7.162875003975284926e+04 2.877392203483276171e+04 -3.009534800486153836e+04 7.895320058629240521e+02 7.360555293960742711e+04 7.176416760219197022e+04 9.764730747908907915e+02 8.729177518955359574e+02 -5.681958510915508668e+03 -1.014848555999339987e+04 8.804474320831023988e+02
-3.190670297275927169e+03 1.113922053506413067e+04 1.776488634667035876e+04 -2.085424381623237878e+03 -7.264759037343515047e+02 -2.643926759207760711e+02 4.518283110943973952e+03 1.206534713029460818e+03 6.484040412527302806e+02 8.506730047115321440e+02 -2.301228607306799859e+03 -6.101234008631702181e+02 -4.087939182885383715e+00 9.831398609380008793e+02 -8.238416458279029939e+02 -1.772154098423347079e+01 2.274945089682022683e+02 9.790839278295113957e+01 -5.010323848511976763e+01 8.971717255743142516e+01
-1.636851717304193335e+04 1.728942415423864804e+04 3.224792621828879419e+04 2.771376774574428055e+04 2.276027846861450817e+05 -6.255865905553476296e+03 -4.610109421843749260e+03 -3.952452618400746360e+03 3.079693138582954361e+03 1.882323596433156126e+03 5.896456073421542214e+02 1.000477920767474075e+03 5.906599660826659601e+02 1.041626326162026999e+03 2.292670610692280206e+02 3.540969348057055299e+02 -4.171918047586398757e+02 6.189766868102037023e+01 -1.515398091157969247e+03 1.104779161043364724e+02
-1.554682108562086614e+04 1.049932853180907114e+04 -1.630177201359445689e+03 6.259614082124664128e+04 -6.978113388198947177e+03 -3.213034588429149608e+03 -6.092533644037515614e+02 1.147617216093557545e+04 -1.106350461940851773e+02 3.672978033292317832e+03 -5.768914060174652150e+03 5.062068132685531054e+03 -2.472362310325647741e+02 1.614041078527565560e+03 -3.286429640182270759e+03 3.567104997073515733e+03 -4.166855455282138792e+03 7.825680712662499445e+02 -3.044446626474168625e+03 5.521758517462774307e+02
-4.846143046100319771e+04 -1.541191162304449244e+04 9.204404173920407572e+01 -1.428730800216378157e+03 3.773422671002192885e+01 1.420356673011563942e+02 -7.657594617559703920e+02 1.713158678275969578e+03 3.733138834539571462e+02 -3.174981883200881043e+02 5.600808195808607479e+02 1.660028830549154577e+02 -4.114115110946200389e+02 3.644824448965243846e+02 -1.303770431137458274e+02 -2.738410248124687882e+02 2.951105427952161335e+02 -6.729327861271192432e+02 2.387031852718614005e+02 2.133449510371316137e+04
1.290629776784408023e+03 8.971564387072148747e+03 1.045647304115914631e+04 4.173334391696786838e+02 -1.836010219471245364e+03 -5.118650532546455452e+02 -3.524773841513783555e+04 9.728853811162185821e+02 7.619559764492734075e+02 1.607174185753756774e+03 -3.921280948862705372e+03 -1.888791017074572892e+03 8.791276692909069368e+01 8.257790535792977380e+02 3.748656737658466795e+02 3.841613304613449600e+03 3.785997401243851982e+03 8.825650354010331284e+02 -1.077503338785212009e+03 -1.366268670864302067e+03
-4.139254975734923937e+04 4.481058145175516984e+04 -2.854226595469416134e+04 7.265649193703857600e+04 -7.073855572616131212e+03 2.771791647340889426e+02 7.187977792358436773e+02 3.904259759137638321e+04 -5.396441798498382013e+03 1.049476324803692660e+04 -1.760507837311280309e+04 5.206110705263497948e+04 6.487869914161293309e+03 8.171958282758363339e+02 4.896995088240258156e+03 2.410814208178956505e+03 -5.048168551221263442e+03 1.307679159983052523e+04 -4.270657836264222169e+03 9.750236956541780273e+02
-1.088619993337642154e+04 1.317526386142097181e+04 2.117236603755645410e+04 4.041711014244255693e+03 -5.259441840792405856e+02 6.075108892591435506e+03 3.246665308080390787e+03 1.386471470263610718e+04 -1.657775357397400148e+04 1.271832615328547035e+04 8.999109552614087079e+03 -3.711002903894228075e+04 -5.679937055062569925e+03 -1.089361498368091707e+05 1.247252232001722587e+05 5.592142791276630305e+04 -1.657627994533282981e+04 7.314047632459643864e+03 -4.732871350326958236e+03 1.832988135824755227e+04
-4.294209999004137353e+04 4.663562243543785007e+04 -1.541114752016290186e+04 1.107845237226321333e+05 2.507904275969111404e+04 3.310276319178069571e+03 -5.541459717901100703e+03 1.108768933776301710e+05 -9.764297773718810640e+04 -3.508579293691056228e+04 -1.320212215596504975e+05 4.231233154571938794e+05 -2.184216901469569653e+06 7.066311574326612754e+04 7.156111954620771576e+04 3.262321622631782157e+04 8.397799584997252168e+03 -1.895603453860760783e+04 3.056620159365318978e+04 -5.783508163028805575e+04
-2.643763552898166745e+04 3.733526593055090052e+04 6.763889405942482699e+04 1.420863090887261205e+05 4.313969502724552149e+04 1.271015833814267302e+06 -1.308669935687625548e+04 9.499174306960003742e+04 -1.141569845409028232e+06 9.370813689726606244e+05 4.408323173746695393e+05 -4.719446091059840401e+05 1.800154699702349899e+04 1.400029016413799254e+06 1.067892005748613970e+06 -4.399176234783912514e+04 -1.709472291622325429e+04 1.811669281306827033e+05 1.144675960023254156e+06 7.039145206546309055e+04
-8.462382100166658347e+03 1.213832276723183713e+04 1.935124723181254376e+04 8.708907460248883581e+02 -9.939908678936745901e+02 -4.325811819749671940e+02 1.465362365474312583e+03 2.086845989923859634e+03 -4.590869160358003569e+02 -5.692705249319706127e+03 1.124321786780732873e+04 2.776704029645672108e+03 1.515279566298215457e+02 -4.382686505153179155e+02 6.585004460438841534e+01 -4.065961893621176841e+02 -1.362251630258533396e+03 -2.738521345248542502e+02 5.703075498115186974e+02 -1.061603827114830892e+03
-1.335784412477532715e+04 5.392653224570921338e+03 2.971616937562581370e+03 1.905387220489508400e+04 -2.967550780421677700e+03 -2.583561633666754005e+03 7.440411009900009276e+02 -2.025390919334140199e+04 -1.802770929451634402e+03 4.385586316204738068e+03 -5.493329614280697569e+03 -1.757388606066574312e+03 4.256477700449544841e+02 -5.472627718535206441e+03 5.260608814052413436e+03 2.075946158333256335e+03 -5.314070374452279793e+03 -3.959156515725744612e+03 6.026868224275361172e+03 -8.006412039263304905e+04
-1.266581351488172731e+04 8.142557623501043963e+03 -2.452902887365463016e+02 4.251685916738699598e+04 -4.869312518349692255e+03 -3.628145352248794552e+03 -3.060635212738208679e+02 3.292098176407069786e+03 1.499925970798468825e+03 6.872910276633756439e+02 -2.101457038252015082e+03 -1.748230923694590501e+03 3.332728086776784835e+02 1.370045970945261843e+03 -1.223762922683589977e+03 1.944502388137706475e+03 -2.262373126177977156e+03 -1.325240917719862182e+03 -2.059857675443701623e+02 1.660084941448974405e+02
-4.172608777330074372e+04 3.592787108181338408e+04 -2.631589073096554057e+04 -5.182943896914643119e+03 9.935539003638662052e+02 5.530777588356271508e+02 1.339592739222815908e+03 -4.163366728071254101e+02 4.274584175089833593e+02 1.217086125787295146e+02 1.725473623612460415e+03 -2.391533168208337088e+02 -6.293232401133772100e+02 -2.574458202210207673e+02 -6.068518586755962474e+01 -2.473325640224668973e+02 -2.793589445456337117e+01 -8.409503479282906255e+02 1.169198094499063814e+02 2.120647983586489499e+04
-2.570286187440371941e+04 2.342900835838411876e+04 3.978361810150917154e+04 8.187009030002586951e+04 1.104057073492948984e+04 6.653506470902696019e+05 -3.509707362871885834e+03 2.428689906444896405e+04 -2.226576218054752972e+05 1.726304409089372202e+05 7.390279937485764094e+04 -5.447689255929231877e+04 3.456883077007932570e+03 1.580077310449086362e+05 1.222542336436387850e+05 -1.565402585494715458e+04 1.641653558518210411e+04 -2.835738405737456196e+04 2.199376966508717032e+03 1.715588152641075510e+02
-4.671644323815371172e+04 -8.833421144162351993e+03 -1.316056677328759406e+03 2.173438275559758767e+04 -2.098462895800227670e+03 -2.010084638459700273e+03 -3.622622482187003243e+03 1.541245215691823978e+04 5.479739826316340441e+03 -2.392003593591393837e+03 2.052666039841050406e+03 -2.516322868954957357e+03 3.772502049914236977e+03 5.133511418345481616e+03 1.713029432046041165e+03 1.643663608952853610e+04 -2.328164593565207542e+04 -5.591206601450366725e+04 4.843004162574758084e+04 -1.023217144902201107e+04
-3.770983126473466837e+04 5.487385780222576614e+03 1.397230955163091676e+04 2.078126879706950422e+04 7.888132223667610560e+03 5.041418500662119914e+04 -7.442846384545428009e+02 4.519229222614926402e+04 -1.758634299516984902e+05 8.380269460526382318e+04 2.220801421463676525e+04 2.007865925857896218e+04 1.205491776937907707e+04 -3.255078927226952510e+05 -2.339856602635043964e+05 -4.201601559623531066e+05 7.102285857723297086e+05 -2.104463607909047045e+06 -2.177633794808288221e+05 5.090580878107423814e+03
-4.589368464421355748e+04 -1.203300022316408649e+04 6.078931012906601609e+03 6.449570804826877065e+03 6.258107180087365123e+04 -1.690336489392046133e+03 -2.466131763986878923e+03 -5.761857160954552910e+02 2.130652173283454331e+01 -9.065215702016053001e+02 -4.412910171075057519e+02 3.337734950169694343e+02 -1.240196484897655154e+02 5.811739553175121955e+02 -3.358678130788852059e+02 1.142204032571900143e+02 8.788563715340113447e+01 3.897369094780198395e+01 5.515875041685844735e+02 4.181866744270756158e+02
-6.123808013645612846e+03 1.452197878229301205e+04 2.339801625839413464e+04 1.203858593737063302e+03 -1.123478296977965101e+03 2.269313646122561840e+04 5.795121247361043970e+03 3.890587748230334910e+03 -1.023366601681119937e+04 6.491339803127596497e+03 1.208471780842006774e+04 -1.162702616410306291e+03 -9.502147341604151620e+01 8.841464197955194322e+03 3.430314332171240494e+03 2.298830402218606196e+03 -5.723562785477638499e+03 5.060810454922578174e+03 -2.027084783811574380e+04 -2.315841838285071390e+03
