-4.937478108556940424e+04 -1.552612373290164578e+04 1.424168408142209614e+02 -1.205422443816919440e+03 -5.602384387292642742e+01 7.447848941998829275e+01 -3.968988138383255659e+02 -4.001022151747500644e+00 2.795897371615845941e+02 3.839615491800342966e+02 -6.747600131470949059e+00 2.590043145005124074e+02 5.503686892117289631e+01 9.362607806679217504e+01 -6.273649470164440345e+01 1.084622329215863346e+02 5.910324696024478186e+00 9.158031682264592632e+01 -1.200057404783276205e+01 -6.522636937238833070e+02
2.097417835626035230e+04 -3.083688951855945561e+03 -3.383865700994421331e+03 -4.293201332309827194e+02 1.626581119572513217e+02 9.530541265126495887e+01 -9.630124497326154653e+01 2.136156339644761317e+02 5.136127077765157090e+00 -4.407648800301925007e+01 1.117851102726964996e+02 3.971827351071780043e+01 3.996249110271364646e+00 7.561789830583536265e+00 -7.726304966049655221e+00 8.521067353618503759e+00 -3.264042892832404874e+01 -2.454475349317633359e+01 5.388157080926750275e+00 1.564399466437472519e+00
-3.807290109726834544e+03 1.554324645491633601e+04 2.237061299914449773e+04 -3.005791857880002226e+03 -1.031644055376809547e+03 -3.031817439919842627e+02 1.310420473832293737e+03 1.817048278012961873e+03 8.203327074560945675e+02 8.667958256735651048e+02 -2.251892393131872268e+03 -4.752102576767670143e+02 1.101407671061129179e+01 8.559431681593536041e+02 -7.527322007809941624e+02 8.597278921552992870e+01 1.852437862424068555e+02 -2.027120000332412886e+01 1.228792753580062111e+02 1.118922572517388687e+02
-4.262732511413464090e+04 3.583437539498253318e+04 -2.623177549274776538e+04 -5.084337335417305439e+03 9.106043750672910164e+02 4.959687382318402911e+02 1.725047501613609029e+03 -2.203296449058326289e+03 3.102145726226208353e+02 8.472922520064057608e+02 1.115785620891559120e+03 -9.677879778296100710e+01 -1.502078207929598932e+02 -5.294631469458126958e+02 8.043509247720566080e+00 1.393136236344414840e+02 -3.302215774969743620e+02 -7.305241120058406068e+01 -1.416883281085355861e+02 -7.901161983441428447e+02
-1.280773780369769520e+04 8.430050520001677796e+03 -3.332504669027572959e+02 4.499176366054356185e+04 -5.134305094223755987e+03 -3.569802564060016266e+03 -3.371521156158593726e+02 4.283213419455084477e+03 1.268911686279271635e+03 1.098085316494381459e+03 -2.628065466103221752e+03 -7.750954201735235074e+02 2.814846769455967888e+02 1.390105020756113618e+03 -1.462426091264820570e+03 2.193790286189317158e+03 -2.577363248773061969e+03 -1.073771724483072830e+03 -5.586347274336075088e+02 2.105065184129193767e+02
-3.390361032988087391e+04 7.461490853905177210e+04 1.565464070198635163e+05 6.688038500037605409e+05 9.269461209923577553e+04 7.429178814210163429e+06 -7.226347487304396054e+04 -6.452495208701075753e+05 2.697222315995696001e+06 -1.839428319571936736e+06 -9.099011106334049255e+05 4.952719504703676794e+05 -1.449154183666315657e+04 -1.352397542225514771e+06 -1.006791201424730825e+06 1.677897437323605482e+04 5.029670213864884863e+04 3.157114726211919697e+04 3.748489633779013529e+05 3.634773474928404903e+04
-1.636851717304193699e+04 1.728942415423864804e+04 3.224792621828879055e+04 2.771376774574428055e+04 2.276027846861450525e+05 -6.255865905553474477e+03 -4.610109421843749260e+03 -3.952452618400744996e+03 3.079693138582955271e+03 1.882323596433156354e+03 5.896456073421542214e+02 1.000477920767473961e+03 5.906599660826658464e+02 1.041626326162026771e+03 2.292670610692280206e+02 3.540969348057054731e+02 -4.171918047586398757e+02 6.189766868102036312e+01 -1.515398091157969020e+03 1.104779161043364724e+02
-9.267723163777144464e+02 7.764445946933436062e+03 1.151708273168282903e+04 1.470112470856343862e+04 -3.375719478010385046e+03 -2.463404401600578694e+03 -5.917755801407970466e+02 -2.394455647383576797e+04 -3.774053605794116265e+03 4.768283913803235237e+02 -9.636518718612570638e+02 2.210354707338414300e+03 -3.183258026202659607e+01 -1.347271586226370800e+03 1.514177385308905741e+03 -1.086702706907325137e+03 1.305557724795653712e+03 4.211368357994131770e+02 2.173754082275231667e+02 2.320432177005526228e+03
-2.624354570676567528e+04 2.536295443287430680e+04 4.284625749651500519e+04 9.143541111924480356e+04 1.048227419246821046e+04 7.462130071586437989e+05 -2.389374832843853255e+03 1.904030322420890661e+04 -1.953626547907438944e+05 1.582797075122268870e+05 7.057156629300770874e+04 -5.055676915639987419e+04 2.952414602292393738e+03 1.598694314089672989e+05 1.259085420678163500e+05 -1.237005501613120214e+04 1.109523609182937798e+04 -2.582358531223919636e+04 -2.305779619982474469e+04 -1.248934165830445409e+03
1.360657841413598135e+03 8.922486818348121233e+03 1.044154225155985841e+04 4.088049104155373357e+02 -1.833197076485580737e+03 -5.113963117789086823e+02 -3.524806396718739416e+04 9.509914584338715713e+02 7.580177962645688012e+02 1.606978544178096627e+03 -3.911723344148513661e+03 -1.862127296854516089e+03 9.164236981500518198e+01 8.322219207064648572e+02 3.725366924765284580e+02 3.865969986689339294e+03 3.775193207898585115e+03 8.780654485276558034e+02 -1.082398283581498163e+03 -1.383655824267730850e+03
-3.899669851322623435e+04 3.506531220562384260e+04 -2.146183478300110437e+04 -3.217770032512496073e+03 5.593718021618480634e+03 2.178886521399269895e+03 1.151076658057319946e+03 3.586826096555520053e+03 -4.068657144753023022e+04 -5.068991431984209339e+04 -2.239884057045980080e+04 -5.875936218143591759e+03 2.594150819382172358e+03 4.784146477015194250e+03 1.967325163329326870e+03 2.804094182275907770e+03 -8.679815820596229514e+02 -7.176702655865356064e+02 -2.965259002789853184e+03 -1.533741367959612262e+03
-9.109387247375814695e+03 1.675682926641553058e+04 2.568802403630301342e+04 7.778417219438831580e+02 -2.048750373072099137e+03 -7.654958323283624395e+02 -3.329971066654052265e+03 -4.414552485806272557e+02 -9.205905256372509484e+02 -8.886142733674581905e+03 1.810047624619569251e+04 5.823017229352512913e+03 3.434536636519139279e+02 5.118163782708105600e+02 -3.447332397115710023e+02 -7.919002719794414702e+01 -1.581227725043876035e+03 -5.406965638340445821e+02 8.409978789473643701e+02 -7.051766259415645663e+02
-5.631983209323791380e+04 3.613006740471978264e+04 -3.316429958945075487e+04 3.079440609839094395e+04 -2.352387487426523876e+03 -2.708885067234581584e+03 -2.758567070195724682e+02 1.229426638083484977e+04 5.547619300551536980e+03 -3.123451864586756074e+03 6.190404001486608649e+03 -1.185384772506424815e+04 -9.933679675485390135e+02 2.762414538620691928e+03 -2.849228420453818671e+03 -1.398025524422223043e+03 3.124376720021808978e+03 -1.624453412989418439e+03 5.270582617882193972e+02 7.931307527354994136e+02
-2.678584913343538210e+04 5.325346694232033042e+04 -3.308948709114272333e+03 -9.388114930276162340e+03 -1.357687491645945101e+03 2.041879548953700692e+02 -1.145419862476677008e+04 -1.804007634979642262e+03 5.866593997713790714e+02 3.259461038143439282e+02 1.622823858209533000e+03 2.153751954759932232e+03 1.707286178866984869e+02 1.522870684330890754e+03 -1.237707672257567992e+03 8.904891290518816049e+02 -6.386992246603130070e+02 -6.315539709596121156e+02 1.155751573895056481e+02 7.060490135326361951e+02
-4.557632906913586339e+03 3.772873536137981773e+03 5.933655838180256069e+03 8.927511345780680131e+03 -1.821595080382805236e+03 -1.352962994093600628e+03 1.728247663154344309e+03 -8.735509564587518980e+03 -6.645717521788720887e+02 1.459743445432941598e+03 -2.009116877798720452e+03 -1.326725687227077799e+02 -3.057152477319877804e+01 -2.558255676998230683e+02 1.356297695755358461e+02 -3.640955590844878742e+01 7.998742914865083264e+01 1.677418269899890504e+02 -7.584365625954968948e+01 -1.168786816448589207e+03
-2.934984718489590887e+04 3.529005710724370147e+04 -3.879417226382004628e+03 2.623539799578597740e+04 -2.117943156101464865e+03 1.142999349611211301e+03 3.379084131779644395e+03 4.211164994506249059e+04 -2.047671812007622793e+04 1.973260644185449337e+03 -3.474730530785871815e+04 1.360140843644626148e+05 2.927954929274405004e+04 -1.380848875477679212e+04 5.531747340678846376e+04 -5.499332642076655611e+04 6.981986002754280344e+04 2.113884719025416052e+04 3.440113136621357626e+03 -4.255554858777675690e+03
-1.029015026247562673e+04 1.057531512942647896e+04 1.583511974591092621e+04 2.190060436898772878e+03 -6.925683979884851169e+02 5.485461214469501812e+01 8.191940279535474474e+02 4.159188275347889430e+03 2.551178854225644272e+02 -4.853265960104156989e+02 5.990517987573750815e+02 -5.180688407583775188e+03 -8.938446052184967812e+02 -1.466458518007627026e+04 1.224223591388435307e+04 3.621808526734539555e+03 -8.870828481460216608e+02 9.904120054335056977e+01 1.069354645276270276e+03 2.961067922920466913e+02
-2.165300409977543677e+04 2.023736926671517358e+04 2.517060234481330917e+04 4.747982505918672541e+04 8.814834810591391943e+03 6.054308469245400192e+04 -3.003102867043227889e+03 5.789798274297915486e+04 -1.827300432664918189e+05 9.609888120254258683e+04 3.822818139346693351e+04 3.158593009308753972e+04 -5.364285358298336178e+03 -1.560532430979706696e+05 -1.665751834928165481e+05 2.612894864032471014e+04 -3.941394563470881985e+04 4.692617222299194691e+04 -1.274192006480659766e+05 -4.186362091392883485e+03
-9.045574359854303111e+03 2.509472781560665226e+03 6.052602049672834710e+02 8.564211321167171263e+03 -5.749691222825024397e+02 -1.042737895624301245e+03 -5.479558260491886585e+02 2.337874444150976615e+03 2.716819043223619701e+03 -5.838273971440327841e+03 9.895888114277091518e+03 -2.375673958914054310e+04 -4.361648984331933207e+03 -3.282483414749741769e+03 -9.360360308197105041e+02 -2.595746211705441965e+04 3.979367801747012709e+04 2.336766508746085674e+04 -3.981866910769649621e+03 -2.856470254596074483e+03
-2.298277204448335033e+04 4.703014925652917555e+03 9.910852958239436703e+03 1.768815590303919180e+03 -9.333613980942507169e+02 -4.613843414648158614e+02 -1.262342947590139374e+04 2.907804769479017978e+03 -2.007366638200414400e+03 -3.032366194221173373e+03 -6.983607816208163968e+03 -7.191566761841690095e+03 -1.856796926333263400e+03 -5.310762145659919042e+03 5.941237983229804740e+03 -3.516017902321350994e+04 -2.372024152795497139e+04 -1.330750615075968426e+02 -6.550513787998007729e+02 -1.648843443857836348e+02
-3.060199582758424367e+04 -4.639551627817122892e+01 1.033431852525771865e+04 4.094499644117469416e+03 2.455707531938240322e+02 1.635303810101123054e+04 -3.549850555725122376e+03 9.504790929814162155e+03 -3.750919670069598942e+04 1.387053618600529626e+04 2.123474451604596197e+03 -1.510267824753564128e+03 -5.601746163330957415e+02 -2.254315140386297207e+04 -2.686137470913073048e+04 -1.286862021000623827e+03 1.503480965215311016e+03 -2.023945593235702631e+02 3.849055706844531869e+03 6.696623540353966746e+02
-3.944615075057549257e+04 3.949240504387724650e+04 -2.751016115480472945e+04 2.536793218655256715e+04 -1.977433979888579415e+03 -1.578570875840435519e+03 1.103756454043919803e+03 1.982755331144701631e+04 5.229547842205475945e+02 1.366890665181052327e+03 -5.841792852674328969e+03 2.994932550474642630e+04 7.759444424761036316e+03 9.109296875436905339e+02 9.843801335891108465e+03 -2.763917942046723510e+03 1.488905790478037488e+03 6.771146408036550383e+03 3.635305219171279532e+03 -1.255483537655595399e+02
-4.646000287118450797e+04 1.235829490343958423e+04 -1.493460506255034852e+04 1.406781356239187153e+04 4.263010845682708805e+02 3.653264243584522575e+01 -7.947671432449953954e+02 1.680363116158681441e+04 -1.038798298880600123e+04 -1.040455065263335018e+04 -1.006947248942491569e+04 4.757505637480854057e+04 -3.393692365318865050e+05 1.374639357202584688e+04 9.695792901444820018e+03 -1.635400183216276844e+02 1.225092375929831178e+04 -4.001622157052244802e+03 1.017053085818716499e+04 6.406674472240198384e+02
-3.937153958005669847e+04 9.400567375560967776e+03 2.847170868239002084e+04 -7.704187854615644937e+03 -4.774978464673319650e+03 6.019810164568498294e+02 -9.283654984462930588e+04 9.804378563949621821e+03 -1.180067871268931231e+04 -9.444628457886306933e+03 -3.087097540681489045e+04 -2.959314100704528391e+04 -1.036357618702884247e+04 -4.091347559392800031e+04 4.181658393500300735e+04 -5.402395853004804812e+05 -4.130519698641551659e+05 -2.224136468164364123e+04 -2.088010960122931283e+04 2.494672799212529208e+04
-7.489351523776751492e+03 1.670090632251565694e+04 2.607417331030504647e+04 1.443101040171974819e+04 7.415566345052161523e+03 1.444681474481195037e+05 1.089080231932847482e+03 1.104856959016226938e+04 -8.654661561544853612e+04 7.218666584944269562e+04 2.896824734434600032e+04 -3.016584542591166246e+04 7.914967498095309111e+02 7.348361052818538155e+04 7.137825430204480654e+04 9.591226429808037892e+02 8.635986160288150586e+02 -5.542800043159803863e+03 -9.702424434116179327e+03 8.952619238041487506e+02
-4.380324589432327048e+04 3.854597640167488134e+04 -1.370820171089621545e+04 9.016647257648849336e+04 2.203288326192458408e+04 2.938757317894102016e+03 -6.508629125226049837e+03 9.653302100639436685e+04 -9.380170207250070234e+04 -4.188151056285364757e+04 -1.213449584583153046e+05 3.710680117579716607e+05 -1.941656953015801264e+06 6.180069055900770036e+04 6.616828529693148448e+04 1.980620648840406284e+04 1.664624324219593518e+03 -1.792201313333571306e+04 2.761939785531156303e+04 -5.318885795884284744e+04
-2.349810216927939473e+04 2.228327190456446624e+04 8.513993300853659093e+03 6.904640403383245939e+03 2.062940401235798345e+04 3.514014061627546471e+04 -2.686756013001447627e+03 1.666937567736087294e+04 -9.947325716282681969e+04 1.029014659724270678e+04 -2.857013582199319899e+03 -1.790540512691086406e+03 3.306190374334818898e+03 -5.258651190302983014e+04 -5.873395004362233158e+04 -1.654615609740576838e+04 1.965686949766225007e+04 4.325992987487927167e+04 2.166785464829156117e+05 4.137910707480533347e+03
-4.846143046100319771e+04 -1.541191162304449063e+04 9.204404173920407572e+01 -1.428730800216377929e+03 3.773422671002192885e+01 1.420356673011564226e+02 -7.657594617559702783e+02 1.713158678275970260e+03 3.733138834539570894e+02 -3.174981883200881043e+02 5.600808195808606342e+02 1.660028830549154009e+02 -4.114115110946200389e+02 3.644824448965243278e+02 -1.303770431137458559e+02 -2.738410248124687882e+02 2.951105427952161335e+02 -6.729327861271192432e+02 2.387031852718614289e+02 2.133449510371316865e+04
-2.017512809917118648e+04 1.061202587802486232e+04 2.187239421868021600e+04 -1.704033470780727200e+01 3.035236544830615912e+03 1.469043164664064352e+04 6.394920086802413834e+02 1.254038083099508731e+04 -3.170452983855798448e+04 1.988339030308760266e+04 7.278625782861375910e+02 1.738870949188196755e+04 5.437158145900715681e+03 -2.983935050435879748e+04 8.678020703171749119e+03 -4.523391084584669443e+04 7.170089963834911759e+04 -1.146617122205499181e+05 -2.065749491612785278e+04 -1.205202679790892034e+03
-4.836844843154939008e+04 -1.508099017109397391e+04 6.359865201718675962e+02 -1.226918909289864132e+03 2.178388118638833078e+02 2.778567696025219220e+02 -9.224672340120049512e+02 2.894601073384864321e+03 -1.590784579611785739e+04 -2.506429972030464342e+04 -1.208330563669690309e+04 -3.714682731034803510e+03 1.060510885292459079e+03 5.791164316513164522e+03 3.360648800288657185e+03 4.696970747288125494e+03 9.650857695996430721e+02 -8.877249697563071322e+02 -4.760235084656359504e+03 2.750862956972407005e+02
-2.429149618151941468e+04 2.138233502905675050e+04 1.481778149685930475e+04 2.351173212356963995e+04 2.814922798141415478e+04 1.325675983824705181e+05 -1.120752279658537191e+04 4.020509865985707438e+04 -3.004748567136552883e+05 7.730728614370441937e+04 6.344329164561305333e+03 -3.698501779453412018e+04 7.538314145428079428e+03 -9.014152430201876268e+04 -1.831759849721636856e+05 -3.111880655256619866e+04 3.966591690700189065e+04 7.635902575420694484e+04 5.548334904273033608e+05 1.776165418716534987e+04
-8.467212640930862108e+03 1.213916945027948532e+04 1.934899257501693137e+04 8.742076333737163623e+02 -9.942465054376981470e+02 -4.328506037564288818e+02 1.464773627051935364e+03 2.088020454958673781e+03 -4.586929141349307315e+02 -5.692938196583178069e+03 1.124351791935195251e+04 2.776379958286029705e+03 1.516176492916092684e+02 -4.380767518391356248e+02 6.589190563123648303e+01 -4.064612782269771856e+02 -1.362420771659412821e+03 -2.744008391523946102e+02 5.706726379229356780e+02 -1.061233632209358575e+03
-1.564355983570646094e+04 1.496367155917337186e+04 2.631165070204525546e+04 1.987639072310277697e+04 1.561801382140241330e+05 -4.760896366825929363e+03 -2.814447542370117390e+03 -2.035990779051772506e+03 2.210698847589649176e+03 7.355419693436569162e+01 1.551070557085980681e+02 2.806271999756808100e+02 2.147695056928538975e+02 5.361499959696121778e+02 3.263696444539818913e+02 6.141728302079202706e+01 -7.513263839520796239e+01 -6.962685523155778355e+01 -2.316930357851311726e+02 -9.199806952990885023e+00
-3.770983126473466837e+04 5.487385780222576614e+03 1.397230955163091676e+04 2.078126879706950422e+04 7.888132223667610560e+03 5.041418500662119914e+04 -7.442846384545428009e+02 4.519229222614926402e+04 -1.758634299516984902e+05 8.380269460526382318e+04 2.220801421463676525e+04 2.007865925857896218e+04 1.205491776937907707e+04 -3.255078927226952510e+05 -2.339856602635043964e+05 -4.201601559623531066e+05 7.102285857723297086e+05 -2.104463607909047045e+06 -2.177633794808288221e+05 5.090580878107423814e+03
-1.335784412477532351e+04 5.392653224570922248e+03 2.971616937562581825e+03 1.905387220489508400e+04 -2.967550780421677246e+03 -2.583561633666754005e+03 7.440411009900009276e+02 -2.025390919334139471e+04 -1.802770929451634174e+03 4.385586316204737159e+03 -5.493329614280697569e+03 -1.757388606066574312e+03 4.256477700449543704e+02 -5.472627718535204622e+03 5.260608814052413436e+03 2.075946158333256335e+03 -5.314070374452279793e+03 -3.959156515725744157e+03 6.026868224275362081e+03 -8.006412039263304905e+04
-1.088619993337642154e+04 1.317526386142097726e+04 2.117236603755645046e+04 4.041711014244255239e+03 -5.259441840792405856e+02 6.075108892591437325e+03 3.246665308080390787e+03 1.386471470263610536e+04 -1.657775357397399785e+04 1.271832615328546672e+04 8.999109552614088898e+03 -3.711002903894228075e+04 -5.679937055062570835e+03 -1.089361498368091852e+05 1.247252232001722878e+05 5.592142791276630305e+04 -1.657627994533282981e+04 7.314047632459643864e+03 -4.732871350326958236e+03 1.832988135824754499e+04
-3.190567111911909251e+03 1.113922110318330851e+04 1.776499513170798673e+04 -2.085412059496587972e+03 -7.264796310581818943e+02 -2.643954939362450318e+02 4.518319353871052954e+03 1.206538825971190136e+03 6.484043516283653616e+02 8.506696207713901003e+02 -2.301232073740045962e+03 -6.101263490763816435e+02 -4.088970673651143528e+00 9.831452521983829911e+02 -8.238449139440268709e+02 -1.772369226261586306e+01 2.274991999752814138e+02 9.795450917344419395e+01 -5.012671754731884022e+01 8.964704240967316196e+01
-2.570614671906301373e+04 4.029092083315616037e+04 6.967974290460014890e+04 1.572856897340403812e+05 1.432056433014665890e+04 1.389877671900089597e+06 -5.446533446993939833e+02 -2.114988294626097559e+04 -1.923373781504831277e+04 4.070838081621038145e+04 3.244888549323334155e+04 -1.904125477706850870e+04 7.583706053225996584e+02 9.531333012029426754e+04 6.255143490780356660e+04 2.344044203369263414e+03 -1.285974668807402850e+04 8.645209364950704185e+03 -5.322219317123109795e+04 -5.698104406302143616e+03
-6.123808013645611936e+03 1.452197878229301205e+04 2.339801625839413100e+04 1.203858593737063529e+03 -1.123478296977965101e+03 2.269313646122562204e+04 5.795121247361044880e+03 3.890587748230334910e+03 -1.023366601681119573e+04 6.491339803127598316e+03 1.208471780842006592e+04 -1.162702616410306291e+03 -9.502147341604150199e+01 8.841464197955194322e+03 3.430314332171240494e+03 2.298830402218606196e+03 -5.723562785477639409e+03 5.060810454922577264e+03 -2.027084783811574016e+04 -2.315841838285071390e+03
-2.463808504067907415e+04 4.781456186448095104e+04 -9.055521931322411547e+03 -9.703159196857348434e+03 -2.419568652469199890e+02 5.211037827653444765e+02 -3.955316261810618016e+03 -1.070895433240724657e+02 8.780852512843009663e+02 2.816365979133338897e+03 -3.844223270524053078e+03 -2.812943851354078788e+02 -9.748964378408864206e+00 7.465051010250169838e+02 -9.328802106772384377e+02 5.234929412432842355e+02 -3.643265550977265548e+02 -3.403381142490214302e+02 -1.146149344850020526e+02 3.518483509698796183e+02
5.246121011827106486e+03 2.287947165590242366e+04 2.369002741027448428e+04 -4.408224932848840581e+03 -4.002080510056323419e+03 -5.103525885993973930e+02 -6.260232837514906714e+04 7.064978040059387467e+02 1.185278982560231043e+03 2.640293142091826667e+03 -4.135398546947712020e+03 4.211012378319700389e+01 3.434339439288779090e+02 1.817264327973049149e+03 -3.345003627603936707e+02 5.153552048127443413e+03 3.258926081987381622e+03 6.182355074840319276e+02 -1.171764896813844416e+03 -6.111297635990471235e+02
-4.671644323815371172e+04 -8.833421144162351993e+03 -1.316056677328759406e+03 2.173438275559758767e+04 -2.098462895800227670e+03 -2.010084638459700500e+03 -3.622622482187003243e+03 1.541245215691823978e+04 5.479739826316340441e+03 -2.392003593591393837e+03 2.052666039841050861e+03 -2.516322868954956903e+03 3.772502049914236977e+03 5.133511418345481616e+03 1.713029432046041165e+03 1.643663608952853610e+04 -2.328164593565207906e+04 -5.591206601450366725e+04 4.843004162574758084e+04 -1.023217144902201107e+04
-4.127714760882803967e+04 4.466349446476448065e+04 -2.841156977925302272e+04 7.280382929975750449e+04 -7.094741180313848417e+03 2.652749195616011093e+02 7.091819677690250501e+02 3.898432549606503744e+04 -5.389826218731118388e+03 1.049498388557145154e+04 -1.758938366437836885e+04 5.190569445036230900e+04 6.449094884413059845e+03 8.222430289008703994e+02 4.835816821597189119e+03 2.436426294111668540e+03 -5.068512856234155151e+03 1.303703020410472163e+04 -4.294508611988307166e+03 9.765268053655687481e+02
-4.589368464421356475e+04 -1.203300022316408831e+04 6.078931012906598880e+03 6.449570804826876156e+03 6.258107180087365123e+04 -1.690336489392046133e+03 -2.466131763986879832e+03 -5.761857160954552910e+02 2.130652173283455042e+01 -9.065215702016053001e+02 -4.412910171075056383e+02 3.337734950169694343e+02 -1.240196484897655154e+02 5.811739553175121955e+02 -3.358678130788853196e+02 1.142204032571900143e+02 8.788563715340113447e+01 3.897369094780198395e+01 5.515875041685844735e+02 4.181866744270756158e+02
-2.643763552898166745e+04 3.733526593055090052e+04 6.763889405942482699e+04 1.420863090887261205e+05 4.313969502724552149e+04 1.271015833814267302e+06 -1.308669935687625548e+04 9.499174306960003742e+04 -1.141569845409028232e+06 9.370813689726606244e+05 4.408323173746695393e+05 -4.719446091059840401e+05 1.800154699702349899e+04 1.400029016413799254e+06 1.067892005748613970e+06 -4.399176234783912514e+04 -1.709472291622325429e+04 1.811669281306827033e+05 1.144675960023254156e+06 7.039145206546309055e+04
-4.172608777330074372e+04 3.592787108181338408e+04 -2.631589073096554057e+04 -5.182943896914643119e+03 9.935539003638662052e+02 5.530777588356271508e+02 1.339592739222816135e+03 -4.163366728071254101e+02 4.274584175089833593e+02 1.217086125787295003e+02 1.725473623612460415e+03 -2.391533168208337088e+02 -6.293232401133772100e+02 -2.574458202210207673e+02 -6.068518586755962474e+01 -2.473325640224668973e+02 -2.793589445456337117e+01 -8.409503479282906255e+02 1.169198094499063814e+02 2.120647983586489499e+04
-2.257508051915523538e+04 8.619744340033470507e+03 -4.405771542128833971e+03 4.728952587566763395e+04 -5.117703228302872049e+03 -4.109546250824051640e+03 -7.589358226419499260e+02 5.992235800755344826e+03 3.066312563969820076e+03 -1.066564281491761449e+03 1.001744194912726357e+03 -7.496609629309655247e+03 -6.353017437274912709e+02 2.040307524293043798e+03 -2.313783360494133831e+03 -6.795646228454866389e+01 1.172270299754901316e+03 -8.272962309671112280e+02 -3.766297678742471362e+02 4.461720373226312972e+02
-2.133042542455462899e+04 1.320000111297637886e+04 1.345411148285275340e+04 8.694319733227866891e+03 -1.511896007824621847e+03 -1.044353325201612051e+03 -4.253222408243224891e+03 6.639618474224824240e+03 1.254989154514574238e+03 -5.827917998556758903e+03 7.113305721287699271e+03 -9.070720431132351223e+03 -1.503683809641839389e+03 -1.375053755722463620e+03 1.264373847479047072e+03 -4.461307282359563033e+03 6.776154564440998911e+03 9.146650827683921534e+02 2.192582962021460844e+02 -1.056473620878191468e+03
