2.097417835626035594e+04 -3.083688951855945561e+03 -3.383865700994421786e+03 -4.293201332309826057e+02 1.626581119572514069e+02 9.530541265126494466e+01 -9.630124497326151811e+01 2.136156339644760749e+02 5.136127077765155313e+00 -4.407648800301925007e+01 1.117851102726964712e+02 3.971827351071780754e+01 3.996249110271364646e+00 7.561789830583536265e+00 -7.726304966049656997e+00 8.521067353618503759e+00 -3.264042892832405585e+01 -2.454475349317633359e+01 5.388157080926751163e+00 1.564399466437473185e+00
-4.937124715502908657e+04 -1.552388455470821282e+04 1.489530710179070638e+02 -1.198551794415886889e+03 7.812731064345483922e+00 7.271089260074252536e+01 -3.990153254781725423e+02 -5.000202196925108922e+00 2.793027982121026298e+02 3.827231448817086061e+02 -7.470580699621942600e+00 2.594859750862123065e+02 5.490415081277122766e+01 9.419962785345484235e+01 -6.282261769040307797e+01 1.085828172668912543e+02 5.809184848898028442e+00 9.149346660388378893e+01 -1.136631945324631765e+01 -6.511730990419139289e+02
-3.807328026109152233e+03 1.554328769271766578e+04 2.237055007918877527e+04 -3.005803506486901824e+03 -1.031642883486688334e+03 -3.031802545788655721e+02 1.310408849881005381e+03 1.817041666122938750e+03 8.203334975658314079e+02 8.668009112219108374e+02 -2.251895005624260193e+03 -4.752110262746657554e+02 1.101374917643666684e+01 8.559433193642432798e+02 -7.527333169973909435e+02 8.597342386855133611e+01 1.852427806701817019e+02 -2.027211987037476248e+01 1.228784911217030071e+02 1.118929444484685121e+02
-4.262809430174643057e+04 3.583433445394399314e+04 -2.623161952715860025e+04 -5.082831870133705706e+03 9.104661277633385907e+02 4.958215663731535869e+02 1.724864379640493780e+03 -2.202561594892848461e+03 3.104356528853263057e+02 8.468989103089319315e+02 1.116095204157914623e+03 -9.770259640111740396e+01 -1.503279402841681360e+02 -5.293357493132242553e+02 7.930630261346484744e+00 1.390199409543744196e+02 -3.296943333354015522e+02 -7.300176804030890310e+01 -1.416617151201303386e+02 -7.900601112490166997e+02
-1.647305053727971972e+04 1.746456503427818461e+04 3.264841207009941718e+04 2.837607478542299577e+04 2.331496947451460874e+05 -6.368543462013867611e+03 -4.748292577293246723e+03 -4.077668205530621435e+03 3.137384743019154030e+03 2.014524435061107852e+03 6.365722347173233402e+02 1.030153511668393776e+03 6.139265895720308208e+02 1.080326754835357633e+03 2.049501247954403027e+02 3.645862257961531441e+02 -4.208535761931287311e+02 6.816353769887238911e+01 -1.625653456702136509e+03 1.232078337994026924e+02
-1.565175669917465711e+04 1.037644259473984675e+04 -1.667630020980941026e+03 6.158981579924327525e+04 -6.865283292094293756e+03 -3.251276966840755904e+03 -6.050602939691173106e+02 1.108745436956355479e+04 2.732517719645960241e+01 3.451786209646246789e+03 -5.470946489932744953e+03 4.505411922706241967e+03 -2.417337591659989471e+02 1.620026668319856071e+03 -3.200300196449701161e+03 3.416824956453412142e+03 -3.959475807026240545e+03 6.759097288283155649e+02 -2.887075872386480569e+03 5.387160026683326350e+02
-3.390361032988087391e+04 7.461490853905177210e+04 1.565464070198635163e+05 6.688038500037605409e+05 9.269461209923577553e+04 7.429178814210163429e+06 -7.226347487304396054e+04 -6.452495208701075753e+05 2.697222315995696001e+06 -1.839428319571936736e+06 -9.099011106334049255e+05 4.952719504703676794e+05 -1.449154183666315657e+04 -1.352397542225514771e+06 -1.006791201424730825e+06 1.677897437323605482e+04 5.029670213864884863e+04 3.157114726211919697e+04 3.748489633779013529e+05 3.634773474928404903e+04
-9.264485641776348075e+02 7.764337332115084791e+03 1.151712037677436820e+04 1.470083965014423848e+04 -3.375694268555525468e+03 -2.463377487782939625e+03 -5.917202320902226802e+02 -2.394468231427954743e+04 -3.774101453600259902e+03 4.768790152822717232e+02 -9.637384481839166028e+02 2.210456703914589980e+03 -3.182240913937974724e+01 -1.347292089539948620e+03 1.514195939741404572e+03 -1.086680987584319837e+03 1.305515173227150171e+03 4.211518178752199901e+02 2.173615431695738209e+02 2.320414990481852328e+03
-2.582779713293261011e+04 4.103378408436563041e+04 7.085850867787012248e+04 1.602517036121080746e+05 1.462650677973210441e+04 1.419527762761521153e+06 -6.839088767762207226e+02 -2.288686662521430480e+04 -1.184814358055565208e+04 3.549834912916763278e+04 3.044917126111052130e+04 -1.752724586291370724e+04 7.474228707812824268e+02 9.168779570678774326e+04 5.930620811617381696e+04 2.419758157141218817e+03 -1.297548241209345179e+04 9.154458372820456134e+03 -5.247164813775655057e+04 -5.764553742307483844e+03
5.251897374903075615e+03 2.287775663671044822e+04 2.368932936499823336e+04 -4.409205744891605718e+03 -4.002065524330540939e+03 -5.103432854021726257e+02 -6.260392176361376187e+04 7.046473738572823322e+02 1.185665215154169573e+03 2.641364044632428431e+03 -4.134344499650173930e+03 4.493414527969196826e+01 3.436058917820009242e+02 1.817401821118933185e+03 -3.350996721750946108e+02 5.155204776762714573e+03 3.257790496109901142e+03 6.179716841282985342e+02 -1.171483222513375267e+03 -6.106330126187484666e+02
-2.134477626470024552e+04 1.322952353345343909e+04 1.348546647630314510e+04 8.749277975547527603e+03 -1.465518220366079504e+03 -1.052012813784710488e+03 -4.177302228996373742e+03 6.657238107924200449e+03 1.261099109948097748e+03 -5.868595217385459364e+03 7.220676851578618880e+03 -9.005743080840307812e+03 -1.495639597464507005e+03 -1.345627482779086677e+03 1.239930345860898797e+03 -4.430411620485994717e+03 6.719100387085642978e+03 8.923620139223826300e+02 2.208815654145541032e+02 -1.050053766484396192e+03
-5.584564039374810818e+04 3.971066055321919703e+04 -3.498438806093398307e+04 3.028661747958082196e+04 -2.263172175100211007e+03 -2.659372734790964842e+03 -1.270824949919079927e+02 1.204096454601349433e+04 5.557968586972790945e+03 -3.035433394209875587e+03 6.292064639097851796e+03 -1.185393651329758177e+04 -1.017084210787006896e+03 2.683706174280960568e+03 -2.833124964165842357e+03 -1.401368514430904952e+03 3.099029035097467386e+03 -1.622228512876711193e+03 5.191966933227569143e+02 7.721111751170577691e+02
-9.045574359854303111e+03 2.509472781560665226e+03 6.052602049672833573e+02 8.564211321167173082e+03 -5.749691222825024397e+02 -1.042737895624301018e+03 -5.479558260491887722e+02 2.337874444150976615e+03 2.716819043223619701e+03 -5.838273971440328751e+03 9.895888114277091518e+03 -2.375673958914054310e+04 -4.361648984331934116e+03 -3.282483414749741769e+03 -9.360360308197105041e+02 -2.595746211705441601e+04 3.979367801747012709e+04 2.336766508746085674e+04 -3.981866910769650531e+03 -2.856470254596074483e+03
-1.496016432624483059e+04 8.180286879773866531e+03 -1.209037678128292782e+03 4.304188673300680239e+04 -4.863380325552413524e+03 -3.758588587894854754e+03 -4.069306185978028338e+02 3.683162907224650098e+03 1.929104599265200250e+03 1.695892736700554622e+02 -1.236929539750682125e+03 -3.348661713521636102e+03 1.192506638532459959e+02 1.524002283794354526e+03 -1.419990484311718092e+03 1.409299902762089914e+03 -1.376339557998715463e+03 -1.273899870077897049e+03 -1.555823966900728692e+02 2.206598417422962939e+02
-2.514075241464172359e+04 4.909205930861767411e+04 -7.710138587404359896e+03 -9.631941424152748368e+03 -5.032038896697951031e+02 4.470175345065368333e+02 -5.710295204900527096e+03 -5.062700219294544581e+02 8.094753342687629356e+02 2.232507205004313619e+03 -2.562139166267138535e+03 2.905328272389002109e+02 3.269499158988789844e+01 9.286904364978125841e+02 -1.004533159680772883e+03 6.098291145729164100e+02 -4.290524392337840140e+02 -4.086367239681114825e+02 -6.082212991829312898e+01 4.335133093850303112e+02
-3.944514719027373940e+04 3.949161026413278887e+04 -2.750808855367770957e+04 2.536664796630855926e+04 -1.968174025223528361e+03 -1.578645334311956958e+03 1.103627302429935298e+03 1.982650745507326792e+04 5.226986589926631268e+02 1.366844377584947324e+03 -5.841948741377514125e+03 2.994959697189852523e+04 7.759368509902633377e+03 9.108284029634720582e+02 9.843877124653025021e+03 -2.764066759738629116e+03 1.489072817612268409e+03 6.771347908743719017e+03 3.635313504368133181e+03 -1.255369038382975049e+02
-1.029036217809772825e+04 1.057540924765414456e+04 1.583503454924522157e+04 2.190300866896234766e+03 -6.925870160636117134e+02 5.489962784988626510e+01 8.191709883123387499e+02 4.159335816177432207e+03 2.552251073732395810e+02 -4.854120845998386358e+02 5.991548208118130106e+02 -5.180928484434111851e+03 -8.938813916444746610e+02 -1.466455904955882397e+04 1.224218312699053604e+04 3.621731007940838936e+03 -8.869423040865477788e+02 9.905228577277058832e+01 1.069361469255552493e+03 2.961192714192798121e+02
-4.642430987521816132e+04 1.262058146170593136e+04 -1.489466415371561743e+04 1.485310096882286234e+04 5.229594527003364419e+02 7.864271895957033109e+01 -8.859917811096230480e+02 1.766254458245273781e+04 -1.153370333030189067e+04 -1.107612323008576095e+04 -1.144745084928774486e+04 5.085202129412725481e+04 -3.554592968990615918e+05 1.423681213888706043e+04 1.032531327677989793e+04 -9.200706691267400572e+01 1.194895349052356505e+04 -4.136270348621468656e+03 1.026388967557384240e+04 2.859103910837546536e+01
-9.100919831843035354e+03 1.675562195880703803e+04 2.569152093043517016e+04 7.717414058416788976e+02 -2.048312296609107307e+03 -7.648652051390239421e+02 -3.329371664850571960e+03 -4.446674634689183563e+02 -9.223936270916406102e+02 -8.884328255677808556e+03 1.809739496769258039e+04 5.828858572971998910e+03 3.443795608720993755e+02 5.109649026351708585e+02 -3.436657530831842564e+02 -7.721964957186669665e+01 -1.584607189484330092e+03 -5.410391670782986466e+02 8.410108190271694184e+02 -7.054626017646540959e+02
-4.836992240389405197e+04 -1.510038515937217562e+04 6.485582796995743138e+02 -1.243647397775506079e+03 2.187948515308064827e+02 2.793060807963040020e+02 -9.233008222146581829e+02 2.888137910220156300e+03 -1.590919429186531306e+04 -2.505953811081290405e+04 -1.208718186791594599e+04 -3.707236286982930778e+03 1.059805377214528335e+03 5.789321719150727404e+03 3.361671386563538817e+03 4.698213506425848209e+03 9.623084738250081500e+02 -8.872133592910869311e+02 -4.759487787931084313e+03 2.746193540742823984e+02
-4.541971775283399438e+03 3.769224054188648097e+03 5.940884161662863335e+03 8.914923608208953738e+03 -1.820826533784225148e+03 -1.351990458367148221e+03 1.729450213991686951e+03 -8.740611277689711642e+03 -6.659462375332446982e+02 1.461047132106250274e+03 -2.010958927249718272e+03 -1.303258382296791353e+02 -3.062947972612927572e+01 -2.562024130886434818e+02 1.357892861127748176e+02 -3.661095520858373220e+01 8.018374177686649773e+01 1.685801074838149987e+02 -7.629513478513069913e+01 -1.169039718016018469e+03
-3.899669851322624163e+04 3.506531220562383533e+04 -2.146183478300111165e+04 -3.217770032512495163e+03 5.593718021618480634e+03 2.178886521399269895e+03 1.151076658057319946e+03 3.586826096555520053e+03 -4.068657144753022294e+04 -5.068991431984210067e+04 -2.239884057045980444e+04 -5.875936218143592669e+03 2.594150819382172358e+03 4.784146477015193341e+03 1.967325163329327097e+03 2.804094182275907770e+03 -8.679815820596229514e+02 -7.176702655865356064e+02 -2.965259002789852730e+03 -1.533741367959612035e+03
-2.165300409977542949e+04 2.023736926671516994e+04 2.517060234481331645e+04 4.747982505918673269e+04 8.814834810591390124e+03 6.054308469245400920e+04 -3.003102867043227889e+03 5.789798274297916214e+04 -1.827300432664918189e+05 9.609888120254258683e+04 3.822818139346693351e+04 3.158593009308753972e+04 -5.364285358298337087e+03 -1.560532430979706696e+05 -1.665751834928165481e+05 2.612894864032471014e+04 -3.941394563470882713e+04 4.692617222299194691e+04 -1.274192006480659475e+05 -4.186362091392883485e+03
-1.565431860897010120e+04 1.021999815884061536e+04 1.179740651223026907e+04 2.346213713229607038e+03 -1.086107606658901659e+03 -5.599716063191061721e+02 -1.399614024867304943e+04 2.952116945742137887e+03 -1.992692129882281279e+03 -2.888164469709503919e+03 -7.301874075604535392e+03 -7.402089494802117770e+03 -1.869880277507742221e+03 -5.547891574685118940e+03 6.114283808092419349e+03 -3.519455290090428025e+04 -2.378787923844265606e+04 -1.162953781752269435e+02 -6.242019605014398849e+02 -2.981934544794704038e+02
-1.564869111899574455e+04 1.510486965616915768e+04 2.670099703414156829e+04 2.029211302894567416e+04 1.603170428276811726e+05 -4.845035600297829660e+03 -2.919308263051089853e+03 -2.163465761654711969e+03 2.269483245287618502e+03 1.847115905517370607e+02 1.703406400687494795e+02 3.408330368991746013e+02 2.408154931696925019e+02 5.655732255544832014e+02 3.309521191248767877e+02 8.697894246753747893e+01 -1.106803040029111145e+02 -5.917458994857287990e+01 -2.996667561594678091e+02 -4.413467888946557061e+00
-4.602943147526719258e+04 -1.264689863789240917e+04 3.977983541881245856e+03 -4.699698354103416875e+01 -4.530022228453655089e+02 -1.513452401315360021e+02 -8.306502588745566754e+03 2.768450996686508006e+03 -2.053515310426852466e+03 -3.485854513877725822e+03 -5.982718044148910849e+03 -6.529510876289483349e+03 -1.815652155286429206e+03 -4.565033017427119375e+03 5.397040189435900174e+03 -3.505207940036319633e+04 -2.350753317250121108e+04 -1.858441280671968059e+02 -7.520672148716735137e+02 2.543486747477951155e+02
-3.937153958005670574e+04 9.400567375560967776e+03 2.847170868239001720e+04 -7.704187854615644937e+03 -4.774978464673319650e+03 6.019810164568498294e+02 -9.283654984462929133e+04 9.804378563949623640e+03 -1.180067871268931049e+04 -9.444628457886306933e+03 -3.087097540681488681e+04 -2.959314100704528391e+04 -1.036357618702884065e+04 -4.091347559392799303e+04 4.181658393500300735e+04 -5.402395853004804812e+05 -4.130519698641552241e+05 -2.224136468164363396e+04 -2.088010960122931283e+04 2.494672799212529571e+04
-2.408353520905942423e+04 2.579935649114631451e+04 1.720750631250813240e+04 3.007831917064302615e+04 3.844381309111721930e+04 1.772545793926036858e+05 -1.497249808001800739e+04 4.701581304711107077e+04 -3.750193786442371784e+05 1.005736153573317570e+05 1.134389659765550823e+04 -5.551949107928519516e+04 9.012998884525479298e+03 -8.348932941851795476e+04 -2.088926535841066798e+05 -3.495527787190514937e+04 4.522400412553703791e+04 8.404869804076000582e+04 6.602044144220042508e+05 2.213392217059195536e+04
-3.058426989113104719e+04 -2.707174062560481431e+01 1.034509900555863715e+04 4.105971059424145096e+03 3.332955613503185077e+02 1.634148960709430685e+04 -3.547802143142643672e+03 9.502837151329522385e+03 -3.749864691758796835e+04 1.387047177872016618e+04 2.127502997454693286e+03 -1.505117602999382598e+03 -5.603102294799533638e+02 -2.254618579848392619e+04 -2.686097961801070778e+04 -1.281537008481570183e+03 1.495957078648858214e+03 -1.954453560352228578e+02 3.827349295951924887e+03 6.683084280154547514e+02
-7.285414498586570517e+03 1.670152718896843362e+04 2.599316169144035302e+04 1.374117285945039293e+04 7.365558402123804626e+03 1.400253152449940681e+05 1.125440118186776544e+03 1.065934883162440929e+04 -8.404861833702736476e+04 7.071092513806675561e+04 2.832690993179547513e+04 -2.998493790272349725e+04 8.009191620854415987e+02 7.361226380299418815e+04 7.201870807216393587e+04 9.379196467530837253e+02 9.928590833970912399e+02 -5.797590404176738048e+03 -9.622431669206564038e+03 9.066146171844043238e+02
1.252246018220775795e+03 8.993751094927090890e+03 1.047234910709843825e+04 4.203438616097128033e+02 -1.837184464639365615e+03 -5.121953866366299053e+02 -3.524460483619931620e+04 9.866926048685879778e+02 7.665007222929156114e+02 1.607130576093377158e+03 -3.923867473457335564e+03 -1.913015696500783861e+03 8.476581936691428609e+01 8.191971303223505174e+02 3.758563005883676738e+02 3.820506522606523504e+03 3.802170452802892214e+03 8.901370435718549743e+02 -1.073061694889764340e+03 -1.364997511376411467e+03
-2.934984718489591614e+04 3.529005710724369419e+04 -3.879417226382004628e+03 2.623539799578597740e+04 -2.117943156101464410e+03 1.142999349611210846e+03 3.379084131779644395e+03 4.211164994506248331e+04 -2.047671812007623521e+04 1.973260644185449564e+03 -3.474730530785872543e+04 1.360140843644626148e+05 2.927954929274404640e+04 -1.380848875477679030e+04 5.531747340678846376e+04 -5.499332642076654884e+04 6.981986002754281799e+04 2.113884719025416052e+04 3.440113136621358080e+03 -4.255554858777673871e+03
-3.190841907834882932e+03 1.113923066510555873e+04 1.776491498653325107e+04 -2.085265793168482560e+03 -7.255071724269739661e+02 -2.644159435235472984e+02 4.518204243504310398e+03 1.206518774447534952e+03 6.483719854798911228e+02 8.506534121023269108e+02 -2.301185066458259826e+03 -6.101083411819954563e+02 -4.091291733037507150e+00 9.830963980498102046e+02 -8.238484207631678373e+02 -1.771728587924001985e+01 2.274830392274160715e+02 9.791617190311396257e+01 -5.011089445894722161e+01 8.971338743528565374e+01
-3.770983126473466837e+04 5.487385780222576614e+03 1.397230955163091676e+04 2.078126879706950422e+04 7.888132223667610560e+03 5.041418500662119914e+04 -7.442846384545428009e+02 4.519229222614926402e+04 -1.758634299516984902e+05 8.380269460526382318e+04 2.220801421463676525e+04 2.007865925857896218e+04 1.205491776937907707e+04 -3.255078927226952510e+05 -2.339856602635043964e+05 -4.201601559623531066e+05 7.102285857723297086e+05 -2.104463607909047045e+06 -2.177633794808288221e+05 5.090580878107423814e+03
-2.355240860195222558e+04 2.193236164615537200e+04 8.665838159947419626e+03 7.285925159632831310e+03 2.029555593402915110e+04 3.695059892456538364e+04 -2.855003850428569876e+03 1.738238149874562077e+04 -1.044293770066647412e+05 1.205245788668794739e+04 -2.739934964526056774e+03 -2.279072664404814077e+03 3.417105204766735369e+03 -5.493628701567398821e+04 -6.321604390964093909e+04 -1.701395495984951413e+04 2.027909226414545628e+04 4.439330328294553328e+04 2.264028193609873415e+05 4.520898128988621465e+03
-1.335784412477532351e+04 5.392653224570922248e+03 2.971616937562581825e+03 1.905387220489508400e+04 -2.967550780421678155e+03 -2.583561633666754005e+03 7.440411009900009276e+02 -2.025390919334139471e+04 -1.802770929451634629e+03 4.385586316204737159e+03 -5.493329614280697569e+03 -1.757388606066574084e+03 4.256477700449543704e+02 -5.472627718535205531e+03 5.260608814052413436e+03 2.075946158333256335e+03 -5.314070374452280703e+03 -3.959156515725744157e+03 6.026868224275362081e+03 -8.006412039263304905e+04
-2.017512809917118284e+04 1.061202587802486414e+04 2.187239421868021600e+04 -1.704033470780719028e+01 3.035236544830615458e+03 1.469043164664064170e+04 6.394920086802412698e+02 1.254038083099508913e+04 -3.170452983855798811e+04 1.988339030308759902e+04 7.278625782861378184e+02 1.738870949188197119e+04 5.437158145900713862e+03 -2.983935050435879748e+04 8.678020703171749119e+03 -4.523391084584669443e+04 7.170089963834911759e+04 -1.146617122205499181e+05 -2.065749491612784186e+04 -1.205202679790892034e+03
-4.332376167140884354e+04 4.873417784566304908e+04 -1.491819379816078981e+04 1.183625997982947010e+05 3.774330498322490166e+04 3.272267325405126940e+03 -6.657788197464812583e+03 1.238686921783806029e+05 -1.073264803249460820e+05 -3.239254324847713360e+04 -1.485637644755731453e+05 4.946661070626931614e+05 -2.562450987102032639e+06 7.993945496745551645e+04 8.424003479697836156e+04 3.541244295918357238e+04 9.498511284400306977e+03 -2.362886442389662261e+04 3.937337699184878875e+04 -6.968172246985540551e+04
-4.845906946254374634e+04 -1.541523263928261804e+04 9.509609509153958129e+01 -1.432757177856062754e+03 3.801053285195167319e+01 1.423862760549635880e+02 -7.656179131558953941e+02 1.711450747720085701e+03 3.726066103708631658e+02 -3.168971511066503126e+02 5.590461326870284893e+02 1.677205320035806437e+02 -4.113583385921820081e+02 3.642000702848860669e+02 -1.300889499116714489e+02 -2.734173624433973941e+02 2.944068136175726522e+02 -6.729576158142328950e+02 2.386357765459665359e+02 2.133452778161314200e+04
-4.671644323815371172e+04 -8.833421144162351993e+03 -1.316056677328759406e+03 2.173438275559758767e+04 -2.098462895800227670e+03 -2.010084638459700500e+03 -3.622622482187003243e+03 1.541245215691823978e+04 5.479739826316340441e+03 -2.392003593591393837e+03 2.052666039841050406e+03 -2.516322868954957357e+03 3.772502049914236977e+03 5.133511418345481616e+03 1.713029432046041165e+03 1.643663608952853610e+04 -2.328164593565207542e+04 -5.591206601450366725e+04 4.843004162574758084e+04 -1.023217144902201107e+04
-6.123808013645612846e+03 1.452197878229301205e+04 2.339801625839413828e+04 1.203858593737063529e+03 -1.123478296977964874e+03 2.269313646122561840e+04 5.795121247361043970e+03 3.890587748230334000e+03 -1.023366601681119573e+04 6.491339803127596497e+03 1.208471780842006774e+04 -1.162702616410306518e+03 -9.502147341604150199e+01 8.841464197955194322e+03 3.430314332171240949e+03 2.298830402218606196e+03 -5.723562785477640318e+03 5.060810454922577264e+03 -2.027084783811574016e+04 -2.315841838285070935e+03
-5.998812013462583127e+04 7.936072014493467577e+03 -1.877422359999101900e+04 3.454709012190115754e+04 -2.991757661353438380e+03 -3.077268130899584776e+03 -1.435309880070127747e+03 1.420220465170920397e+04 5.381087650888455755e+03 -3.899934430029858049e+03 5.362461800592908730e+03 -1.182036109797642894e+04 -7.967459070403110672e+02 3.371672319368097760e+03 -2.938970102986083020e+03 -1.371394141105146673e+03 3.336666528679756084e+03 -1.625769257521962572e+03 5.777183807266087570e+02 9.967328907637905786e+02
-1.088619993337641972e+04 1.317526386142096999e+04 2.117236603755645410e+04 4.041711014244255693e+03 -5.259441840792405856e+02 6.075108892591437325e+03 3.246665308080390787e+03 1.386471470263610172e+04 -1.657775357397400148e+04 1.271832615328546672e+04 8.999109552614087079e+03 -3.711002903894227347e+04 -5.679937055062569925e+03 -1.089361498368091852e+05 1.247252232001722587e+05 5.592142791276628122e+04 -1.657627994533282981e+04 7.314047632459643864e+03 -4.732871350326958236e+03 1.832988135824754863e+04
-2.470915960475549946e+04 2.058451913683158273e+04 3.538207244495242048e+04 7.008194400746373867e+04 1.072189313076584585e+04 5.575612767451426480e+05 -4.147808841992031375e+03 2.943956258054001955e+04 -2.407058852253280638e+05 1.844648401776152023e+05 7.798196857248712331e+04 -5.692427906620933209e+04 2.995582337558979361e+03 1.561288535356204084e+05 1.211868833017888974e+05 -1.291996752678676967e+04 1.284810797719366565e+04 -2.331558224200870609e+04 -5.806650157271012631e+02 8.703583825753397605e+02
-4.139254975734923210e+04 4.481058145175516984e+04 -2.854226595469416134e+04 7.265649193703857600e+04 -7.073855572616131212e+03 2.771791647340889426e+02 7.187977792358436773e+02 3.904259759137638321e+04 -5.396441798498382013e+03 1.049476324803692660e+04 -1.760507837311280309e+04 5.206110705263497948e+04 6.487869914161293309e+03 8.171958282758365613e+02 4.896995088240258156e+03 2.410814208178956960e+03 -5.048168551221263442e+03 1.307679159983052523e+04 -4.270657836264222169e+03 9.750236956541780273e+02
-4.172608777330074372e+04 3.592787108181337680e+04 -2.631589073096553693e+04 -5.182943896914642210e+03 9.935539003638663189e+02 5.530777588356271508e+02 1.339592739222816363e+03 -4.163366728071254101e+02 4.274584175089832456e+02 1.217086125787295003e+02 1.725473623612460415e+03 -2.391533168208337088e+02 -6.293232401133772100e+02 -2.574458202210207673e+02 -6.068518586755962474e+01 -2.473325640224668973e+02 -2.793589445456337117e+01 -8.409503479282905118e+02 1.169198094499064098e+02 2.120647983586489863e+04
-8.460788828357954117e+03 1.213807071595349407e+04 1.935197895964297641e+04 8.688207567048812052e+02 -9.938370914599051957e+02 -4.324126882889809167e+02 1.465440732494074382e+03 2.086107739020304052e+03 -4.593038199704624276e+02 -5.692552435399888054e+03 1.124301599559522219e+04 2.776861578173797625e+03 1.514744538117202524e+02 -4.383545468235471390e+02 6.581645347689710945e+01 -4.066815640735254078e+02 -1.362116449194913230e+03 -2.736662506807704744e+02 5.701628062558318106e+02 -1.061579985300995304e+03
-2.652308065422545405e+04 2.993615503071732746e+04 5.050492897832278686e+04 1.121855747539823496e+05 1.019351598207186726e+04 9.288341526407157071e+05 2.389624981668793566e+02 7.607318189254395293e+03 -1.396918295439090289e+05 1.215593648306949763e+05 5.932479888462336385e+04 -3.979022450542827573e+04 2.223981907619112008e+03 1.442936588254930393e+05 1.119019449750792119e+05 -7.852046536152970475e+03 3.896402936298138684e+03 -1.992972021831194070e+04 -5.107712011132302723e+04 -3.774270593665410161e+03
-2.643763552898166745e+04 3.733526593055090052e+04 6.763889405942482699e+04 1.420863090887261205e+05 4.313969502724552149e+04 1.271015833814267302e+06 -1.308669935687625548e+04 9.499174306960003742e+04 -1.141569845409028232e+06 9.370813689726606244e+05 4.408323173746695393e+05 -4.719446091059840401e+05 1.800154699702349899e+04 1.400029016413799254e+06 1.067892005748613970e+06 -4.399176234783912514e+04 -1.709472291622325429e+04 1.811669281306827033e+05 1.144675960023254156e+06 7.039145206546309055e+04
