-4.937422271124544204e+04 -1.552675414573901980e+04 1.430458174411960499e+02 -1.206198202013354376e+03 -5.597276193740169248e+01 7.454656778011674589e+01 -3.969033114130165814e+02 -4.301450483806267933e+00 2.794560041316855177e+02 3.841010759472314930e+02 -6.988463065684912046e+00 2.593770432703953475e+02 5.508155979855214213e+01 9.357471610390852845e+01 -6.267806420909234788e+01 1.085642158355807396e+02 5.740632324275677156e+00 9.159118197065714639e+01 -1.202086333039506805e+01 -6.522671444483573850e+02
2.097417835626035958e+04 -3.083688951855946016e+03 -3.383865700994421786e+03 -4.293201332309826057e+02 1.626581119572513785e+02 9.530541265126493045e+01 -9.630124497326150390e+01 2.136156339644760749e+02 5.136127077765156201e+00 -4.407648800301925007e+01 1.117851102726964996e+02 3.971827351071780043e+01 3.996249110271364646e+00 7.561789830583537153e+00 -7.726304966049655221e+00 8.521067353618500206e+00 -3.264042892832405585e+01 -2.454475349317633359e+01 5.388157080926751163e+00 1.564399466437472519e+00
-3.208346194578288305e+03 1.113574304082841263e+04 1.775846341827630749e+04 -2.080900816106005095e+03 -7.258696506027494024e+02 -2.639758178333502201e+02 4.508917859547086664e+03 1.211030474891413633e+03 6.373898996010362907e+02 8.351875582396662594e+02 -2.307956021690647049e+03 -6.200534045866652377e+02 -3.418623673845368582e+00 9.853290969019956265e+02 -8.144204619604656727e+02 -1.825180366195719017e+01 2.323808090465873306e+02 9.610703364627185863e+01 -5.761350891297119858e+01 8.324993791844539714e+01
-4.259736760460177175e+04 3.583745053572047618e+04 -2.623416150119462327e+04 -5.087288737255893466e+03 9.133080677722108476e+02 4.978243180825103877e+02 1.712148021727109153e+03 -2.143873086368765598e+03 3.140999089790365701e+02 8.230842159896894827e+02 1.135932791448072976e+03 -1.018185390250111482e+02 -1.661449476567782426e+02 -5.204407924495304769e+02 5.775316308861477843e+00 1.263578084361444525e+02 -3.199427503700190982e+02 -9.831814585768636050e+01 -1.331527806999519044e+02 -6.148501367966935049e+01
-9.299218005040856951e+02 7.765832803032097218e+03 1.151734544028556047e+04 1.470262578021808258e+04 -3.375967531488116492e+03 -2.463584346112847015e+03 -5.934913735338967626e+02 -2.394383962761148359e+04 -3.773685462114286565e+03 4.762294249851863128e+02 -9.625161985015361097e+02 2.209317990721527622e+03 -3.200536540346583791e+01 -1.347062062930996490e+03 1.513933647313936262e+03 -1.087054865348676458e+03 1.306215164418992117e+03 4.211470120764709577e+02 2.173967791223845438e+02 2.320614572221365052e+03
-1.565308818826777861e+04 1.510309361996446569e+04 2.669913722387506641e+04 2.029722318137588081e+04 1.603472847325682233e+05 -4.850448272068863844e+03 -2.920080594967135767e+03 -2.163856524843046373e+03 2.268056715755915775e+03 1.847081694816602919e+02 1.715060463031065865e+02 3.404483086326216039e+02 2.407272130691121674e+02 5.660200377030620302e+02 3.321019754309941732e+02 8.681056966963875254e+01 -1.106513175226916985e+02 -5.927020020772140896e+01 -2.994168038663023026e+02 -4.551292092528329114e+00
-1.559336166919116658e+04 1.032652190511445224e+04 -1.638247668609942821e+03 6.117269720914886420e+04 -6.821541648972490293e+03 -3.259294067626582546e+03 -5.985461870460628688e+02 1.091813369746892749e+04 6.002118794586846917e+01 3.390472947345563625e+03 -5.395413994309949885e+03 4.364295891006833699e+03 -2.304512562614895046e+02 1.614873992239155314e+03 -3.158541957016849210e+03 3.382479144136233117e+03 -3.918661428752535812e+03 6.338168766796623004e+02 -2.829697743113713386e+03 5.310684954183318496e+02
-2.514075881500001924e+04 4.909176472733318224e+04 -7.709753554350458217e+03 -9.632030059170068853e+03 -5.032286418203757421e+02 4.470220774402529287e+02 -5.710434634135629494e+03 -5.062849811284314683e+02 8.094523450225946135e+02 2.232560634442385890e+03 -2.562245587331668958e+03 2.907327260202341677e+02 3.272546648606364528e+01 9.287783488428314058e+02 -1.004572060349074832e+03 6.099950484018421548e+02 -4.292747784399591637e+02 -4.087351768553943998e+02 -6.086346729302895397e+01 4.335216141488264725e+02
-3.390361032988087391e+04 7.461490853905177210e+04 1.565464070198635163e+05 6.688038500037605409e+05 9.269461209923577553e+04 7.429178814210163429e+06 -7.226347487304396054e+04 -6.452495208701075753e+05 2.697222315995696001e+06 -1.839428319571936736e+06 -9.099011106334049255e+05 4.952719504703676794e+05 -1.449154183666315657e+04 -1.352397542225514771e+06 -1.006791201424730825e+06 1.677897437323605482e+04 5.029670213864884863e+04 3.157114726211919697e+04 3.748489633779013529e+05 3.634773474928404903e+04
-2.436483802557143645e+04 3.267222865612317401e+04 5.467944334848033031e+04 1.238246704467444943e+05 1.038165300575338188e+04 1.018446762935484294e+06 2.280250249014074143e+03 2.519107005407495762e+03 -1.155913174114106514e+05 1.060326528952555673e+05 5.682785977506061317e+04 -3.723477255232878815e+04 1.025845527575877213e+03 1.409752744410783635e+05 1.026381412046951009e+05 1.205873104956819589e+03 -1.100631420144206277e+04 2.008147975374210318e+03 -5.913037358805487747e+04 -4.723609915800650924e+03
-9.443562895166296585e+03 1.677890656357548505e+04 2.553002170613025010e+04 1.008771798244769229e+03 -2.062179518059897873e+03 -7.875214535797985036e+02 -3.343804342009198535e+03 -3.287164637469689978e+02 -8.602928352702638222e+02 -8.951868867331237198e+03 1.821502067340269787e+04 5.615314802949338628e+03 3.104722055969744474e+02 5.373861586011970530e+02 -3.823932513062079011e+02 -1.497161872299570007e+02 -1.462457355310173625e+03 -5.269167321444379013e+02 8.379256851334887415e+02 -6.959359979235159699e+02
5.303554938662663517e+03 2.286115963403366186e+04 2.368127648436477102e+04 -4.416596696648006400e+03 -4.002727191660433618e+03 -5.112378515845848028e+02 -6.263104248613431264e+04 6.858272983804878322e+02 1.189613298474898329e+03 2.648687402034493971e+03 -4.118853538856640625e+03 7.217233672990194293e+01 3.450437818822920804e+02 1.823155129475669582e+03 -3.434175491195649670e+02 5.174346931319103533e+03 3.247879414049722982e+03 6.142456798981429529e+02 -1.170574860159377067e+03 -6.057664434145361838e+02
-4.565845639081446279e+03 3.778438068221763388e+03 5.943102318622865823e+03 8.928604661210614722e+03 -1.821044906303212883e+03 -1.352727559239292987e+03 1.728511255411938237e+03 -8.719372146689913279e+03 -6.613629461583037710e+02 1.457010138016253677e+03 -2.006159327569854213e+03 -1.390203717025584069e+02 -3.126231570913084212e+01 -2.548097332447927101e+02 1.340404877824676078e+02 -3.756310218706764914e+01 8.215210598178178714e+01 1.682714760795138602e+02 -7.624840541953497564e+01 -1.167690305445240256e+03
-4.139254975734923937e+04 4.481058145175516984e+04 -2.854226595469416134e+04 7.265649193703857600e+04 -7.073855572616131212e+03 2.771791647340889426e+02 7.187977792358436773e+02 3.904259759137638321e+04 -5.396441798498382013e+03 1.049476324803692660e+04 -1.760507837311280309e+04 5.206110705263497948e+04 6.487869914161293309e+03 8.171958282758363339e+02 4.896995088240258156e+03 2.410814208178956505e+03 -5.048168551221263442e+03 1.307679159983052523e+04 -4.270657836264222169e+03 9.750236956541780273e+02
-4.836268184846733493e+04 -1.509119299111191322e+04 6.500901818538770840e+02 -1.241364282373330298e+03 2.185410089292291218e+02 2.790025542234886302e+02 -9.233737821869688105e+02 2.889153997202193295e+03 -1.590668035563814010e+04 -2.505678319005489539e+04 -1.208526165819456037e+04 -3.709177481611398434e+03 1.059055488244607432e+03 5.788060861555095471e+03 3.361815679090557296e+03 4.696678367979908217e+03 9.631953403559274420e+02 -8.869930053126698795e+02 -4.755471499392642727e+03 2.736302668398236051e+02
-3.817088859129700722e+03 1.554332618172053662e+04 2.236772118508997664e+04 -3.003056812053393060e+03 -1.031718671662168390e+03 -3.031482654831797845e+02 1.298422417792231045e+03 1.820652655614227115e+03 8.184573532858453291e+02 8.632482265450624936e+02 -2.254627504836284970e+03 -4.834201427196929899e+02 1.044225904496354040e+01 8.543450864898754844e+02 -7.493030242631646161e+02 8.172322984764267062e+01 1.922353633612037811e+02 -1.843862620808468833e+01 1.219030198946837089e+02 1.095692632737792707e+02
-7.243859777403077715e+03 1.669080262827155093e+04 2.598541368485004205e+04 1.361298952021679179e+04 7.364666430159325500e+03 1.399129932407291781e+05 1.134473870154196902e+03 1.053197447510243546e+04 -8.365420321534339746e+04 7.050647850597908837e+04 2.825868233850337128e+04 -3.006308806274439121e+04 8.138264953502846311e+02 7.396074165451215231e+04 7.239677663193077024e+04 8.855395008302596125e+02 1.073180536385832511e+03 -5.892674291678176814e+03 -9.367446865460236950e+03 9.127502026492441018e+02
-5.584306646528534475e+04 3.970651037560032273e+04 -3.497813914123233553e+04 3.026722156324888056e+04 -2.261216518772142990e+03 -2.657680773719559966e+03 -1.267145630135906202e+02 1.203545833534915255e+04 5.555946541623208759e+03 -3.035224322683780429e+03 6.292333390274387057e+03 -1.185122165963789303e+04 -1.017465193743029999e+03 2.682064675344527586e+03 -2.831908277698074016e+03 -1.402774588511073489e+03 3.100283187382095093e+03 -1.622755247870167977e+03 5.197521504886168486e+02 7.916716272290543657e+02
-9.536414138871188698e+03 2.709676316503683211e+03 7.670862068333598245e+02 8.635201074594324382e+03 -5.909491723877152936e+02 -1.052629168811460659e+03 -6.925199264366477792e+02 2.524407949597048628e+03 2.764078322131347704e+03 -5.777983912211961979e+03 9.745177964711463574e+03 -2.369381242579668833e+04 -4.325365155320509984e+03 -3.267073733914424338e+03 -9.155085994309897615e+02 -2.560260946468561451e+04 3.923380977483602328e+04 2.293358576256188098e+04 -3.832721677068919689e+03 -2.785126068365700121e+03
-4.645939692685379850e+04 1.237415228688542265e+04 -1.488224770073667787e+04 1.418553674896762277e+04 5.293432637753512608e+02 5.130675542432747704e+01 -8.659685498892589521e+02 1.710691853952979000e+04 -1.098211432838973815e+04 -1.083317968393954834e+04 -1.072440386682065764e+04 4.895792450939941045e+04 -3.465974007560402970e+05 1.392380697230854639e+04 1.002880108035108242e+04 -3.162778919333267140e+02 1.199649545171639875e+04 -4.091029816229664448e+03 1.024167512084914415e+04 3.109909646477283900e+02
-3.770983126473466837e+04 5.487385780222576614e+03 1.397230955163091676e+04 2.078126879706950422e+04 7.888132223667610560e+03 5.041418500662119914e+04 -7.442846384545428009e+02 4.519229222614926402e+04 -1.758634299516984902e+05 8.380269460526382318e+04 2.220801421463676525e+04 2.007865925857896218e+04 1.205491776937907707e+04 -3.255078927226952510e+05 -2.339856602635043964e+05 -4.201601559623531066e+05 7.102285857723297086e+05 -2.104463607909047045e+06 -2.177633794808288221e+05 5.090580878107423814e+03
-2.355501195781553906e+04 2.426984973255989826e+04 3.045530167303907729e+04 5.912451571240433987e+04 8.350890648660182705e+03 8.631646067246637540e+04 -1.990197281742230189e+03 7.837111987679243612e+04 -2.531767388323281775e+05 1.347787085001167143e+05 5.998019736836873199e+04 4.462488080936217739e+04 -7.427769283151555101e+03 -2.174164048649183242e+05 -2.326986299964479113e+05 3.998201027050674747e+04 -6.119156957917979162e+04 7.300509332303369592e+04 -1.949312601985632209e+05 -7.287238835909098270e+03
-2.355240860195222558e+04 2.193236164615536836e+04 8.665838159947421445e+03 7.285925159632830400e+03 2.029555593402915110e+04 3.695059892456536909e+04 -2.855003850428570786e+03 1.738238149874561714e+04 -1.044293770066647412e+05 1.205245788668794739e+04 -2.739934964526057229e+03 -2.279072664404812713e+03 3.417105204766734914e+03 -5.493628701567399548e+04 -6.321604390964095364e+04 -1.701395495984951413e+04 2.027909226414545992e+04 4.439330328294555511e+04 2.264028193609872833e+05 4.520898128988620556e+03
-1.565431860897010665e+04 1.021999815884061718e+04 1.179740651223026907e+04 2.346213713229607038e+03 -1.086107606658901659e+03 -5.599716063191060584e+02 -1.399614024867305307e+04 2.952116945742138341e+03 -1.992692129882281279e+03 -2.888164469709503464e+03 -7.301874075604535392e+03 -7.402089494802117770e+03 -1.869880277507742221e+03 -5.547891574685118940e+03 6.114283808092419349e+03 -3.519455290090428753e+04 -2.378787923844265242e+04 -1.162953781752269435e+02 -6.242019605014401122e+02 -2.981934544794703470e+02
-4.294209999004137353e+04 4.663562243543785007e+04 -1.541114752016290186e+04 1.107845237226321333e+05 2.507904275969111404e+04 3.310276319178069571e+03 -5.541459717901100703e+03 1.108768933776301710e+05 -9.764297773718810640e+04 -3.508579293691056228e+04 -1.320212215596504975e+05 4.231233154571938794e+05 -2.184216901469569653e+06 7.066311574326612754e+04 7.156111954620771576e+04 3.262321622631782157e+04 8.397799584997252168e+03 -1.895603453860760783e+04 3.056620159365318978e+04 -5.783508163028805575e+04
-4.845547933362751064e+04 -1.541054627805700875e+04 9.640133128647953242e+01 -1.430127713341422805e+03 3.791583961319710028e+01 1.420848167122783536e+02 -7.651220836810904302e+02 1.712676809466375744e+03 3.730962803720571515e+02 -3.174855634398480788e+02 5.596372838798013163e+02 1.665125845082061176e+02 -4.116217874073856251e+02 3.646665870401357665e+02 -1.304891024818098799e+02 -2.732759684847300719e+02 2.948200894175329267e+02 -6.735605270852636295e+02 2.397238726197350047e+02 2.133368860653540105e+04
-1.085281098443689916e+04 1.061711484989849123e+04 1.563196038724900609e+04 2.446834404565917339e+03 -7.115452612988200372e+02 1.653591910972177459e+01 4.814507341402112388e+02 4.336698825673753163e+03 3.546296103431741358e+02 -5.939249326625550793e+02 6.066834524763598893e+02 -5.654747966773004919e+03 -9.975372022427179672e+02 -1.413034620293032640e+04 1.178184438686322574e+04 3.019607355446704332e+03 -1.903402335844945981e+02 1.803753762330166523e+02 1.063727617815492522e+03 2.173684599801082129e+02
-2.934984718489590523e+04 3.529005710724370147e+04 -3.879417226382004628e+03 2.623539799578598468e+04 -2.117943156101464410e+03 1.142999349611211073e+03 3.379084131779644395e+03 4.211164994506249059e+04 -2.047671812007623157e+04 1.973260644185449792e+03 -3.474730530785872543e+04 1.360140843644626148e+05 2.927954929274404276e+04 -1.380848875477679212e+04 5.531747340678846376e+04 -5.499332642076655611e+04 6.981986002754280344e+04 2.113884719025416780e+04 3.440113136621357626e+03 -4.255554858777675690e+03
-3.899811365670093801e+04 3.506580057670374663e+04 -2.146472820003777451e+04 -3.222365586556313701e+03 5.593046039181100241e+03 2.175962385145003282e+03 1.151631549405795113e+03 3.584091879475154201e+03 -4.068089156076281506e+04 -5.069540260546826175e+04 -2.239933676429326806e+04 -5.877628022111745850e+03 2.594387956902635779e+03 4.788636311720552840e+03 1.972787262615992404e+03 2.804088267553134301e+03 -8.678649358173489645e+02 -7.180495953628470716e+02 -2.965941455727912398e+03 -1.533940276185529683e+03
-2.014504633504052617e+04 1.062716118458732308e+04 2.187704603092172329e+04 -4.004992194874631650e+01 3.034039012240794818e+03 1.463018706878956800e+04 6.418620641592957554e+02 1.249289990751800724e+04 -3.150278965936683744e+04 1.978632355256641313e+04 6.865371924112107536e+02 1.736591445204674164e+04 5.441890239574639054e+03 -2.966854747822355057e+04 8.864651243631262332e+03 -4.525492308549598965e+04 7.173357789663574658e+04 -1.147044286590801494e+05 -2.054939385332365782e+04 -1.202087136806821718e+03
-1.647305053727971972e+04 1.746456503427818461e+04 3.264841207009941354e+04 2.837607478542299577e+04 2.331496947451460874e+05 -6.368543462013869430e+03 -4.748292577293246723e+03 -4.077668205530621435e+03 3.137384743019154030e+03 2.014524435061107397e+03 6.365722347173233402e+02 1.030153511668393776e+03 6.139265895720309345e+02 1.080326754835357178e+03 2.049501247954403027e+02 3.645862257961532009e+02 -4.208535761931287311e+02 6.816353769887236069e+01 -1.625653456702136282e+03 1.232078337994027066e+02
-1.616590415942390609e+04 1.162634696227457061e+04 1.568097846463985661e+04 5.885103077959477559e+03 3.138544148293809855e+01 1.653613402499202130e+04 -4.057943602859184921e+03 1.039157671083884270e+04 -3.743133286422849051e+04 1.394063730107239644e+04 1.646905238255409813e+03 -1.449262593497836178e+03 -5.548349981886061641e+02 -2.285321978478120946e+04 -2.649537464213474595e+04 -1.258494831921605964e+03 1.295529909739929053e+03 -5.065690289146487402e+01 3.836108283087621658e+03 4.124831898367839358e+02
-1.088619993337642154e+04 1.317526386142097181e+04 2.117236603755645410e+04 4.041711014244255239e+03 -5.259441840792405856e+02 6.075108892591435506e+03 3.246665308080390787e+03 1.386471470263610718e+04 -1.657775357397400148e+04 1.271832615328546672e+04 8.999109552614088898e+03 -3.711002903894228075e+04 -5.679937055062571744e+03 -1.089361498368091852e+05 1.247252232001722878e+05 5.592142791276628850e+04 -1.657627994533283345e+04 7.314047632459643864e+03 -4.732871350326958236e+03 1.832988135824755227e+04
-1.504548205407112255e+04 8.192590228324605050e+03 -1.158030002999449607e+03 4.283127882062636490e+04 -4.837816898990367008e+03 -3.749253707022616254e+03 -3.995798619503351574e+02 3.698533201963603460e+03 1.943430356491196108e+03 1.381371244649368464e+02 -1.188351657019457207e+03 -3.420454969923737281e+03 1.124081936068492098e+02 1.519169805370350559e+03 -1.418499663247931039e+03 1.381283169495508446e+03 -1.335160570962654447e+03 -1.273097933795317658e+03 -1.488566327653660721e+02 2.201603732840019916e+02
-9.057366412951585517e+03 1.219595578833518994e+04 1.907264719951709412e+04 1.289276326640584102e+03 -1.019106281302945604e+03 -4.719182179348967452e+02 1.433010168768148560e+03 2.286199930113781193e+03 -3.554627309510487976e+02 -5.796859140159505841e+03 1.141900149787187365e+04 2.434095479222035465e+03 9.966439589564117796e+01 -3.931723641146613204e+02 5.386958393264436928e+00 -5.174155696478612754e+02 -1.171786942682090512e+03 -2.568809755180615184e+02 5.698741537740419290e+02 -1.043335051825742767e+03
-4.671644323815371172e+04 -8.833421144162351993e+03 -1.316056677328759406e+03 2.173438275559758767e+04 -2.098462895800227670e+03 -2.010084638459700500e+03 -3.622622482187003243e+03 1.541245215691823978e+04 5.479739826316340441e+03 -2.392003593591393837e+03 2.052666039841050406e+03 -2.516322868954957357e+03 3.772502049914236977e+03 5.133511418345481616e+03 1.713029432046041165e+03 1.643663608952853610e+04 -2.328164593565207542e+04 -5.591206601450366725e+04 4.843004162574758084e+04 -1.023217144902201107e+04
-4.604627741940414126e+04 -1.259906075228155714e+04 4.576054832466073094e+03 1.937791861520115390e+03 4.289908033490660273e+02 1.602205318481282666e+04 -3.010843108189031682e+03 8.336419234093518753e+03 -3.707189018879443756e+04 1.345619431214451470e+04 2.521004675497531935e+03 -1.771540826357301512e+03 -5.522307809826711491e+02 -2.169653438903723509e+04 -2.672028257042165205e+04 -1.423384993807663477e+03 1.885098753698848668e+03 -5.605461733229213905e+02 4.342865661380819802e+03 9.581481931211824303e+02
-1.335784412477532533e+04 5.392653224570921338e+03 2.971616937562581370e+03 1.905387220489508400e+04 -2.967550780421677700e+03 -2.583561633666754460e+03 7.440411009900007002e+02 -2.025390919334140199e+04 -1.802770929451634174e+03 4.385586316204738068e+03 -5.493329614280696660e+03 -1.757388606066574539e+03 4.256477700449545409e+02 -5.472627718535205531e+03 5.260608814052414345e+03 2.075946158333256335e+03 -5.314070374452279793e+03 -3.959156515725744157e+03 6.026868224275362991e+03 -8.006412039263304905e+04
-2.081303823523509345e+04 1.817157416201244996e+04 2.201060758109213566e+04 4.077177566681605094e+04 8.554490850500491433e+03 4.733763754826345394e+04 -3.403484791888219661e+03 4.652069384642330260e+04 -1.432079830899474327e+05 7.464975937167486700e+04 2.615881343345425194e+04 2.465849558045705999e+04 -3.992497341237764886e+03 -1.201239800959516579e+05 -1.277858689853067481e+05 1.798070703808469261e+04 -2.675841434647992719e+04 3.179403125142636782e+04 -8.951835829721749178e+04 -2.500594444517755619e+03
-6.123808013645611027e+03 1.452197878229301023e+04 2.339801625839413828e+04 1.203858593737063757e+03 -1.123478296977965101e+03 2.269313646122561840e+04 5.795121247361043970e+03 3.890587748230334910e+03 -1.023366601681119573e+04 6.491339803127597406e+03 1.208471780842006592e+04 -1.162702616410306518e+03 -9.502147341604150199e+01 8.841464197955194322e+03 3.430314332171240039e+03 2.298830402218606196e+03 -5.723562785477638499e+03 5.060810454922577264e+03 -2.027084783811574380e+04 -2.315841838285071390e+03
-4.589368464421356475e+04 -1.203300022316408649e+04 6.078931012906599790e+03 6.449570804826877065e+03 6.258107180087365123e+04 -1.690336489392045905e+03 -2.466131763986878923e+03 -5.761857160954552910e+02 2.130652173283455753e+01 -9.065215702016051864e+02 -4.412910171075057519e+02 3.337734950169694343e+02 -1.240196484897655580e+02 5.811739553175121955e+02 -3.358678130788852627e+02 1.142204032571900001e+02 8.788563715340113447e+01 3.897369094780199106e+01 5.515875041685845872e+02 4.181866744270756158e+02
-2.408353520905942787e+04 2.579935649114631451e+04 1.720750631250813240e+04 3.007831917064302615e+04 3.844381309111721930e+04 1.772545793926037150e+05 -1.497249808001800557e+04 4.701581304711107805e+04 -3.750193786442371784e+05 1.005736153573317570e+05 1.134389659765550641e+04 -5.551949107928518788e+04 9.012998884525479298e+03 -8.348932941851795476e+04 -2.088926535841066798e+05 -3.495527787190514937e+04 4.522400412553704518e+04 8.404869804076000582e+04 6.602044144220042508e+05 2.213392217059195900e+04
-4.602943147526719258e+04 -1.264689863789240735e+04 3.977983541881245856e+03 -4.699698354103416165e+01 -4.530022228453654520e+02 -1.513452401315360021e+02 -8.306502588745564935e+03 2.768450996686507551e+03 -2.053515310426852466e+03 -3.485854513877727186e+03 -5.982718044148909939e+03 -6.529510876289485168e+03 -1.815652155286429206e+03 -4.565033017427120285e+03 5.397040189435899265e+03 -3.505207940036320360e+04 -2.350753317250121108e+04 -1.858441280671967775e+02 -7.520672148716734000e+02 2.543486747477951724e+02
-2.629914769020459062e+04 4.340758486637173337e+04 7.355193699487841513e+04 1.699724777261544659e+05 1.595678766688114592e+04 1.523131850102656754e+06 -3.970281126900599247e+03 -3.034014310697029941e+04 1.840595427025126264e+04 1.361366143019499214e+04 1.851475001416050873e+04 -1.174467620587159399e+04 8.556292833092294359e+02 7.435174337649581139e+04 4.510602915450010187e+04 1.191721367751383923e+03 -1.024385152429322625e+04 8.545433513671361652e+03 -3.743927507389276434e+04 -4.979907280536889630e+03
-8.555633719584817527e+02 9.942638966910830277e+03 1.132874298853085020e+04 5.721737688599162084e+02 -1.830383072144521293e+03 -5.020355522743950587e+02 -3.389307588972915255e+04 1.701718158897391959e+03 6.239323505744630438e+02 1.128135935422096736e+03 -4.184480360297220614e+03 -3.134072144353351632e+03 -9.416652034857136755e+00 6.004465305051097630e+02 6.592066813637229643e+02 2.791566032154618370e+03 4.471801269599565785e+03 1.151120476998321465e+03 -1.053711853010962159e+03 -1.487033554928792910e+03
-3.937153958005670574e+04 9.400567375560967776e+03 2.847170868239001720e+04 -7.704187854615644937e+03 -4.774978464673319650e+03 6.019810164568498294e+02 -9.283654984462929133e+04 9.804378563949623640e+03 -1.180067871268931412e+04 -9.444628457886306933e+03 -3.087097540681488681e+04 -2.959314100704528391e+04 -1.036357618702884065e+04 -4.091347559392800031e+04 4.181658393500300735e+04 -5.402395853004804812e+05 -4.130519698641552241e+05 -2.224136468164364123e+04 -2.088010960122930919e+04 2.494672799212529208e+04
-5.987083793965502264e+04 7.947146180073002142e+03 -1.866020754161723744e+04 3.449248064485068608e+04 -3.023664860080292783e+03 -3.072115858350223334e+03 -1.443236026902069625e+03 1.419896873737713577e+04 5.380104532541587105e+03 -3.909505079296839995e+03 5.380596266161756830e+03 -1.185253205453513146e+04 -8.037557740203408230e+02 3.335631305918072940e+03 -2.914801905028736655e+03 -1.403076360339053736e+03 3.381161063692341031e+03 -1.601975763537407147e+03 5.866057118440495515e+02 9.913495523151186717e+02
-2.643763552898166745e+04 3.733526593055090052e+04 6.763889405942482699e+04 1.420863090887261205e+05 4.313969502724552149e+04 1.271015833814267302e+06 -1.308669935687625548e+04 9.499174306960003742e+04 -1.141569845409028232e+06 9.370813689726606244e+05 4.408323173746695393e+05 -4.719446091059840401e+05 1.800154699702349899e+04 1.400029016413799254e+06 1.067892005748613970e+06 -4.399176234783912514e+04 -1.709472291622325429e+04 1.811669281306827033e+05 1.144675960023254156e+06 7.039145206546309055e+04
-3.944377108202608360e+04 3.949078443636214070e+04 -2.750550382626598002e+04 2.536561015429141844e+04 -1.977315656291204732e+03 -1.578325331629896709e+03 1.104133101070492103e+03 1.982762219289893619e+04 5.224761430702181997e+02 1.367228558770497330e+03 -5.841793419113288110e+03 2.994949946462573644e+04 7.756367620808621723e+03 9.104095345032912974e+02 9.845551713352677325e+03 -2.766468624348366120e+03 1.492557737120421052e+03 6.763851010567154844e+03 3.634096617084135687e+03 -1.274509977283783968e+02
-2.637712611841231774e+04 2.065625059015232910e+04 3.664486018374178093e+04 7.097488150192667672e+04 1.086010801310856550e+04 5.824391011195352767e+05 -4.207841628757556464e+03 2.804286897510346535e+04 -2.356633194334595464e+05 1.816823048237577023e+05 7.691725598730354977e+04 -5.494390801185928285e+04 3.561546630937215014e+03 1.539390266527822532e+05 1.229623948299429903e+05 -1.730033431893338638e+04 1.970599217613479414e+04 -3.504527170932576701e+04 -5.970847548192470640e+03 4.142238663375155738e+02
