2.097417835626035594e+04 -3.083688951855946016e+03 -3.383865700994422696e+03 -4.293201332309826057e+02 1.626581119572514069e+02 9.530541265126493045e+01 -9.630124497326151811e+01 2.136156339644761601e+02 5.136127077765157090e+00 -4.407648800301924297e+01 1.117851102726964996e+02 3.971827351071780043e+01 3.996249110271364202e+00 7.561789830583537153e+00 -7.726304966049654332e+00 8.521067353618501983e+00 -3.264042892832405585e+01 -2.454475349317634070e+01 5.388157080926751163e+00 1.564399466437472075e+00
-4.589368464421355748e+04 -1.203300022316408831e+04 6.078931012906599790e+03 6.449570804826877065e+03 6.258107180087364395e+04 -1.690336489392045905e+03 -2.466131763986879832e+03 -5.761857160954551773e+02 2.130652173283455042e+01 -9.065215702016053001e+02 -4.412910171075056951e+02 3.337734950169694343e+02 -1.240196484897655580e+02 5.811739553175123092e+02 -3.358678130788852627e+02 1.142204032571900001e+02 8.788563715340114868e+01 3.897369094780198395e+01 5.515875041685844735e+02 4.181866744270756726e+02
-3.807326923083563088e+03 1.554327991216870032e+04 2.237054337994964590e+04 -3.005801734986692281e+03 -1.031642728354047676e+03 -3.031802955375676447e+02 1.310414776038193395e+03 1.817039573019435920e+03 8.203330414136681838e+02 8.667999118557756901e+02 -2.251892872970131066e+03 -4.752103251647463367e+02 1.101377589689544578e+01 8.559438632766326691e+02 -7.527336211479853318e+02 8.597327896506168088e+01 1.852428143260022750e+02 -2.027196110785660466e+01 1.228782061750135597e+02 1.118930122694042524e+02
-4.259717270806626038e+04 3.583752852042169252e+04 -2.623418370153304568e+04 -5.087596892899452541e+03 9.133192958994035280e+02 4.978469081503464508e+02 1.712184446701066236e+03 -2.144149443340807920e+03 3.147967525233881929e+02 8.243746829973543981e+02 1.136381555606115171e+03 -1.014646894737105356e+02 -1.660501467091660857e+02 -5.207447509133727408e+02 5.677511114017336880e+00 1.261889882505938374e+02 -3.200947449137049148e+02 -9.831463039453009856e+01 -1.328728544879651565e+02 -6.155764165138733546e+01
-1.647305053727971608e+04 1.746456503427818825e+04 3.264841207009941354e+04 2.837607478542298486e+04 2.331496947451460001e+05 -6.368543462013867611e+03 -4.748292577293247632e+03 -4.077668205530622799e+03 3.137384743019154030e+03 2.014524435061107397e+03 6.365722347173233402e+02 1.030153511668394003e+03 6.139265895720308208e+02 1.080326754835357178e+03 2.049501247954403027e+02 3.645862257961531441e+02 -4.208535761931286743e+02 6.816353769887238911e+01 -1.625653456702137191e+03 1.232078337994027066e+02
-2.629914769020459062e+04 4.340758486637174065e+04 7.355193699487842969e+04 1.699724777261544368e+05 1.595678766688114592e+04 1.523131850102656288e+06 -3.970281126900599702e+03 -3.034014310697030669e+04 1.840595427025126628e+04 1.361366143019499214e+04 1.851475001416050873e+04 -1.174467620587159581e+04 8.556292833092293222e+02 7.435174337649581139e+04 4.510602915450010914e+04 1.191721367751383923e+03 -1.024385152429322625e+04 8.545433513671361652e+03 -3.743927507389276434e+04 -4.979907280536889630e+03
-2.257424451229386978e+04 8.399858108530906975e+03 -4.370090856748979604e+03 4.540972755221035186e+04 -4.911723405500069930e+03 -4.164595592670175392e+03 -7.425238938529799952e+02 5.278756099060311499e+03 3.279169306585710274e+03 -1.422299412619294799e+03 1.467693014219469887e+03 -8.353762747115086313e+03 -6.053211514487901468e+02 2.033963505561686134e+03 -2.136572318427456594e+03 -2.896385189318920084e+02 1.464332092807342860e+03 -1.025809901867236476e+03 -9.431439452544434232e+01 4.159028662758652217e+02
-9.101960475999729169e+03 1.675533273828597157e+04 2.569084678659696874e+04 7.725158799132211698e+02 -2.048342836203874867e+03 -7.649249223899720391e+02 -3.329271915941192674e+03 -4.443920897332071149e+02 -9.222734790304568833e+02 -8.884436064621557307e+03 1.809755883896259184e+04 5.828540625275557431e+03 3.443474102430042194e+02 5.110256179988355711e+02 -3.437045401043280890e+02 -7.729646693534651547e+01 -1.584481803158217872e+03 -5.410537197948478934e+02 8.410266427578965249e+02 -7.054567529226642364e+02
-1.565308818826777861e+04 1.510309361996446023e+04 2.669913722387505914e+04 2.029722318137588081e+04 1.603472847325682524e+05 -4.850448272068863844e+03 -2.920080594967135767e+03 -2.163856524843046373e+03 2.268056715755915775e+03 1.847081694816603203e+02 1.715060463031065296e+02 3.404483086326216039e+02 2.407272130691121106e+02 5.660200377030621439e+02 3.321019754309941732e+02 8.681056966963875254e+01 -1.106513175226916985e+02 -5.927020020772140896e+01 -2.994168038663024163e+02 -4.551292092528330890e+00
5.246121011827105576e+03 2.287947165590242003e+04 2.369002741027449520e+04 -4.408224932848841490e+03 -4.002080510056322964e+03 -5.103525885993973930e+02 -6.260232837514905987e+04 7.064978040059389741e+02 1.185278982560231043e+03 2.640293142091826667e+03 -4.135398546947712020e+03 4.211012378319693994e+01 3.434339439288779658e+02 1.817264327973050058e+03 -3.345003627603936707e+02 5.153552048127443413e+03 3.258926081987381167e+03 6.182355074840319276e+02 -1.171764896813844416e+03 -6.111297635990472372e+02
-3.390361032988087391e+04 7.461490853905177210e+04 1.565464070198635163e+05 6.688038500037605409e+05 9.269461209923577553e+04 7.429178814210163429e+06 -7.226347487304396054e+04 -6.452495208701075753e+05 2.697222315995696001e+06 -1.839428319571936736e+06 -9.099011106334049255e+05 4.952719504703676794e+05 -1.449154183666315657e+04 -1.352397542225514771e+06 -1.006791201424730825e+06 1.677897437323605482e+04 5.029670213864884863e+04 3.157114726211919697e+04 3.748489633779013529e+05 3.634773474928404903e+04
-2.514060110568469099e+04 4.909230592759054707e+04 -7.710057214843543989e+03 -9.632060444041211667e+03 -5.032168907607682513e+02 4.470243415863593555e+02 -5.710306009031748545e+03 -5.063332057713568020e+02 8.094532940369338121e+02 2.232545752607872146e+03 -2.562178890904286618e+03 2.907458809311036134e+02 3.272284486992899843e+01 9.287780031277462740e+02 -1.004577183463488382e+03 6.099971517176051066e+02 -4.292806671722537430e+02 -4.087406462374011085e+02 -6.086158972041681636e+01 4.335239624490772030e+02
-1.029036217809772643e+04 1.057540924765414456e+04 1.583503454924522157e+04 2.190300866896234766e+03 -6.925870160636117134e+02 5.489962784988625089e+01 8.191709883123387499e+02 4.159335816177431298e+03 2.552251073732395241e+02 -4.854120845998387495e+02 5.991548208118131242e+02 -5.180928484434111851e+03 -8.938813916444746610e+02 -1.466455904955882579e+04 1.224218312699053240e+04 3.621731007940838936e+03 -8.869423040865476651e+02 9.905228577277055990e+01 1.069361469255552720e+03 2.961192714192798121e+02
-9.264444197293519210e+02 7.764318191195827239e+03 1.151716258769499109e+04 1.470045208552558688e+04 -3.375656108519777263e+03 -2.463389768066777833e+03 -5.917475166219776384e+02 -2.394484050381921043e+04 -3.774062783692856556e+03 4.767980741236528957e+02 -9.636253194866454805e+02 2.210301202334384016e+03 -3.181350930533394816e+01 -1.347298968423571523e+03 1.514238917815755258e+03 -1.086722369001680363e+03 1.305565630109451149e+03 4.211112768879386294e+02 2.174226515587682798e+02 2.320394794852439190e+03
-9.045574359854303111e+03 2.509472781560665226e+03 6.052602049672834710e+02 8.564211321167174901e+03 -5.749691222825024397e+02 -1.042737895624301245e+03 -5.479558260491886585e+02 2.337874444150976615e+03 2.716819043223620156e+03 -5.838273971440328751e+03 9.895888114277093337e+03 -2.375673958914053583e+04 -4.361648984331933207e+03 -3.282483414749741769e+03 -9.360360308197102768e+02 -2.595746211705441601e+04 3.979367801747011254e+04 2.336766508746085674e+04 -3.981866910769650531e+03 -2.856470254596074938e+03
-5.584369620489099179e+04 3.970807633234425884e+04 -3.498007243197625212e+04 3.027282483638882695e+04 -2.261829565947618903e+03 -2.658195395476379417e+03 -1.269246256150062635e+02 1.203693682571154386e+04 5.560336933234268145e+03 -3.029493823626095036e+03 6.295234002871544362e+03 -1.185138083705881945e+04 -1.017005948998480335e+03 2.681245044127519577e+03 -2.832956062261130228e+03 -1.403625153981992753e+03 3.099812142740514901e+03 -1.623212788336463063e+03 5.213044288137728017e+02 7.917874899465107319e+02
-4.543816795729826481e+03 3.768378030127212696e+03 5.939766069289191364e+03 8.912147784378417782e+03 -1.820450180822320362e+03 -1.351728048717076263e+03 1.729761614033495562e+03 -8.741217304146446622e+03 -6.660437949990972584e+02 1.460950603574442084e+03 -2.010424462694455087e+03 -1.303183847124817021e+02 -3.072947431056423184e+01 -2.563883294599600617e+02 1.359427904142262094e+02 -3.697292668260215720e+01 8.064191211863392539e+01 1.687656479582269640e+02 -7.622318516987930082e+01 -1.169345762129340301e+03
-3.944690287448053277e+04 3.949378161887591705e+04 -2.751326536507900892e+04 2.536614032811749712e+04 -1.977925262562219586e+03 -1.581371418145311054e+03 1.103763626268810185e+03 1.982567171074847647e+04 5.288510962110842684e+02 1.364277312693053091e+03 -5.841272709681978085e+03 2.994784614563525247e+04 7.759660572227953708e+03 9.142747275447850370e+02 9.847980037313329376e+03 -2.763946220391159386e+03 1.488959005064971734e+03 6.770631103873624852e+03 3.635307019114216928e+03 -1.256990466294275706e+02
-3.695379237539214228e+04 3.490736480746633606e+04 -1.830158168210423901e+04 -2.104625172990635747e+03 7.621151161713298279e+03 2.599688856380130801e+03 6.225391516485998409e+02 3.161531204533720938e+03 -3.471938270323751203e+04 -3.880076298289312399e+04 -1.641405606615785291e+04 -4.301056032716021036e+03 2.028573454884995726e+03 1.249858530468889739e+03 -6.885094242779507567e+02 -5.662746032907491553e+02 -2.111176087160241877e+03 -3.894585559665326855e+02 -5.743805749500176034e+02 -1.615182455826444311e+03
-2.633265886952617439e+04 2.093757966614991528e+04 3.646018764809396089e+04 7.111780797748631448e+04 1.138967939856969497e+04 5.832494287982076639e+05 -4.336224596344003658e+03 2.875237775671480267e+04 -2.429052946269529639e+05 1.831831633820254938e+05 7.687201586524533923e+04 -5.622234941233404970e+04 3.756681063879436806e+03 1.521774719980627997e+05 1.181285011349253909e+05 -1.790794545301854669e+04 2.046344670117727219e+04 -3.246289377274995786e+04 1.013207560177488085e+04 9.322935740619329863e+02
-2.357973698137009706e+04 2.213168240127365789e+04 9.095586911058037003e+03 8.362150157613135889e+03 2.141982638830304859e+04 4.268245387439520709e+04 -3.608363684239474878e+03 1.909696696275541035e+04 -1.197225425014619977e+05 1.649075360942386760e+04 -2.284943244844025685e+03 -5.160468385109771589e+03 3.738913189768247776e+03 -5.765547525549553393e+04 -7.276989581578338402e+04 -1.805060686426645407e+04 2.174476544557615853e+04 4.689438204987749486e+04 2.525832097703455074e+05 5.581249781309383252e+03
-4.845906946254373906e+04 -1.541523263928261986e+04 9.509609509153958129e+01 -1.432757177856062754e+03 3.801053285195167319e+01 1.423862760549636164e+02 -7.656179131558952804e+02 1.711450747720085474e+03 3.726066103708631090e+02 -3.168971511066503126e+02 5.590461326870284893e+02 1.677205320035806437e+02 -4.113583385921819513e+02 3.642000702848861238e+02 -1.300889499116714774e+02 -2.734173624433973373e+02 2.944068136175727091e+02 -6.729576158142326676e+02 2.386357765459665359e+02 2.133452778161314927e+04
-7.285414498586570517e+03 1.670152718896843362e+04 2.599316169144035666e+04 1.374117285945039112e+04 7.365558402123804626e+03 1.400253152449940681e+05 1.125440118186776772e+03 1.065934883162440929e+04 -8.404861833702736476e+04 7.071092513806675561e+04 2.832690993179547877e+04 -2.998493790272350452e+04 8.009191620854415987e+02 7.361226380299417360e+04 7.201870807216392132e+04 9.379196467530837253e+02 9.928590833970912399e+02 -5.797590404176738957e+03 -9.622431669206564038e+03 9.066146171844040964e+02
-2.167860636990320563e+04 2.025583358000189764e+04 2.520692955259805967e+04 4.749198215730758966e+04 8.891947860891770688e+03 6.073787725879607024e+04 -3.011764126796269466e+03 5.802405074599313957e+04 -1.832934375170958228e+05 9.640354322395926283e+04 3.841293327143845090e+04 3.164823417081935258e+04 -5.378163419804982368e+03 -1.565431554177791986e+05 -1.670825712136294751e+05 2.621873018577217226e+04 -3.955337558413220540e+04 4.709164554354679422e+04 -1.279300545699638024e+05 -4.209663697822219547e+03
-4.652826525879964174e+04 1.213875997741946594e+04 -1.497227857815345851e+04 1.345709557168084029e+04 4.471887188175831511e+02 -1.185010782554809055e+02 -7.630248442538734253e+02 1.633801164408109616e+04 -9.797532356457284550e+03 -1.053902465531744929e+04 -9.656823082100312604e+03 4.630159880680537754e+04 -3.338072353093387792e+05 1.376737695154908943e+04 9.763020230155527315e+03 -2.857343737577645015e+02 1.230069856274206904e+04 -3.988842011714605633e+03 1.011427503527930457e+04 8.122767063450439764e+02
-2.298277204448335397e+04 4.703014925652918464e+03 9.910852958239436703e+03 1.768815590303919407e+03 -9.333613980942507169e+02 -4.613843414648159182e+02 -1.262342947590139192e+04 2.907804769479018432e+03 -2.007366638200414400e+03 -3.032366194221173373e+03 -6.983607816208163968e+03 -7.191566761841691914e+03 -1.856796926333262491e+03 -5.310762145659919952e+03 5.941237983229807469e+03 -3.516017902321350266e+04 -2.372024152795497866e+04 -1.330750615075968142e+02 -6.550513787998007729e+02 -1.648843443857836348e+02
-2.090807003298713244e+04 1.066914386485004434e+04 2.151162957591526720e+04 4.390405571010497852e+02 2.917371992061787296e+03 1.461041995788909298e+04 7.346527099691235208e+02 1.379379365222128763e+04 -3.218355585142423297e+04 1.984755638490269484e+04 -6.077115607586383703e+02 2.293675054058701789e+04 6.665996700225995482e+03 -3.022304655863655353e+04 1.125375178413546200e+04 -4.778366562453223742e+04 7.494683350185205927e+04 -1.136855553795930609e+05 -2.042325418609485132e+04 -1.416895264937281581e+03
-4.332376167140884354e+04 4.873417784566304908e+04 -1.491819379816078981e+04 1.183625997982947010e+05 3.774330498322490166e+04 3.272267325405126940e+03 -6.657788197464812583e+03 1.238686921783806029e+05 -1.073264803249460820e+05 -3.239254324847713360e+04 -1.485637644755731453e+05 4.946661070626931614e+05 -2.562450987102032639e+06 7.993945496745551645e+04 8.424003479697836156e+04 3.541244295918357238e+04 9.498511284400306977e+03 -2.362886442389662261e+04 3.937337699184878875e+04 -6.968172246985540551e+04
-2.905214177714181278e+04 3.647711192644031689e+04 -4.805401589503968353e+03 2.708769169249829065e+04 -2.255816110445147842e+03 5.418684417173905103e+02 3.418634036052369993e+03 4.230362476878253074e+04 -1.941224405224734437e+04 1.105918002719767401e+03 -3.515214185267611174e+04 1.362442687539173930e+05 2.920770436698220510e+04 -1.260042549086100371e+04 5.499840379461688281e+04 -5.283860204324862571e+04 6.635433276267275505e+04 2.698383581453349689e+04 4.413932260018876150e+03 -4.189794890513888276e+03
-4.937432073409626173e+04 -1.552688822276626524e+04 1.429762166801576768e+02 -1.206174448599478865e+03 -5.597236030600452494e+01 7.454661663462277943e+01 -3.968773706144838229e+02 -4.315630006819874964e+00 2.794518559023618991e+02 3.840916874892832880e+02 -6.963321030105314335e+00 2.593828816585949539e+02 5.508159149403040544e+01 9.356754499225877453e+01 -6.267229399759978747e+01 1.085639556980205640e+02 5.738159020776011587e+00 9.159214178447862764e+01 -1.202055250274664466e+01 -6.522738596275182772e+02
-3.190671682769628205e+03 1.113922787825610794e+04 1.776489613130656289e+04 -2.085425335171317784e+03 -7.264772445625570754e+02 -2.643929951384733386e+02 4.518276659228414246e+03 1.206533083562496813e+03 6.484038570557245293e+02 8.506705342349283683e+02 -2.301222954298468721e+03 -6.101207625180023797e+02 -4.087763835076762220e+00 9.831405339613538672e+02 -8.238419704125369663e+02 -1.772120156873827668e+01 2.274942973162512203e+02 9.790808657058381925e+01 -5.010293331077402001e+01 8.971748219451650641e+01
-4.837226061448467954e+04 -1.510196676478558220e+04 6.475849763861418751e+02 -1.243534290623668994e+03 2.188391189622612956e+02 2.793339035731156059e+02 -9.232416491106621379e+02 2.888223450536321252e+03 -1.590963010363163812e+04 -2.506026420529208190e+04 -1.208732482073935716e+04 -3.707389665928806608e+03 1.059958692043441260e+03 5.789727840762504457e+03 3.361641194467529658e+03 4.698365930160735843e+03 9.624475822556796629e+02 -8.872490997547922689e+02 -4.760900176581639244e+03 2.747367642055680221e+02
-3.770983126473466837e+04 5.487385780222576614e+03 1.397230955163091676e+04 2.078126879706950422e+04 7.888132223667610560e+03 5.041418500662119914e+04 -7.442846384545428009e+02 4.519229222614926402e+04 -1.758634299516984902e+05 8.380269460526382318e+04 2.220801421463676525e+04 2.007865925857896218e+04 1.205491776937907707e+04 -3.255078927226952510e+05 -2.339856602635043964e+05 -4.201601559623531066e+05 7.102285857723297086e+05 -2.104463607909047045e+06 -2.177633794808288221e+05 5.090580878107423814e+03
-1.266598507728928234e+04 8.139936715653782812e+03 -2.450543827058396289e+02 4.249477236622609780e+04 -4.866918919127322624e+03 -3.628589672495456398e+03 -3.057100356219474406e+02 3.283336187314487233e+03 1.501940417448879316e+03 6.836204876540128907e+02 -2.096611385291826991e+03 -1.757041277926669864e+03 3.336048519430569854e+02 1.369852435755810120e+03 -1.221758836262556770e+03 1.942091590490314047e+03 -2.259259673061967078e+03 -1.327271984893302488e+03 -2.029973950449073925e+02 1.656025527586626822e+02
-4.604627741940412670e+04 -1.259906075228156078e+04 4.576054832466072185e+03 1.937791861520115162e+03 4.289908033490660841e+02 1.602205318481283030e+04 -3.010843108189032137e+03 8.336419234093516934e+03 -3.707189018879443756e+04 1.345619431214451288e+04 2.521004675497531480e+03 -1.771540826357301512e+03 -5.522307809826710354e+02 -2.169653438903723509e+04 -2.672028257042165205e+04 -1.423384993807663477e+03 1.885098753698848441e+03 -5.605461733229213905e+02 4.342865661380818892e+03 9.581481931211824303e+02
-6.001147236029546184e+04 7.927026028115184999e+03 -1.878332225591771567e+04 3.454998357396825304e+04 -3.027426951926060610e+03 -3.076625765976384628e+03 -1.435674077060610443e+03 1.421246013772894185e+04 5.383016604065687716e+03 -3.900228343582702109e+03 5.362588620194918803e+03 -1.182223938805411854e+04 -7.963592526892883825e+02 3.373730375810362602e+03 -2.940664505834299689e+03 -1.370229718281776968e+03 3.335847613749704578e+03 -1.626882563328144215e+03 5.771280575495285348e+02 9.981473032039529016e+02
-3.937153958005669847e+04 9.400567375560969595e+03 2.847170868239001720e+04 -7.704187854615644028e+03 -4.774978464673319650e+03 6.019810164568499431e+02 -9.283654984462926222e+04 9.804378563949623640e+03 -1.180067871268931049e+04 -9.444628457886306933e+03 -3.087097540681489045e+04 -2.959314100704528391e+04 -1.036357618702884065e+04 -4.091347559392799303e+04 4.181658393500300735e+04 -5.402395853004804812e+05 -4.130519698641552241e+05 -2.224136468164364123e+04 -2.088010960122930919e+04 2.494672799212529935e+04
-1.088619993337641790e+04 1.317526386142097181e+04 2.117236603755645410e+04 4.041711014244255239e+03 -5.259441840792405856e+02 6.075108892591435506e+03 3.246665308080390787e+03 1.386471470263610536e+04 -1.657775357397400148e+04 1.271832615328547035e+04 8.999109552614088898e+03 -3.711002903894226620e+04 -5.679937055062571744e+03 -1.089361498368091707e+05 1.247252232001722587e+05 5.592142791276627395e+04 -1.657627994533283345e+04 7.314047632459643864e+03 -4.732871350326958236e+03 1.832988135824754863e+04
-4.671644323815371172e+04 -8.833421144162351993e+03 -1.316056677328759406e+03 2.173438275559758767e+04 -2.098462895800227670e+03 -2.010084638459700500e+03 -3.622622482187003243e+03 1.541245215691823978e+04 5.479739826316340441e+03 -2.392003593591393837e+03 2.052666039841050406e+03 -2.516322868954957357e+03 3.772502049914236977e+03 5.133511418345481616e+03 1.713029432046041165e+03 1.643663608952853610e+04 -2.328164593565207542e+04 -5.591206601450366725e+04 4.843004162574758084e+04 -1.023217144902201107e+04
-2.643763552898166745e+04 3.733526593055090052e+04 6.763889405942482699e+04 1.420863090887261205e+05 4.313969502724552149e+04 1.271015833814267302e+06 -1.308669935687625548e+04 9.499174306960003742e+04 -1.141569845409028232e+06 9.370813689726606244e+05 4.408323173746695393e+05 -4.719446091059840401e+05 1.800154699702349899e+04 1.400029016413799254e+06 1.067892005748613970e+06 -4.399176234783912514e+04 -1.709472291622325429e+04 1.811669281306827033e+05 1.144675960023254156e+06 7.039145206546309055e+04
-6.123808013645613755e+03 1.452197878229301205e+04 2.339801625839413464e+04 1.203858593737063302e+03 -1.123478296977965101e+03 2.269313646122561840e+04 5.795121247361044880e+03 3.890587748230334910e+03 -1.023366601681119755e+04 6.491339803127599225e+03 1.208471780842006410e+04 -1.162702616410306746e+03 -9.502147341604150199e+01 8.841464197955196141e+03 3.430314332171240949e+03 2.298830402218606650e+03 -5.723562785477639409e+03 5.060810454922579083e+03 -2.027084783811573652e+04 -2.315841838285071844e+03
-1.619012232418894564e+04 1.167388886832067328e+04 1.570814006113363757e+04 6.146488766056284476e+03 7.235715935488046568e+01 1.664999090892806635e+04 -4.051353131820952058e+03 1.062468287843874714e+04 -3.794629114931698132e+04 1.430836995288769504e+04 1.764462822307008082e+03 -1.230654546336856129e+03 -5.666841002252881481e+02 -2.336666391421555454e+04 -2.702476406386033341e+04 -1.153395796609384888e+03 1.135757853106358880e+03 1.506999730857168345e+02 3.354537652212395642e+03 4.005475140499657982e+02
-1.552730658876144116e+04 1.048540335716638765e+04 -1.619758190812039629e+03 6.247002824141619203e+04 -6.964971367864236527e+03 -3.215460576758167463e+03 -6.077087300191260510e+02 1.142520441731285246e+04 -1.008022397481837373e+02 3.654649773574621122e+03 -5.746468127388054199e+03 5.019981016327084944e+03 -2.437176499170110446e+02 1.612390611016747243e+03 -3.273680193962686644e+03 3.556968336891165563e+03 -4.154899876698540538e+03 7.697259988657089025e+02 -3.026999584734912787e+03 5.498284920627060046e+02
-2.129191940830796011e+04 1.326001237603681511e+04 1.357526864981007202e+04 8.597417233605465299e+03 -1.509847295171454334e+03 -1.037568826839596568e+03 -4.268327675736326455e+03 6.642773300124635171e+03 1.242402902725380272e+03 -5.876282399962393356e+03 7.204771059468571366e+03 -9.026148236608441948e+03 -1.501709001748221681e+03 -1.372255428085926042e+03 1.265998359733117468e+03 -4.466542772594198141e+03 6.771437628338266222e+03 9.130166015518005906e+02 2.234254211914163761e+02 -1.060974150796995218e+03
-1.335784412477532715e+04 5.392653224570921338e+03 2.971616937562581825e+03 1.905387220489508400e+04 -2.967550780421677700e+03 -2.583561633666754460e+03 7.440411009900007002e+02 -2.025390919334139471e+04 -1.802770929451634629e+03 4.385586316204738068e+03 -5.493329614280697569e+03 -1.757388606066574084e+03 4.256477700449543704e+02 -5.472627718535204622e+03 5.260608814052414345e+03 2.075946158333255880e+03 -5.314070374452280703e+03 -3.959156515725744612e+03 6.026868224275362081e+03 -8.006412039263304905e+04
-8.463862278607297412e+03 1.213862375735890782e+04 1.935038388425700759e+04 8.723308524256511873e+02 -9.940708792369467801e+02 -4.326931335076762366e+02 1.465380168090097868e+03 2.087389866442262701e+03 -4.589147132413542636e+02 -5.692804560926164413e+03 1.124333384478101289e+04 2.776435113878894299e+03 1.515393841879755428e+02 -4.382192384309116733e+02 6.586203042953923159e+01 -4.065932876967268612e+02 -1.362265408365296707e+03 -2.739541328680923584e+02 5.703900196098406923e+02 -1.061621618423983819e+03
1.314917839754761872e+03 8.959248070877958526e+03 1.044755615426961231e+04 4.169847600574699982e+02 -1.835596998056117627e+03 -5.119660279102193954e+02 -3.525410639388976415e+04 9.651700441142720592e+02 7.616790921753363364e+02 1.609192433818363043e+03 -3.917358226429246315e+03 -1.874131128966909273e+03 8.939477615306741143e+01 8.296839798792658485e+02 3.725169995409477224e+02 3.854973687074396366e+03 3.776933738289093526e+03 8.782788039483639295e+02 -1.079194418329217342e+03 -1.366001169741333115e+03
-2.436483802557143645e+04 3.267222865612317401e+04 5.467944334848033031e+04 1.238246704467445234e+05 1.038165300575338188e+04 1.018446762935484410e+06 2.280250249014074143e+03 2.519107005407495308e+03 -1.155913174114106660e+05 1.060326528952555673e+05 5.682785977506061317e+04 -3.723477255232879543e+04 1.025845527575876986e+03 1.409752744410783635e+05 1.026381412046951154e+05 1.205873104956819589e+03 -1.100631420144206277e+04 2.008147975374210318e+03 -5.913037358805485565e+04 -4.723609915800651834e+03
-4.139254975734923937e+04 4.481058145175516984e+04 -2.854226595469416134e+04 7.265649193703857600e+04 -7.073855572616131212e+03 2.771791647340889426e+02 7.187977792358436773e+02 3.904259759137638321e+04 -5.396441798498382013e+03 1.049476324803692660e+04 -1.760507837311280309e+04 5.206110705263497948e+04 6.487869914161293309e+03 8.171958282758363339e+02 4.896995088240258156e+03 2.410814208178956505e+03 -5.048168551221263442e+03 1.307679159983052523e+04 -4.270657836264222169e+03 9.750236956541780273e+02
-4.230074632648596162e+04 3.173283367173568331e+04 -1.181595865101451818e+04 7.022798172212296049e+04 3.528531896716216579e+03 7.898680008489934153e+03 -5.763680276387690355e+03 7.020235113786105649e+04 -8.040181862613800331e+04 -3.238103336256204420e+04 -8.247568561438926554e+04 2.313521132912283356e+05 -1.214324406624735100e+06 3.285774123662659258e+04 3.262960412621330761e+04 7.592509437942585464e+03 -2.003601040810386849e+03 -9.984261045926943552e+03 1.619860374059043897e+04 -3.105760709461279839e+04
-4.142454675950141245e+04 3.523850570149484702e+04 -2.515506530893176750e+04 -4.466433699781153337e+03 3.209028064838178125e+03 1.699567357136365217e+03 1.763476369302904459e+03 4.092785316881571816e+03 -4.750326482840349490e+04 -6.440203181907712860e+04 -2.928720186911208657e+04 -7.725173647918448296e+03 3.226093495274218640e+03 8.890972319773056370e+03 5.042511881140103469e+03 6.726269444693120931e+03 6.023368736693598748e+02 -1.096511664455956407e+03 -5.759330611979780770e+03 -1.424599122030882427e+03
