2.097417835626035230e+04 -3.083688951855946925e+03 -3.383865700994422696e+03 -4.293201332309827194e+02 1.626581119572513785e+02 9.530541265126494466e+01 -9.630124497326151811e+01 2.136156339644760749e+02 5.136127077765155313e+00 -4.407648800301925007e+01 1.117851102726964996e+02 3.971827351071780043e+01 3.996249110271364646e+00 7.561789830583537153e+00 -7.726304966049655221e+00 8.521067353618503759e+00 -3.264042892832404874e+01 -2.454475349317633359e+01 5.388157080926751163e+00 1.564399466437471853e+00
-4.586432023880354973e+04 -1.191914361341627409e+04 6.037153966927229703e+03 6.474147941556185287e+03 6.257933191574817465e+04 -1.691474413193014698e+03 -2.462117077828661422e+03 -5.436469526825924277e+02 1.886793929454400498e+01 -9.019882708858801834e+02 -4.564710643815758431e+02 4.066691986541967481e+02 -1.068545127673956472e+02 5.801903365363588136e+02 -3.109030060451408417e+02 1.054359243759562048e+02 9.355048786758028712e+01 5.739937152516236551e+01 5.593245593204745774e+02 4.170869290855292775e+02
-3.190382034566352559e+03 1.113926696502872073e+04 1.776508139445451525e+04 -2.085541875704655013e+03 -7.264790200998091905e+02 -2.643881054129917629e+02 4.518309196091631748e+03 1.206461558629937372e+03 6.483904137902892444e+02 8.507053546834873714e+02 -2.301301711496111238e+03 -6.100320791337202309e+02 -3.988407862080924016e+00 9.831553539193528195e+02 -8.238829765081502501e+02 -1.762585712298292506e+01 2.273537293323780091e+02 9.814333977372372431e+01 -5.009607804003428555e+01 8.962073561653842546e+01
-4.262696428513561841e+04 3.583453993147403526e+04 -2.623152877079148311e+04 -5.084507616560676979e+03 9.105895956599724741e+02 4.959750920329052519e+02 1.725006619818394938e+03 -2.203440322850613484e+03 3.108843675515647078e+02 8.484813345968176463e+02 1.116147146200837597e+03 -9.655342781296907617e+01 -1.501217151057859382e+02 -5.297624658374553519e+02 7.965002193133308594e+00 1.390871116453268144e+02 -3.302596086684163765e+02 -7.300756857913827957e+01 -1.413987410157331226e+02 -7.901923670508243731e+02
-2.460537009490178025e+04 2.037769718512642066e+04 3.500071111507144087e+04 7.047478025374557183e+04 1.046290575574882860e+04 5.552400431869316380e+05 -4.110301361663567150e+03 2.859289647571382375e+04 -2.333421567431225267e+05 1.788560743781230703e+05 7.518057447605897323e+04 -5.475663574394321040e+04 2.872982138170326834e+03 1.508694110865679977e+05 1.166687282909962669e+05 -1.252740507457232343e+04 1.242639824394805510e+04 -2.254631441511453158e+04 -3.920105048318967533e+02 8.901949650905311273e+02
-1.647305053727971972e+04 1.746456503427818461e+04 3.264841207009941718e+04 2.837607478542299577e+04 2.331496947451460583e+05 -6.368543462013868520e+03 -4.748292577293247632e+03 -4.077668205530620526e+03 3.137384743019154030e+03 2.014524435061107624e+03 6.365722347173232265e+02 1.030153511668393776e+03 6.139265895720309345e+02 1.080326754835357633e+03 2.049501247954403027e+02 3.645862257961531441e+02 -4.208535761931286743e+02 6.816353769887238911e+01 -1.625653456702136509e+03 1.232078337994026640e+02
-1.554074200356054826e+04 1.049429622614824075e+04 -1.625913785341683933e+03 6.254761608692730078e+04 -6.973193029923746508e+03 -3.213825249153216191e+03 -6.087423543582415277e+02 1.145444827342194549e+04 -1.074321080839542191e+02 3.665825698431988712e+03 -5.759695290822578500e+03 5.045549216899043131e+03 -2.464196240024327267e+02 1.613296777298841562e+03 -3.281904909060681803e+03 3.562235933528390888e+03 -4.160686025271861581e+03 7.784923217025336726e+02 -3.038284868334970270e+03 5.519099510755422671e+02
5.241364886063503036e+03 2.288208891329161997e+04 2.369046380410207712e+04 -4.407345581294845942e+03 -4.002117009556968242e+03 -5.103840255284411569e+02 -6.259996932620493317e+04 7.079560451691530716e+02 1.185590645472533424e+03 2.640489855476860612e+03 -4.136148804762356122e+03 4.054520872504885887e+01 3.432953887263623187e+02 1.816860336619718510e+03 -3.344304136337404429e+02 5.152126059020338289e+03 3.259333902924543963e+03 6.184821929466475012e+02 -1.171444244474565949e+03 -6.111011274834849019e+02
-4.332376167140884354e+04 4.873417784566304908e+04 -1.491819379816078981e+04 1.183625997982947010e+05 3.774330498322490166e+04 3.272267325405126940e+03 -6.657788197464812583e+03 1.238686921783806029e+05 -1.073264803249460820e+05 -3.239254324847713360e+04 -1.485637644755731453e+05 4.946661070626931614e+05 -2.562450987102032639e+06 7.993945496745551645e+04 8.424003479697836156e+04 3.541244295918357238e+04 9.498511284400306977e+03 -2.362886442389662261e+04 3.937337699184878875e+04 -6.968172246985540551e+04
-3.697018526945015765e+04 3.485673046954043093e+04 -1.829591320955458286e+04 -2.034796094140433752e+03 7.599265486798323764e+03 2.587114050432701788e+03 6.217852520226527986e+02 3.187192327053078770e+03 -3.465849887446961657e+04 -3.877816175834820024e+04 -1.638472584466539774e+04 -4.329095738049232750e+03 2.028040997462463793e+03 1.268445803833993750e+03 -6.817671694469108843e+02 -5.561490875830467076e+02 -2.093152200700826143e+03 -3.941584479484433245e+02 -5.823925173149457351e+02 -1.605436018828707574e+03
-3.390361032988087391e+04 7.461490853905177210e+04 1.565464070198635163e+05 6.688038500037605409e+05 9.269461209923577553e+04 7.429178814210163429e+06 -7.226347487304396054e+04 -6.452495208701075753e+05 2.697222315995696001e+06 -1.839428319571936736e+06 -9.099011106334049255e+05 4.952719504703676794e+05 -1.449154183666315657e+04 -1.352397542225514771e+06 -1.006791201424730825e+06 1.677897437323605482e+04 5.029670213864884863e+04 3.157114726211919697e+04 3.748489633779013529e+05 3.634773474928404903e+04
-5.822403499829040356e+02 7.838492209190819267e+03 1.165865716864386195e+04 1.459846279466485794e+04 -3.412019155953239078e+03 -2.466846921868230311e+03 -6.651101395329347952e+02 -2.416504607906459933e+04 -3.804837636809952528e+03 3.474387333525431245e+02 -6.307549875419401815e+02 2.582434594939162253e+03 -8.448530282289803406e-01 -9.519176168741793163e+02 1.223919785241538420e+03 -9.287167872767654444e+02 1.271724242086003869e+03 2.198106860282949526e+02 1.660090919033501109e+02 3.220657765556592040e+03
-2.514048207882360293e+04 4.909157513116952032e+04 -7.709474460617502700e+03 -9.631141459514525195e+03 -5.029692064801271840e+02 4.469735389899705638e+02 -5.709981010754183444e+03 -5.054214980229479011e+02 8.094083568220456755e+02 2.232495021893771082e+03 -2.562351917695354587e+03 2.923117891519879663e+02 3.310781375910993063e+01 9.287338783367704309e+02 -1.003986072777451454e+03 6.096051583176188160e+02 -4.288669947213458045e+02 -4.081726787183837359e+02 -6.065420493455189188e+01 4.335046305758954759e+02
-8.510294045352804460e+03 1.214539009834606804e+04 1.932851931837013035e+04 9.080739751194134897e+02 -9.958239476612516228e+02 -4.356228519333387226e+02 1.461688528871633935e+03 2.101455441341595360e+03 -4.541645782646659768e+02 -5.695642037674829226e+03 1.124679221566683191e+04 2.772071703911493387e+03 1.523114890227179785e+02 -4.355854643584088421e+02 6.611511405455601675e+01 -4.068041817373547246e+02 -1.361447450203150538e+03 -2.763487464144291721e+02 5.731392158471828679e+02 -1.060876018519228410e+03
-4.515469861903926358e+03 3.761879699297679508e+03 5.945234843971460577e+03 8.882472317782337996e+03 -1.817734039822039222e+03 -1.348199463606106747e+03 1.732890708962008148e+03 -8.725835029867936100e+03 -6.651882425678267055e+02 1.463396882803724111e+03 -2.010118406577926862e+03 -1.078741521903277345e+02 -2.726483741890355716e+01 -2.436616967165425365e+02 1.269854969807089731e+02 -2.471127973598475691e+01 6.817909612203435188e+01 1.608971552837241177e+02 -7.825386005030702563e+01 -1.146582700537626806e+03
-5.632396509266852809e+04 3.613508256474376685e+04 -3.317012066179191606e+04 3.080175220699062993e+04 -2.353845864033059115e+03 -2.709589388689083080e+03 -2.763572127590030050e+02 1.229540639135578567e+04 5.557416088802056038e+03 -3.109400595850515401e+03 6.196891495432917509e+03 -1.185320149888575361e+04 -9.936298944357230312e+02 2.760113647451884390e+03 -2.851383141368827637e+03 -1.400339272897356068e+03 3.123695714178544222e+03 -1.624611291370325034e+03 5.303675112504269009e+02 7.926406577281541104e+02
-2.257488538199166942e+04 8.402523541937212940e+03 -4.366061368486703032e+03 4.540416498697967472e+04 -4.911641079122306110e+03 -4.164303191592088297e+03 -7.440898929040863550e+02 5.274324567915521584e+03 3.278034212611467410e+03 -1.422780231720774282e+03 1.469236882154189743e+03 -8.350432534013414624e+03 -6.050474799601818177e+02 2.034625866216539634e+03 -2.136855336816338877e+03 -2.890615070081602198e+02 1.463830930080993312e+03 -1.026269325706089376e+03 -9.436515288475897023e+01 4.186123719227605307e+02
-2.911486701600536617e+04 3.653983992449308425e+04 -4.904849949526131240e+03 2.739232079347618128e+04 -2.288708088021994172e+03 5.624511011933600457e+02 3.415953755338190604e+03 4.243668583384665544e+04 -1.942037400894497114e+04 1.236762052673873768e+03 -3.520484728121941589e+04 1.363359469578772841e+05 2.917480266019107148e+04 -1.259428317978455379e+04 5.478246446948628727e+04 -5.258772828366493923e+04 6.598745947900979081e+04 2.753488055806069679e+04 4.335550403379740601e+03 -4.115922046550238520e+03
-3.807315528899078799e+03 1.554332259238947881e+04 2.237063658735714853e+04 -3.005894060801518663e+03 -1.031667216740406502e+03 -3.031755004199875998e+02 1.310298369119050903e+03 1.816972555985830695e+03 8.203446026843304253e+02 8.668098068846659316e+02 -2.251899863252664545e+03 -4.754368600227984416e+02 1.096460595083011214e+01 8.559327039440902354e+02 -7.527944237628120163e+02 8.599963223882654972e+01 1.852229693461916895e+02 -2.032573578484557331e+01 1.228590114386098691e+02 1.118910125818310632e+02
-3.770983126473466837e+04 5.487385780222576614e+03 1.397230955163091676e+04 2.078126879706950422e+04 7.888132223667610560e+03 5.041418500662119914e+04 -7.442846384545428009e+02 4.519229222614926402e+04 -1.758634299516984902e+05 8.380269460526382318e+04 2.220801421463676525e+04 2.007865925857896218e+04 1.205491776937907707e+04 -3.255078927226952510e+05 -2.339856602635043964e+05 -4.201601559623531066e+05 7.102285857723297086e+05 -2.104463607909047045e+06 -2.177633794808288221e+05 5.090580878107423814e+03
-1.565308818826778042e+04 1.510309361996446023e+04 2.669913722387505914e+04 2.029722318137588081e+04 1.603472847325682233e+05 -4.850448272068863844e+03 -2.920080594967135312e+03 -2.163856524843046373e+03 2.268056715755915320e+03 1.847081694816603203e+02 1.715060463031065865e+02 3.404483086326216039e+02 2.407272130691122243e+02 5.660200377030620302e+02 3.321019754309941732e+02 8.681056966963875254e+01 -1.106513175226916701e+02 -5.927020020772140896e+01 -2.994168038663023026e+02 -4.551292092528330890e+00
-1.028450151830159302e+04 1.057466562090571642e+04 1.583723655344141298e+04 2.186050044883350438e+03 -6.923156337081740048e+02 5.510233673098565532e+01 8.193561801525833062e+02 4.157103284730101223e+03 2.539357146439758708e+02 -4.842353445095176880e+02 5.973662128578625925e+02 -5.177248101925029005e+03 -8.933446018575317567e+02 -1.466502939763846916e+04 1.224278322174335881e+04 3.622933766260607626e+03 -8.889981795808514562e+02 9.889317757225767025e+01 1.069277958848791286e+03 2.959571241031365503e+02
-9.045574359854303111e+03 2.509472781560665226e+03 6.052602049672834710e+02 8.564211321167176720e+03 -5.749691222825024397e+02 -1.042737895624301473e+03 -5.479558260491886585e+02 2.337874444150976615e+03 2.716819043223619246e+03 -5.838273971440328751e+03 9.895888114277093337e+03 -2.375673958914054310e+04 -4.361648984331932297e+03 -3.282483414749741769e+03 -9.360360308197105041e+02 -2.595746211705441965e+04 3.979367801747012709e+04 2.336766508746086038e+04 -3.981866910769649621e+03 -2.856470254596074483e+03
-7.234867972454492701e+03 1.671133116927919764e+04 2.600325004915605678e+04 1.349417812457930995e+04 7.383233173707684728e+03 1.387950052534621500e+05 1.140038718866590443e+03 1.068914489472664172e+04 -8.433170810241186700e+04 7.094650431564453174e+04 2.847024166098905334e+04 -3.013699971329350228e+04 8.071146574437333356e+02 7.391973895939938666e+04 7.236068938082251407e+04 9.425644091282721320e+02 9.987352933256324832e+02 -5.823033338308572638e+03 -9.676477228353969622e+03 9.044694042601138335e+02
-3.966758434191231936e+04 4.004533434686875262e+04 -2.765583535756863057e+04 3.021801435092584506e+04 -2.519025174873519518e+03 -1.392990129702567174e+03 1.065617323829658517e+03 2.179408374750801158e+04 -7.101444574060677439e+01 2.293099589977415690e+03 -7.037855369260194493e+03 3.218705247431806492e+04 7.627472431569164655e+03 9.087394621596951083e+02 9.343932959732992458e+03 -2.230617038282665817e+03 8.261753119659549611e+02 7.376372168204534319e+03 2.830394741801791497e+03 -1.709580286046404041e+01
-2.355240860195222558e+04 2.193236164615537564e+04 8.665838159947421445e+03 7.285925159632831310e+03 2.029555593402915110e+04 3.695059892456538364e+04 -2.855003850428570786e+03 1.738238149874561714e+04 -1.044293770066647412e+05 1.205245788668794739e+04 -2.739934964526057229e+03 -2.279072664404812713e+03 3.417105204766735369e+03 -5.493628701567401004e+04 -6.321604390964093909e+04 -1.701395495984951776e+04 2.027909226414545265e+04 4.439330328294554783e+04 2.264028193609873415e+05 4.520898128988621465e+03
-1.335784412477532533e+04 5.392653224570922248e+03 2.971616937562581370e+03 1.905387220489508400e+04 -2.967550780421677700e+03 -2.583561633666754460e+03 7.440411009900007002e+02 -2.025390919334139107e+04 -1.802770929451634174e+03 4.385586316204738068e+03 -5.493329614280696660e+03 -1.757388606066574539e+03 4.256477700449544841e+02 -5.472627718535205531e+03 5.260608814052413436e+03 2.075946158333256335e+03 -5.314070374452280703e+03 -3.959156515725744612e+03 6.026868224275362991e+03 -8.006412039263304905e+04
-4.837994694410237571e+04 -1.509921562910402827e+04 6.391039794005201884e+02 -1.235972383881497308e+03 2.185876184887474381e+02 2.788025749280320156e+02 -9.226281657408140973e+02 2.891382679832312988e+03 -1.591055816164952012e+04 -2.506496223926273888e+04 -1.208620824300695313e+04 -3.711096198806918892e+03 1.060808052234277739e+03 5.791772799191472586e+03 3.360955697891145519e+03 4.698363883246396654e+03 9.641943399706946138e+02 -8.876696712581020847e+02 -4.767138956201738438e+03 2.751899613535017011e+02
-2.582779713293261011e+04 4.103378408436563041e+04 7.085850867787012248e+04 1.602517036121081037e+05 1.462650677973210259e+04 1.419527762761521386e+06 -6.839088767762204952e+02 -2.288686662521430480e+04 -1.184814358055565208e+04 3.549834912916763278e+04 3.044917126111051766e+04 -1.752724586291370724e+04 7.474228707812824268e+02 9.168779570678772870e+04 5.930620811617381696e+04 2.419758157141218817e+03 -1.297548241209344997e+04 9.154458372820456134e+03 -5.247164813775655057e+04 -5.764553742307484754e+03
-2.167860636990320199e+04 2.025583358000190492e+04 2.520692955259805603e+04 4.749198215730758966e+04 8.891947860891770688e+03 6.073787725879605568e+04 -3.011764126796269920e+03 5.802405074599313957e+04 -1.832934375170957937e+05 9.640354322395927738e+04 3.841293327143845090e+04 3.164823417081935986e+04 -5.378163419804982368e+03 -1.565431554177791986e+05 -1.670825712136294751e+05 2.621873018577216862e+04 -3.955337558413220540e+04 4.709164554354677966e+04 -1.279300545699638024e+05 -4.209663697822220456e+03
-3.937153958005670574e+04 9.400567375560969595e+03 2.847170868239002084e+04 -7.704187854615644937e+03 -4.774978464673319650e+03 6.019810164568498294e+02 -9.283654984462929133e+04 9.804378563949621821e+03 -1.180067871268931412e+04 -9.444628457886306933e+03 -3.087097540681488681e+04 -2.959314100704528391e+04 -1.036357618702884065e+04 -4.091347559392800031e+04 4.181658393500300735e+04 -5.402395853004804812e+05 -4.130519698641552241e+05 -2.224136468164363396e+04 -2.088010960122930919e+04 2.494672799212529208e+04
-2.298405038523047187e+04 4.707200269904436027e+03 9.908316626780300794e+03 1.770718669745494481e+03 -9.335781344633517165e+02 -4.614953331532335028e+02 -1.262311623791264174e+04 2.909618423890523445e+03 -2.007597167539315478e+03 -3.032644976703124030e+03 -6.983343516335487038e+03 -7.186284809056267477e+03 -1.855629841750520200e+03 -5.310564616133271556e+03 5.942692006932374170e+03 -3.516065141307786689e+04 -2.371993384296520526e+04 -1.319566471780510426e+02 -6.545261162809964617e+02 -1.648512319728592388e+02
-4.652826525879964174e+04 1.213875997741946594e+04 -1.497227857815345851e+04 1.345709557168084211e+04 4.471887188175832080e+02 -1.185010782554809055e+02 -7.630248442538735389e+02 1.633801164408109616e+04 -9.797532356457282731e+03 -1.053902465531744929e+04 -9.656823082100312604e+03 4.630159880680538481e+04 -3.338072353093387792e+05 1.376737695154908943e+04 9.763020230155527315e+03 -2.857343737577644447e+02 1.230069856274206904e+04 -3.988842011714605633e+03 1.011427503527930457e+04 8.122767063450439764e+02
-4.846143046100320498e+04 -1.541191162304448881e+04 9.204404173920407572e+01 -1.428730800216378157e+03 3.773422671002192175e+01 1.420356673011564226e+02 -7.657594617559702783e+02 1.713158678275969578e+03 3.733138834539570894e+02 -3.174981883200881043e+02 5.600808195808606342e+02 1.660028830549154009e+02 -4.114115110946200389e+02 3.644824448965243278e+02 -1.303770431137458559e+02 -2.738410248124687882e+02 2.951105427952161335e+02 -6.729327861271192432e+02 2.387031852718614005e+02 2.133449510371316865e+04
-4.604627741940412670e+04 -1.259906075228156078e+04 4.576054832466072185e+03 1.937791861520115390e+03 4.289908033490659705e+02 1.602205318481283030e+04 -3.010843108189032137e+03 8.336419234093518753e+03 -3.707189018879443756e+04 1.345619431214451288e+04 2.521004675497531935e+03 -1.771540826357301285e+03 -5.522307809826710354e+02 -2.169653438903723509e+04 -2.672028257042165205e+04 -1.423384993807663477e+03 1.885098753698848668e+03 -5.605461733229213905e+02 4.342865661380819802e+03 9.581481931211824303e+02
-4.671644323815371172e+04 -8.833421144162351993e+03 -1.316056677328759406e+03 2.173438275559758767e+04 -2.098462895800227670e+03 -2.010084638459700500e+03 -3.622622482187003243e+03 1.541245215691823978e+04 5.479739826316340441e+03 -2.392003593591393837e+03 2.052666039841050406e+03 -2.516322868954957357e+03 3.772502049914236977e+03 5.133511418345481616e+03 1.713029432046041165e+03 1.643663608952853610e+04 -2.328164593565207542e+04 -5.591206601450366725e+04 4.843004162574758084e+04 -1.023217144902201107e+04
-1.266469087756221779e+04 8.141442340922503718e+03 -2.450475380036424156e+02 4.250900471208192903e+04 -4.868462211151580050e+03 -3.628396535246491567e+03 -3.059515925612207639e+02 3.289231879682497038e+03 1.500839619201541382e+03 6.858390478777000681e+02 -2.099612616809914471e+03 -1.751502138887951332e+03 3.335034763925442007e+02 1.370228008422910079e+03 -1.223119805100617668e+03 1.943843002447387335e+03 -2.261478234457652889e+03 -1.326274866756970596e+03 -2.047961402973519967e+02 1.662043226835722578e+02
-4.172608777330074372e+04 3.592787108181338408e+04 -2.631589073096553693e+04 -5.182943896914642210e+03 9.935539003638662052e+02 5.530777588356271508e+02 1.339592739222816135e+03 -4.163366728071253533e+02 4.274584175089833593e+02 1.217086125787295003e+02 1.725473623612460415e+03 -2.391533168208337088e+02 -6.293232401133772100e+02 -2.574458202210207673e+02 -6.068518586755963184e+01 -2.473325640224668405e+02 -2.793589445456337117e+01 -8.409503479282905118e+02 1.169198094499064098e+02 2.120647983586489499e+04
-2.090807003298712516e+04 1.066914386485004434e+04 2.151162957591526720e+04 4.390405571010497283e+02 2.917371992061785932e+03 1.461041995788909844e+04 7.346527099691237481e+02 1.379379365222128581e+04 -3.218355585142424025e+04 1.984755638490269484e+04 -6.077115607586384840e+02 2.293675054058701426e+04 6.665996700225997301e+03 -3.022304655863654989e+04 1.125375178413546200e+04 -4.778366562453223742e+04 7.494683350185205927e+04 -1.136855553795930318e+05 -2.042325418609485496e+04 -1.416895264937281581e+03
-2.652308065422545405e+04 2.993615503071732746e+04 5.050492897832278686e+04 1.121855747539823496e+05 1.019351598207186908e+04 9.288341526407157071e+05 2.389624981668794703e+02 7.607318189254396202e+03 -1.396918295439090289e+05 1.215593648306949617e+05 5.932479888462337840e+04 -3.979022450542828301e+04 2.223981907619112462e+03 1.442936588254930393e+05 1.119019449750791973e+05 -7.852046536152970475e+03 3.896402936298138684e+03 -1.992972021831194434e+04 -5.107712011132301996e+04 -3.774270593665410615e+03
-6.123808013645612846e+03 1.452197878229301386e+04 2.339801625839413464e+04 1.203858593737063757e+03 -1.123478296977965101e+03 2.269313646122561477e+04 5.795121247361043970e+03 3.890587748230334000e+03 -1.023366601681119573e+04 6.491339803127597406e+03 1.208471780842006774e+04 -1.162702616410306064e+03 -9.502147341604153041e+01 8.841464197955194322e+03 3.430314332171240494e+03 2.298830402218606196e+03 -5.723562785477638499e+03 5.060810454922577264e+03 -2.027084783811573652e+04 -2.315841838285071844e+03
-1.088619993337641972e+04 1.317526386142096999e+04 2.117236603755645410e+04 4.041711014244255239e+03 -5.259441840792405856e+02 6.075108892591435506e+03 3.246665308080390787e+03 1.386471470263610718e+04 -1.657775357397400512e+04 1.271832615328547035e+04 8.999109552614088898e+03 -3.711002903894228075e+04 -5.679937055062570835e+03 -1.089361498368091852e+05 1.247252232001722587e+05 5.592142791276628122e+04 -1.657627994533283345e+04 7.314047632459642955e+03 -4.732871350326958236e+03 1.832988135824754499e+04
-9.358696369823697751e+03 1.677706239410799390e+04 2.557284436059074505e+04 9.439278989981366976e+02 -2.058614973610605375e+03 -7.819402897677530291e+02 -3.342246441266256625e+03 -3.569367617454145716e+02 -8.731241300605651077e+02 -8.937691431816143449e+03 1.818998460120769960e+04 5.657989711700003681e+03 3.166452029996633541e+02 5.325303852877948430e+02 -3.746717805116620070e+02 -1.363606035403049930e+02 -1.484748543269527545e+03 -5.285341221525133051e+02 8.381529644085263726e+02 -6.974702653663969159e+02
-2.408353520905942787e+04 2.579935649114631451e+04 1.720750631250813240e+04 3.007831917064302615e+04 3.844381309111721930e+04 1.772545793926037150e+05 -1.497249808001800557e+04 4.701581304711107805e+04 -3.750193786442371784e+05 1.005736153573317570e+05 1.134389659765550641e+04 -5.551949107928518788e+04 9.012998884525479298e+03 -8.348932941851795476e+04 -2.088926535841066798e+05 -3.495527787190514937e+04 4.522400412553704518e+04 8.404869804076000582e+04 6.602044144220042508e+05 2.213392217059195900e+04
1.724910384440434882e+03 8.732832191407411301e+03 1.022990699999368189e+04 4.385592777183627504e+02 -1.836833872353508923e+03 -5.244214805259675813e+02 -3.544838647355685680e+04 8.284822220723633563e+02 9.184212022829277657e+02 1.815951250807137285e+03 -3.740271267119410822e+03 -1.682596366253319957e+03 7.659408956844589511e+01 7.989351751207925645e+02 2.494336360945078468e+02 3.954657330368980183e+03 3.752050044060713844e+03 8.991432271190619758e+02 -9.850717597624550308e+02 -1.270482162558563687e+03
-2.643763552898166745e+04 3.733526593055090052e+04 6.763889405942482699e+04 1.420863090887261205e+05 4.313969502724552149e+04 1.271015833814267302e+06 -1.308669935687625548e+04 9.499174306960003742e+04 -1.141569845409028232e+06 9.370813689726606244e+05 4.408323173746695393e+05 -4.719446091059840401e+05 1.800154699702349899e+04 1.400029016413799254e+06 1.067892005748613970e+06 -4.399176234783912514e+04 -1.709472291622325429e+04 1.811669281306827033e+05 1.144675960023254156e+06 7.039145206546309055e+04
-6.812319829204543566e+03 6.638461334230191824e+03 9.073135939214984319e+03 1.659830102765404081e+04 -2.825313158100276723e+03 -2.438736558589513152e+03 5.277329436925792834e+02 -2.032832861873825459e+04 -3.199854795974880744e+03 2.398847359601857988e+03 -5.983347455245063429e+03 -3.907822427377165695e+03 -5.651893027037639285e+02 -7.469144669289004014e+03 5.977460721334089612e+03 -3.653287004444484865e+03 2.013000707843136070e+03 3.577252145176696558e+03 1.014894186948684933e+03 -1.174493830300859190e+04
-2.106906969713730359e+04 1.274369976472137205e+04 1.293571811635519043e+04 8.223418388741622039e+03 -1.372180287852816946e+03 -9.313521663997948963e+02 -4.741266229089665103e+03 7.008692576994470073e+03 1.073377719084900718e+03 -5.169241155710705243e+03 4.776145357432775199e+03 -1.005163350573805474e+04 -1.563639589586730608e+03 -1.762511218518093756e+03 1.812337035638537145e+03 -4.655844932240690468e+03 7.330481662939637317e+03 1.040268877161867977e+03 5.275707208528844205e+01 -1.234668243147241583e+03
-1.618888017269094416e+04 1.167661817503133352e+04 1.570958572502563038e+04 6.152733927928424237e+03 6.945180242308707363e+01 1.665022842175525511e+04 -4.051772867083364872e+03 1.062849946534604896e+04 -3.795080081732494727e+04 1.431160171559182345e+04 1.764009648352037857e+03 -1.227506019595318321e+03 -5.669748226522469849e+02 -2.337017342529790767e+04 -2.702886701895441365e+04 -1.152132474178464463e+03 1.134014805724803864e+03 1.525804382433199748e+02 3.350533272650920480e+03 4.005330022950402622e+02
-4.142454675950141973e+04 3.523850570149485429e+04 -2.515506530893177114e+04 -4.466433699781151518e+03 3.209028064838178125e+03 1.699567357136365217e+03 1.763476369302904459e+03 4.092785316881571816e+03 -4.750326482840349490e+04 -6.440203181907714315e+04 -2.928720186911207929e+04 -7.725173647918447386e+03 3.226093495274218185e+03 8.890972319773056370e+03 5.042511881140102560e+03 6.726269444693121841e+03 6.023368736693599885e+02 -1.096511664455956407e+03 -5.759330611979779860e+03 -1.424599122030882199e+03
-4.230074632648596162e+04 3.173283367173568331e+04 -1.181595865101451818e+04 7.022798172212296049e+04 3.528531896716216579e+03 7.898680008489934153e+03 -5.763680276387690355e+03 7.020235113786105649e+04 -8.040181862613800331e+04 -3.238103336256204420e+04 -8.247568561438926554e+04 2.313521132912283356e+05 -1.214324406624735100e+06 3.285774123662659258e+04 3.262960412621330761e+04 7.592509437942585464e+03 -2.003601040810386849e+03 -9.984261045926943552e+03 1.619860374059043897e+04 -3.105760709461279839e+04
-4.937478108556940424e+04 -1.552612373290164396e+04 1.424168408142209614e+02 -1.205422443816919440e+03 -5.602384387292643453e+01 7.447848941998829275e+01 -3.968988138383256796e+02 -4.001022151747497091e+00 2.795897371615845941e+02 3.839615491800343534e+02 -6.747600131470949059e+00 2.590043145005124074e+02 5.503686892117289631e+01 9.362607806679217504e+01 -6.273649470164439634e+01 1.084622329215863203e+02 5.910324696024478186e+00 9.158031682264591211e+01 -1.200057404783276382e+01 -6.522636937238830797e+02
