2.097417835626035594e+04 -3.083688951855946016e+03 -3.383865700994422696e+03 -4.293201332309826057e+02 1.626581119572514069e+02 9.530541265126493045e+01 -9.630124497326151811e+01 2.136156339644761317e+02 5.136127077765156201e+00 -4.407648800301922876e+01 1.117851102726964712e+02 3.971827351071779333e+01 3.996249110271364646e+00 7.561789830583537153e+00 -7.726304966049652556e+00 8.521067353618501983e+00 -3.264042892832404874e+01 -2.454475349317633359e+01 5.388157080926750275e+00 1.564399466437472519e+00
-4.937478108556940424e+04 -1.552612373290164396e+04 1.424168408142209614e+02 -1.205422443816919440e+03 -5.602384387292642032e+01 7.447848941998829275e+01 -3.968988138383255659e+02 -4.001022151747497091e+00 2.795897371615845941e+02 3.839615491800343534e+02 -6.747600131470947282e+00 2.590043145005124074e+02 5.503686892117288920e+01 9.362607806679217504e+01 -6.273649470164440345e+01 1.084622329215863203e+02 5.910324696024476410e+00 9.158031682264592632e+01 -1.200057404783276382e+01 -6.522636937238833070e+02
-4.262732511413463362e+04 3.583437539498253318e+04 -2.623177549274776902e+04 -5.084337335417305439e+03 9.106043750672910164e+02 4.959687382318403479e+02 1.725047501613609029e+03 -2.203296449058326289e+03 3.102145726226208353e+02 8.472922520064057608e+02 1.115785620891559120e+03 -9.677879778296100710e+01 -1.502078207929598932e+02 -5.294631469458128095e+02 8.043509247720566080e+00 1.393136236344414840e+02 -3.302215774969743052e+02 -7.305241120058404647e+01 -1.416883281085355861e+02 -7.901161983441428447e+02
-3.169266776506015503e+03 1.105397933580984864e+04 1.767475422727235855e+04 -2.065102768181611737e+03 -7.229205357463259816e+02 -2.643947211623138855e+02 4.573618665851299738e+03 1.186151863922697657e+03 6.430669443566662267e+02 8.412430243354358481e+02 -2.283732596407254277e+03 -6.043866826559731180e+02 -3.866060701424906210e+00 9.889876730792550461e+02 -8.267583339731165779e+02 -1.854204509884402441e+01 2.274615288707639422e+02 9.958820143262617819e+01 -5.293735375051260661e+01 9.031506870839095313e+01
-9.264485641776346938e+02 7.764337332115083882e+03 1.151712037677436820e+04 1.470083965014423302e+04 -3.375694268555525923e+03 -2.463377487782940079e+03 -5.917202320902226802e+02 -2.394468231427954743e+04 -3.774101453600259447e+03 4.768790152822717232e+02 -9.637384481839166028e+02 2.210456703914589980e+03 -3.182240913937974014e+01 -1.347292089539948165e+03 1.514195939741404345e+03 -1.086680987584319837e+03 1.305515173227150171e+03 4.211518178752199333e+02 2.173615431695738209e+02 2.320414990481852328e+03
-1.564064669247430902e+04 1.036846155934216404e+04 -1.662279388353846571e+03 6.152307178041950829e+04 -6.858320917426069173e+03 -3.252479156758971385e+03 -6.038862653922194568e+02 1.106015292713656891e+04 3.222667679562091791e+01 3.442385067862539472e+03 -5.459538140442456097e+03 4.484135402783303107e+03 -2.397492787524090829e+02 1.619094812619650384e+03 -3.193468133863053481e+03 3.411769305883025936e+03 -3.953683685595035968e+03 6.691200920637111267e+02 -2.877929471340262353e+03 5.374407277166642416e+02
-9.098653228332263097e+03 1.675490347067305629e+04 2.568931054205955661e+04 7.737764675852996561e+02 -2.050645854188918292e+03 -7.649186928649313586e+02 -3.327908474619766821e+03 -4.458529575976115211e+02 -9.231385776037388950e+02 -8.886076300364167764e+03 1.810185661795975102e+04 5.829235581920326695e+03 3.442516767988341257e+02 5.093216730070547555e+02 -3.426777829322504090e+02 -7.901299692677660857e+01 -1.584508935260096450e+03 -5.386990723612190095e+02 8.371167714254344219e+02 -7.086833698798426440e+02
-1.029023314325240608e+04 1.057494448464612651e+04 1.583473715600151991e+04 2.190181649038036994e+03 -6.925141096183850777e+02 5.486515371161232224e+01 8.198034671706509471e+02 4.159202614569705474e+03 2.551162880780248656e+02 -4.853048252668816644e+02 5.989890861949277223e+02 -5.180739044723056395e+03 -8.938509694956201201e+02 -1.466461634785149727e+04 1.224224348930750784e+04 3.621789370817642975e+03 -8.870777121851343736e+02 9.904964303017888483e+01 1.069352034324302622e+03 2.960997390916987797e+02
-3.390361032988087391e+04 7.461490853905177210e+04 1.565464070198635163e+05 6.688038500037605409e+05 9.269461209923577553e+04 7.429178814210163429e+06 -7.226347487304396054e+04 -6.452495208701075753e+05 2.697222315995696001e+06 -1.839428319571936736e+06 -9.099011106334049255e+05 4.952719504703676794e+05 -1.449154183666315657e+04 -1.352397542225514771e+06 -1.006791201424730825e+06 1.677897437323605482e+04 5.029670213864884863e+04 3.157114726211919697e+04 3.748489633779013529e+05 3.634773474928404903e+04
-4.542209885437691810e+03 3.769364343009094227e+03 5.940957247951263525e+03 8.915160281698190374e+03 -1.820831318961793841e+03 -1.352002717431111023e+03 1.729463425226055506e+03 -8.740225779818487354e+03 -6.658792333232594274e+02 1.460995178938047957e+03 -2.010911970473287056e+03 -1.304025443985831316e+02 -3.062475643407467629e+01 -2.561736688170575462e+02 1.357650844467770241e+02 -3.658728199921694824e+01 8.015638609697795403e+01 1.685550935475523886e+02 -7.629403600962257315e+01 -1.169005091215982702e+03
-1.565308818826778042e+04 1.510309361996446205e+04 2.669913722387505914e+04 2.029722318137588081e+04 1.603472847325682524e+05 -4.850448272068863844e+03 -2.920080594967136221e+03 -2.163856524843046827e+03 2.268056715755916230e+03 1.847081694816603488e+02 1.715060463031065296e+02 3.404483086326216039e+02 2.407272130691121674e+02 5.660200377030621439e+02 3.321019754309942300e+02 8.681056966963876675e+01 -1.106513175226917269e+02 -5.927020020772140185e+01 -2.994168038663023594e+02 -4.551292092528331779e+00
-2.436483802557143281e+04 3.267222865612317037e+04 5.467944334848033031e+04 1.238246704467444943e+05 1.038165300575338006e+04 1.018446762935484643e+06 2.280250249014074143e+03 2.519107005407495762e+03 -1.155913174114106369e+05 1.060326528952555673e+05 5.682785977506062045e+04 -3.723477255232878815e+04 1.025845527575877213e+03 1.409752744410783635e+05 1.026381412046951154e+05 1.205873104956819816e+03 -1.100631420144206095e+04 2.008147975374209864e+03 -5.913037358805487747e+04 -4.723609915800651834e+03
-2.463817454508148512e+04 4.781465727751886880e+04 -9.055666565754532712e+03 -9.703178781009466547e+03 -2.419703893825808620e+02 5.210985732546267855e+02 -3.955277904708575988e+03 -1.072132534166132274e+02 8.780772457425769062e+02 2.816291036087861357e+03 -3.844014858267390082e+03 -2.812060590818452965e+02 -9.746811102020716433e+00 7.465324586721725382e+02 -9.328999722474062537e+02 5.235020229520654311e+02 -3.643369234487994959e+02 -3.403525617774266721e+02 -1.146064029906663961e+02 3.518648411765180413e+02
-3.899811365670093801e+04 3.506580057670375390e+04 -2.146472820003777451e+04 -3.222365586556314156e+03 5.593046039181100241e+03 2.175962385145003736e+03 1.151631549405795113e+03 3.584091879475154201e+03 -4.068089156076281506e+04 -5.069540260546826175e+04 -2.239933676429327534e+04 -5.877628022111745850e+03 2.594387956902635779e+03 4.788636311720552840e+03 1.972787262615992859e+03 2.804088267553134756e+03 -8.678649358173491919e+02 -7.180495953628470716e+02 -2.965941455727912853e+03 -1.533940276185529910e+03
-3.944690287448054005e+04 3.949378161887591705e+04 -2.751326536507900892e+04 2.536614032811749348e+04 -1.977925262562219814e+03 -1.581371418145311509e+03 1.103763626268810185e+03 1.982567171074847647e+04 5.288510962110842684e+02 1.364277312693053091e+03 -5.841272709681978085e+03 2.994784614563525247e+04 7.759660572227955527e+03 9.142747275447850370e+02 9.847980037313331195e+03 -2.763946220391159386e+03 1.488959005064971734e+03 6.770631103873624852e+03 3.635307019114216928e+03 -1.256990466294275848e+02
3.746973160122688114e+03 2.652317954581521553e+04 2.346029159606683606e+04 -6.646511466511172330e+03 -4.183702214710055159e+03 -1.169805102144090512e+02 -7.641903516135504469e+04 4.097604150077601844e+03 1.974543662456343782e+03 7.117420238977971167e+03 -1.312492838026995014e+04 -3.537538239449903358e+03 1.718887399583472586e+02 1.194608219258948338e+03 -1.170364369711317778e+02 5.174013177668914977e+03 3.447529355432905049e+03 8.582267939536390031e+02 -1.714933119850374169e+03 -9.714949353375645842e+02
-2.167860636990320563e+04 2.025583358000190128e+04 2.520692955259805603e+04 4.749198215730758966e+04 8.891947860891770688e+03 6.073787725879606296e+04 -3.011764126796269920e+03 5.802405074599313957e+04 -1.832934375170957937e+05 9.640354322395926283e+04 3.841293327143845090e+04 3.164823417081935986e+04 -5.378163419804982368e+03 -1.565431554177792277e+05 -1.670825712136294460e+05 2.621873018577216862e+04 -3.955337558413220540e+04 4.709164554354677966e+04 -1.279300545699638315e+05 -4.209663697822219547e+03
-5.631983209323791380e+04 3.613006740471978264e+04 -3.316429958945075487e+04 3.079440609839094395e+04 -2.352387487426523876e+03 -2.708885067234581129e+03 -2.758567070195724682e+02 1.229426638083484977e+04 5.547619300551536980e+03 -3.123451864586756528e+03 6.190404001486608649e+03 -1.185384772506424633e+04 -9.933679675485390135e+02 2.762414538620691928e+03 -2.849228420453818217e+03 -1.398025524422223043e+03 3.124376720021809433e+03 -1.624453412989418439e+03 5.270582617882193972e+02 7.931307527354994136e+02
-1.496241744396266404e+04 8.179445021083307438e+03 -1.209331780624084104e+03 4.303143466500157228e+04 -4.862181747924507363e+03 -3.758872076512753210e+03 -4.068712726601504528e+02 3.679754044750012781e+03 1.930502157843554187e+03 1.673491550942059973e+02 -1.233783796264907778e+03 -3.354253145178649902e+03 1.192236220706484175e+02 1.524026961771281549e+03 -1.419188899836187829e+03 1.407674215604311030e+03 -1.374076388561443537e+03 -1.274834502282799349e+03 -1.540742004740434936e+02 2.204885249452583196e+02
-4.646000287118450797e+04 1.235829490343958423e+04 -1.493460506255034852e+04 1.406781356239187153e+04 4.263010845682708805e+02 3.653264243584522575e+01 -7.947671432449953954e+02 1.680363116158681441e+04 -1.038798298880600305e+04 -1.040455065263335018e+04 -1.006947248942491569e+04 4.757505637480854057e+04 -3.393692365318865050e+05 1.374639357202584688e+04 9.695792901444820018e+03 -1.635400183216276560e+02 1.225092375929831178e+04 -4.001622157052244347e+03 1.017053085818716681e+04 6.406674472240198384e+02
-7.285414498586570517e+03 1.670152718896843362e+04 2.599316169144036030e+04 1.374117285945039293e+04 7.365558402123805536e+03 1.400253152449940389e+05 1.125440118186776772e+03 1.065934883162441110e+04 -8.404861833702736476e+04 7.071092513806675561e+04 2.832690993179547513e+04 -2.998493790272349725e+04 8.009191620854415987e+02 7.361226380299420271e+04 7.201870807216393587e+04 9.379196467530837253e+02 9.928590833970914673e+02 -5.797590404176738048e+03 -9.622431669206565857e+03 9.066146171844043238e+02
-1.621029901467742275e+04 1.169061878349015933e+04 1.568607112515939843e+04 6.153272385298987501e+03 7.903527195273441919e+01 1.667218187425512588e+04 -4.047594713683300142e+03 1.062707599725715409e+04 -3.797242981358859834e+04 1.426203751551596724e+04 1.740923173882481933e+03 -1.228761622472649378e+03 -5.644304687177631195e+02 -2.336536895699087836e+04 -2.702629467493106131e+04 -1.150006355959518487e+03 1.134409095295448196e+03 1.508958453128240365e+02 3.354151008107459802e+03 3.995268361232677989e+02
-4.380324589432327048e+04 3.854597640167488134e+04 -1.370820171089621545e+04 9.016647257648849336e+04 2.203288326192458408e+04 2.938757317894102016e+03 -6.508629125226049837e+03 9.653302100639436685e+04 -9.380170207250070234e+04 -4.188151056285364757e+04 -1.213449584583153046e+05 3.710680117579716607e+05 -1.941656953015801264e+06 6.180069055900770036e+04 6.616828529693148448e+04 1.980620648840406284e+04 1.664624324219593518e+03 -1.792201313333571306e+04 2.761939785531156303e+04 -5.318885795884284744e+04
-2.090807003298713244e+04 1.066914386485004434e+04 2.151162957591526720e+04 4.390405571010500125e+02 2.917371992061786386e+03 1.461041995788909480e+04 7.346527099691238618e+02 1.379379365222128217e+04 -3.218355585142423297e+04 1.984755638490269484e+04 -6.077115607586384840e+02 2.293675054058701062e+04 6.665996700225995482e+03 -3.022304655863654261e+04 1.125375178413545837e+04 -4.778366562453223742e+04 7.494683350185205927e+04 -1.136855553795930609e+05 -2.042325418609485132e+04 -1.416895264937281354e+03
-1.647305053727971608e+04 1.746456503427818825e+04 3.264841207009941718e+04 2.837607478542299214e+04 2.331496947451460583e+05 -6.368543462013868520e+03 -4.748292577293247632e+03 -4.077668205530622345e+03 3.137384743019154939e+03 2.014524435061106942e+03 6.365722347173233402e+02 1.030153511668393776e+03 6.139265895720307071e+02 1.080326754835357406e+03 2.049501247954403027e+02 3.645862257961531441e+02 -4.208535761931286743e+02 6.816353769887238911e+01 -1.625653456702136509e+03 1.232078337994027066e+02
-9.045574359854303111e+03 2.509472781560665226e+03 6.052602049672833573e+02 8.564211321167174901e+03 -5.749691222825024397e+02 -1.042737895624301245e+03 -5.479558260491886585e+02 2.337874444150976615e+03 2.716819043223619701e+03 -5.838273971440328751e+03 9.895888114277093337e+03 -2.375673958914054310e+04 -4.361648984331933207e+03 -3.282483414749741769e+03 -9.360360308197102768e+02 -2.595746211705441601e+04 3.979367801747011254e+04 2.336766508746085674e+04 -3.981866910769650531e+03 -2.856470254596074938e+03
-4.846143046100321226e+04 -1.541191162304449063e+04 9.204404173920407572e+01 -1.428730800216377929e+03 3.773422671002192885e+01 1.420356673011564226e+02 -7.657594617559702783e+02 1.713158678275969578e+03 3.733138834539570894e+02 -3.174981883200881043e+02 5.600808195808607479e+02 1.660028830549154009e+02 -4.114115110946199820e+02 3.644824448965243846e+02 -1.303770431137458559e+02 -2.738410248124687882e+02 2.951105427952161335e+02 -6.729327861271192432e+02 2.387031852718614289e+02 2.133449510371316137e+04
-2.905214177714181642e+04 3.647711192644031689e+04 -4.805401589503968353e+03 2.708769169249829065e+04 -2.255816110445148297e+03 5.418684417173905103e+02 3.418634036052369993e+03 4.230362476878253074e+04 -1.941224405224734801e+04 1.105918002719767401e+03 -3.515214185267611902e+04 1.362442687539173930e+05 2.920770436698220510e+04 -1.260042549086100553e+04 5.499840379461688281e+04 -5.283860204324863298e+04 6.635433276267275505e+04 2.698383581453350416e+04 4.413932260018876150e+03 -4.189794890513889186e+03
-3.937153958005669847e+04 9.400567375560969595e+03 2.847170868239001720e+04 -7.704187854615644937e+03 -4.774978464673319650e+03 6.019810164568499431e+02 -9.283654984462926222e+04 9.804378563949623640e+03 -1.180067871268931049e+04 -9.444628457886305114e+03 -3.087097540681489045e+04 -2.959314100704528755e+04 -1.036357618702884065e+04 -4.091347559392799303e+04 4.181658393500300735e+04 -5.402395853004804812e+05 -4.130519698641552241e+05 -2.224136468164364123e+04 -2.088010960122931283e+04 2.494672799212529208e+04
-4.139254975734923937e+04 4.481058145175516984e+04 -2.854226595469416134e+04 7.265649193703857600e+04 -7.073855572616131212e+03 2.771791647340889426e+02 7.187977792358436773e+02 3.904259759137638321e+04 -5.396441798498382013e+03 1.049476324803692660e+04 -1.760507837311280309e+04 5.206110705263497948e+04 6.487869914161293309e+03 8.171958282758363339e+02 4.896995088240258156e+03 2.410814208178956505e+03 -5.048168551221263442e+03 1.307679159983052523e+04 -4.270657836264222169e+03 9.750236956541780273e+02
-1.088619993337642154e+04 1.317526386142097181e+04 2.117236603755645410e+04 4.041711014244254329e+03 -5.259441840792405856e+02 6.075108892591434596e+03 3.246665308080390787e+03 1.386471470263610172e+04 -1.657775357397400148e+04 1.271832615328547035e+04 8.999109552614088898e+03 -3.711002903894228075e+04 -5.679937055062569925e+03 -1.089361498368091852e+05 1.247252232001722878e+05 5.592142791276627395e+04 -1.657627994533283345e+04 7.314047632459645683e+03 -4.732871350326959146e+03 1.832988135824754499e+04
-2.355240860195222922e+04 2.193236164615537564e+04 8.665838159947419626e+03 7.285925159632833129e+03 2.029555593402915110e+04 3.695059892456538364e+04 -2.855003850428570331e+03 1.738238149874562441e+04 -1.044293770066647267e+05 1.205245788668794557e+04 -2.739934964526057684e+03 -2.279072664404813167e+03 3.417105204766734914e+03 -5.493628701567398821e+04 -6.321604390964093909e+04 -1.701395495984951413e+04 2.027909226414545992e+04 4.439330328294554783e+04 2.264028193609872833e+05 4.520898128988620556e+03
-4.671644323815371172e+04 -8.833421144162351993e+03 -1.316056677328759406e+03 2.173438275559758767e+04 -2.098462895800227670e+03 -2.010084638459700500e+03 -3.622622482187003243e+03 1.541245215691823978e+04 5.479739826316340441e+03 -2.392003593591393837e+03 2.052666039841050406e+03 -2.516322868954957357e+03 3.772502049914236977e+03 5.133511418345481616e+03 1.713029432046041165e+03 1.643663608952853610e+04 -2.328164593565207542e+04 -5.591206601450366725e+04 4.843004162574758084e+04 -1.023217144902201107e+04
-4.836611222231322608e+04 -1.507941174408298684e+04 6.369602980794704763e+02 -1.227033585779325904e+03 2.177946743718432003e+02 2.778291126388024281e+02 -9.225264428398301106e+02 2.894514959941591314e+03 -1.590741046387051210e+04 -2.506357372967812626e+04 -1.208316318172669526e+04 -3.714528735267298998e+03 1.060357622135722750e+03 5.790758334381257555e+03 3.360679069846683433e+03 4.696818567741378502e+03 9.649464960962427540e+02 -8.876892069097041258e+02 -4.758823742501139350e+03 2.749689324110831876e+02
-2.629914769020459062e+04 4.340758486637174065e+04 7.355193699487842969e+04 1.699724777261544659e+05 1.595678766688114592e+04 1.523131850102656288e+06 -3.970281126900599247e+03 -3.034014310697029941e+04 1.840595427025126628e+04 1.361366143019499214e+04 1.851475001416050873e+04 -1.174467620587159581e+04 8.556292833092294359e+02 7.435174337649581139e+04 4.510602915450010187e+04 1.191721367751383923e+03 -1.024385152429322625e+04 8.545433513671361652e+03 -3.743927507389276434e+04 -4.979907280536889630e+03
-3.770983126473466837e+04 5.487385780222576614e+03 1.397230955163091676e+04 2.078126879706950422e+04 7.888132223667610560e+03 5.041418500662119914e+04 -7.442846384545428009e+02 4.519229222614926402e+04 -1.758634299516984902e+05 8.380269460526382318e+04 2.220801421463676525e+04 2.007865925857896218e+04 1.205491776937907707e+04 -3.255078927226952510e+05 -2.339856602635043964e+05 -4.201601559623531066e+05 7.102285857723297086e+05 -2.104463607909047045e+06 -2.177633794808288221e+05 5.090580878107423814e+03
1.337330521581709036e+03 8.881164001599883704e+03 1.040071742353499394e+04 4.317479336512319605e+02 -1.829853687786240926e+03 -5.126689367109560180e+02 -3.521833730091817415e+04 9.518404963264163143e+02 7.564205873427190454e+02 1.594970809747623207e+03 -3.901639607439986776e+03 -1.882245697526106369e+03 8.943057094080752734e+01 8.267088301914382100e+02 3.782237912826307706e+02 3.853192912470533884e+03 3.797717981639016671e+03 8.865469542521095718e+02 -1.081168420601586604e+03 -1.388162603142957096e+03
-1.565431860897010483e+04 1.021999815884061900e+04 1.179740651223026725e+04 2.346213713229607038e+03 -1.086107606658901659e+03 -5.599716063191059447e+02 -1.399614024867305307e+04 2.952116945742138341e+03 -1.992692129882280824e+03 -2.888164469709503919e+03 -7.301874075604535392e+03 -7.402089494802120498e+03 -1.869880277507742676e+03 -5.547891574685118940e+03 6.114283808092418440e+03 -3.519455290090429480e+04 -2.378787923844265242e+04 -1.162953781752269435e+02 -6.242019605014402259e+02 -2.981934544794703470e+02
-3.702603473109978495e+03 1.501942747652481557e+04 2.186317174253892154e+04 -2.968875242143009473e+03 -9.515041592537816086e+02 -2.794570131453758108e+02 1.812386940495427098e+03 1.992052046896683805e+03 8.530684248247401911e+02 1.099291662087032364e+03 -2.756044093913541474e+03 -7.097619941640107299e+02 -4.844246137996828239e+00 7.868478971734343759e+02 -7.231658433232379366e+02 5.436701571095019148e+01 2.062561957261259806e+02 3.496258044376646890e+00 9.915188227360009421e+01 8.332022634654707360e+01
-1.335784412477532715e+04 5.392653224570921338e+03 2.971616937562581370e+03 1.905387220489508400e+04 -2.967550780421677700e+03 -2.583561633666754460e+03 7.440411009900009276e+02 -2.025390919334139471e+04 -1.802770929451634629e+03 4.385586316204738068e+03 -5.493329614280697569e+03 -1.757388606066574539e+03 4.256477700449544841e+02 -5.472627718535205531e+03 5.260608814052414345e+03 2.075946158333255880e+03 -5.314070374452280703e+03 -3.959156515725744612e+03 6.026868224275362081e+03 -8.006412039263306360e+04
-2.637712611841231774e+04 2.065625059015232910e+04 3.664486018374177365e+04 7.097488150192667672e+04 1.086010801310856550e+04 5.824391011195351603e+05 -4.207841628757556464e+03 2.804286897510346898e+04 -2.356633194334595464e+05 1.816823048237577023e+05 7.691725598730356432e+04 -5.494390801185927558e+04 3.561546630937215923e+03 1.539390266527822823e+05 1.229623948299429903e+05 -1.730033431893338638e+04 1.970599217613479414e+04 -3.504527170932577428e+04 -5.970847548192474278e+03 4.142238663375155738e+02
-8.461042294372455217e+03 1.213689690643827271e+04 1.935013478038355606e+04 8.708787374743815235e+02 -9.946403662426323535e+02 -4.325061837278717007e+02 1.466007514796191572e+03 2.086556089507074830e+03 -4.593309806207106476e+02 -5.693079065406244808e+03 1.124428441258990824e+04 2.775988098633856680e+03 1.513218062832340252e+02 -4.389977654778244300e+02 6.604377706001119464e+01 -4.071298930741607478e+02 -1.362357639335783460e+03 -2.732760739861751063e+02 5.690547711519333234e+02 -1.062700809123577528e+03
-4.602943147526719986e+04 -1.264689863789240917e+04 3.977983541881245401e+03 -4.699698354103416165e+01 -4.530022228453654520e+02 -1.513452401315360021e+02 -8.306502588745566754e+03 2.768450996686508006e+03 -2.053515310426852011e+03 -3.485854513877725822e+03 -5.982718044148910849e+03 -6.529510876289482439e+03 -1.815652155286428751e+03 -4.565033017427120285e+03 5.397040189435899265e+03 -3.505207940036319633e+04 -2.350753317250120745e+04 -1.858441280671967775e+02 -7.520672148716735137e+02 2.543486747477951724e+02
-6.123808013645611936e+03 1.452197878229301205e+04 2.339801625839413828e+04 1.203858593737063529e+03 -1.123478296977965101e+03 2.269313646122562204e+04 5.795121247361045789e+03 3.890587748230334910e+03 -1.023366601681119573e+04 6.491339803127599225e+03 1.208471780842006592e+04 -1.162702616410306291e+03 -9.502147341604150199e+01 8.841464197955194322e+03 3.430314332171240494e+03 2.298830402218606196e+03 -5.723562785477638499e+03 5.060810454922579083e+03 -2.027084783811573652e+04 -2.315841838285070935e+03
-2.408353520905942787e+04 2.579935649114631451e+04 1.720750631250813240e+04 3.007831917064302615e+04 3.844381309111721930e+04 1.772545793926037150e+05 -1.497249808001800739e+04 4.701581304711106350e+04 -3.750193786442371784e+05 1.005736153573317715e+05 1.134389659765550641e+04 -5.551949107928518788e+04 9.012998884525479298e+03 -8.348932941851795476e+04 -2.088926535841066798e+05 -3.495527787190514937e+04 4.522400412553704518e+04 8.404869804076000582e+04 6.602044144220042508e+05 2.213392217059195900e+04
-2.643763552898166745e+04 3.733526593055090052e+04 6.763889405942482699e+04 1.420863090887261205e+05 4.313969502724552149e+04 1.271015833814267302e+06 -1.308669935687625548e+04 9.499174306960003742e+04 -1.141569845409028232e+06 9.370813689726606244e+05 4.408323173746695393e+05 -4.719446091059840401e+05 1.800154699702349899e+04 1.400029016413799254e+06 1.067892005748613970e+06 -4.399176234783912514e+04 -1.709472291622325429e+04 1.811669281306827033e+05 1.144675960023254156e+06 7.039145206546309055e+04
-4.604627741940412670e+04 -1.259906075228155714e+04 4.576054832466073094e+03 1.937791861520115162e+03 4.289908033490660273e+02 1.602205318481282848e+04 -3.010843108189031682e+03 8.336419234093516934e+03 -3.707189018879443756e+04 1.345619431214451288e+04 2.521004675497531935e+03 -1.771540826357301512e+03 -5.522307809826710354e+02 -2.169653438903723509e+04 -2.672028257042164842e+04 -1.423384993807663477e+03 1.885098753698848668e+03 -5.605461733229213905e+02 4.342865661380819802e+03 9.581481931211824303e+02
-4.172608777330074372e+04 3.592787108181338408e+04 -2.631589073096554057e+04 -5.182943896914643119e+03 9.935539003638663189e+02 5.530777588356271508e+02 1.339592739222816135e+03 -4.163366728071254101e+02 4.274584175089832456e+02 1.217086125787295003e+02 1.725473623612460187e+03 -2.391533168208337088e+02 -6.293232401133772100e+02 -2.574458202210207673e+02 -6.068518586755961053e+01 -2.473325640224668973e+02 -2.793589445456336762e+01 -8.409503479282906255e+02 1.169198094499063814e+02 2.120647983586489499e+04
-4.400175068135985384e+03 1.805069518105942188e+04 2.476378226048921351e+04 -3.121552685323983042e+03 -1.444330599025041238e+03 -4.322189007199192474e+02 -1.184423122128518798e+03 7.747842482319857709e+02 6.205911637858254153e+02 -4.368046347432518246e+02 5.707190581503277826e+02 8.266079866259324263e+02 9.883890544987853843e+01 1.255652563729956910e+03 -9.251590798022269837e+02 2.524118215312828966e+02 7.235978245240106332e+01 -1.433819202770077084e+02 2.417391836382527970e+02 2.730183299138451503e+02
-4.589368464421356475e+04 -1.203300022316408649e+04 6.078931012906599790e+03 6.449570804826877065e+03 6.258107180087364395e+04 -1.690336489392045905e+03 -2.466131763986879832e+03 -5.761857160954552910e+02 2.130652173283455042e+01 -9.065215702016053001e+02 -4.412910171075057519e+02 3.337734950169694343e+02 -1.240196484897655438e+02 5.811739553175121955e+02 -3.358678130788852059e+02 1.142204032571900143e+02 8.788563715340113447e+01 3.897369094780199816e+01 5.515875041685845872e+02 4.181866744270756158e+02
5.656609691102928082e+03 2.187626864791223488e+04 2.373950314703721597e+04 -3.797210145620580988e+03 -3.950602812164243460e+03 -6.171202106494521331e+02 -5.882296117972747743e+04 -2.150421695712579435e+02 9.716937702076040750e+02 1.425245340444689191e+03 -1.692695997985236545e+03 1.014136569998620416e+03 3.896617295621911694e+02 1.984916059957409288e+03 -3.938625307774037765e+02 5.146780166424287927e+03 3.207390310803570173e+03 5.533796838211831073e+02 -1.023265077769617619e+03 -5.126121889631392605e+02
-2.678646548036685272e+04 5.325459802930612204e+04 -3.309611326599417680e+03 -9.388276188028557954e+03 -1.357689182340997604e+03 2.042107816644085005e+02 -1.145482873182128969e+04 -1.803932522095836930e+03 5.866714549124961877e+02 3.260524709535864076e+02 1.622628707084738153e+03 2.153699607498671867e+03 1.707315815520500735e+02 1.522858745088144815e+03 -1.237698187708877867e+03 8.905084127231607454e+02 -6.387155287542470887e+02 -6.315582203236290297e+02 1.155611427707548415e+02 7.060479213044693552e+02
-2.134066071209741131e+04 1.324213521880438566e+04 1.350341398845100230e+04 8.720737028999812537e+03 -1.518204473293286355e+03 -1.048362451460516468e+03 -4.219312004353369957e+03 6.664215973404890065e+03 1.262240483829353707e+03 -5.864205937555027049e+03 7.206806471574535863e+03 -9.028947863475663326e+03 -1.498951798210675179e+03 -1.354925650740144192e+03 1.246102621298475469e+03 -4.443935658101906483e+03 6.741637015048440844e+03 9.011086936562376195e+02 2.211119731282518330e+02 -1.051165076493812421e+03
