2.097417835626035230e+04 -3.083688951855945561e+03 -3.383865700994424060e+03 -4.293201332309827762e+02 1.626581119572513785e+02 9.530541265126497308e+01 -9.630124497326151811e+01 2.136156339644761317e+02 5.136127077765156201e+00 -4.407648800301924297e+01 1.117851102726965138e+02 3.971827351071780043e+01 3.996249110271364202e+00 7.561789830583538929e+00 -7.726304966049657885e+00 8.521067353618500206e+00 -3.264042892832405585e+01 -2.454475349317633359e+01 5.388157080926752052e+00 1.564399466437472519e+00
-4.937432073409626173e+04 -1.552688822276626888e+04 1.429762166801576768e+02 -1.206174448599479092e+03 -5.597236030600452494e+01 7.454661663462276522e+01 -3.968773706144838229e+02 -4.315630006819874964e+00 2.794518559023618991e+02 3.840916874892832880e+02 -6.963321030105315224e+00 2.593828816585950108e+02 5.508159149403040544e+01 9.356754499225877453e+01 -6.267229399759980168e+01 1.085639556980205782e+02 5.738159020776011587e+00 9.159214178447861343e+01 -1.202055250274664111e+01 -6.522738596275182772e+02
-3.807290109726834089e+03 1.554324645491633237e+04 2.237061299914449410e+04 -3.005791857880001317e+03 -1.031644055376809547e+03 -3.031817439919842627e+02 1.310420473832294192e+03 1.817048278012962555e+03 8.203327074560945675e+02 8.667958256735651048e+02 -2.251892393131872268e+03 -4.752102576767670143e+02 1.101407671061129356e+01 8.559431681593533767e+02 -7.527322007809942761e+02 8.597278921552992870e+01 1.852437862424068555e+02 -2.027120000332412530e+01 1.228792753580062111e+02 1.118922572517388687e+02
-4.172608777330074372e+04 3.592787108181338408e+04 -2.631589073096553693e+04 -5.182943896914642210e+03 9.935539003638660915e+02 5.530777588356271508e+02 1.339592739222816135e+03 -4.163366728071253533e+02 4.274584175089832456e+02 1.217086125787295003e+02 1.725473623612460415e+03 -2.391533168208337088e+02 -6.293232401133772100e+02 -2.574458202210207673e+02 -6.068518586755963184e+01 -2.473325640224668973e+02 -2.793589445456337117e+01 -8.409503479282905118e+02 1.169198094499063814e+02 2.120647983586490227e+04
-1.552701384997539390e+04 1.048015934566861324e+04 -1.619002566993308392e+03 6.242963413858922286e+04 -6.960618006054579382e+03 -3.216204377233499144e+03 -6.071739788271579528e+02 1.140948900456378578e+04 -9.705853285693082455e+01 3.647823906794414597e+03 -5.737411237974400137e+03 5.002813497255358016e+03 -2.434634639347638370e+02 1.612133559190281630e+03 -3.270470951883177804e+03 3.552071958162551709e+03 -4.148296050210861722e+03 7.665116550489249221e+02 -3.021989581658648603e+03 5.493488714160389463e+02
-4.262801097669264709e+04 3.583433048501730809e+04 -2.623190087243746893e+04 -5.083386526858253092e+03 9.105128947342544734e+02 4.958710069743393660e+02 1.724989244803396787e+03 -2.203016379186014547e+03 3.111020540911225680e+02 8.482544595946609434e+02 1.116572051442723705e+03 -9.716514366113615608e+01 -1.502149201160360974e+02 -5.296404295481520421e+02 7.830350147430357843e+00 1.389389307543159191e+02 -3.299904710476321270e+02 -7.303490463579811376e+01 -1.414091079719445361e+02 -7.901833610355615747e+02
-1.647305053727971608e+04 1.746456503427818825e+04 3.264841207009941718e+04 2.837607478542299577e+04 2.331496947451460001e+05 -6.368543462013868520e+03 -4.748292577293246723e+03 -4.077668205530621435e+03 3.137384743019154030e+03 2.014524435061107852e+03 6.365722347173233402e+02 1.030153511668393776e+03 6.139265895720309345e+02 1.080326754835357406e+03 2.049501247954403027e+02 3.645862257961531441e+02 -4.208535761931287311e+02 6.816353769887238911e+01 -1.625653456702136509e+03 1.232078337994027208e+02
-2.678539413606606104e+04 5.325382891371606092e+04 -3.307444292384218897e+03 -9.387730226901845526e+03 -1.357936688363174426e+03 2.040591294021252793e+02 -1.145391783892345120e+04 -1.804826060162588647e+03 5.865256165932062231e+02 3.248960384444872034e+02 1.625049150220063666e+03 2.154710493624920218e+03 1.707897828978522341e+02 1.523191314202714921e+03 -1.237859623798298799e+03 8.905741122015463134e+02 -6.387734416866104539e+02 -6.316572119289802458e+02 1.156879226716425819e+02 7.061908816299334148e+02
-2.436483802557144008e+04 3.267222865612317401e+04 5.467944334848032304e+04 1.238246704467444943e+05 1.038165300575338370e+04 1.018446762935484294e+06 2.280250249014074143e+03 2.519107005407495308e+03 -1.155913174114106369e+05 1.060326528952555673e+05 5.682785977506061317e+04 -3.723477255232879543e+04 1.025845527575877213e+03 1.409752744410783635e+05 1.026381412046951009e+05 1.205873104956819816e+03 -1.100631420144206459e+04 2.008147975374210318e+03 -5.913037358805486292e+04 -4.723609915800650924e+03
-3.390361032988087391e+04 7.461490853905177210e+04 1.565464070198635163e+05 6.688038500037605409e+05 9.269461209923577553e+04 7.429178814210163429e+06 -7.226347487304396054e+04 -6.452495208701075753e+05 2.697222315995696001e+06 -1.839428319571936736e+06 -9.099011106334049255e+05 4.952719504703676794e+05 -1.449154183666315657e+04 -1.352397542225514771e+06 -1.006791201424730825e+06 1.677897437323605482e+04 5.029670213864884863e+04 3.157114726211919697e+04 3.748489633779013529e+05 3.634773474928404903e+04
-4.543816795729825571e+03 3.768378030127212241e+03 5.939766069289191364e+03 8.912147784378421420e+03 -1.820450180822320362e+03 -1.351728048717076263e+03 1.729761614033495562e+03 -8.741217304146446622e+03 -6.660437949990971447e+02 1.460950603574442084e+03 -2.010424462694455542e+03 -1.303183847124817021e+02 -3.072947431056423895e+01 -2.563883294599600617e+02 1.359427904142262094e+02 -3.697292668260215009e+01 8.064191211863393960e+01 1.687656479582269355e+02 -7.622318516987930082e+01 -1.169345762129340301e+03
-2.905214177714181278e+04 3.647711192644031689e+04 -4.805401589503967443e+03 2.708769169249828701e+04 -2.255816110445148297e+03 5.418684417173906240e+02 3.418634036052369993e+03 4.230362476878252346e+04 -1.941224405224734437e+04 1.105918002719767856e+03 -3.515214185267611174e+04 1.362442687539173930e+05 2.920770436698220510e+04 -1.260042549086100371e+04 5.499840379461689008e+04 -5.283860204324864026e+04 6.635433276267275505e+04 2.698383581453350052e+04 4.413932260018876150e+03 -4.189794890513889186e+03
-8.463862278607297412e+03 1.213862375735890419e+04 1.935038388425700759e+04 8.723308524256511873e+02 -9.940708792369466664e+02 -4.326931335076763503e+02 1.465380168090097641e+03 2.087389866442262701e+03 -4.589147132413543773e+02 -5.692804560926163504e+03 1.124333384478101289e+04 2.776435113878894299e+03 1.515393841879755712e+02 -4.382192384309116164e+02 6.586203042953924580e+01 -4.065932876967266907e+02 -1.362265408365296707e+03 -2.739541328680923584e+02 5.703900196098405786e+02 -1.061621618423983819e+03
-5.584599960844355519e+04 3.971187276176470186e+04 -3.498582671517256676e+04 3.029080335961204037e+04 -2.263648979756841072e+03 -2.659767433692222767e+03 -1.272487326946563684e+02 1.204190692638606015e+04 5.562208340793925345e+03 -3.029617763814804675e+03 6.294930971761603359e+03 -1.185388425366072988e+04 -1.016648223588405472e+03 2.682744938366897259e+03 -2.834076879715438281e+03 -1.402304942100548033e+03 3.098642005951338433e+03 -1.622567549025738799e+03 5.207269134512076789e+02 7.721284918071628454e+02
-1.029036217809772825e+04 1.057540924765414456e+04 1.583503454924522339e+04 2.190300866896234766e+03 -6.925870160636117134e+02 5.489962784988625089e+01 8.191709883123386362e+02 4.159335816177432207e+03 2.552251073732395241e+02 -4.854120845998386358e+02 5.991548208118128969e+02 -5.180928484434111851e+03 -8.938813916444746610e+02 -1.466455904955882579e+04 1.224218312699053240e+04 3.621731007940839845e+03 -8.869423040865477788e+02 9.905228577277057411e+01 1.069361469255552493e+03 2.961192714192798121e+02
3.746973160122689023e+03 2.652317954581521553e+04 2.346029159606683243e+04 -6.646511466511171420e+03 -4.183702214710055159e+03 -1.169805102144090228e+02 -7.641903516135503014e+04 4.097604150077601844e+03 1.974543662456343782e+03 7.117420238977971167e+03 -1.312492838026995014e+04 -3.537538239449903358e+03 1.718887399583472870e+02 1.194608219258948111e+03 -1.170364369711317778e+02 5.174013177668915887e+03 3.447529355432905959e+03 8.582267939536392305e+02 -1.714933119850373942e+03 -9.714949353375645842e+02
-7.234867972454493611e+03 1.671133116927919400e+04 2.600325004915606041e+04 1.349417812457930995e+04 7.383233173707684728e+03 1.387950052534621209e+05 1.140038718866590443e+03 1.068914489472664354e+04 -8.433170810241188155e+04 7.094650431564453174e+04 2.847024166098905698e+04 -3.013699971329349864e+04 8.071146574437332220e+02 7.391973895939938666e+04 7.236068938082251407e+04 9.425644091282719046e+02 9.987352933256324832e+02 -5.823033338308572638e+03 -9.676477228353969622e+03 9.044694042601137198e+02
-4.142454675950141245e+04 3.523850570149485429e+04 -2.515506530893176750e+04 -4.466433699781152427e+03 3.209028064838178125e+03 1.699567357136365217e+03 1.763476369302904459e+03 4.092785316881571816e+03 -4.750326482840350218e+04 -6.440203181907714315e+04 -2.928720186911208657e+04 -7.725173647918447386e+03 3.226093495274218640e+03 8.890972319773058189e+03 5.042511881140103469e+03 6.726269444693120931e+03 6.023368736693598748e+02 -1.096511664455956407e+03 -5.759330611979780770e+03 -1.424599122030882427e+03
-9.264444197293520347e+02 7.764318191195828149e+03 1.151716258769499109e+04 1.470045208552558870e+04 -3.375656108519776808e+03 -2.463389768066778288e+03 -5.917475166219775247e+02 -2.394484050381921770e+04 -3.774062783692857010e+03 4.767980741236529525e+02 -9.636253194866453669e+02 2.210301202334383561e+03 -3.181350930533393395e+01 -1.347298968423571523e+03 1.514238917815755485e+03 -1.086722369001680136e+03 1.305565630109450922e+03 4.211112768879385726e+02 2.174226515587683366e+02 2.320394794852438736e+03
-1.565431860897010483e+04 1.021999815884061536e+04 1.179740651223026907e+04 2.346213713229607038e+03 -1.086107606658901886e+03 -5.599716063191060584e+02 -1.399614024867304943e+04 2.952116945742138341e+03 -1.992692129882281279e+03 -2.888164469709504374e+03 -7.301874075604537211e+03 -7.402089494802118679e+03 -1.869880277507742221e+03 -5.547891574685118940e+03 6.114283808092418440e+03 -3.519455290090428753e+04 -2.378787923844265242e+04 -1.162953781752269578e+02 -6.242019605014399986e+02 -2.981934544794704038e+02
-9.045574359854301292e+03 2.509472781560665680e+03 6.052602049672834710e+02 8.564211321167173082e+03 -5.749691222825023260e+02 -1.042737895624301473e+03 -5.479558260491886585e+02 2.337874444150977070e+03 2.716819043223619701e+03 -5.838273971440327841e+03 9.895888114277095156e+03 -2.375673958914054310e+04 -4.361648984331934116e+03 -3.282483414749741769e+03 -9.360360308197105041e+02 -2.595746211705441601e+04 3.979367801747011981e+04 2.336766508746086038e+04 -3.981866910769649621e+03 -2.856470254596074483e+03
-3.944635891974427068e+04 3.949172864160616155e+04 -2.750996655488615579e+04 2.536401460274288911e+04 -1.976996453836606634e+03 -1.578517123395431099e+03 1.103799432346764206e+03 1.982610005794920653e+04 5.230669052352664039e+02 1.366450285820467570e+03 -5.841160628824617561e+03 2.994847481893375516e+04 7.759482562342259371e+03 9.107732183668437074e+02 9.844178998137434974e+03 -2.764272553845009952e+03 1.489322736710111712e+03 6.770943579874450734e+03 3.635712067425618443e+03 -1.256398861271726730e+02
-2.165300409977543313e+04 2.023736926671517358e+04 2.517060234481331645e+04 4.747982505918673269e+04 8.814834810591390124e+03 6.054308469245400920e+04 -3.003102867043227434e+03 5.789798274297916214e+04 -1.827300432664918189e+05 9.609888120254260139e+04 3.822818139346693351e+04 3.158593009308753972e+04 -5.364285358298336178e+03 -1.560532430979706987e+05 -1.665751834928165772e+05 2.612894864032471014e+04 -3.941394563470881985e+04 4.692617222299195419e+04 -1.274192006480659766e+05 -4.186362091392882576e+03
-3.770983126473466837e+04 5.487385780222576614e+03 1.397230955163091676e+04 2.078126879706950422e+04 7.888132223667610560e+03 5.041418500662119914e+04 -7.442846384545428009e+02 4.519229222614926402e+04 -1.758634299516984902e+05 8.380269460526382318e+04 2.220801421463676525e+04 2.007865925857896218e+04 1.205491776937907707e+04 -3.255078927226952510e+05 -2.339856602635043964e+05 -4.201601559623531066e+05 7.102285857723297086e+05 -2.104463607909047045e+06 -2.177633794808288221e+05 5.090580878107423814e+03
-4.294209999004137353e+04 4.663562243543785007e+04 -1.541114752016290186e+04 1.107845237226321333e+05 2.507904275969111404e+04 3.310276319178069571e+03 -5.541459717901100703e+03 1.108768933776301710e+05 -9.764297773718810640e+04 -3.508579293691056228e+04 -1.320212215596504975e+05 4.231233154571938794e+05 -2.184216901469569653e+06 7.066311574326612754e+04 7.156111954620771576e+04 3.262321622631782157e+04 8.397799584997252168e+03 -1.895603453860760783e+04 3.056620159365318978e+04 -5.783508163028805575e+04
-4.845906946254374634e+04 -1.541523263928261986e+04 9.509609509153958129e+01 -1.432757177856062754e+03 3.801053285195168741e+01 1.423862760549635880e+02 -7.656179131558952804e+02 1.711450747720085701e+03 3.726066103708631090e+02 -3.168971511066503126e+02 5.590461326870283756e+02 1.677205320035806437e+02 -4.113583385921819513e+02 3.642000702848860669e+02 -1.300889499116714489e+02 -2.734173624433973941e+02 2.944068136175726522e+02 -6.729576158142328950e+02 2.386357765459665359e+02 2.133452778161314200e+04
-2.623853637316298409e+04 2.047041631493327804e+04 3.627079489777009439e+04 7.129926545710876235e+04 1.062605771080614250e+04 5.796847317240589764e+05 -4.172834068833213678e+03 2.732907392652007911e+04 -2.292578542768287007e+05 1.767740278729273705e+05 7.445670325117805623e+04 -5.307212425468800939e+04 3.436847445553461966e+03 1.493247952225922490e+05 1.188969372779008118e+05 -1.682971306162758265e+04 1.914064229661255013e+04 -3.403565337799436384e+04 -5.653427357050475621e+03 4.445267873576253805e+02
-3.190626525557783680e+03 1.113917737762855722e+04 1.776496764764869658e+04 -2.085411515633024919e+03 -7.264789875865200202e+02 -2.643948100764992546e+02 4.518290329570667382e+03 1.206538828635116261e+03 6.484026490019251696e+02 8.506632441757001288e+02 -2.301216632545064840e+03 -6.101186157906392964e+02 -4.087317351663320331e+00 9.831410096888793078e+02 -8.238410712053836278e+02 -1.772188716470769876e+01 2.274953840329010291e+02 9.790908421808781270e+01 -5.010211812070741644e+01 8.971685046619768400e+01
-1.565308818826777861e+04 1.510309361996446569e+04 2.669913722387505914e+04 2.029722318137588081e+04 1.603472847325682233e+05 -4.850448272068863844e+03 -2.920080594967135767e+03 -2.163856524843046373e+03 2.268056715755915775e+03 1.847081694816602919e+02 1.715060463031065581e+02 3.404483086326216039e+02 2.407272130691121674e+02 5.660200377030621439e+02 3.321019754309942300e+02 8.681056966963873833e+01 -1.106513175226917269e+02 -5.927020020772140896e+01 -2.994168038663023026e+02 -4.551292092528329114e+00
-4.645939692685379850e+04 1.237415228688542265e+04 -1.488224770073667787e+04 1.418553674896762095e+04 5.293432637753512608e+02 5.130675542432744862e+01 -8.659685498892590658e+02 1.710691853952978636e+04 -1.098211432838973997e+04 -1.083317968393954834e+04 -1.072440386682065764e+04 4.895792450939941045e+04 -3.465974007560402970e+05 1.392380697230854639e+04 1.002880108035108242e+04 -3.162778919333267709e+02 1.199649545171639875e+04 -4.091029816229664448e+03 1.024167512084914415e+04 3.109909646477283900e+02
-3.937153958005670574e+04 9.400567375560969595e+03 2.847170868239001720e+04 -7.704187854615644937e+03 -4.774978464673319650e+03 6.019810164568498294e+02 -9.283654984462926222e+04 9.804378563949623640e+03 -1.180067871268931231e+04 -9.444628457886306933e+03 -3.087097540681488681e+04 -2.959314100704528391e+04 -1.036357618702884065e+04 -4.091347559392800031e+04 4.181658393500301463e+04 -5.402395853004804812e+05 -4.130519698641552241e+05 -2.224136468164364123e+04 -2.088010960122930919e+04 2.494672799212529208e+04
-4.837226061448467954e+04 -1.510196676478557856e+04 6.475849763861418751e+02 -1.243534290623668994e+03 2.188391189622613524e+02 2.793339035731156059e+02 -9.232416491106621379e+02 2.888223450536320797e+03 -1.590963010363163812e+04 -2.506026420529208190e+04 -1.208732482073935535e+04 -3.707389665928806153e+03 1.059958692043441488e+03 5.789727840762505366e+03 3.361641194467529203e+03 4.698365930160735843e+03 9.624475822556796629e+02 -8.872490997547924962e+02 -4.760900176581641063e+03 2.747367642055680221e+02
-4.589368464421356475e+04 -1.203300022316408649e+04 6.078931012906599790e+03 6.449570804826877065e+03 6.258107180087365123e+04 -1.690336489392045905e+03 -2.466131763986878923e+03 -5.761857160954552910e+02 2.130652173283454687e+01 -9.065215702016053001e+02 -4.412910171075056951e+02 3.337734950169694343e+02 -1.240196484897655154e+02 5.811739553175121955e+02 -3.358678130788852627e+02 1.142204032571900001e+02 8.788563715340114868e+01 3.897369094780199106e+01 5.515875041685844735e+02 4.181866744270755589e+02
-3.059878427842658857e+04 -7.270190800851278823e+01 1.034497107417763618e+04 4.079692482208537058e+03 2.450514851340633697e+02 1.634077865561456201e+04 -3.552874374149618689e+03 9.497184454443946379e+03 -3.748566290740657132e+04 1.390344915175758797e+04 2.143291233737226321e+03 -1.515040786457602280e+03 -5.617089738275342370e+02 -2.254446929397164786e+04 -2.685989404368930991e+04 -1.290521955584423040e+03 1.505973308304584862e+03 -2.036936741709093326e+02 3.851254498300079831e+03 6.705955498871262535e+02
-4.671644323815371172e+04 -8.833421144162351993e+03 -1.316056677328759406e+03 2.173438275559758767e+04 -2.098462895800227670e+03 -2.010084638459700955e+03 -3.622622482187003243e+03 1.541245215691823978e+04 5.479739826316340441e+03 -2.392003593591393837e+03 2.052666039841050406e+03 -2.516322868954956903e+03 3.772502049914236977e+03 5.133511418345481616e+03 1.713029432046041165e+03 1.643663608952853610e+04 -2.328164593565207542e+04 -5.591206601450365997e+04 4.843004162574758084e+04 -1.023217144902201107e+04
-2.090807003298712880e+04 1.066914386485004434e+04 2.151162957591526720e+04 4.390405571010496146e+02 2.917371992061786386e+03 1.461041995788909480e+04 7.346527099691237481e+02 1.379379365222128399e+04 -3.218355585142423297e+04 1.984755638490269484e+04 -6.077115607586384840e+02 2.293675054058701426e+04 6.665996700225995482e+03 -3.022304655863654625e+04 1.125375178413546200e+04 -4.778366562453223742e+04 7.494683350185207382e+04 -1.136855553795930464e+05 -2.042325418609485132e+04 -1.416895264937281581e+03
1.332700741374696236e+03 8.908539025432102790e+03 1.042844033866188511e+04 4.203010438381678000e+02 -1.831000152084342517e+03 -5.119520969081008843e+02 -3.520941204442660091e+04 9.541467239508097009e+02 7.562753810004946899e+02 1.598765014899987364e+03 -3.907219907716905254e+03 -1.873820008965069064e+03 9.049271702320649524e+01 8.300786557452130410e+02 3.755008160327777773e+02 3.857111279208438646e+03 3.784157343592575216e+03 8.812096615676199463e+02 -1.082143807049169709e+03 -1.386507123487898070e+03
-9.101960475999729169e+03 1.675533273828597521e+04 2.569084678659696510e+04 7.725158799132212835e+02 -2.048342836203873958e+03 -7.649249223899722665e+02 -3.329271915941192674e+03 -4.443920897332071149e+02 -9.222734790304567696e+02 -8.884436064621555488e+03 1.809755883896259547e+04 5.828540625275555612e+03 3.443474102430042194e+02 5.110256179988357417e+02 -3.437045401043281458e+02 -7.729646693534648705e+01 -1.584481803158218099e+03 -5.410537197948478934e+02 8.410266427578961839e+02 -7.054567529226641227e+02
5.655201805187697573e+03 2.187715003318967501e+04 2.374059851257067567e+04 -3.797427665933244498e+03 -3.950544036101890470e+03 -6.170941388259881251e+02 -5.881995873198143090e+04 -2.147334996381576389e+02 9.717014751751989934e+02 1.425203727218344966e+03 -1.692711807489855801e+03 1.014053136662636234e+03 3.896376230053031691e+02 1.984854347817780763e+03 -3.939156460018097050e+02 5.146318169024139024e+03 3.207033198231040842e+03 5.532941042577159578e+02 -1.023164812607241402e+03 -5.125369831749537752e+02
-1.335784412477532533e+04 5.392653224570922248e+03 2.971616937562581370e+03 1.905387220489508400e+04 -2.967550780421677700e+03 -2.583561633666754005e+03 7.440411009900009276e+02 -2.025390919334139471e+04 -1.802770929451634174e+03 4.385586316204737159e+03 -5.493329614280696660e+03 -1.757388606066574312e+03 4.256477700449544841e+02 -5.472627718535205531e+03 5.260608814052414345e+03 2.075946158333255880e+03 -5.314070374452280703e+03 -3.959156515725744157e+03 6.026868224275362081e+03 -8.006412039263304905e+04
-1.088619993337641972e+04 1.317526386142097181e+04 2.117236603755645046e+04 4.041711014244255693e+03 -5.259441840792405856e+02 6.075108892591435506e+03 3.246665308080390787e+03 1.386471470263610536e+04 -1.657775357397400512e+04 1.271832615328546672e+04 8.999109552614090717e+03 -3.711002903894227347e+04 -5.679937055062571744e+03 -1.089361498368091852e+05 1.247252232001722587e+05 5.592142791276627395e+04 -1.657627994533283345e+04 7.314047632459643864e+03 -4.732871350326958236e+03 1.832988135824754863e+04
-2.349810216927939473e+04 2.228327190456446624e+04 8.513993300853659093e+03 6.904640403383246849e+03 2.062940401235797981e+04 3.514014061627546471e+04 -2.686756013001448082e+03 1.666937567736086930e+04 -9.947325716282681969e+04 1.029014659724270678e+04 -2.857013582199319899e+03 -1.790540512691086178e+03 3.306190374334818443e+03 -5.258651190302984469e+04 -5.873395004362233158e+04 -1.654615609740577202e+04 1.965686949766224643e+04 4.325992987487927167e+04 2.166785464829156117e+05 4.137910707480533347e+03
-2.643763552898166745e+04 3.733526593055090052e+04 6.763889405942482699e+04 1.420863090887261205e+05 4.313969502724552149e+04 1.271015833814267302e+06 -1.308669935687625548e+04 9.499174306960003742e+04 -1.141569845409028232e+06 9.370813689726606244e+05 4.408323173746695393e+05 -4.719446091059840401e+05 1.800154699702349899e+04 1.400029016413799254e+06 1.067892005748613970e+06 -4.399176234783912514e+04 -1.709472291622325429e+04 1.811669281306827033e+05 1.144675960023254156e+06 7.039145206546309055e+04
-2.429149618151942195e+04 2.138233502905674686e+04 1.481778149685930657e+04 2.351173212356964359e+04 2.814922798141415478e+04 1.325675983824705181e+05 -1.120752279658537373e+04 4.020509865985707438e+04 -3.004748567136553465e+05 7.730728614370441937e+04 6.344329164561305333e+03 -3.698501779453412018e+04 7.538314145428079428e+03 -9.014152430201877723e+04 -1.831759849721636856e+05 -3.111880655256619866e+04 3.966591690700189065e+04 7.635902575420693029e+04 5.548334904273033608e+05 1.776165418716534987e+04
-1.266586301828767137e+04 8.139335890780311274e+03 -2.450220445043428583e+02 4.248967807396877470e+04 -4.866361361684389522e+03 -3.628781365073215056e+03 -3.056628363433688378e+02 3.281266337467540325e+03 1.502548365441830128e+03 6.826293420653959174e+02 -2.095345405438156376e+03 -1.759357709048246534e+03 3.337440079632773973e+02 1.369848263958561120e+03 -1.221212503128216440e+03 1.941546658586079275e+03 -2.258573100763377170e+03 -1.327920568413523370e+03 -2.021367243587951634e+02 1.654986892255618329e+02
-2.629914769020459062e+04 4.340758486637173337e+04 7.355193699487842969e+04 1.699724777261544659e+05 1.595678766688114592e+04 1.523131850102656288e+06 -3.970281126900599702e+03 -3.034014310697030669e+04 1.840595427025126264e+04 1.361366143019499214e+04 1.851475001416050873e+04 -1.174467620587159399e+04 8.556292833092293222e+02 7.435174337649581139e+04 4.510602915450010187e+04 1.191721367751384150e+03 -1.024385152429322625e+04 8.545433513671361652e+03 -3.743927507389276434e+04 -4.979907280536889630e+03
-2.463843174383780570e+04 4.781497636392385175e+04 -9.055427407418559596e+03 -9.703246523195233749e+03 -2.419883471795374135e+02 5.211126068301113037e+02 -3.956126457184087030e+03 -1.070029221226625680e+02 8.780980546922504573e+02 2.816446865727707063e+03 -3.844376395845246407e+03 -2.813526044668709005e+02 -9.750255631000511514e+00 7.464819417978608271e+02 -9.328631404667996776e+02 5.235023736694705576e+02 -3.643303372455890212e+02 -3.403346392069641979e+02 -1.146272187498791624e+02 3.518391357096132879e+02
-4.602943147526719986e+04 -1.264689863789241281e+04 3.977983541881245401e+03 -4.699698354103414744e+01 -4.530022228453654520e+02 -1.513452401315360021e+02 -8.306502588745564935e+03 2.768450996686507551e+03 -2.053515310426852011e+03 -3.485854513877725822e+03 -5.982718044148910849e+03 -6.529510876289482439e+03 -1.815652155286429206e+03 -4.565033017427119375e+03 5.397040189435899265e+03 -3.505207940036319633e+04 -2.350753317250120745e+04 -1.858441280671968059e+02 -7.520672148716735137e+02 2.543486747477951155e+02
-4.138827727361532015e+04 4.480976375134344562e+04 -2.854265939868133864e+04 7.263093935680539289e+04 -7.071235239025403644e+03 2.743674088334218482e+02 7.189091346571420900e+02 3.903100626703610760e+04 -5.389945332619485271e+03 1.048707757493336976e+04 -1.759573774200397747e+04 5.204060478494386189e+04 6.489142937535344572e+03 8.186783453533569173e+02 4.899948432226048681e+03 2.407372115144801683e+03 -5.043549787825773819e+03 1.307059827062283148e+04 -4.264222639472272931e+03 9.744321033656918871e+02
-2.129191940830795284e+04 1.326001237603681511e+04 1.357526864981007384e+04 8.597417233605463480e+03 -1.509847295171454107e+03 -1.037568826839596568e+03 -4.268327675736325546e+03 6.642773300124634261e+03 1.242402902725380272e+03 -5.876282399962393356e+03 7.204771059468571366e+03 -9.026148236608441948e+03 -1.501709001748221453e+03 -1.372255428085926269e+03 1.265998359733117240e+03 -4.466542772594198141e+03 6.771437628338267132e+03 9.130166015518007043e+02 2.234254211914164046e+02 -1.060974150796995218e+03
-6.123808013645612846e+03 1.452197878229301205e+04 2.339801625839413828e+04 1.203858593737063757e+03 -1.123478296977965101e+03 2.269313646122561840e+04 5.795121247361044880e+03 3.890587748230334910e+03 -1.023366601681119573e+04 6.491339803127597406e+03 1.208471780842006410e+04 -1.162702616410306518e+03 -9.502147341604153041e+01 8.841464197955192503e+03 3.430314332171240494e+03 2.298830402218606196e+03 -5.723562785477640318e+03 5.060810454922578174e+03 -2.027084783811573652e+04 -2.315841838285071390e+03
-2.257534458786235336e+04 8.399169597248150239e+03 -4.370395031666782415e+03 4.540187602172802144e+04 -4.910832794558458772e+03 -4.164992797398034782e+03 -7.425692757668192598e+02 5.275729426351362235e+03 3.280422736927956976e+03 -1.424207775311430623e+03 1.470251686990725830e+03 -8.358406251095806510e+03 -6.052051192351301552e+02 2.034034061775858390e+03 -2.135776634839198778e+03 -2.908158918205907639e+02 1.465925104124331710e+03 -1.026858869154272725e+03 -9.285330574961358252e+01 4.157503706429760655e+02
-6.001147236029546184e+04 7.927026028115184999e+03 -1.878332225591771567e+04 3.454998357396825304e+04 -3.027426951926060610e+03 -3.076625765976384628e+03 -1.435674077060610443e+03 1.421246013772894185e+04 5.383016604065687716e+03 -3.900228343582702109e+03 5.362588620194916984e+03 -1.182223938805411854e+04 -7.963592526892883825e+02 3.373730375810361693e+03 -2.940664505834300144e+03 -1.370229718281776968e+03 3.335847613749705033e+03 -1.626882563328144442e+03 5.771280575495286485e+02 9.981473032039529016e+02
-3.695066032787818403e+04 3.490817994977084163e+04 -1.829000616675557831e+04 -2.081467359032048989e+03 7.615466154644039307e+03 2.610566549586298152e+03 6.219371510695432335e+02 3.176259897510095016e+03 -3.474533229849767667e+04 -3.878772350772023492e+04 -1.641807582237197857e+04 -4.292888046332713202e+03 2.027885790593684533e+03 1.235771108207401085e+03 -7.077065023527634366e+02 -5.630125070418382620e+02 -2.111683596869219855e+03 -3.875390849954705459e+02 -5.745766187427296927e+02 -1.614297678691630153e+03
