2.097417835626035594e+04 -3.083688951855946016e+03 -3.383865700994422696e+03 -4.293201332309825489e+02 1.626581119572514069e+02 9.530541265126494466e+01 -9.630124497326151811e+01 2.136156339644761601e+02 5.136127077765155313e+00 -4.407648800301924297e+01 1.117851102726964712e+02 3.971827351071780043e+01 3.996249110271364646e+00 7.561789830583536265e+00 -7.726304966049655221e+00 8.521067353618501983e+00 -3.264042892832404874e+01 -2.454475349317633359e+01 5.388157080926751163e+00 1.564399466437472741e+00
-4.937432073409626173e+04 -1.552688822276626888e+04 1.429762166801576768e+02 -1.206174448599479092e+03 -5.597236030600453915e+01 7.454661663462277943e+01 -3.968773706144838229e+02 -4.315630006819876741e+00 2.794518559023619559e+02 3.840916874892832880e+02 -6.963321030105314335e+00 2.593828816585950676e+02 5.508159149403040544e+01 9.356754499225878874e+01 -6.267229399759980168e+01 1.085639556980205640e+02 5.738159020776012476e+00 9.159214178447861343e+01 -1.202055250274664111e+01 -6.522738596275182772e+02
-2.106229087329530012e+04 1.274003820480289141e+04 1.294262008818551840e+04 8.224485127401363570e+03 -1.373616505890591270e+03 -9.318285316113239105e+02 -4.738946665632294753e+03 7.001259038473029250e+03 1.073048555261791307e+03 -5.171483849206454579e+03 4.785263209162856583e+03 -1.004791710292916105e+04 -1.563763237912765817e+03 -1.760207856435082476e+03 1.808450121753689700e+03 -4.651569136446371886e+03 7.323459797406711004e+03 1.037369881808539958e+03 5.226030478596932483e+01 -1.234112224192266240e+03
-4.262809430174643057e+04 3.583433445394399314e+04 -2.623161952715859661e+04 -5.082831870133706616e+03 9.104661277633385907e+02 4.958215663731535869e+02 1.724864379640493780e+03 -2.202561594892848461e+03 3.104356528853262489e+02 8.468989103089320452e+02 1.116095204157914623e+03 -9.770259640111740396e+01 -1.503279402841681360e+02 -5.293357493132241416e+02 7.930630261346482968e+00 1.390199409543744196e+02 -3.296943333354015522e+02 -7.300176804030890310e+01 -1.416617151201303386e+02 -7.900601112490166997e+02
-2.257459888748092271e+04 8.402318231323537475e+03 -4.366040027497850133e+03 4.540411131484864745e+04 -4.911622508211448803e+03 -4.164510238002318147e+03 -7.441789284838497451e+02 5.274296775436671851e+03 3.278466067124569236e+03 -1.423280173979488382e+03 1.469837643699238924e+03 -8.351875885126286448e+03 -6.050880698257681161e+02 2.034787619826925038e+03 -2.136876516223751423e+03 -2.893582095060486381e+02 1.464317793000824395e+03 -1.026474545675045420e+03 -9.414178909015443253e+01 4.187210564693643278e+02
-1.636851717304193517e+04 1.728942415423864804e+04 3.224792621828880146e+04 2.771376774574427327e+04 2.276027846861451108e+05 -6.255865905553477205e+03 -4.610109421843748351e+03 -3.952452618400744996e+03 3.079693138582955271e+03 1.882323596433156354e+03 5.896456073421542214e+02 1.000477920767474188e+03 5.906599660826659601e+02 1.041626326162026771e+03 2.292670610692279922e+02 3.540969348057055868e+02 -4.171918047586398757e+02 6.189766868102037733e+01 -1.515398091157969247e+03 1.104779161043364724e+02
-4.515038715853451322e+03 3.761707856073000130e+03 5.945244466602749526e+03 8.882126959064909897e+03 -1.817720160207875097e+03 -1.348175362567214052e+03 1.732923980946619849e+03 -8.726269775680442763e+03 -6.652872012142562426e+02 1.463481567046406553e+03 -2.010222162677520828e+03 -1.076803501860366623e+02 -2.725012154513619933e+01 -2.437004105291541691e+02 1.270290604533287961e+02 -2.469236942725757444e+01 6.813716478056856829e+01 1.609132502956755673e+02 -7.825441636561455994e+01 -1.146623884179344941e+03
-8.508516503769980773e+03 1.214370424888496564e+04 1.932819835398016221e+04 9.076616612358321845e+02 -9.964348138046132135e+02 -4.355510934975740156e+02 1.462337325694500123e+03 2.100800465063439788e+03 -4.544187059439536256e+02 -5.696256852767975943e+03 1.124833752565373652e+04 2.770906418921380464e+03 1.519643739158792926e+02 -4.362012785753045137e+02 6.603464580261503158e+01 -4.071649662446408797e+02 -1.361640753664960130e+03 -2.758646729641101842e+02 5.720060464659064792e+02 -1.062126501182330003e+03
-3.390361032988087391e+04 7.461490853905177210e+04 1.565464070198635163e+05 6.688038500037605409e+05 9.269461209923577553e+04 7.429178814210163429e+06 -7.226347487304396054e+04 -6.452495208701075753e+05 2.697222315995696001e+06 -1.839428319571936736e+06 -9.099011106334049255e+05 4.952719504703676794e+05 -1.449154183666315657e+04 -1.352397542225514771e+06 -1.006791201424730825e+06 1.677897437323605482e+04 5.029670213864884863e+04 3.157114726211919697e+04 3.748489633779013529e+05 3.634773474928404903e+04
-2.436483802557143645e+04 3.267222865612317037e+04 5.467944334848032304e+04 1.238246704467445234e+05 1.038165300575338188e+04 1.018446762935484643e+06 2.280250249014074143e+03 2.519107005407496217e+03 -1.155913174114106514e+05 1.060326528952555673e+05 5.682785977506061317e+04 -3.723477255232878815e+04 1.025845527575876986e+03 1.409752744410783926e+05 1.026381412046951154e+05 1.205873104956819816e+03 -1.100631420144206277e+04 2.008147975374210091e+03 -5.913037358805486292e+04 -4.723609915800650924e+03
-2.514093504326701441e+04 4.909232062072490226e+04 -7.710486080621808469e+03 -9.631998738065243742e+03 -5.031988419805377362e+02 4.470233875187439594e+02 -5.710307360920598512e+03 -5.063231443453231577e+02 8.094761506299616940e+02 2.232510011073496571e+03 -2.562102715589708623e+03 2.905537361741979794e+02 3.269478296083421043e+01 9.286975991804212072e+02 -1.004541756554976928e+03 6.098354004896226570e+02 -4.290603248734778390e+02 -4.086446614273866658e+02 -6.082214464453043945e+01 4.335206411148431016e+02
3.746973160122689023e+03 2.652317954581521553e+04 2.346029159606683606e+04 -6.646511466511172330e+03 -4.183702214710055159e+03 -1.169805102144090228e+02 -7.641903516135503014e+04 4.097604150077600934e+03 1.974543662456343782e+03 7.117420238977972986e+03 -1.312492838026995014e+04 -3.537538239449903358e+03 1.718887399583472870e+02 1.194608219258948338e+03 -1.170364369711317778e+02 5.174013177668914977e+03 3.447529355432905959e+03 8.582267939536392305e+02 -1.714933119850373942e+03 -9.714949353375648116e+02
-2.090807003298712516e+04 1.066914386485004434e+04 2.151162957591525992e+04 4.390405571010497283e+02 2.917371992061785477e+03 1.461041995788909480e+04 7.346527099691238618e+02 1.379379365222128399e+04 -3.218355585142424025e+04 1.984755638490269121e+04 -6.077115607586385977e+02 2.293675054058701426e+04 6.665996700225997301e+03 -3.022304655863654989e+04 1.125375178413546018e+04 -4.778366562453223742e+04 7.494683350185205927e+04 -1.136855553795930755e+05 -2.042325418609485132e+04 -1.416895264937281809e+03
-5.584564039374810818e+04 3.971066055321919703e+04 -3.498438806093398307e+04 3.028661747958082196e+04 -2.263172175100211007e+03 -2.659372734790964842e+03 -1.270824949919079927e+02 1.204096454601349251e+04 5.557968586972790945e+03 -3.035433394209874677e+03 6.292064639097849977e+03 -1.185393651329758177e+04 -1.017084210787006896e+03 2.683706174280960568e+03 -2.833124964165842357e+03 -1.401368514430904725e+03 3.099029035097467386e+03 -1.622228512876711193e+03 5.191966933227570280e+02 7.721111751170577691e+02
-3.168662373398208274e+03 1.105203474115089557e+04 1.767270253119320114e+04 -2.064756147334971502e+03 -7.228406861208043210e+02 -2.643833982986309934e+02 4.574945593647872556e+03 1.185635477073826678e+03 6.429263668749442786e+02 8.410693174446726061e+02 -2.283442656298753718e+03 -6.041739696619741835e+02 -3.755765151786737199e+00 9.891229233324586403e+02 -8.268531390685695897e+02 -1.846146922038427363e+01 2.273126280404450199e+02 9.982596532911949794e+01 -5.296766627157077778e+01 9.029813505393278206e+01
-2.167860636990320563e+04 2.025583358000190128e+04 2.520692955259805603e+04 4.749198215730758238e+04 8.891947860891768869e+03 6.073787725879605568e+04 -3.011764126796269920e+03 5.802405074599313957e+04 -1.832934375170958228e+05 9.640354322395926283e+04 3.841293327143845090e+04 3.164823417081935986e+04 -5.378163419804979640e+03 -1.565431554177792277e+05 -1.670825712136294460e+05 2.621873018577216862e+04 -3.955337558413220540e+04 4.709164554354678694e+04 -1.279300545699638315e+05 -4.209663697822220456e+03
-4.139254975734923937e+04 4.481058145175516984e+04 -2.854226595469416134e+04 7.265649193703857600e+04 -7.073855572616131212e+03 2.771791647340889426e+02 7.187977792358436773e+02 3.904259759137638321e+04 -5.396441798498382013e+03 1.049476324803692660e+04 -1.760507837311280309e+04 5.206110705263497948e+04 6.487869914161293309e+03 8.171958282758363339e+02 4.896995088240258156e+03 2.410814208178956505e+03 -5.048168551221263442e+03 1.307679159983052523e+04 -4.270657836264222169e+03 9.750236956541780273e+02
-1.028458428864027155e+04 1.057429478162178566e+04 1.583685383681014901e+04 2.186171208442021907e+03 -6.922613126612692440e+02 5.511288992045318480e+01 8.199659151204334648e+02 4.157117575416194086e+03 2.539340851282624101e+02 -4.842135343630907300e+02 5.973034255235758110e+02 -5.177298671879474568e+03 -8.933509558943155753e+02 -1.466506059212031869e+04 1.224279081532978489e+04 3.622914631077851482e+03 -8.889930920494047086e+02 9.890162016380944010e+01 1.069275344610862703e+03 2.959500635535380866e+02
-5.822403499829040356e+02 7.838492209190818357e+03 1.165865716864386377e+04 1.459846279466485976e+04 -3.412019155953239078e+03 -2.466846921868230311e+03 -6.651101395329347952e+02 -2.416504607906459569e+04 -3.804837636809952528e+03 3.474387333525431245e+02 -6.307549875419401815e+02 2.582434594939163617e+03 -8.448530282289797855e-01 -9.519176168741795436e+02 1.223919785241538420e+03 -9.287167872767651033e+02 1.271724242086003642e+03 2.198106860282949526e+02 1.660090919033501109e+02 3.220657765556592040e+03
-3.899811365670093801e+04 3.506580057670374663e+04 -2.146472820003777451e+04 -3.222365586556314156e+03 5.593046039181099331e+03 2.175962385145003736e+03 1.151631549405794885e+03 3.584091879475154201e+03 -4.068089156076280051e+04 -5.069540260546825448e+04 -2.239933676429327897e+04 -5.877628022111744940e+03 2.594387956902635779e+03 4.788636311720552840e+03 1.972787262615992859e+03 2.804088267553134756e+03 -8.678649358173489645e+02 -7.180495953628471852e+02 -2.965941455727911489e+03 -1.533940276185529683e+03
-1.564355983570645731e+04 1.496367155917337004e+04 2.631165070204525182e+04 1.987639072310277697e+04 1.561801382140241622e+05 -4.760896366825929363e+03 -2.814447542370116935e+03 -2.035990779051772051e+03 2.210698847589648722e+03 7.355419693436569162e+01 1.551070557085980397e+02 2.806271999756807531e+02 2.147695056928539259e+02 5.361499959696121778e+02 3.263696444539818344e+02 6.141728302079204127e+01 -7.513263839520796239e+01 -6.962685523155779777e+01 -2.316930357851311726e+02 -9.199806952990890352e+00
-4.645939692685379850e+04 1.237415228688542265e+04 -1.488224770073667787e+04 1.418553674896762095e+04 5.293432637753512608e+02 5.130675542432749836e+01 -8.659685498892589521e+02 1.710691853952978636e+04 -1.098211432838973815e+04 -1.083317968393954834e+04 -1.072440386682065764e+04 4.895792450939941773e+04 -3.465974007560403552e+05 1.392380697230854639e+04 1.002880108035108242e+04 -3.162778919333267709e+02 1.199649545171639875e+04 -4.091029816229664448e+03 1.024167512084914415e+04 3.109909646477283900e+02
-7.285414498586570517e+03 1.670152718896843362e+04 2.599316169144035302e+04 1.374117285945039293e+04 7.365558402123805536e+03 1.400253152449940389e+05 1.125440118186776999e+03 1.065934883162441110e+04 -8.404861833702735021e+04 7.071092513806675561e+04 2.832690993179547513e+04 -2.998493790272348997e+04 8.009191620854415987e+02 7.361226380299418815e+04 7.201870807216395042e+04 9.379196467530837253e+02 9.928590833970914673e+02 -5.797590404176737138e+03 -9.622431669206564038e+03 9.066146171844042101e+02
-4.845906946254374634e+04 -1.541523263928262168e+04 9.509609509153960971e+01 -1.432757177856062754e+03 3.801053285195167319e+01 1.423862760549635880e+02 -7.656179131558953941e+02 1.711450747720085474e+03 3.726066103708631090e+02 -3.168971511066503126e+02 5.590461326870284893e+02 1.677205320035806437e+02 -4.113583385921820081e+02 3.642000702848860101e+02 -1.300889499116714489e+02 -2.734173624433973373e+02 2.944068136175726522e+02 -6.729576158142328950e+02 2.386357765459665075e+02 2.133452778161314200e+04
-9.045574359854303111e+03 2.509472781560664771e+03 6.052602049672834710e+02 8.564211321167173082e+03 -5.749691222825024397e+02 -1.042737895624301245e+03 -5.479558260491886585e+02 2.337874444150976615e+03 2.716819043223619701e+03 -5.838273971440329660e+03 9.895888114277091518e+03 -2.375673958914054310e+04 -4.361648984331933207e+03 -3.282483414749741769e+03 -9.360360308197105041e+02 -2.595746211705441965e+04 3.979367801747011981e+04 2.336766508746085674e+04 -3.981866910769650531e+03 -2.856470254596074028e+03
-1.565431860897010483e+04 1.021999815884061900e+04 1.179740651223026543e+04 2.346213713229606583e+03 -1.086107606658901659e+03 -5.599716063191061721e+02 -1.399614024867304943e+04 2.952116945742138341e+03 -1.992692129882280824e+03 -2.888164469709503919e+03 -7.301874075604535392e+03 -7.402089494802117770e+03 -1.869880277507742221e+03 -5.547891574685118030e+03 6.114283808092419349e+03 -3.519455290090428753e+04 -2.378787923844265970e+04 -1.162953781752269578e+02 -6.242019605014398849e+02 -2.981934544794704038e+02
-4.294209999004137353e+04 4.663562243543785007e+04 -1.541114752016290186e+04 1.107845237226321333e+05 2.507904275969111404e+04 3.310276319178069571e+03 -5.541459717901100703e+03 1.108768933776301710e+05 -9.764297773718810640e+04 -3.508579293691056228e+04 -1.320212215596504975e+05 4.231233154571938794e+05 -2.184216901469569653e+06 7.066311574326612754e+04 7.156111954620771576e+04 3.262321622631782157e+04 8.397799584997252168e+03 -1.895603453860760783e+04 3.056620159365318978e+04 -5.783508163028805575e+04
-3.944690287448053277e+04 3.949378161887592432e+04 -2.751326536507900528e+04 2.536614032811750076e+04 -1.977925262562219586e+03 -1.581371418145311054e+03 1.103763626268810185e+03 1.982567171074846920e+04 5.288510962110841547e+02 1.364277312693052636e+03 -5.841272709681978085e+03 2.994784614563525611e+04 7.759660572227955527e+03 9.142747275447851507e+02 9.847980037313329376e+03 -2.763946220391159841e+03 1.488959005064971734e+03 6.770631103873624852e+03 3.635307019114216928e+03 -1.256990466294275706e+02
-1.553072037537510550e+04 1.048630504640862273e+04 -1.621203507023670227e+03 6.247707158702177549e+04 -6.965645489175627517e+03 -3.215565817156638786e+03 -6.079579202608896367e+02 1.142819570430562999e+04 -1.007270306329674412e+02 3.654943345301402132e+03 -5.746638391275008871e+03 5.020342959860641713e+03 -2.440198485468005458e+02 1.612666664554041290e+03 -3.274416556831215985e+03 3.557017029724657277e+03 -4.154744297126328092e+03 7.702077356756385598e+02 -3.027632267943509305e+03 5.499738631618030240e+02
5.641523595904548529e+03 2.188244372792598733e+04 2.373917495111269091e+04 -3.794180466979772518e+03 -3.950358245401824661e+03 -6.170863492755709103e+02 -5.881360525216365204e+04 -2.095550274461381264e+02 9.715549511085979475e+02 1.425071062196857383e+03 -1.697415375534798841e+03 1.008875132488771555e+03 3.892712605421952503e+02 1.984298995980730979e+03 -3.929781794766902294e+02 5.143468375470954925e+03 3.207457113801659489e+03 5.531718700256312786e+02 -1.023326228517052641e+03 -5.111799988708476121e+02
-4.589368464421356475e+04 -1.203300022316408649e+04 6.078931012906599790e+03 6.449570804826876156e+03 6.258107180087365123e+04 -1.690336489392045905e+03 -2.466131763986879832e+03 -5.761857160954552910e+02 2.130652173283454331e+01 -9.065215702016053001e+02 -4.412910171075056951e+02 3.337734950169694343e+02 -1.240196484897655154e+02 5.811739553175123092e+02 -3.358678130788852627e+02 1.142204032571900143e+02 8.788563715340113447e+01 3.897369094780199816e+01 5.515875041685844735e+02 4.181866744270755589e+02
-4.838153070115890296e+04 -1.510822375846695468e+04 6.437053406172832410e+02 -1.243067692273694320e+03 2.190163812630152051e+02 2.794441835577472375e+02 -9.230432198918877020e+02 2.888589203397226811e+03 -1.591137140149033985e+04 -2.506317270975754946e+04 -1.208789296843818920e+04 -3.708005385387951264e+03 1.060572202947736969e+03 5.791341824062112210e+03 3.361529273354593442e+03 4.698978487391569615e+03 9.630015881630025660e+02 -8.873946574104642195e+02 -4.766548027911482677e+03 2.752045770671199989e+02
-1.335784412477532715e+04 5.392653224570922248e+03 2.971616937562581825e+03 1.905387220489508400e+04 -2.967550780421677700e+03 -2.583561633666754005e+03 7.440411009900009276e+02 -2.025390919334139471e+04 -1.802770929451634174e+03 4.385586316204737159e+03 -5.493329614280697569e+03 -1.757388606066574084e+03 4.256477700449544841e+02 -5.472627718535204622e+03 5.260608814052413436e+03 2.075946158333255880e+03 -5.314070374452280703e+03 -3.959156515725744157e+03 6.026868224275362991e+03 -8.006412039263304905e+04
-4.671644323815370444e+04 -8.833421144162351993e+03 -1.316056677328759406e+03 2.173438275559758767e+04 -2.098462895800227670e+03 -2.010084638459700500e+03 -3.622622482187003243e+03 1.541245215691824160e+04 5.479739826316340441e+03 -2.392003593591393837e+03 2.052666039841050406e+03 -2.516322868954957357e+03 3.772502049914236977e+03 5.133511418345481616e+03 1.713029432046041165e+03 1.643663608952853610e+04 -2.328164593565207542e+04 -5.591206601450366725e+04 4.843004162574758084e+04 -1.023217144902200926e+04
-2.349810216927939473e+04 2.228327190456446624e+04 8.513993300853657274e+03 6.904640403383245939e+03 2.062940401235798345e+04 3.514014061627547198e+04 -2.686756013001447627e+03 1.666937567736086930e+04 -9.947325716282681969e+04 1.029014659724270678e+04 -2.857013582199319899e+03 -1.790540512691085041e+03 3.306190374334818898e+03 -5.258651190302984469e+04 -5.873395004362233158e+04 -1.654615609740577202e+04 1.965686949766224643e+04 4.325992987487925711e+04 2.166785464829156117e+05 4.137910707480533347e+03
-2.643763552898166745e+04 3.733526593055090052e+04 6.763889405942482699e+04 1.420863090887261205e+05 4.313969502724552149e+04 1.271015833814267302e+06 -1.308669935687625548e+04 9.499174306960003742e+04 -1.141569845409028232e+06 9.370813689726606244e+05 4.408323173746695393e+05 -4.719446091059840401e+05 1.800154699702349899e+04 1.400029016413799254e+06 1.067892005748613970e+06 -4.399176234783912514e+04 -1.709472291622325429e+04 1.811669281306827033e+05 1.144675960023254156e+06 7.039145206546309055e+04
-3.937153958005669847e+04 9.400567375560967776e+03 2.847170868239002084e+04 -7.704187854615644937e+03 -4.774978464673319650e+03 6.019810164568498294e+02 -9.283654984462930588e+04 9.804378563949621821e+03 -1.180067871268931231e+04 -9.444628457886306933e+03 -3.087097540681489045e+04 -2.959314100704528391e+04 -1.036357618702884247e+04 -4.091347559392800031e+04 4.181658393500300735e+04 -5.402395853004804812e+05 -4.130519698641551659e+05 -2.224136468164364123e+04 -2.088010960122931283e+04 2.494672799212529208e+04
-3.770983126473466837e+04 5.487385780222576614e+03 1.397230955163091676e+04 2.078126879706950422e+04 7.888132223667610560e+03 5.041418500662119914e+04 -7.442846384545428009e+02 4.519229222614926402e+04 -1.758634299516984902e+05 8.380269460526382318e+04 2.220801421463676525e+04 2.007865925857896218e+04 1.205491776937907707e+04 -3.255078927226952510e+05 -2.339856602635043964e+05 -4.201601559623531066e+05 7.102285857723297086e+05 -2.104463607909047045e+06 -2.177633794808288221e+05 5.090580878107423814e+03
-2.905214177714181278e+04 3.647711192644032417e+04 -4.805401589503968353e+03 2.708769169249829065e+04 -2.255816110445148297e+03 5.418684417173906240e+02 3.418634036052369993e+03 4.230362476878252346e+04 -1.941224405224734437e+04 1.105918002719767628e+03 -3.515214185267611174e+04 1.362442687539173930e+05 2.920770436698220510e+04 -1.260042549086100371e+04 5.499840379461688281e+04 -5.283860204324863298e+04 6.635433276267275505e+04 2.698383581453350052e+04 4.413932260018876150e+03 -4.189794890513889186e+03
-1.088619993337642154e+04 1.317526386142097181e+04 2.117236603755645046e+04 4.041711014244255239e+03 -5.259441840792405856e+02 6.075108892591435506e+03 3.246665308080390787e+03 1.386471470263610172e+04 -1.657775357397400148e+04 1.271832615328546672e+04 8.999109552614088898e+03 -3.711002903894227347e+04 -5.679937055062569016e+03 -1.089361498368091852e+05 1.247252232001722587e+05 5.592142791276630305e+04 -1.657627994533282981e+04 7.314047632459642955e+03 -4.732871350326958236e+03 1.832988135824754863e+04
-1.621029901467742275e+04 1.169061878349016297e+04 1.568607112515940207e+04 6.153272385298988411e+03 7.903527195273441919e+01 1.667218187425512588e+04 -4.047594713683300142e+03 1.062707599725715409e+04 -3.797242981358859106e+04 1.426203751551596724e+04 1.740923173882481933e+03 -1.228761622472648924e+03 -5.644304687177631195e+02 -2.336536895699087836e+04 -2.702629467493106131e+04 -1.150006355959518260e+03 1.134409095295447969e+03 1.508958453128240080e+02 3.354151008107460711e+03 3.995268361232679126e+02
-2.637712611841231774e+04 2.065625059015233637e+04 3.664486018374177365e+04 7.097488150192667672e+04 1.086010801310856550e+04 5.824391011195352767e+05 -4.207841628757556464e+03 2.804286897510346171e+04 -2.356633194334594882e+05 1.816823048237577023e+05 7.691725598730354977e+04 -5.494390801185926830e+04 3.561546630937215923e+03 1.539390266527822532e+05 1.229623948299429903e+05 -1.730033431893338638e+04 1.970599217613479414e+04 -3.504527170932577428e+04 -5.970847548192472459e+03 4.142238663375155170e+02
-2.429149618151941831e+04 2.138233502905675050e+04 1.481778149685930475e+04 2.351173212356964359e+04 2.814922798141415478e+04 1.325675983824704890e+05 -1.120752279658537191e+04 4.020509865985706710e+04 -3.004748567136552883e+05 7.730728614370440482e+04 6.344329164561306243e+03 -3.698501779453412018e+04 7.538314145428079428e+03 -9.014152430201876268e+04 -1.831759849721636856e+05 -3.111880655256619866e+04 3.966591690700189065e+04 7.635902575420693029e+04 5.548334904273032444e+05 1.776165418716534987e+04
-1.266434720494984140e+04 8.140132068165370583e+03 -2.449007520053972087e+02 4.249830148425172956e+04 -4.867305213053093212e+03 -3.628611392109293774e+03 -3.057604027383703738e+02 3.284937352381064102e+03 1.501779085567499578e+03 6.841129454564571688e+02 -2.097363359672535353e+03 -1.755559902333789069e+03 3.337141306796849562e+02 1.370122062102060454e+03 -1.222099225113182001e+03 1.942767703794411091e+03 -2.260125476970032651e+03 -1.327309004492108897e+03 -2.033176982600037945e+02 1.659909514395857570e+02
-4.604627741940413398e+04 -1.259906075228155714e+04 4.576054832466074004e+03 1.937791861520115162e+03 4.289908033490659705e+02 1.602205318481283030e+04 -3.010843108189032137e+03 8.336419234093516934e+03 -3.707189018879443756e+04 1.345619431214451470e+04 2.521004675497531935e+03 -1.771540826357301512e+03 -5.522307809826711491e+02 -2.169653438903723509e+04 -2.672028257042165205e+04 -1.423384993807663477e+03 1.885098753698848441e+03 -5.605461733229213905e+02 4.342865661380818892e+03 9.581481931211822030e+02
-9.354750909329790375e+03 1.677644357028296872e+04 2.557157474853902386e+04 9.449169721690614097e+02 -2.060869494622695129e+03 -7.819118847652130171e+02 -3.340829661537909942e+03 -3.585777857321943429e+02 -8.741290029896277929e+02 -8.939112727948153406e+03 1.819387597819625080e+04 5.659312662458563864e+03 3.166719652361358044e+02 5.308144756307218586e+02 -3.735558099338019247e+02 -1.377916666533410535e+02 -1.485194176693987629e+03 -5.263103233871274824e+02 8.343469435058673298e+02 -7.006684122129595380e+02
1.754804600887551032e+03 8.640544246124163692e+03 1.014475255772314995e+04 4.690382989034878847e+02 -1.831153021038303223e+03 -5.263977719889446689e+02 -3.543271994665614329e+04 8.081991939488896151e+02 9.147927139836134529e+02 1.802932998688966336e+03 -3.715554473809541378e+03 -1.677848972975133620e+03 7.710583403732184138e+01 7.990873735976375656e+02 2.532066276632083657e+02 3.966787219863917016e+03 3.767275027126172517e+03 9.033906574656460862e+02 -9.872307154091860184e+02 -1.280484239144772346e+03
-6.000138963245229388e+04 7.938003462338679128e+03 -1.877506966457908857e+04 3.454373719569764944e+04 -3.027304356066902983e+03 -3.076352617545817793e+03 -1.439935726771705731e+03 1.421157699279099688e+04 5.383105999283036908e+03 -3.902466753319858981e+03 5.366780179608152139e+03 -1.182618369485821313e+04 -7.971834720190870485e+02 3.371499987532758041e+03 -2.939530709279633811e+03 -1.375430672518205029e+03 3.343076090427439340e+03 -1.623485182972989833e+03 5.785108653377072869e+02 9.977766265782233859e+02
-3.696938853868270598e+03 1.500413352325639607e+04 2.186006070279861524e+04 -2.966564824537867025e+03 -9.506037246318686584e+02 -2.793878136330557709e+02 1.821988691351608850e+03 1.992908488576898890e+03 8.532826370958711095e+02 1.100817409441457585e+03 -2.759513475100100550e+03 -7.121258243662043697e+02 -5.090086684810136042e+00 7.863436372896641160e+02 -7.230857153580964223e+02 5.399475372218391556e+01 2.064837298762589626e+02 3.659049055792318761e+00 9.891960086080298709e+01 8.309115167123532331e+01
-4.602943147526719986e+04 -1.264689863789240917e+04 3.977983541881245856e+03 -4.699698354103416875e+01 -4.530022228453655089e+02 -1.513452401315360021e+02 -8.306502588745566754e+03 2.768450996686508006e+03 -2.053515310426852466e+03 -3.485854513877726276e+03 -5.982718044148910849e+03 -6.529510876289483349e+03 -1.815652155286429206e+03 -4.565033017427119375e+03 5.397040189435898355e+03 -3.505207940036320360e+04 -2.350753317250120745e+04 -1.858441280671967775e+02 -7.520672148716735137e+02 2.543486747477951155e+02
-6.812319829204541747e+03 6.638461334230193643e+03 9.073135939214987957e+03 1.659830102765404081e+04 -2.825313158100276723e+03 -2.438736558589513152e+03 5.277329436925792834e+02 -2.032832861873826187e+04 -3.199854795974881199e+03 2.398847359601858898e+03 -5.983347455245064339e+03 -3.907822427377166150e+03 -5.651893027037639285e+02 -7.469144669289005833e+03 5.977460721334090522e+03 -3.653287004444484410e+03 2.013000707843136070e+03 3.577252145176696104e+03 1.014894186948685160e+03 -1.174493830300859190e+04
-4.172608777330074372e+04 3.592787108181337680e+04 -2.631589073096553693e+04 -5.182943896914642210e+03 9.935539003638662052e+02 5.530777588356271508e+02 1.339592739222816135e+03 -4.163366728071253533e+02 4.274584175089832456e+02 1.217086125787295003e+02 1.725473623612460415e+03 -2.391533168208337088e+02 -6.293232401133772100e+02 -2.574458202210208242e+02 -6.068518586755962474e+01 -2.473325640224668973e+02 -2.793589445456337117e+01 -8.409503479282903982e+02 1.169198094499063814e+02 2.120647983586490227e+04
-6.123808013645612846e+03 1.452197878229301205e+04 2.339801625839413100e+04 1.203858593737063757e+03 -1.123478296977965101e+03 2.269313646122562568e+04 5.795121247361043061e+03 3.890587748230334000e+03 -1.023366601681119573e+04 6.491339803127596497e+03 1.208471780842006774e+04 -1.162702616410306518e+03 -9.502147341604151620e+01 8.841464197955192503e+03 3.430314332171240494e+03 2.298830402218606196e+03 -5.723562785477638499e+03 5.060810454922578174e+03 -2.027084783811574016e+04 -2.315841838285071390e+03
-4.414611554593908295e+03 1.805626705447434870e+04 2.470317992470612444e+04 -3.129956839382243288e+03 -1.437818263044018295e+03 -4.288760895480737645e+02 -1.164788267953150807e+03 7.960406090532405869e+02 6.245112088672308346e+02 -4.090443687625566440e+02 5.119386995274053902e+02 8.014166630582936932e+02 9.729131172854549447e+01 1.247679745201367268e+03 -9.216290337403228250e+02 2.497917469238430499e+02 7.410032096520370715e+01 -1.408802327805966854e+02 2.386358261479986993e+02 2.695535882060102608e+02
-2.629914769020459062e+04 4.340758486637173337e+04 7.355193699487842969e+04 1.699724777261544659e+05 1.595678766688114410e+04 1.523131850102656754e+06 -3.970281126900599702e+03 -3.034014310697029941e+04 1.840595427025126264e+04 1.361366143019499214e+04 1.851475001416050873e+04 -1.174467620587159581e+04 8.556292833092294359e+02 7.435174337649581139e+04 4.510602915450009459e+04 1.191721367751383923e+03 -1.024385152429322807e+04 8.545433513671361652e+03 -3.743927507389276434e+04 -4.979907280536889630e+03
