2.097417835626035594e+04 -3.083688951855945561e+03 -3.383865700994421786e+03 -4.293201332309826057e+02 1.626581119572514069e+02 9.530541265126495887e+01 -9.630124497326151811e+01 2.136156339644761601e+02 5.136127077765156201e+00 -4.407648800301923586e+01 1.117851102726964712e+02 3.971827351071780043e+01 3.996249110271364202e+00 7.561789830583538929e+00 -7.726304966049654332e+00 8.521067353618500206e+00 -3.264042892832405585e+01 -2.454475349317633004e+01 5.388157080926750275e+00 1.564399466437472519e+00
-4.937478108556940424e+04 -1.552612373290164396e+04 1.424168408142209614e+02 -1.205422443816919440e+03 -5.602384387292642742e+01 7.447848941998829275e+01 -3.968988138383255659e+02 -4.001022151747499755e+00 2.795897371615845941e+02 3.839615491800342966e+02 -6.747600131470949059e+00 2.590043145005124074e+02 5.503686892117289631e+01 9.362607806679216083e+01 -6.273649470164439634e+01 1.084622329215863346e+02 5.910324696024476410e+00 9.158031682264591211e+01 -1.200057404783276205e+01 -6.522636937238833070e+02
-3.190622490799887146e+03 1.113915392416764917e+04 1.776493861264214138e+04 -2.085406884563636140e+03 -7.264761924999692155e+02 -2.643943121666953857e+02 4.518307009566638044e+03 1.206538201282346336e+03 6.484020707547945221e+02 8.506653951710958381e+02 -2.301222196104387422e+03 -6.101215963050403843e+02 -4.087526297787931640e+00 9.831408585152346404e+02 -8.238409550189570609e+02 -1.772250508073113195e+01 2.274956730116808501e+02 9.790980165239858479e+01 -5.010302804356327044e+01 8.971647364298340221e+01
-4.262732511413464090e+04 3.583437539498253318e+04 -2.623177549274776902e+04 -5.084337335417306349e+03 9.106043750672912438e+02 4.959687382318402911e+02 1.725047501613609029e+03 -2.203296449058326743e+03 3.102145726226208353e+02 8.472922520064055334e+02 1.115785620891559347e+03 -9.677879778296100710e+01 -1.502078207929598932e+02 -5.294631469458126958e+02 8.043509247720566080e+00 1.393136236344414840e+02 -3.302215774969743620e+02 -7.305241120058404647e+01 -1.416883281085355861e+02 -7.901161983441428447e+02
-2.257187756252813051e+04 8.397024120544207108e+03 -4.374923878624160352e+03 4.541601695087944245e+04 -4.911725119429584993e+03 -4.163990873162751996e+03 -7.396538245595920671e+02 5.288603682844269315e+03 3.279626910176015826e+03 -1.419582523332527899e+03 1.462980587386821753e+03 -8.351469202007579952e+03 -6.051590539646149409e+02 2.034273398638903700e+03 -2.137605700278335917e+03 -2.876359890303917837e+02 1.461532171723240481e+03 -1.025383470376557398e+03 -9.565325282080208069e+01 4.144774876943644699e+02
-4.589368464421356475e+04 -1.203300022316408831e+04 6.078931012906599790e+03 6.449570804826877065e+03 6.258107180087363668e+04 -1.690336489392045905e+03 -2.466131763986879832e+03 -5.761857160954552910e+02 2.130652173283456463e+01 -9.065215702016053001e+02 -4.412910171075056951e+02 3.337734950169694343e+02 -1.240196484897655154e+02 5.811739553175121955e+02 -3.358678130788852627e+02 1.142204032571899859e+02 8.788563715340114868e+01 3.897369094780199106e+01 5.515875041685844735e+02 4.181866744270756158e+02
-3.390361032988087391e+04 7.461490853905177210e+04 1.565464070198635163e+05 6.688038500037605409e+05 9.269461209923577553e+04 7.429178814210163429e+06 -7.226347487304396054e+04 -6.452495208701075753e+05 2.697222315995696001e+06 -1.839428319571936736e+06 -9.099011106334049255e+05 4.952719504703676794e+05 -1.449154183666315657e+04 -1.352397542225514771e+06 -1.006791201424730825e+06 1.677897437323605482e+04 5.029670213864884863e+04 3.157114726211919697e+04 3.748489633779013529e+05 3.634773474928404903e+04
-4.543728906760392420e+03 3.768347653878483925e+03 5.939815422598843725e+03 8.911873616511615182e+03 -1.820418661814813959e+03 -1.351692751903055751e+03 1.729778025219134179e+03 -8.740955859442661676e+03 -6.660065980776022343e+02 1.460949242975165816e+03 -2.010361253618581259e+03 -1.301197134663840416e+02 -3.069901999792972447e+01 -2.562235495296924341e+02 1.358174617393706853e+02 -3.684731675046028698e+01 8.053145198674627636e+01 1.686686480493045508e+02 -7.624549457543750464e+01 -1.169075575061306381e+03
-1.634734480272500696e+04 1.689519701039140637e+04 3.100873103696448743e+04 2.601264623958627635e+04 2.110497511267174559e+05 -5.905270478579878727e+03 -4.248878554481485480e+03 -3.423451831658473566e+03 2.835954355154499808e+03 1.480972562610847035e+03 4.957891204323231591e+02 8.482351965876324584e+02 5.002372427578214911e+02 8.690897002965563161e+02 1.944527582295013985e+02 3.281772234728943545e+02 -4.003895635515268623e+02 8.425132268611480413e+01 -1.216642419325168703e+03 8.708482554572532308e+01
-2.629914769020459062e+04 4.340758486637174065e+04 7.355193699487842969e+04 1.699724777261544368e+05 1.595678766688114592e+04 1.523131850102656288e+06 -3.970281126900599247e+03 -3.034014310697030669e+04 1.840595427025126264e+04 1.361366143019499214e+04 1.851475001416050873e+04 -1.174467620587159581e+04 8.556292833092294359e+02 7.435174337649581139e+04 4.510602915450010187e+04 1.191721367751383923e+03 -1.024385152429322625e+04 8.545433513671359833e+03 -3.743927507389276434e+04 -4.979907280536889630e+03
-1.029061919769723681e+04 1.057556481822448950e+04 1.583499749079604589e+04 2.190607019925093482e+03 -6.926197951542317242e+02 5.486086109398544153e+01 8.190509190160979642e+02 4.159516725793888327e+03 2.552992602450838717e+02 -4.854548946958504416e+02 5.992204166668715288e+02 -5.181113296774008631e+03 -8.939010702745659955e+02 -1.466452465920072609e+04 1.224215632691596329e+04 3.621688226694315745e+03 -8.868596090764226574e+02 9.904312734769558801e+01 1.069375110686074777e+03 2.961249422046975042e+02
-9.045574359854301292e+03 2.509472781560665226e+03 6.052602049672834710e+02 8.564211321167173082e+03 -5.749691222825025534e+02 -1.042737895624301473e+03 -5.479558260491886585e+02 2.337874444150976615e+03 2.716819043223620156e+03 -5.838273971440329660e+03 9.895888114277093337e+03 -2.375673958914054674e+04 -4.361648984331934116e+03 -3.282483414749741769e+03 -9.360360308197102768e+02 -2.595746211705441601e+04 3.979367801747012709e+04 2.336766508746085310e+04 -3.981866910769650531e+03 -2.856470254596074483e+03
1.344538307145953013e+03 8.924832629227901634e+03 1.044244619613673058e+04 4.020709614666054108e+02 -1.831609707617657250e+03 -5.103903181410614138e+02 -3.524114050523904734e+04 9.654792308936268910e+02 7.614482571042744894e+02 1.606616237207086215e+03 -3.913056618906647145e+03 -1.877326279637667767e+03 8.966176470392009890e+01 8.283574131632409490e+02 3.730651539884689782e+02 3.854216888006170393e+03 3.786326891330186299e+03 8.835985171895957819e+02 -1.080281283645126223e+03 -1.384667447096843262e+03
-2.678487231519638226e+04 5.325208847798375791e+04 -3.303726521857970056e+03 -9.386541754245239645e+03 -1.358331467846359828e+03 2.037613648975917897e+02 -1.145114382953996210e+04 -1.806815735743674622e+03 5.861618337870258983e+02 3.224801740402405130e+02 1.630076254424092440e+03 2.156744085450246530e+03 1.708970587578966160e+02 1.523788026088955576e+03 -1.238143916556797194e+03 8.906421627323286430e+02 -6.388722173757906830e+02 -6.318108989718782595e+02 1.159264780265406500e+02 7.064592552261904075e+02
-4.668663859800031787e+04 1.193394364669815513e+04 -1.506963603561076525e+04 1.291824843611285178e+04 4.939484569573539829e+02 -1.366422189835320182e+02 -7.494976057052949727e+02 1.602011024098901362e+04 -9.609431242042113809e+03 -1.055248675828264641e+04 -9.444324095532003412e+03 4.542795406457442004e+04 -3.305968811537598376e+05 1.367060543545980909e+04 9.697221874113858576e+03 -3.878180640561409973e+02 1.238189979480889451e+04 -4.006058635321890051e+03 1.013088019786413315e+04 9.228579150103040547e+02
-9.101265296999508791e+03 1.675556279672605524e+04 2.569132011999559109e+04 7.719369572255736784e+02 -2.048319128711528265e+03 -7.648816687813756516e+02 -3.329354560226267040e+03 -4.445953661924983180e+02 -9.223539905042832743e+02 -8.884379229273466990e+03 1.809748213350761944e+04 5.828725721983303629e+03 3.443595746349527076e+02 5.109847870282153508e+02 -3.436868569059398055e+02 -7.726284680093199597e+01 -1.584535483411656969e+03 -5.410323381699653282e+02 8.410092115954641940e+02 -7.054571244531824732e+02
-1.616590415942390246e+04 1.162634696227456880e+04 1.568097846463985661e+04 5.885103077959477559e+03 3.138544148293810565e+01 1.653613402499202493e+04 -4.057943602859184011e+03 1.039157671083884452e+04 -3.743133286422849051e+04 1.394063730107240008e+04 1.646905238255409813e+03 -1.449262593497835951e+03 -5.548349981886061641e+02 -2.285321978478120582e+04 -2.649537464213475687e+04 -1.258494831921606192e+03 1.295529909739929508e+03 -5.065690289146489533e+01 3.836108283087622112e+03 4.124831898367838221e+02
-3.944615075057548529e+04 3.949240504387723922e+04 -2.751016115480472945e+04 2.536793218655257078e+04 -1.977433979888579188e+03 -1.578570875840435519e+03 1.103756454043920030e+03 1.982755331144702359e+04 5.229547842205475945e+02 1.366890665181052327e+03 -5.841792852674328060e+03 2.994932550474643358e+04 7.759444424761035407e+03 9.109296875436905339e+02 9.843801335891108465e+03 -2.763917942046723510e+03 1.488905790478037716e+03 6.771146408036550383e+03 3.635305219171279532e+03 -1.255483537655595541e+02
-3.937153958005669847e+04 9.400567375560969595e+03 2.847170868239001720e+04 -7.704187854615644937e+03 -4.774978464673319650e+03 6.019810164568499431e+02 -9.283654984462929133e+04 9.804378563949623640e+03 -1.180067871268931231e+04 -9.444628457886306933e+03 -3.087097540681488681e+04 -2.959314100704528028e+04 -1.036357618702884065e+04 -4.091347559392799303e+04 4.181658393500301463e+04 -5.402395853004804812e+05 -4.130519698641552241e+05 -2.224136468164364123e+04 -2.088010960122931283e+04 2.494672799212529571e+04
-4.836844843154939008e+04 -1.508099017109397573e+04 6.359865201718675962e+02 -1.226918909289863905e+03 2.178388118638833078e+02 2.778567696025219220e+02 -9.224672340120050649e+02 2.894601073384864776e+03 -1.590784579611786103e+04 -2.506429972030464342e+04 -1.208330563669690491e+04 -3.714682731034803510e+03 1.060510885292458852e+03 5.791164316513164522e+03 3.360648800288657185e+03 4.696970747288125494e+03 9.650857695996430721e+02 -8.877249697563073596e+02 -4.760235084656357685e+03 2.750862956972407005e+02
-2.637712611841231774e+04 2.065625059015233273e+04 3.664486018374177365e+04 7.097488150192667672e+04 1.086010801310856732e+04 5.824391011195352767e+05 -4.207841628757557373e+03 2.804286897510346171e+04 -2.356633194334595173e+05 1.816823048237577023e+05 7.691725598730354977e+04 -5.494390801185928285e+04 3.561546630937215468e+03 1.539390266527822532e+05 1.229623948299429903e+05 -1.730033431893338638e+04 1.970599217613479414e+04 -3.504527170932576701e+04 -5.970847548192472459e+03 4.142238663375156307e+02
-4.846143046100320498e+04 -1.541191162304449244e+04 9.204404173920406151e+01 -1.428730800216378157e+03 3.773422671002192885e+01 1.420356673011564226e+02 -7.657594617559701646e+02 1.713158678275970260e+03 3.733138834539571462e+02 -3.174981883200881043e+02 5.600808195808606342e+02 1.660028830549154009e+02 -4.114115110946200389e+02 3.644824448965244414e+02 -1.303770431137458559e+02 -2.738410248124687882e+02 2.951105427952161904e+02 -6.729327861271194706e+02 2.387031852718614289e+02 2.133449510371316865e+04
-5.631983209323792107e+04 3.613006740471978264e+04 -3.316429958945075487e+04 3.079440609839094395e+04 -2.352387487426523876e+03 -2.708885067234581129e+03 -2.758567070195724682e+02 1.229426638083485159e+04 5.547619300551536980e+03 -3.123451864586756074e+03 6.190404001486608649e+03 -1.185384772506424633e+04 -9.933679675485391272e+02 2.762414538620691474e+03 -2.849228420453818671e+03 -1.398025524422223043e+03 3.124376720021809433e+03 -1.624453412989418212e+03 5.270582617882192835e+02 7.931307527354994136e+02
-3.899811365670094528e+04 3.506580057670373935e+04 -2.146472820003777815e+04 -3.222365586556314156e+03 5.593046039181099331e+03 2.175962385145003736e+03 1.151631549405795113e+03 3.584091879475154201e+03 -4.068089156076281506e+04 -5.069540260546826903e+04 -2.239933676429327897e+04 -5.877628022111744940e+03 2.594387956902635779e+03 4.788636311720551930e+03 1.972787262615992859e+03 2.804088267553134756e+03 -8.678649358173493056e+02 -7.180495953628470716e+02 -2.965941455727912853e+03 -1.533940276185529683e+03
5.246171268699727989e+03 2.287879357574467576e+04 2.368934043346879844e+04 -4.408091819268149266e+03 -4.001964222974941549e+03 -5.103379216254975290e+02 -6.260123379844961164e+04 7.065847158023221937e+02 1.185290031418014678e+03 2.640408017120178101e+03 -4.135660891300250114e+03 4.197122596876845080e+01 3.434217452483638908e+02 1.817194426118708861e+03 -3.344674295206456804e+02 5.153521959192997201e+03 3.258938712002440752e+03 6.182532740447601327e+02 -1.171767609367831255e+03 -6.111483024516421665e+02
3.314370936989623146e+02 6.693356493176390359e+03 1.034670009347741325e+04 1.439928274276499724e+04 -3.184418511920203855e+03 -2.380157764328650956e+03 4.861904119291518214e+02 -2.370146991949831863e+04 -3.740989105341563572e+03 1.054912850244417768e+03 -2.185414572256993779e+03 1.793090083506008796e+03 -5.319330376350487910e+01 -1.530740730314350913e+03 1.614501741689274013e+03 -1.141366881739258815e+03 1.302692444464872779e+03 5.159590053871543205e+02 1.669559224493708030e+02 2.039553857264315184e+03
-3.770983126473466837e+04 5.487385780222576614e+03 1.397230955163091676e+04 2.078126879706950422e+04 7.888132223667610560e+03 5.041418500662119914e+04 -7.442846384545428009e+02 4.519229222614926402e+04 -1.758634299516984902e+05 8.380269460526382318e+04 2.220801421463676525e+04 2.007865925857896218e+04 1.205491776937907707e+04 -3.255078927226952510e+05 -2.339856602635043964e+05 -4.201601559623531066e+05 7.102285857723297086e+05 -2.104463607909047045e+06 -2.177633794808288221e+05 5.090580878107423814e+03
-3.807287494542950299e+03 1.554322306176705388e+04 2.237059250043243810e+04 -3.005786731310025516e+03 -1.031643463485158918e+03 -3.031817942321296186e+02 1.310437867771762967e+03 1.817042727301066634e+03 8.203314974905088093e+02 8.667937724700511808e+02 -2.251887992638751712e+03 -4.752089846254312988e+02 1.101410954282458832e+01 8.559445725669727381e+02 -7.527330137626204305e+02 8.597229620649893889e+01 1.852439544032092158e+02 -2.027064973257727942e+01 1.228783466147571630e+02 1.118923670330161002e+02
-7.243859777403077715e+03 1.669080262827155093e+04 2.598541368485004205e+04 1.361298952021678997e+04 7.364666430159325500e+03 1.399129932407291781e+05 1.134473870154196675e+03 1.053197447510243546e+04 -8.365420321534341201e+04 7.050647850597908837e+04 2.825868233850336765e+04 -3.006308806274439121e+04 8.138264953502846311e+02 7.396074165451215231e+04 7.239677663193077024e+04 8.855395008302597262e+02 1.073180536385832738e+03 -5.892674291678176814e+03 -9.367446865460236950e+03 9.127502026492442155e+02
-2.905214177714181278e+04 3.647711192644031689e+04 -4.805401589503967443e+03 2.708769169249828701e+04 -2.255816110445148752e+03 5.418684417173906240e+02 3.418634036052369993e+03 4.230362476878252346e+04 -1.941224405224734437e+04 1.105918002719767856e+03 -3.515214185267611174e+04 1.362442687539173930e+05 2.920770436698220874e+04 -1.260042549086100371e+04 5.499840379461689008e+04 -5.283860204324863298e+04 6.635433276267275505e+04 2.698383581453350052e+04 4.413932260018876150e+03 -4.189794890513888276e+03
-2.088088297848041475e+04 1.068365292447831962e+04 2.151535144673610193e+04 4.180413413471130752e+02 2.916003063296480377e+03 1.455295530744060670e+04 7.370927641115553115e+02 1.375106991375035250e+04 -3.199258083888542023e+04 1.975515013115507827e+04 -6.496264973005667116e+02 2.292588126497125268e+04 6.672893581838472528e+03 -3.006131521224333119e+04 1.143630818730350438e+04 -4.780862415811418759e+04 7.498424660888400103e+04 -1.137242872804932267e+05 -2.031996459666311785e+04 -1.414344207644727703e+03
-8.462800035528600347e+03 1.213828074818045206e+04 1.935099650020366607e+04 8.713960481606186477e+02 -9.940215754027846060e+02 -4.326201878812876771e+02 1.465385101439666414e+03 2.086996903578274214e+03 -4.590424638402537880e+02 -5.692746705720460341e+03 1.124327673999018407e+04 2.776666045381784897e+03 1.515395300238637901e+02 -4.382491908054707324e+02 6.585913867368536501e+01 -4.065810272699873167e+02 -1.362281348785101272e+03 -2.738906310190693034e+02 5.703360611061315240e+02 -1.061610413531541099e+03
-2.298277204448335397e+04 4.703014925652917555e+03 9.910852958239436703e+03 1.768815590303919180e+03 -9.333613980942506032e+02 -4.613843414648159182e+02 -1.262342947590139011e+04 2.907804769479018432e+03 -2.007366638200414172e+03 -3.032366194221173828e+03 -6.983607816208163968e+03 -7.191566761841690095e+03 -1.856796926333262945e+03 -5.310762145659919952e+03 5.941237983229807469e+03 -3.516017902321350266e+04 -2.372024152795497503e+04 -1.330750615075967858e+02 -6.550513787998007729e+02 -1.648843443857836633e+02
-2.355501195781554270e+04 2.426984973255989826e+04 3.045530167303907729e+04 5.912451571240434714e+04 8.350890648660182705e+03 8.631646067246637540e+04 -1.990197281742229507e+03 7.837111987679243612e+04 -2.531767388323282066e+05 1.347787085001167434e+05 5.998019736836873199e+04 4.462488080936217739e+04 -7.427769283151555101e+03 -2.174164048649182951e+05 -2.326986299964479113e+05 3.998201027050675475e+04 -6.119156957917978434e+04 7.300509332303369592e+04 -1.949312601985632791e+05 -7.287238835909098270e+03
-4.332376167140884354e+04 4.873417784566304908e+04 -1.491819379816078981e+04 1.183625997982947010e+05 3.774330498322490166e+04 3.272267325405126940e+03 -6.657788197464812583e+03 1.238686921783806029e+05 -1.073264803249460820e+05 -3.239254324847713360e+04 -1.485637644755731453e+05 4.946661070626931614e+05 -2.562450987102032639e+06 7.993945496745551645e+04 8.424003479697836156e+04 3.541244295918357238e+04 9.498511284400306977e+03 -2.362886442389662261e+04 3.937337699184878875e+04 -6.968172246985540551e+04
-4.671644323815371172e+04 -8.833421144162351993e+03 -1.316056677328759406e+03 2.173438275559758767e+04 -2.098462895800227670e+03 -2.010084638459700500e+03 -3.622622482187003243e+03 1.541245215691823978e+04 5.479739826316340441e+03 -2.392003593591393837e+03 2.052666039841050861e+03 -2.516322868954956903e+03 3.772502049914236977e+03 5.133511418345481616e+03 1.713029432046041165e+03 1.643663608952853610e+04 -2.328164593565207906e+04 -5.591206601450366725e+04 4.843004162574758084e+04 -1.023217144902201107e+04
-6.123808013645613755e+03 1.452197878229301023e+04 2.339801625839413464e+04 1.203858593737063529e+03 -1.123478296977965101e+03 2.269313646122562204e+04 5.795121247361044880e+03 3.890587748230334910e+03 -1.023366601681119755e+04 6.491339803127597406e+03 1.208471780842006410e+04 -1.162702616410306518e+03 -9.502147341604151620e+01 8.841464197955194322e+03 3.430314332171240039e+03 2.298830402218606196e+03 -5.723562785477640318e+03 5.060810454922577264e+03 -2.027084783811573652e+04 -2.315841838285071390e+03
-1.088619993337642154e+04 1.317526386142097181e+04 2.117236603755645046e+04 4.041711014244255239e+03 -5.259441840792405856e+02 6.075108892591435506e+03 3.246665308080390332e+03 1.386471470263610172e+04 -1.657775357397400148e+04 1.271832615328546672e+04 8.999109552614088898e+03 -3.711002903894228075e+04 -5.679937055062570835e+03 -1.089361498368091852e+05 1.247252232001722878e+05 5.592142791276628850e+04 -1.657627994533282981e+04 7.314047632459643864e+03 -4.732871350326958236e+03 1.832988135824754863e+04
-1.563360480309106424e+04 1.496085156551233740e+04 2.630129647140495581e+04 1.984905078287511060e+04 1.560511772892936715e+05 -4.772554956539532213e+03 -2.810459811534920846e+03 -2.046563993186940479e+03 2.250597081058774165e+03 4.850003028675899230e+01 1.465705627972967875e+02 2.751122740204708634e+02 2.155494045568246975e+02 5.696760930554859215e+02 3.653821015610341760e+02 5.708977152275089395e+01 -6.906811676006017819e+01 -7.912500867548281747e+01 -2.077771860339607883e+02 -9.281570467278573489e+00
-2.142296379749858534e+04 1.041763452194973252e+04 2.081903354883680731e+04 9.463889251301739023e+02 -2.021471384070288195e+02 3.780841407464974054e+03 1.269368186513014962e+03 1.459802745676941049e+04 -2.806640317478587531e+04 5.089625832834615721e+03 6.098118569305655001e+03 2.280313857896738409e+04 2.641740493399207480e+03 -6.858081959790145629e+04 -6.816523213534760544e+03 -2.935391458730933664e+04 2.976369592426181407e+04 8.545975715258409036e+04 2.587739757612833346e+05 1.352833369631474909e+02
-1.266541821745124616e+04 8.141455887235242699e+03 -2.454923206353850560e+02 4.250956714923592517e+04 -4.868481130079837385e+03 -3.628251521877537925e+03 -3.057924708185227018e+02 3.289998866858977635e+03 1.500687852883012965e+03 6.862225600352105630e+02 -2.100136897182170742e+03 -1.750946044819016606e+03 3.334606232240776649e+02 1.370036786817430084e+03 -1.223131466287706189e+03 1.943946463998506260e+03 -2.261704651048939922e+03 -1.325986218560158704e+03 -2.050196617108967132e+02 1.656856449973323890e+02
-2.643763552898166745e+04 3.733526593055090052e+04 6.763889405942482699e+04 1.420863090887261205e+05 4.313969502724552149e+04 1.271015833814267302e+06 -1.308669935687625548e+04 9.499174306960003742e+04 -1.141569845409028232e+06 9.370813689726606244e+05 4.408323173746695393e+05 -4.719446091059840401e+05 1.800154699702349899e+04 1.400029016413799254e+06 1.067892005748613970e+06 -4.399176234783912514e+04 -1.709472291622325429e+04 1.811669281306827033e+05 1.144675960023254156e+06 7.039145206546309055e+04
-2.463885054893719644e+04 4.781616535174039018e+04 -9.055870942643045055e+03 -9.703572028229466014e+03 -2.420022796315543019e+02 5.211654303837266298e+02 -3.957880186061135646e+03 -1.065991642879092751e+02 8.781741512019777929e+02 2.816885196033450939e+03 -3.845254123006424379e+03 -2.816806834635170276e+02 -9.761281427235219965e+00 7.463931465934858807e+02 -9.328129829278939269e+02 5.235258647094403841e+02 -3.643332471219540594e+02 -3.403227875050740749e+02 -1.146723986767317598e+02 3.517998061067025901e+02
-2.443590508729572684e+04 2.764562726016920715e+04 2.953061650322809328e+03 9.597311744516850013e+03 3.004366270549217006e+04 4.931213160487252026e+04 -4.474619833935869792e+03 1.760546573858970078e+04 -1.317436623304992099e+05 1.264038194269636188e+04 -6.904044458360222961e+03 -1.290499164065212608e+04 3.606470608988413915e+03 -4.535831515630902140e+04 -8.219663332260421885e+04 -1.075803447216089080e+04 1.508936140102590252e+04 2.418885408591650776e+04 1.976546505590378947e+05 5.946790384541275671e+03
-2.429149618151942195e+04 2.138233502905675050e+04 1.481778149685930657e+04 2.351173212356964359e+04 2.814922798141415478e+04 1.325675983824705181e+05 -1.120752279658537373e+04 4.020509865985707438e+04 -3.004748567136553465e+05 7.730728614370441937e+04 6.344329164561305333e+03 -3.698501779453412018e+04 7.538314145428079428e+03 -9.014152430201877723e+04 -1.831759849721636856e+05 -3.111880655256619866e+04 3.966591690700189065e+04 7.635902575420693029e+04 5.548334904273032444e+05 1.776165418716534987e+04
-1.335784412477532715e+04 5.392653224570921338e+03 2.971616937562581825e+03 1.905387220489508400e+04 -2.967550780421677700e+03 -2.583561633666754460e+03 7.440411009900009276e+02 -2.025390919334139471e+04 -1.802770929451634174e+03 4.385586316204738068e+03 -5.493329614280697569e+03 -1.757388606066574084e+03 4.256477700449543704e+02 -5.472627718535204622e+03 5.260608814052414345e+03 2.075946158333256335e+03 -5.314070374452280703e+03 -3.959156515725744157e+03 6.026868224275362081e+03 -8.006412039263304905e+04
-5.213082570634231161e+03 1.139878060789888150e+04 1.547373266052395593e+04 1.573995892265176371e+04 -4.024924080514991601e+03 -2.747019996595346583e+03 -4.252019513737375746e+03 -2.475705614112781041e+04 -3.881276066116548009e+03 -1.483126085442245767e+03 3.176730085615711687e+03 3.608316210779855282e+03 3.875677974745348564e+01 -7.256528226004359112e+02 1.173409244266814085e+03 -9.056704440516831482e+02 1.321725672707752437e+03 1.004717106359095737e+02 3.887269607920645171e+02 3.269589464065736593e+03
-4.172608777330074372e+04 3.592787108181338408e+04 -2.631589073096553693e+04 -5.182943896914642210e+03 9.935539003638663189e+02 5.530777588356271508e+02 1.339592739222816135e+03 -4.163366728071253533e+02 4.274584175089832456e+02 1.217086125787295003e+02 1.725473623612460415e+03 -2.391533168208337088e+02 -6.293232401133770963e+02 -2.574458202210208242e+02 -6.068518586755963184e+01 -2.473325640224669257e+02 -2.793589445456337472e+01 -8.409503479282905118e+02 1.169198094499063814e+02 2.120647983586490227e+04
-1.553926213518797886e+04 1.049404614375269193e+04 -1.626946139766093665e+03 6.255254329278579826e+04 -6.973552914596885785e+03 -3.213931625154271842e+03 -6.085029604451424348e+02 1.145826412439499654e+04 -1.072530919372652676e+02 3.666665494456531178e+03 -5.761279325512635296e+03 5.047898030980700241e+03 -2.458348810791002279e+02 1.613490735989440736e+03 -3.281835293614682087e+03 3.563857365589930851e+03 -4.163175779268779479e+03 7.778675551162669990e+02 -3.038223311357437979e+03 5.513037027573841442e+02
-2.081303823523509709e+04 1.817157416201244996e+04 2.201060758109213566e+04 4.077177566681604367e+04 8.554490850500491433e+03 4.733763754826345394e+04 -3.403484791888219206e+03 4.652069384642330260e+04 -1.432079830899474618e+05 7.464975937167488155e+04 2.615881343345425557e+04 2.465849558045705999e+04 -3.992497341237764431e+03 -1.201239800959516579e+05 -1.277858689853067626e+05 1.798070703808469261e+04 -2.675841434647991991e+04 3.179403125142636418e+04 -8.951835829721749178e+04 -2.500594444517755619e+03
-3.868561255314465234e+04 3.287639700443525362e+04 -9.732993637808676795e+03 7.193125068376815761e+04 1.378783827118318641e+03 6.429548388281088592e+03 -4.912569955537302121e+03 6.611435765563252789e+04 -6.829972993396531092e+04 -2.652339914827760731e+04 -7.053969008508218394e+04 2.108620045659361931e+05 -1.088900561385466950e+06 3.093990988999097317e+04 2.885400965542808262e+04 8.634417348819602921e+03 -8.229624858936269902e+02 -7.977515890958977252e+03 1.418766926801020782e+04 -2.635228179999850909e+04
-4.604627741940412670e+04 -1.259906075228155714e+04 4.576054832466073094e+03 1.937791861520115390e+03 4.289908033490659705e+02 1.602205318481282848e+04 -3.010843108189031682e+03 8.336419234093516934e+03 -3.707189018879443756e+04 1.345619431214451288e+04 2.521004675497531935e+03 -1.771540826357301739e+03 -5.522307809826711491e+02 -2.169653438903723509e+04 -2.672028257042165205e+04 -1.423384993807663477e+03 1.885098753698848668e+03 -5.605461733229213905e+02 4.342865661380818892e+03 9.581481931211822030e+02
-4.139254975734923210e+04 4.481058145175516984e+04 -2.854226595469416861e+04 7.265649193703857600e+04 -7.073855572616131212e+03 2.771791647340889426e+02 7.187977792358436773e+02 3.904259759137638321e+04 -5.396441798498382013e+03 1.049476324803692660e+04 -1.760507837311280309e+04 5.206110705263497948e+04 6.487869914161291490e+03 8.171958282758365613e+02 4.896995088240258156e+03 2.410814208178956960e+03 -5.048168551221264352e+03 1.307679159983052523e+04 -4.270657836264222169e+03 9.750236956541780273e+02
-1.641608874086480137e+04 1.781503969921320095e+04 3.391932557508655009e+04 3.004647648016687526e+04 2.499917312753506121e+05 -6.692097632385708494e+03 -5.099177230338958907e+03 -4.633045393007048915e+03 3.300533643941048922e+03 2.482476980786642798e+03 7.369656543700307338e+02 1.217177745181498267e+03 7.091833332843809785e+02 1.185158462462909029e+03 1.749086552626278603e+02 3.980901744452095841e+02 -4.526640136990730525e+02 5.478677905212875032e+01 -1.976800365014091540e+03 1.416439360140808787e+02
-2.128899860490770880e+04 1.325400184685673776e+04 1.357414183563089682e+04 8.571274491443999068e+03 -1.503928101195062027e+03 -1.033303875528783692e+03 -4.245065583435689405e+03 6.681883718993397451e+03 1.245090230847049270e+03 -5.884142782819517379e+03 7.217038131467496896e+03 -9.020027939335084739e+03 -1.500439714315875335e+03 -1.370557355374344525e+03 1.265297982397662963e+03 -4.463743821963296796e+03 6.763744300076648869e+03 9.108703632908237751e+02 2.233175109421284787e+02 -1.069021442937470283e+03
-2.436483802557144008e+04 3.267222865612317401e+04 5.467944334848032304e+04 1.238246704467444943e+05 1.038165300575338370e+04 1.018446762935484410e+06 2.280250249014074143e+03 2.519107005407495762e+03 -1.155913174114106660e+05 1.060326528952555527e+05 5.682785977506061317e+04 -3.723477255232878815e+04 1.025845527575876986e+03 1.409752744410783635e+05 1.026381412046951009e+05 1.205873104956819816e+03 -1.100631420144206095e+04 2.008147975374210546e+03 -5.913037358805486292e+04 -4.723609915800650924e+03
