2.097417835626034866e+04 -3.083688951855946016e+03 -3.383865700994421786e+03 -4.293201332309827762e+02 1.626581119572513501e+02 9.530541265126495887e+01 -9.630124497326151811e+01 2.136156339644761317e+02 5.136127077765156201e+00 -4.407648800301924297e+01 1.117851102726964712e+02 3.971827351071779333e+01 3.996249110271364202e+00 7.561789830583537153e+00 -7.726304966049655221e+00 8.521067353618501983e+00 -3.264042892832405585e+01 -2.454475349317633359e+01 5.388157080926750275e+00 1.564399466437472741e+00
-4.937432073409625445e+04 -1.552688822276626524e+04 1.429762166801576768e+02 -1.206174448599479092e+03 -5.597236030600451784e+01 7.454661663462277943e+01 -3.968773706144838229e+02 -4.315630006819874964e+00 2.794518559023619559e+02 3.840916874892832311e+02 -6.963321030105314335e+00 2.593828816585950108e+02 5.508159149403039834e+01 9.356754499225877453e+01 -6.267229399759978747e+01 1.085639556980205640e+02 5.738159020776012476e+00 9.159214178447862764e+01 -1.202055250274664466e+01 -6.522738596275182772e+02
-3.697091135826787195e+03 1.500428530032942945e+04 2.185986944482865147e+04 -2.966450907548007763e+03 -9.505659644933342634e+02 -2.793917305168084795e+02 1.822000909758110765e+03 1.993048001650369088e+03 8.532667006544775177e+02 1.100825053684637851e+03 -2.759548571839548913e+03 -7.117542966890324578e+02 -5.006209560798968283e+00 7.863549806415511512e+02 -7.229771034720967009e+02 5.395326915897043563e+01 2.065154721244896052e+02 3.750565739693926481e+00 9.895051583267391493e+01 8.309235429957995223e+01
-4.262809430174643057e+04 3.583433445394399314e+04 -2.623161952715858934e+04 -5.082831870133705706e+03 9.104661277633384771e+02 4.958215663731537006e+02 1.724864379640493780e+03 -2.202561594892848461e+03 3.104356528853262489e+02 8.468989103089319315e+02 1.116095204157914395e+03 -9.770259640111740396e+01 -1.503279402841681360e+02 -5.293357493132241416e+02 7.930630261346485632e+00 1.390199409543744480e+02 -3.296943333354016090e+02 -7.300176804030890310e+01 -1.416617151201303386e+02 -7.900601112490166997e+02
-1.266675006094343735e+04 8.140875520887823768e+03 -2.460727068132865725e+02 4.250540510583227297e+04 -4.867984347624995280e+03 -3.628393835680411030e+03 -3.057551418340345890e+02 3.288407393755951034e+03 1.501267177162417283e+03 6.852567543685401006e+02 -2.098762396039237956e+03 -1.753353374167759966e+03 3.334456859809251341e+02 1.370041943696220187e+03 -1.222782288103962856e+03 1.943242925732836056e+03 -2.260729175800921894e+03 -1.326382530848614579e+03 -2.043815956612075411e+02 1.656017296421078697e+02
-1.647305053727971608e+04 1.746456503427818461e+04 3.264841207009940990e+04 2.837607478542299577e+04 2.331496947451460583e+05 -6.368543462013867611e+03 -4.748292577293246723e+03 -4.077668205530622799e+03 3.137384743019154030e+03 2.014524435061107624e+03 6.365722347173233402e+02 1.030153511668393776e+03 6.139265895720308208e+02 1.080326754835357406e+03 2.049501247954402743e+02 3.645862257961532009e+02 -4.208535761931286743e+02 6.816353769887237490e+01 -1.625653456702137191e+03 1.232078337994026924e+02
-4.543795783893485350e+03 3.768268473699876267e+03 5.939684701253279854e+03 8.912267185432978295e+03 -1.820493426502681586e+03 -1.351741907036501516e+03 1.730035494819244832e+03 -8.741380583820531683e+03 -6.660202189992171498e+02 1.461018462213395651e+03 -2.010380926904369971e+03 -1.300538992956140874e+02 -3.069303572039536121e+01 -2.558171485542904691e+02 1.354891482532594011e+02 -3.667858339259721134e+01 8.038179040234497563e+01 1.683526502170251149e+02 -7.675611029449530065e+01 -1.168528973882040646e+03
5.243287263783462549e+03 2.288119930679227764e+04 2.368972618558798422e+04 -4.407269102766162177e+03 -4.002093763204723928e+03 -5.103999803116129215e+02 -6.260038432369638758e+04 7.073937796590031439e+02 1.185454813203558842e+03 2.640481970261514562e+03 -4.135924363799232196e+03 4.168444117261124404e+01 3.434378785986735920e+02 1.817223324548682967e+03 -3.345276686472237202e+02 5.153227437248793649e+03 3.258568634431314877e+03 6.180717758155331012e+02 -1.171643910614856168e+03 -6.111122442437766722e+02
-2.602222984143353460e+04 2.458233518175803692e+04 4.267816002790955827e+04 8.896040364861117268e+04 1.042930471650085019e+04 7.272267667083714623e+05 -2.574802026853151801e+03 2.031209639759470519e+04 -2.014695816530376906e+05 1.634451159142044780e+05 7.277830510773007700e+04 -5.176048637727543246e+04 3.038577183770587453e+03 1.619946310654081753e+05 1.279749957429680362e+05 -1.319685427886171055e+04 1.222743179485512337e+04 -2.735730196174923913e+04 -2.197290572711736604e+04 -1.145390734857764073e+03
-3.390361032988087391e+04 7.461490853905177210e+04 1.565464070198635163e+05 6.688038500037605409e+05 9.269461209923577553e+04 7.429178814210163429e+06 -7.226347487304396054e+04 -6.452495208701075753e+05 2.697222315995696001e+06 -1.839428319571936736e+06 -9.099011106334049255e+05 4.952719504703676794e+05 -1.449154183666315657e+04 -1.352397542225514771e+06 -1.006791201424730825e+06 1.677897437323605482e+04 5.029670213864884863e+04 3.157114726211919697e+04 3.748489633779013529e+05 3.634773474928404903e+04
-2.514093504326702168e+04 4.909232062072490226e+04 -7.710486080621808469e+03 -9.631998738065241923e+03 -5.031988419805376225e+02 4.470233875187439594e+02 -5.710307360920599422e+03 -5.063231443453230440e+02 8.094761506299616940e+02 2.232510011073496571e+03 -2.562102715589708623e+03 2.905537361741979794e+02 3.269478296083421043e+01 9.286975991804212072e+02 -1.004541756554976814e+03 6.098354004896226570e+02 -4.290603248734778390e+02 -4.086446614273867226e+02 -6.082214464453043945e+01 4.335206411148431016e+02
-9.045574359854303111e+03 2.509472781560665226e+03 6.052602049672833573e+02 8.564211321167174901e+03 -5.749691222825025534e+02 -1.042737895624301245e+03 -5.479558260491886585e+02 2.337874444150977070e+03 2.716819043223619701e+03 -5.838273971440328751e+03 9.895888114277093337e+03 -2.375673958914054310e+04 -4.361648984331934116e+03 -3.282483414749741769e+03 -9.360360308197105041e+02 -2.595746211705441601e+04 3.979367801747011254e+04 2.336766508746086038e+04 -3.981866910769650531e+03 -2.856470254596074483e+03
-5.584564039374810818e+04 3.971066055321919703e+04 -3.498438806093398307e+04 3.028661747958082196e+04 -2.263172175100211007e+03 -2.659372734790964842e+03 -1.270824949919079927e+02 1.204096454601349433e+04 5.557968586972790945e+03 -3.035433394209875587e+03 6.292064639097851796e+03 -1.185393651329758177e+04 -1.017084210787006896e+03 2.683706174280960568e+03 -2.833124964165842357e+03 -1.401368514430904952e+03 3.099029035097467386e+03 -1.622228512876711193e+03 5.191966933227569143e+02 7.721111751170577691e+02
-9.096656080205806575e+03 1.675445021749777516e+04 2.569018454287126951e+04 7.723954268213892647e+02 -2.050539270544136798e+03 -7.648249005794772302e+02 -3.327252536347195473e+03 -4.467410991737787640e+02 -9.234020344702903458e+02 -8.885915991355828737e+03 1.810144617088657833e+04 5.830585685475054561e+03 3.444563492356274992e+02 5.093125156725743068e+02 -3.422971563646396476e+02 -7.862847426395386208e+01 -1.585183916030072396e+03 -5.388199037370931137e+02 8.372700674934005747e+02 -7.087258161569664026e+02
3.406952014491095042e+02 6.682581302866260557e+03 1.033270276687972364e+04 1.439997206648563406e+04 -3.183117787021734785e+03 -2.379721414599097443e+03 4.951470826725505958e+02 -2.369858379562771370e+04 -3.740074493146044915e+03 1.058680435676248408e+03 -2.193649937003734976e+03 1.786727700772573371e+03 -5.385189670629993230e+01 -1.532331559982195358e+03 1.615170986627679213e+03 -1.143105017899478526e+03 1.304293810561244527e+03 5.175323114190836122e+02 1.664196602017686928e+02 2.034964548062310087e+03
-3.899889041076575813e+04 3.500349727304135013e+04 -2.155682161014318262e+04 -3.360277752466549828e+03 5.707557284353169962e+03 1.388187497266892251e+03 1.321046175957974356e+03 3.250130225325107403e+03 -3.923542357960435038e+04 -5.198996070135616174e+04 -2.278033878595404167e+04 -5.883459513353808688e+03 2.642841776737552209e+03 6.001054251265507446e+03 3.368057438197604370e+03 2.911405400292456761e+03 -9.817317406636377655e+02 -7.110629814422688924e+02 -3.293437970654103083e+03 -1.573220747434714895e+03
-1.087502701962220090e+04 8.665609607646372751e+03 1.276413190720267448e+04 2.947987402339906566e+03 -6.508313553880341260e+02 -1.364356593665594346e+02 1.375835901527557780e+03 3.771103671975812631e+03 2.856913021144933396e+02 -5.342227568776179396e+02 6.279127608771083260e+02 -5.461339767645002212e+03 -9.210069569721952121e+02 -1.450126447069790447e+04 1.234728836522771780e+04 3.455839598745467811e+03 -7.323539079851201450e+02 1.239847648537285636e+02 1.103349560130635155e+03 3.062607902270682416e+02
-2.355501195781554634e+04 2.426984973255989826e+04 3.045530167303907729e+04 5.912451571240433987e+04 8.350890648660182705e+03 8.631646067246637540e+04 -1.990197281742229734e+03 7.837111987679243612e+04 -2.531767388323282648e+05 1.347787085001167725e+05 5.998019736836872471e+04 4.462488080936218466e+04 -7.427769283151555101e+03 -2.174164048649182951e+05 -2.326986299964478821e+05 3.998201027050674747e+04 -6.119156957917979162e+04 7.300509332303369592e+04 -1.949312601985632209e+05 -7.287238835909098270e+03
-3.944615075057548529e+04 3.949240504387723922e+04 -2.751016115480472945e+04 2.536793218655256351e+04 -1.977433979888579415e+03 -1.578570875840435292e+03 1.103756454043920030e+03 1.982755331144702359e+04 5.229547842205477082e+02 1.366890665181052555e+03 -5.841792852674328060e+03 2.994932550474643358e+04 7.759444424761034497e+03 9.109296875436906475e+02 9.843801335891108465e+03 -2.763917942046723056e+03 1.488905790478037716e+03 6.771146408036551293e+03 3.635305219171279077e+03 -1.255483537655595399e+02
-4.332376167140884354e+04 4.873417784566304908e+04 -1.491819379816078981e+04 1.183625997982947010e+05 3.774330498322490166e+04 3.272267325405126940e+03 -6.657788197464812583e+03 1.238686921783806029e+05 -1.073264803249460820e+05 -3.239254324847713360e+04 -1.485637644755731453e+05 4.946661070626931614e+05 -2.562450987102032639e+06 7.993945496745551645e+04 8.424003479697836156e+04 3.541244295918357238e+04 9.498511284400306977e+03 -2.362886442389662261e+04 3.937337699184878875e+04 -6.968172246985540551e+04
-4.836992240389405924e+04 -1.510038515937217562e+04 6.485582796995744275e+02 -1.243647397775505851e+03 2.187948515308064827e+02 2.793060807963040020e+02 -9.233008222146580692e+02 2.888137910220156755e+03 -1.590919429186530942e+04 -2.505953811081290405e+04 -1.208718186791594599e+04 -3.707236286982930778e+03 1.059805377214528562e+03 5.789321719150727404e+03 3.361671386563540182e+03 4.698213506425849118e+03 9.623084738250083774e+02 -8.872133592910869311e+02 -4.759487787931084313e+03 2.746193540742823984e+02
-1.565431860897010483e+04 1.021999815884061536e+04 1.179740651223026725e+04 2.346213713229607038e+03 -1.086107606658901659e+03 -5.599716063191061721e+02 -1.399614024867304943e+04 2.952116945742138796e+03 -1.992692129882280824e+03 -2.888164469709503464e+03 -7.301874075604537211e+03 -7.402089494802120498e+03 -1.869880277507741766e+03 -5.547891574685118030e+03 6.114283808092419349e+03 -3.519455290090428753e+04 -2.378787923844265242e+04 -1.162953781752269862e+02 -6.242019605014399986e+02 -2.981934544794702902e+02
-1.565308818826777861e+04 1.510309361996446205e+04 2.669913722387505914e+04 2.029722318137588081e+04 1.603472847325682815e+05 -4.850448272068863844e+03 -2.920080594967135767e+03 -2.163856524843046827e+03 2.268056715755915775e+03 1.847081694816602919e+02 1.715060463031065865e+02 3.404483086326216039e+02 2.407272130691121674e+02 5.660200377030621439e+02 3.321019754309941732e+02 8.681056966963876675e+01 -1.106513175226916985e+02 -5.927020020772140896e+01 -2.994168038663023594e+02 -4.551292092528328226e+00
-2.088088297848041475e+04 1.068365292447831962e+04 2.151535144673610193e+04 4.180413413471130752e+02 2.916003063296480832e+03 1.455295530744060670e+04 7.370927641115553115e+02 1.375106991375035432e+04 -3.199258083888542023e+04 1.975515013115508191e+04 -6.496264973005667116e+02 2.292588126497125268e+04 6.672893581838472528e+03 -3.006131521224333119e+04 1.143630818730350438e+04 -4.780862415811418759e+04 7.498424660888400103e+04 -1.137242872804932122e+05 -2.031996459666311785e+04 -1.414344207644727931e+03
-2.905214177714181278e+04 3.647711192644031689e+04 -4.805401589503968353e+03 2.708769169249829065e+04 -2.255816110445148752e+03 5.418684417173905103e+02 3.418634036052369993e+03 4.230362476878253074e+04 -1.941224405224734801e+04 1.105918002719767856e+03 -3.515214185267611174e+04 1.362442687539173930e+05 2.920770436698220146e+04 -1.260042549086100371e+04 5.499840379461688281e+04 -5.283860204324863298e+04 6.635433276267274050e+04 2.698383581453350052e+04 4.413932260018876150e+03 -4.189794890513888276e+03
-3.169195543781797824e+03 1.105198666866720123e+04 1.767238174467623685e+04 -2.064566493066201019e+03 -7.228322269240761671e+02 -2.643918412100089199e+02 4.574910942647508818e+03 1.185750446834918648e+03 6.429510327276478847e+02 8.410063049516961655e+02 -2.283323650665723108e+03 -6.043329321070851847e+02 -3.889558909891064342e+00 9.890986135629567571e+02 -8.268071175326083448e+02 -1.858636289863878233e+01 2.274959106742269626e+02 9.962798637649815703e+01 -5.300028307094686397e+01 9.055824172280195228e+01
-4.845906946254374634e+04 -1.541523263928262168e+04 9.509609509153960971e+01 -1.432757177856062754e+03 3.801053285195168741e+01 1.423862760549635880e+02 -7.656179131558952804e+02 1.711450747720085701e+03 3.726066103708631090e+02 -3.168971511066503126e+02 5.590461326870284893e+02 1.677205320035806437e+02 -4.113583385921819513e+02 3.642000702848860101e+02 -1.300889499116714774e+02 -2.734173624433973373e+02 2.944068136175727091e+02 -6.729576158142326676e+02 2.386357765459665359e+02 2.133452778161313836e+04
-2.355240860195222922e+04 2.193236164615536836e+04 8.665838159947421445e+03 7.285925159632831310e+03 2.029555593402915474e+04 3.695059892456538364e+04 -2.855003850428569876e+03 1.738238149874561714e+04 -1.044293770066647267e+05 1.205245788668794557e+04 -2.739934964526056774e+03 -2.279072664404813622e+03 3.417105204766735369e+03 -5.493628701567398821e+04 -6.321604390964095364e+04 -1.701395495984951413e+04 2.027909226414545992e+04 4.439330328294554056e+04 2.264028193609872833e+05 4.520898128988619646e+03
-7.449246487914058889e+03 1.669036838835761955e+04 2.606684696446056114e+04 1.430751281684684182e+04 7.414866161125534745e+03 1.443734467192928423e+05 1.097826911202763540e+03 1.092480823554574272e+04 -8.616794018702807080e+04 7.199101490000227932e+04 2.890347917140252321e+04 -3.024325670115467437e+04 8.041436637835286092e+02 7.382550020177238912e+04 7.174741160628714715e+04 9.077393411630564515e+02 9.420508164389930243e+02 -5.635312769398835371e+03 -9.452210464115070863e+03 9.012495141256631541e+02
-4.652826525879964174e+04 1.213875997741946594e+04 -1.497227857815345851e+04 1.345709557168084029e+04 4.471887188175831511e+02 -1.185010782554809055e+02 -7.630248442538735389e+02 1.633801164408109616e+04 -9.797532356457284550e+03 -1.053902465531745111e+04 -9.656823082100312604e+03 4.630159880680537754e+04 -3.338072353093387792e+05 1.376737695154908943e+04 9.763020230155527315e+03 -2.857343737577645015e+02 1.230069856274206722e+04 -3.988842011714606087e+03 1.011427503527930457e+04 8.122767063450439764e+02
-1.088619993337641972e+04 1.317526386142097181e+04 2.117236603755645410e+04 4.041711014244255239e+03 -5.259441840792405856e+02 6.075108892591434596e+03 3.246665308080390787e+03 1.386471470263610536e+04 -1.657775357397400148e+04 1.271832615328547035e+04 8.999109552614088898e+03 -3.711002903894228075e+04 -5.679937055062571744e+03 -1.089361498368091852e+05 1.247252232001722587e+05 5.592142791276627395e+04 -1.657627994533283345e+04 7.314047632459645683e+03 -4.732871350326958236e+03 1.832988135824754499e+04
-4.671644323815371172e+04 -8.833421144162351993e+03 -1.316056677328759406e+03 2.173438275559758767e+04 -2.098462895800227670e+03 -2.010084638459700500e+03 -3.622622482187003243e+03 1.541245215691823978e+04 5.479739826316340441e+03 -2.392003593591393837e+03 2.052666039841050406e+03 -2.516322868954957357e+03 3.772502049914236977e+03 5.133511418345481616e+03 1.713029432046041165e+03 1.643663608952853610e+04 -2.328164593565207542e+04 -5.591206601450366725e+04 4.843004162574758084e+04 -1.023217144902201107e+04
-3.937153958005669847e+04 9.400567375560969595e+03 2.847170868239001720e+04 -7.704187854615644028e+03 -4.774978464673319650e+03 6.019810164568499431e+02 -9.283654984462929133e+04 9.804378563949623640e+03 -1.180067871268931412e+04 -9.444628457886306933e+03 -3.087097540681489045e+04 -2.959314100704528391e+04 -1.036357618702884065e+04 -4.091347559392799303e+04 4.181658393500300735e+04 -5.402395853004804812e+05 -4.130519698641552241e+05 -2.224136468164363396e+04 -2.088010960122930919e+04 2.494672799212529935e+04
-1.335784412477532715e+04 5.392653224570922248e+03 2.971616937562581825e+03 1.905387220489508400e+04 -2.967550780421677700e+03 -2.583561633666754005e+03 7.440411009900009276e+02 -2.025390919334139471e+04 -1.802770929451634629e+03 4.385586316204737159e+03 -5.493329614280697569e+03 -1.757388606066574084e+03 4.256477700449543704e+02 -5.472627718535205531e+03 5.260608814052414345e+03 2.075946158333256335e+03 -5.314070374452280703e+03 -3.959156515725744157e+03 6.026868224275362081e+03 -8.006412039263304905e+04
-3.770983126473466837e+04 5.487385780222576614e+03 1.397230955163091676e+04 2.078126879706950422e+04 7.888132223667610560e+03 5.041418500662119914e+04 -7.442846384545428009e+02 4.519229222614926402e+04 -1.758634299516984902e+05 8.380269460526382318e+04 2.220801421463676525e+04 2.007865925857896218e+04 1.205491776937907707e+04 -3.255078927226952510e+05 -2.339856602635043964e+05 -4.201601559623531066e+05 7.102285857723297086e+05 -2.104463607909047045e+06 -2.177633794808288221e+05 5.090580878107423814e+03
-1.611011649114116517e+04 1.156344744671072476e+04 1.573883681674665422e+04 5.844089188313693739e+03 2.323359685998670088e+01 1.650917267783829448e+04 -4.069901790475802954e+03 1.036528042166967498e+04 -3.732503453397876729e+04 1.406149692587713616e+04 1.716117464456626976e+03 -1.463227672067158665e+03 -5.607394662528333811e+02 -2.285596015304123648e+04 -2.648471317864619778e+04 -1.272839499655935697e+03 1.305152916366320596e+03 -5.648928353904716460e+01 3.850664711297870781e+03 4.157000003773740104e+02
-2.643763552898166745e+04 3.733526593055090052e+04 6.763889405942482699e+04 1.420863090887261205e+05 4.313969502724552149e+04 1.271015833814267302e+06 -1.308669935687625548e+04 9.499174306960003742e+04 -1.141569845409028232e+06 9.370813689726606244e+05 4.408323173746695393e+05 -4.719446091059840401e+05 1.800154699702349899e+04 1.400029016413799254e+06 1.067892005748613970e+06 -4.399176234783912514e+04 -1.709472291622325429e+04 1.811669281306827033e+05 1.144675960023254156e+06 7.039145206546309055e+04
-2.616822528189834702e+04 3.997958258706459310e+04 6.688744001230015419e+04 1.541616326292478479e+05 1.397343721312476191e+04 1.349929952936184360e+06 -4.223105118531003654e+02 -1.881156450925032186e+04 -2.851686044578970177e+04 4.493683409294512239e+04 3.285855157428608800e+04 -2.050170992156245120e+04 8.557740923008427671e+02 9.892040396695958043e+04 6.612635793656930036e+04 2.140862191439744038e+03 -1.214237167663171931e+04 7.440528537850801513e+03 -5.170283399057832867e+04 -5.371913273006025520e+03
-2.408353520905942423e+04 2.579935649114631451e+04 1.720750631250813240e+04 3.007831917064302615e+04 3.844381309111721930e+04 1.772545793926036858e+05 -1.497249808001800739e+04 4.701581304711107077e+04 -3.750193786442371784e+05 1.005736153573317570e+05 1.134389659765550823e+04 -5.551949107928519516e+04 9.012998884525479298e+03 -8.348932941851795476e+04 -2.088926535841066798e+05 -3.495527787190514937e+04 4.522400412553703791e+04 8.404869804076000582e+04 6.602044144220042508e+05 2.213392217059195536e+04
-1.553697097213565758e+04 1.049312701264240604e+04 -1.623342788605001942e+03 6.253131451688091329e+04 -6.971450461512832590e+03 -3.214074977883017254e+03 -6.087754178342377145e+02 1.145035521380703904e+04 -1.059090399857686720e+02 3.663987721313998918e+03 -5.757926835148353348e+03 5.041188407019526494e+03 -2.455848417496091827e+02 1.613060957343300743e+03 -3.280098937508390009e+03 3.561923096907368745e+03 -4.160681419665941576e+03 7.764030605743745355e+02 -3.035896691550711694e+03 5.510406445249918761e+02
-4.414353909759607632e+03 1.805587758796954586e+04 2.470334058692005055e+04 -3.129923907997618244e+03 -1.437810439588992722e+03 -4.288888315183800160e+02 -1.164341046543179345e+03 7.959419637736352797e+02 6.245136568896425615e+02 -4.090798421035132151e+02 5.119992875505204211e+02 8.015478434722274415e+02 9.730933554975803190e+01 1.248015436988753436e+03 -9.219152646978650409e+02 2.497063933698161691e+02 7.412563776040019548e+01 -1.408825938536815841e+02 2.386213970346939277e+02 2.695539798228225550e+02
-5.169391671144341672e+03 1.137245633475857903e+04 1.545300863467810996e+04 1.572063179650601523e+04 -4.018293521286157556e+03 -2.743493499610133767e+03 -4.219193606567240749e+03 -2.475265830074095356e+04 -3.882874069980601689e+03 -1.461717784907258192e+03 3.132763861076000921e+03 3.606947804423771686e+03 3.979088390413343745e+01 -7.309937558159482478e+02 1.176905260231442981e+03 -9.026245271298314492e+02 1.315598396488898288e+03 1.008923626784543472e+02 3.873027885487377375e+02 3.268661707794945414e+03
1.381087558713454882e+03 8.870802984929690865e+03 1.036846227831966826e+04 4.304040266521388389e+02 -1.830660878199735635e+03 -5.123714764284163721e+02 -3.529053473968842445e+04 9.504654278762584454e+02 7.578217715810636719e+02 1.600669632679347842e+03 -3.901220635267071430e+03 -1.857951527324899871e+03 9.166082349774860916e+01 8.382190561496753389e+02 3.723599760442981506e+02 3.881551491326721589e+03 3.782987951357124075e+03 8.776254130650870593e+02 -1.085758906521988820e+03 -1.373475365549313210e+03
-4.172608777330074372e+04 3.592787108181338408e+04 -2.631589073096554057e+04 -5.182943896914643119e+03 9.935539003638662052e+02 5.530777588356271508e+02 1.339592739222815908e+03 -4.163366728071254670e+02 4.274584175089833593e+02 1.217086125787295146e+02 1.725473623612460415e+03 -2.391533168208337088e+02 -6.293232401133772100e+02 -2.574458202210207673e+02 -6.068518586755962474e+01 -2.473325640224668973e+02 -2.793589445456337117e+01 -8.409503479282906255e+02 1.169198094499063671e+02 2.120647983586489499e+04
-6.001147236029546184e+04 7.927026028115184999e+03 -1.878332225591771567e+04 3.454998357396825304e+04 -3.027426951926060610e+03 -3.076625765976384628e+03 -1.435674077060610443e+03 1.421246013772894185e+04 5.383016604065687716e+03 -3.900228343582702109e+03 5.362588620194918803e+03 -1.182223938805411854e+04 -7.963592526892883825e+02 3.373730375810361693e+03 -2.940664505834299689e+03 -1.370229718281776968e+03 3.335847613749704578e+03 -1.626882563328144215e+03 5.771280575495285348e+02 9.981473032039529016e+02
-6.123808013645613755e+03 1.452197878229301568e+04 2.339801625839413100e+04 1.203858593737063302e+03 -1.123478296977965101e+03 2.269313646122562204e+04 5.795121247361045789e+03 3.890587748230334910e+03 -1.023366601681119573e+04 6.491339803127597406e+03 1.208471780842006592e+04 -1.162702616410306746e+03 -9.502147341604151620e+01 8.841464197955194322e+03 3.430314332171240494e+03 2.298830402218606196e+03 -5.723562785477639409e+03 5.060810454922578174e+03 -2.027084783811573652e+04 -2.315841838285071844e+03
-4.139254975734923210e+04 4.481058145175516984e+04 -2.854226595469416861e+04 7.265649193703857600e+04 -7.073855572616131212e+03 2.771791647340889426e+02 7.187977792358436773e+02 3.904259759137638321e+04 -5.396441798498382013e+03 1.049476324803692660e+04 -1.760507837311280309e+04 5.206110705263497948e+04 6.487869914161291490e+03 8.171958282758365613e+02 4.896995088240258156e+03 2.410814208178956960e+03 -5.048168551221264352e+03 1.307679159983052523e+04 -4.270657836264222169e+03 9.750236956541780273e+02
-4.602943147526719986e+04 -1.264689863789240917e+04 3.977983541881245856e+03 -4.699698354103414744e+01 -4.530022228453654520e+02 -1.513452401315360021e+02 -8.306502588745566754e+03 2.768450996686507551e+03 -2.053515310426852466e+03 -3.485854513877726276e+03 -5.982718044148910849e+03 -6.529510876289483349e+03 -1.815652155286428751e+03 -4.565033017427119375e+03 5.397040189435899265e+03 -3.505207940036319633e+04 -2.350753317250120745e+04 -1.858441280671967775e+02 -7.520672148716735137e+02 2.543486747477951724e+02
-4.230074632648596162e+04 3.173283367173568331e+04 -1.181595865101451818e+04 7.022798172212296049e+04 3.528531896716216579e+03 7.898680008489934153e+03 -5.763680276387690355e+03 7.020235113786105649e+04 -8.040181862613800331e+04 -3.238103336256204420e+04 -8.247568561438926554e+04 2.313521132912283356e+05 -1.214324406624735100e+06 3.285774123662659258e+04 3.262960412621330761e+04 7.592509437942585464e+03 -2.003601040810386849e+03 -9.984261045926943552e+03 1.619860374059043897e+04 -3.105760709461279839e+04
-8.462062702076660571e+03 1.213681361374266817e+04 1.934980647395072447e+04 8.717970296436866420e+02 -9.945125076442785712e+02 -4.325914170800751890e+02 1.466016945488648616e+03 2.086855637933818798e+03 -4.592022500071554418e+02 -5.693132666435924875e+03 1.124428371039256672e+04 2.775961355379362885e+03 1.513582531696005731e+02 -4.388040958778419736e+02 6.597186838899659733e+01 -4.069639103912563769e+02 -1.362424216352525718e+03 -2.735321457915292171e+02 5.694066182964991185e+02 -1.062462340292764566e+03
-2.257366066509015945e+04 8.397051632560982398e+03 -4.375604679494653283e+03 4.541669721408710029e+04 -4.911672160131704004e+03 -4.164305868247897706e+03 -7.395754537027403330e+02 5.289888834523277183e+03 3.280546834523645884e+03 -1.420554780266662419e+03 1.464321590628218701e+03 -8.353903703234489512e+03 -6.052372901744903402e+02 2.034630363981772234e+03 -2.137712815546090496e+03 -2.881366251731527655e+02 1.462349923569292059e+03 -1.025756931986364407e+03 -9.523937625703743493e+01 4.145858905836015538e+02
-2.081303823523510073e+04 1.817157416201244996e+04 2.201060758109213566e+04 4.077177566681605094e+04 8.554490850500491433e+03 4.733763754826345394e+04 -3.403484791888219206e+03 4.652069384642329533e+04 -1.432079830899474327e+05 7.464975937167488155e+04 2.615881343345425557e+04 2.465849558045705999e+04 -3.992497341237765340e+03 -1.201239800959516870e+05 -1.277858689853067335e+05 1.798070703808469625e+04 -2.675841434647992355e+04 3.179403125142636782e+04 -8.951835829721749178e+04 -2.500594444517755619e+03
-3.885188543786621449e+04 3.614554735393062583e+04 -1.928431437533532517e+04 -1.280410324934098298e+02 3.362278403425074430e+03 1.755579447067759247e+04 -2.080799369136945643e+03 1.022364857648575526e+04 -6.862281947477857466e+04 -2.563567161726557606e+04 -1.514341436542061820e+04 -5.569973965455727011e+03 1.649428191045172980e+03 -1.870035693211021498e+04 -2.507868034628783062e+04 7.861500935109968395e+02 1.263293472028774886e+03 -7.942321736600964641e+02 3.267838858233412793e+03 -7.707681745238854774e+02
-4.604627741940412670e+04 -1.259906075228156078e+04 4.576054832466074004e+03 1.937791861520115162e+03 4.289908033490660273e+02 1.602205318481283030e+04 -3.010843108189032137e+03 8.336419234093516934e+03 -3.707189018879443756e+04 1.345619431214451470e+04 2.521004675497531935e+03 -1.771540826357301512e+03 -5.522307809826710354e+02 -2.169653438903723509e+04 -2.672028257042165205e+04 -1.423384993807663477e+03 1.885098753698848668e+03 -5.605461733229213905e+02 4.342865661380818892e+03 9.581481931211824303e+02
-9.961066632328720516e+03 1.189323654662969420e+04 1.790840710126461272e+04 1.723658194466619307e+03 -7.245744272936012749e+02 1.840711487113814826e+02 4.326394210816171721e+02 4.452060585956565774e+03 2.504092727785018724e+02 -4.684780991842901017e+02 6.060997044956430955e+02 -5.038334453175942144e+03 -8.835369291277337425e+02 -1.476914375969548382e+04 1.215921448796875666e+04 3.717151664285334391e+03 -9.629064362346964572e+02 8.637648548426133743e+01 1.047098720542126102e+03 2.894537973760280352e+02
-4.589368464421355748e+04 -1.203300022316408831e+04 6.078931012906598880e+03 6.449570804826877065e+03 6.258107180087364395e+04 -1.690336489392045905e+03 -2.466131763986878923e+03 -5.761857160954552910e+02 2.130652173283455397e+01 -9.065215702016054138e+02 -4.412910171075056951e+02 3.337734950169694343e+02 -1.240196484897655438e+02 5.811739553175121955e+02 -3.358678130788852627e+02 1.142204032571900001e+02 8.788563715340114868e+01 3.897369094780198395e+01 5.515875041685844735e+02 4.181866744270756726e+02
-2.125983177469522707e+04 1.333887204312036374e+04 1.371496960694747941e+04 8.506084698507000212e+03 -1.512643953787667897e+03 -1.044096036702627771e+03 -4.383803758134561576e+03 6.657888778532632386e+03 1.216048142071513439e+03 -5.933830851268824517e+03 7.265271975170264341e+03 -8.940171966739804702e+03 -1.486061168466193067e+03 -1.139942346539454320e+03 1.080261597323910564e+03 -4.571105823100238922e+03 6.827592227510710472e+03 9.213957479679251037e+02 2.075432744178852431e+02 -1.111299750530309666e+03
