2.097417835626035594e+04 -3.083688951855945561e+03 -3.383865700994422696e+03 -4.293201332309826057e+02 1.626581119572514069e+02 9.530541265126493045e+01 -9.630124497326151811e+01 2.136156339644761601e+02 5.136127077765155313e+00 -4.407648800301924297e+01 1.117851102726964712e+02 3.971827351071780043e+01 3.996249110271364646e+00 7.561789830583537153e+00 -7.726304966049655221e+00 8.521067353618503759e+00 -3.264042892832404164e+01 -2.454475349317634070e+01 5.388157080926752940e+00 1.564399466437472741e+00
-4.937433984609685285e+04 -1.552690309775912101e+04 1.429580673019576409e+02 -1.206173510026244230e+03 -5.597079460303510956e+01 7.454697251215186782e+01 -3.968731988004200275e+02 -4.315462976253786387e+00 2.794532439083304212e+02 3.841001291523606369e+02 -6.979541842004673313e+00 2.593768309933356022e+02 5.508117468211153067e+01 9.356697570179291290e+01 -6.267207947625165332e+01 1.085641592020409263e+02 5.740076499558297130e+00 9.159280462411435053e+01 -1.202135619575517822e+01 -6.522740260035917572e+02
-1.026330256851285048e+04 2.225147053099057666e+04 1.755719713283028977e+04 -3.448569647029952193e+03 -9.773836932972817522e+02 -1.197543956063338584e+02 -5.578864535493921721e+03 3.184453386463017978e+03 -6.584573300201557799e+01 1.778110192407269707e+01 -4.365925767331249517e+03 -2.738161719429756431e+03 4.816530417424385035e+01 5.324430538878611969e+02 5.426719550647120514e+02 -8.326773856140296175e+02 1.936033592800660472e+03 5.669207306901053016e+02 -4.656859629328111509e+02 -7.495942353681610939e+02
-4.262779726159776328e+04 3.583441966343211243e+04 -2.623155974111872638e+04 -5.083222296914462277e+03 9.104806438234933239e+02 4.958504409460415445e+02 1.724873770671697685e+03 -2.202858935967695743e+03 3.111488401124350958e+02 8.482453389724360022e+02 1.116526636900903213e+03 -9.734816514442617574e+01 -1.502299173265424770e+02 -5.296739448411317426e+02 7.844384331050995307e+00 1.388154679634822344e+02 -3.298125626131256354e+02 -7.297028743755056723e+01 -1.413629166466230345e+02 -7.901633807911259737e+02
-4.540506544965920511e+03 3.768245657885267065e+03 5.941067186447708991e+03 8.910075384844158179e+03 -1.820377527216037151e+03 -1.351569668370392264e+03 1.730022835801089741e+03 -8.742589850658418072e+03 -6.664757243645466360e+02 1.461430577835364375e+03 -2.011195982821484449e+03 -1.291155184870367520e+02 -3.057815196489488585e+01 -2.564936766114887519e+02 1.361059381131011889e+02 -3.668262543112882668e+01 8.013630375511833392e+01 1.687705288130322288e+02 -7.623643816298636011e+01 -1.169442623569306306e+03
-2.255837498777513611e+04 8.401752189206552430e+03 -4.384611840546875101e+03 4.548393616672210192e+04 -4.920412038040994048e+03 -4.168916051422184864e+03 -7.466575166294709334e+02 5.279997800804286271e+03 3.276973637280540515e+03 -1.416371524465020457e+03 1.457513136048187562e+03 -8.342017276682878219e+03 -6.040501236915722529e+02 2.038394863241159101e+03 -2.141070107839582761e+03 -2.839292321787993387e+02 1.456242857555705541e+03 -1.026775500508126697e+03 -9.690346386416166524e+01 4.168759833968727548e+02
-1.636851717304193517e+04 1.728942415423864441e+04 3.224792621828880146e+04 2.771376774574427691e+04 2.276027846861451108e+05 -6.255865905553476296e+03 -4.610109421843749260e+03 -3.952452618400744996e+03 3.079693138582955271e+03 1.882323596433156126e+03 5.896456073421542214e+02 1.000477920767474188e+03 5.906599660826658464e+02 1.041626326162026771e+03 2.292670610692280206e+02 3.540969348057054731e+02 -4.171918047586398757e+02 6.189766868102037023e+01 -1.515398091157969247e+03 1.104779161043364724e+02
-3.390361032988087391e+04 7.461490853905177210e+04 1.565464070198635163e+05 6.688038500037605409e+05 9.269461209923577553e+04 7.429178814210163429e+06 -7.226347487304396054e+04 -6.452495208701075753e+05 2.697222315995696001e+06 -1.839428319571936736e+06 -9.099011106334049255e+05 4.952719504703676794e+05 -1.449154183666315657e+04 -1.352397542225514771e+06 -1.006791201424730825e+06 1.677897437323605482e+04 5.029670213864884863e+04 3.157114726211919697e+04 3.748489633779013529e+05 3.634773474928404903e+04
-3.167170981655845026e+03 1.104881374816357129e+04 1.767338992096822403e+04 -2.065394610859814748e+03 -7.233875404396911790e+02 -2.643938489237547742e+02 4.575663010514827874e+03 1.183372183293068247e+03 6.431606556236877168e+02 8.406063493153708350e+02 -2.281603667419097746e+03 -6.087422480108476748e+02 -5.034422904272629395e+00 9.891370020612614553e+02 -8.283098628085302835e+02 -1.819539866871751599e+01 2.272250764833669052e+02 9.829289506966557610e+01 -5.362691289701303532e+01 9.062118757416281767e+01
-2.487092843191668362e+04 4.894669720698917081e+04 -7.697709621735358269e+03 -9.775530827760177999e+03 -4.705928183066109227e+02 4.573278287672095530e+02 -5.245568099790909400e+03 -6.019200848195750950e+02 7.837628792302816692e+02 2.191746532660082721e+03 -2.489842491040661116e+03 3.390795791032868465e+02 3.142107283833210118e+01 9.347080684674415352e+02 -1.014521875718083834e+03 5.978666492444377809e+02 -4.156107920391090715e+02 -3.944522000632650247e+02 -6.478232110440767144e+01 4.221325187755962816e+02
-2.637712611841231774e+04 2.065625059015232910e+04 3.664486018374176638e+04 7.097488150192667672e+04 1.086010801310856550e+04 5.824391011195352767e+05 -4.207841628757556464e+03 2.804286897510346535e+04 -2.356633194334594882e+05 1.816823048237577023e+05 7.691725598730356432e+04 -5.494390801185928285e+04 3.561546630937215468e+03 1.539390266527822532e+05 1.229623948299429903e+05 -1.730033431893338638e+04 1.970599217613479414e+04 -3.504527170932577428e+04 -5.970847548192472459e+03 4.142238663375155738e+02
5.231668913294452977e+03 2.288073747651460144e+04 2.368800553576955645e+04 -4.404600528117385693e+03 -4.001605330489442622e+03 -5.104502991989322140e+02 -6.259334169034997467e+04 7.118285868202500524e+02 1.186053154561959445e+03 2.639212811648696515e+03 -4.137436429456178303e+03 3.259216418479147137e+01 3.423520956565373581e+02 1.815839146966263343e+03 -3.338320569423450479e+02 5.147543544716855649e+03 3.263893483966279746e+03 6.200390840428741512e+02 -1.171494605013140927e+03 -6.115935962534016426e+02
-9.080561880016632131e+03 1.675337329350721848e+04 2.569721630763872236e+04 7.605443248088340624e+02 -2.049795345497401740e+03 -7.638056271762252436e+02 -3.326254270526853361e+03 -4.525828392850349360e+02 -9.258759298584698172e+02 -8.883683820403746722e+03 1.809749697423866019e+04 5.838817802014982590e+03 3.456129757916546623e+02 5.084349347156644399e+02 -3.406732905169182004e+02 -7.620398558893728591e+01 -1.589339937016605290e+03 -5.390847905321229518e+02 8.373547293860438003e+02 -7.090232999029328766e+02
-5.584599960844355519e+04 3.971187276176470186e+04 -3.498582671517255949e+04 3.029080335961204037e+04 -2.263648979756841072e+03 -2.659767433692222767e+03 -1.272487326946563826e+02 1.204190692638606015e+04 5.562208340793925345e+03 -3.029617763814804675e+03 6.294930971761603359e+03 -1.185388425366072988e+04 -1.016648223588405472e+03 2.682744938366896804e+03 -2.834076879715437826e+03 -1.402304942100548033e+03 3.098642005951337524e+03 -1.622567549025738799e+03 5.207269134512075652e+02 7.721284918071628454e+02
-9.045574359854303111e+03 2.509472781560665680e+03 6.052602049672834710e+02 8.564211321167173082e+03 -5.749691222825024397e+02 -1.042737895624301245e+03 -5.479558260491886585e+02 2.337874444150977070e+03 2.716819043223620156e+03 -5.838273971440327841e+03 9.895888114277091518e+03 -2.375673958914054310e+04 -4.361648984331933207e+03 -3.282483414749741769e+03 -9.360360308197102768e+02 -2.595746211705441601e+04 3.979367801747011254e+04 2.336766508746085674e+04 -3.981866910769650531e+03 -2.856470254596074483e+03
-9.238172459535645658e+02 7.763312389477433499e+03 1.151713636389633029e+04 1.469903217115353982e+04 -3.375475359124325678e+03 -2.463226409834333026e+03 -5.909323673986581298e+02 -2.394541748049612579e+04 -3.774365293574586303e+03 4.773864050174487375e+02 -9.647388616634663094e+02 2.211119481343070220e+03 -3.167236348170721527e+01 -1.347478246603772959e+03 1.514442398164120959e+03 -1.086425383534086450e+03 1.305021592108696950e+03 4.211147368745305926e+02 2.173838622743753888e+02 2.320233162776885365e+03
-3.692500027421322011e+04 3.481650311617006810e+04 -1.834233086817304866e+04 -2.109601715181916916e+03 7.646017998173675551e+03 2.611313318542675916e+03 7.566427323071982300e+02 3.133742227240998545e+03 -3.474897865569768328e+04 -3.880097376682926551e+04 -1.638201702733407728e+04 -4.286792339575005826e+03 2.030757984571127736e+03 1.231059080101395921e+03 -7.048980056656261013e+02 -5.794250110314222866e+02 -2.113465978339718731e+03 -3.813316056373377592e+02 -5.737434576006829730e+02 -1.676147305372486699e+03
-4.604627741940412670e+04 -1.259906075228155714e+04 4.576054832466074004e+03 1.937791861520115162e+03 4.289908033490660273e+02 1.602205318481282848e+04 -3.010843108189032137e+03 8.336419234093516934e+03 -3.707189018879443756e+04 1.345619431214451106e+04 2.521004675497531480e+03 -1.771540826357301512e+03 -5.522307809826710354e+02 -2.169653438903723509e+04 -2.672028257042165205e+04 -1.423384993807663477e+03 1.885098753698848668e+03 -5.605461733229213905e+02 4.342865661380818892e+03 9.581481931211822030e+02
-3.946148968532562867e+04 3.949551662617422699e+04 -2.754064283908742800e+04 2.538508403883586288e+04 -1.981605254241766715e+03 -1.579571975188490114e+03 1.113121426557233690e+03 1.982960750274601378e+04 5.236007915329744264e+02 1.365468774780593321e+03 -5.837437654761096383e+03 2.995134316731875151e+04 7.760236519735338334e+03 9.120755452848793539e+02 9.843208666026379433e+03 -2.756911744261728927e+03 1.489278609099127380e+03 6.769294831804925707e+03 3.635775658278319042e+03 -1.255813379435425219e+02
-1.029495431906392150e+04 1.057401077272898874e+04 1.583132024611823726e+04 2.193922755976354892e+03 -6.925706407236785935e+02 5.453735400733900462e+01 8.222258636713609121e+02 4.160320930786016106e+03 2.558887036366839425e+02 -4.865342154938240924e+02 6.011218666321694855e+02 -5.183315256020257948e+03 -8.942771817821175091e+02 -1.466429074814887645e+04 1.224180249909659506e+04 3.620776278719364200e+03 -8.854944609759612604e+02 9.920339469719722558e+01 1.069427163409356353e+03 2.962504664477714869e+02
-2.629914769020459062e+04 4.340758486637174065e+04 7.355193699487842969e+04 1.699724777261544659e+05 1.595678766688114774e+04 1.523131850102656288e+06 -3.970281126900599247e+03 -3.034014310697030669e+04 1.840595427025126628e+04 1.361366143019499214e+04 1.851475001416050873e+04 -1.174467620587159581e+04 8.556292833092293222e+02 7.435174337649581139e+04 4.510602915450010187e+04 1.191721367751383923e+03 -1.024385152429322625e+04 8.545433513671361652e+03 -3.743927507389276434e+04 -4.979907280536889630e+03
-7.243859777403076805e+03 1.669080262827155093e+04 2.598541368485004932e+04 1.361298952021678815e+04 7.364666430159324591e+03 1.399129932407291781e+05 1.134473870154196675e+03 1.053197447510243728e+04 -8.365420321534339746e+04 7.050647850597910292e+04 2.825868233850336401e+04 -3.006308806274439121e+04 8.138264953502846311e+02 7.396074165451215231e+04 7.239677663193075568e+04 8.855395008302597262e+02 1.073180536385832511e+03 -5.892674291678178633e+03 -9.367446865460238769e+03 9.127502026492443292e+02
-2.355240860195222558e+04 2.193236164615537200e+04 8.665838159947421445e+03 7.285925159632830400e+03 2.029555593402915110e+04 3.695059892456537636e+04 -2.855003850428569876e+03 1.738238149874562077e+04 -1.044293770066647412e+05 1.205245788668794557e+04 -2.739934964526057229e+03 -2.279072664404812713e+03 3.417105204766735369e+03 -5.493628701567401004e+04 -6.321604390964095364e+04 -1.701395495984951049e+04 2.027909226414546356e+04 4.439330328294554783e+04 2.264028193609872833e+05 4.520898128988619646e+03
-4.332376167140884354e+04 4.873417784566304908e+04 -1.491819379816078981e+04 1.183625997982947010e+05 3.774330498322490166e+04 3.272267325405126940e+03 -6.657788197464812583e+03 1.238686921783806029e+05 -1.073264803249460820e+05 -3.239254324847713360e+04 -1.485637644755731453e+05 4.946661070626931614e+05 -2.562450987102032639e+06 7.993945496745551645e+04 8.424003479697836156e+04 3.541244295918357238e+04 9.498511284400306977e+03 -2.362886442389662261e+04 3.937337699184878875e+04 -6.968172246985540551e+04
-1.565431860897010483e+04 1.021999815884061718e+04 1.179740651223026725e+04 2.346213713229607038e+03 -1.086107606658901659e+03 -5.599716063191059447e+02 -1.399614024867304943e+04 2.952116945742137887e+03 -1.992692129882280824e+03 -2.888164469709504374e+03 -7.301874075604535392e+03 -7.402089494802118679e+03 -1.869880277507742221e+03 -5.547891574685118940e+03 6.114283808092419349e+03 -3.519455290090429480e+04 -2.378787923844265606e+04 -1.162953781752269862e+02 -6.242019605014401122e+02 -2.981934544794703470e+02
-2.905214177714181278e+04 3.647711192644031689e+04 -4.805401589503968353e+03 2.708769169249828701e+04 -2.255816110445148297e+03 5.418684417173905103e+02 3.418634036052369993e+03 4.230362476878253074e+04 -1.941224405224734437e+04 1.105918002719767856e+03 -3.515214185267611174e+04 1.362442687539173930e+05 2.920770436698220510e+04 -1.260042549086100371e+04 5.499840379461689736e+04 -5.283860204324863298e+04 6.635433276267275505e+04 2.698383581453349689e+04 4.413932260018876150e+03 -4.189794890513889186e+03
-2.088088297848041475e+04 1.068365292447831962e+04 2.151535144673610557e+04 4.180413413471130752e+02 2.916003063296480832e+03 1.455295530744060125e+04 7.370927641115551978e+02 1.375106991375035432e+04 -3.199258083888542023e+04 1.975515013115508191e+04 -6.496264973005667116e+02 2.292588126497125268e+04 6.672893581838472528e+03 -3.006131521224332755e+04 1.143630818730350438e+04 -4.780862415811418759e+04 7.498424660888400103e+04 -1.137242872804932122e+05 -2.031996459666312148e+04 -1.414344207644727931e+03
-4.845906946254374634e+04 -1.541523263928262168e+04 9.509609509153958129e+01 -1.432757177856062981e+03 3.801053285195167319e+01 1.423862760549635880e+02 -7.656179131558952804e+02 1.711450747720086156e+03 3.726066103708631090e+02 -3.168971511066503695e+02 5.590461326870284893e+02 1.677205320035806437e+02 -4.113583385921820081e+02 3.642000702848860101e+02 -1.300889499116714489e+02 -2.734173624433973373e+02 2.944068136175726522e+02 -6.729576158142328950e+02 2.386357765459665359e+02 2.133452778161313836e+04
-4.652826525879964174e+04 1.213875997741946594e+04 -1.497227857815345851e+04 1.345709557168084211e+04 4.471887188175831511e+02 -1.185010782554809055e+02 -7.630248442538734253e+02 1.633801164408109616e+04 -9.797532356457284550e+03 -1.053902465531744929e+04 -9.656823082100312604e+03 4.630159880680538481e+04 -3.338072353093387792e+05 1.376737695154908943e+04 9.763020230155527315e+03 -2.857343737577645015e+02 1.230069856274206904e+04 -3.988842011714605633e+03 1.011427503527930457e+04 8.122767063450439764e+02
-3.937153958005669847e+04 9.400567375560969595e+03 2.847170868239001720e+04 -7.704187854615644937e+03 -4.774978464673318740e+03 6.019810164568499431e+02 -9.283654984462926222e+04 9.804378563949623640e+03 -1.180067871268931049e+04 -9.444628457886305114e+03 -3.087097540681489045e+04 -2.959314100704528755e+04 -1.036357618702884065e+04 -4.091347559392799303e+04 4.181658393500300735e+04 -5.402395853004804812e+05 -4.130519698641552241e+05 -2.224136468164364123e+04 -2.088010960122931283e+04 2.494672799212529208e+04
-1.564355983570646094e+04 1.496367155917337186e+04 2.631165070204525182e+04 1.987639072310278061e+04 1.561801382140241622e+05 -4.760896366825929363e+03 -2.814447542370116480e+03 -2.035990779051772506e+03 2.210698847589649176e+03 7.355419693436566320e+01 1.551070557085980397e+02 2.806271999756807531e+02 2.147695056928539827e+02 5.361499959696121778e+02 3.263696444539818913e+02 6.141728302079204127e+01 -7.513263839520794818e+01 -6.962685523155778355e+01 -2.316930357851311726e+02 -9.199806952990885023e+00
-4.836520388569292118e+04 -1.509718694707168288e+04 6.505024298382857069e+02 -1.243871494534903832e+03 2.187062168250548950e+02 2.792497083823110984e+02 -9.233945622425814008e+02 2.887952741390572555e+03 -1.590832468369978051e+04 -2.505808668935973037e+04 -1.208689562162479524e+04 -3.706932594805879489e+03 1.059498068528592512e+03 5.788512072013103534e+03 3.361729285808806708e+03 4.697905267361000369e+03 9.620327714178584984e+02 -8.871399356922693187e+02 -4.756666113453214166e+03 2.743842064074179348e+02
-2.081303823523509709e+04 1.817157416201244996e+04 2.201060758109213202e+04 4.077177566681605094e+04 8.554490850500491433e+03 4.733763754826345394e+04 -3.403484791888219206e+03 4.652069384642330260e+04 -1.432079830899474327e+05 7.464975937167488155e+04 2.615881343345425194e+04 2.465849558045705999e+04 -3.992497341237764431e+03 -1.201239800959517161e+05 -1.277858689853067626e+05 1.798070703808469625e+04 -2.675841434647992719e+04 3.179403125142637145e+04 -8.951835829721752089e+04 -2.500594444517756074e+03
-8.413133721979678739e+03 1.212835323332695043e+04 1.937594222823931341e+04 8.220776536710455957e+02 -9.923125612774861111e+02 -4.288061230101671413e+02 1.467558284992524250e+03 2.067667878709899469e+03 -4.635430770902785866e+02 -5.690441154510943306e+03 1.124137808729386416e+04 2.771696225314214189e+03 1.483250538006952581e+02 -4.411630375092718737e+02 6.332668576835989427e+01 -4.079015778722242658e+02 -1.360561274753815724e+03 -2.715819745353019812e+02 5.656748086768955091e+02 -1.062417069652437931e+03
-1.335784412477532533e+04 5.392653224570921338e+03 2.971616937562581825e+03 1.905387220489508400e+04 -2.967550780421677700e+03 -2.583561633666754005e+03 7.440411009900009276e+02 -2.025390919334139471e+04 -1.802770929451634174e+03 4.385586316204737159e+03 -5.493329614280697569e+03 -1.757388606066574766e+03 4.256477700449544841e+02 -5.472627718535205531e+03 5.260608814052414345e+03 2.075946158333256335e+03 -5.314070374452280703e+03 -3.959156515725744612e+03 6.026868224275362991e+03 -8.006412039263304905e+04
-1.266841589183604265e+04 8.143259575209241120e+03 -2.461085965910998254e+02 4.252072393962892238e+04 -4.869698402705337685e+03 -3.627830469322672343e+03 -3.060041509454690640e+02 3.293837700800951097e+03 1.499288640342294684e+03 6.881745528589499372e+02 -2.102343220199195912e+03 -1.746214848901491223e+03 3.330005196072258400e+02 1.369966854485699514e+03 -1.224327811575809847e+03 1.944729343429249184e+03 -2.262603864527818132e+03 -1.324401286860133041e+03 -2.068917874420326939e+02 1.660074791941491412e+02
-2.643763552898166745e+04 3.733526593055090052e+04 6.763889405942482699e+04 1.420863090887261205e+05 4.313969502724552149e+04 1.271015833814267302e+06 -1.308669935687625548e+04 9.499174306960003742e+04 -1.141569845409028232e+06 9.370813689726606244e+05 4.408323173746695393e+05 -4.719446091059840401e+05 1.800154699702349899e+04 1.400029016413799254e+06 1.067892005748613970e+06 -4.399176234783912514e+04 -1.709472291622325429e+04 1.811669281306827033e+05 1.144675960023254156e+06 7.039145206546309055e+04
-1.088619993337642154e+04 1.317526386142097545e+04 2.117236603755645410e+04 4.041711014244255239e+03 -5.259441840792405856e+02 6.075108892591435506e+03 3.246665308080391696e+03 1.386471470263610172e+04 -1.657775357397399785e+04 1.271832615328546672e+04 8.999109552614088898e+03 -3.711002903894227347e+04 -5.679937055062569925e+03 -1.089361498368091707e+05 1.247252232001722878e+05 5.592142791276628122e+04 -1.657627994533283345e+04 7.314047632459646593e+03 -4.732871350326958236e+03 1.832988135824754499e+04
-4.671644323815371172e+04 -8.833421144162351993e+03 -1.316056677328759406e+03 2.173438275559758767e+04 -2.098462895800227670e+03 -2.010084638459700500e+03 -3.622622482187003243e+03 1.541245215691823978e+04 5.479739826316340441e+03 -2.392003593591393837e+03 2.052666039841050406e+03 -2.516322868954957357e+03 3.772502049914236977e+03 5.133511418345481616e+03 1.713029432046041165e+03 1.643663608952853610e+04 -2.328164593565207542e+04 -5.591206601450366725e+04 4.843004162574758084e+04 -1.023217144902201107e+04
-3.770983126473466837e+04 5.487385780222576614e+03 1.397230955163091676e+04 2.078126879706950422e+04 7.888132223667610560e+03 5.041418500662119914e+04 -7.442846384545428009e+02 4.519229222614926402e+04 -1.758634299516984902e+05 8.380269460526382318e+04 2.220801421463676525e+04 2.007865925857896218e+04 1.205491776937907707e+04 -3.255078927226952510e+05 -2.339856602635043964e+05 -4.201601559623531066e+05 7.102285857723297086e+05 -2.104463607909047045e+06 -2.177633794808288221e+05 5.090580878107423814e+03
-4.076871696339438586e+03 1.733765737756346789e+04 2.500612942915600070e+04 -2.952884914715413288e+03 -1.453151795610968747e+03 -4.534416997326885621e+02 -7.660131814234421199e+02 6.502193271826265573e+02 5.978304605964597158e+02 -5.745567746965000424e+02 8.493020547609486357e+02 9.209103690492260057e+02 1.020788482178932668e+02 1.289959030341658945e+03 -9.429390404259883098e+02 2.467195735542686634e+02 7.381367803011343653e+01 -1.452894856893445308e+02 2.489739247160304387e+02 2.833242054076108616e+02
-2.355501195781553906e+04 2.426984973255989826e+04 3.045530167303907729e+04 5.912451571240432531e+04 8.350890648660184524e+03 8.631646067246637540e+04 -1.990197281742230189e+03 7.837111987679245067e+04 -2.531767388323282066e+05 1.347787085001167434e+05 5.998019736836873199e+04 4.462488080936217739e+04 -7.427769283151555101e+03 -2.174164048649182951e+05 -2.326986299964478821e+05 3.998201027050674747e+04 -6.119156957917979162e+04 7.300509332303371048e+04 -1.949312601985632791e+05 -7.287238835909098270e+03
-3.667693252369040692e+03 1.495298827258124038e+04 2.189850292457392061e+04 -2.962924787925818237e+03 -9.492158612862072005e+02 -2.791077580731459307e+02 1.832673925297022834e+03 2.011065591189904353e+03 8.575809553621947998e+02 1.115882863350894922e+03 -2.792198280161782804e+03 -7.296069696755071163e+02 -6.694168955640868113e+00 7.802555162396486139e+02 -7.208183198286965307e+02 5.241345082941245437e+01 2.079101113843879318e+02 3.774384034370532159e+00 9.922230873055066525e+01 8.131177201325371584e+01
-4.139254975734923937e+04 4.481058145175516984e+04 -2.854226595469416134e+04 7.265649193703857600e+04 -7.073855572616131212e+03 2.771791647340889426e+02 7.187977792358436773e+02 3.904259759137638321e+04 -5.396441798498382013e+03 1.049476324803692660e+04 -1.760507837311280309e+04 5.206110705263497948e+04 6.487869914161293309e+03 8.171958282758363339e+02 4.896995088240258156e+03 2.410814208178956505e+03 -5.048168551221263442e+03 1.307679159983052523e+04 -4.270657836264222169e+03 9.750236956541780273e+02
-4.589368464421356475e+04 -1.203300022316408831e+04 6.078931012906599790e+03 6.449570804826877065e+03 6.258107180087365123e+04 -1.690336489392045905e+03 -2.466131763986879832e+03 -5.761857160954552910e+02 2.130652173283454687e+01 -9.065215702016053001e+02 -4.412910171075056383e+02 3.337734950169694343e+02 -1.240196484897655438e+02 5.811739553175123092e+02 -3.358678130788852627e+02 1.142204032571900143e+02 8.788563715340114868e+01 3.897369094780199106e+01 5.515875041685845872e+02 4.181866744270756158e+02
2.398486206747905271e+03 8.173716739389707982e+03 9.808057476042647977e+03 4.826640595225879338e+02 -1.814612060060217345e+03 -5.377983729849078145e+02 -3.551642119893882773e+04 5.838266085651140429e+02 1.052892713349264795e+03 1.993108385462387560e+03 -3.472607756505869020e+03 -1.409552878204572608e+03 8.011663525737725422e+01 8.019464380940489718e+02 1.294865245126615605e+02 4.140610178213451036e+03 3.721096034526978201e+03 9.073098261068275860e+02 -9.501324733145238497e+02 -1.266974632825069648e+03
-1.554908047590363276e+04 1.050514693365017956e+04 -1.631604659819362496e+03 6.264200658208745881e+04 -6.983039264896340683e+03 -3.211886554988733678e+03 -6.099974381429019559e+02 1.149465535422722678e+04 -1.150268447060369965e+02 3.680746415520870869e+03 -5.778833389192685900e+03 5.080542584354738210e+03 -2.481964045617909846e+02 1.614328537820525526e+03 -3.290823373493096824e+03 3.571793168671911189e+03 -4.172798845959651771e+03 7.872861729454069746e+02 -3.051018524946237903e+03 5.529523754983310937e+02
-6.123808013645612846e+03 1.452197878229301386e+04 2.339801625839413464e+04 1.203858593737063529e+03 -1.123478296977965101e+03 2.269313646122562204e+04 5.795121247361045789e+03 3.890587748230334910e+03 -1.023366601681119755e+04 6.491339803127597406e+03 1.208471780842006410e+04 -1.162702616410306291e+03 -9.502147341604150199e+01 8.841464197955194322e+03 3.430314332171240949e+03 2.298830402218606196e+03 -5.723562785477639409e+03 5.060810454922578174e+03 -2.027084783811574016e+04 -2.315841838285070935e+03
-6.002262580513804278e+04 7.918921019148207051e+03 -1.879002454864227548e+04 3.455645970873362967e+04 -3.027995960203893901e+03 -3.077136041004544950e+03 -1.437067105438305816e+03 1.421373400498690353e+04 5.384068573135051338e+03 -3.896893161403750128e+03 5.355355912043429271e+03 -1.182480567642995084e+04 -7.962986332749262601e+02 3.374759416488279385e+03 -2.941401165121730628e+03 -1.369450603828005114e+03 3.336166731713775334e+03 -1.627219457042486965e+03 5.767475309722769907e+02 9.990836817457927737e+02
-4.602943147526719986e+04 -1.264689863789240917e+04 3.977983541881245856e+03 -4.699698354103416165e+01 -4.530022228453655089e+02 -1.513452401315360021e+02 -8.306502588745566754e+03 2.768450996686507551e+03 -2.053515310426852011e+03 -3.485854513877726276e+03 -5.982718044148909939e+03 -6.529510876289483349e+03 -1.815652155286428751e+03 -4.565033017427119375e+03 5.397040189435899265e+03 -3.505207940036319633e+04 -2.350753317250120745e+04 -1.858441280671967775e+02 -7.520672148716735137e+02 2.543486747477951724e+02
-2.408353520905942787e+04 2.579935649114631451e+04 1.720750631250813240e+04 3.007831917064302615e+04 3.844381309111721930e+04 1.772545793926037150e+05 -1.497249808001800557e+04 4.701581304711106350e+04 -3.750193786442371784e+05 1.005736153573317715e+05 1.134389659765550641e+04 -5.551949107928518788e+04 9.012998884525479298e+03 -8.348932941851795476e+04 -2.088926535841066798e+05 -3.495527787190514209e+04 4.522400412553704518e+04 8.404869804076000582e+04 6.602044144220042508e+05 2.213392217059195900e+04
-4.230074632648596162e+04 3.173283367173568331e+04 -1.181595865101451818e+04 7.022798172212296049e+04 3.528531896716216579e+03 7.898680008489934153e+03 -5.763680276387690355e+03 7.020235113786105649e+04 -8.040181862613800331e+04 -3.238103336256204420e+04 -8.247568561438926554e+04 2.313521132912283356e+05 -1.214324406624735100e+06 3.285774123662659258e+04 3.262960412621330761e+04 7.592509437942585464e+03 -2.003601040810386849e+03 -9.984261045926943552e+03 1.619860374059043897e+04 -3.105760709461279839e+04
-2.436483802557143645e+04 3.267222865612316673e+04 5.467944334848033031e+04 1.238246704467445234e+05 1.038165300575338006e+04 1.018446762935484410e+06 2.280250249014073688e+03 2.519107005407495308e+03 -1.155913174114106514e+05 1.060326528952555673e+05 5.682785977506061317e+04 -3.723477255232878815e+04 1.025845527575877213e+03 1.409752744410783635e+05 1.026381412046951154e+05 1.205873104956819589e+03 -1.100631420144206277e+04 2.008147975374210318e+03 -5.913037358805486292e+04 -4.723609915800651834e+03
-1.613696341572943493e+04 1.159679297387171755e+04 1.571213912910665022e+04 5.867580087913620446e+03 2.452083605961809454e+01 1.651291556981731264e+04 -4.063758493970165091e+03 1.038270316225082752e+04 -3.738622704429885198e+04 1.400634308430287820e+04 1.682779568253376056e+03 -1.454747188269087928e+03 -5.580605998848176341e+02 -2.285624376524893160e+04 -2.649285460034570860e+04 -1.264600276162997488e+03 1.298897233310070305e+03 -5.197463577703717164e+01 3.839048396433591279e+03 4.140116951926571573e+02
-4.172608777330074372e+04 3.592787108181338408e+04 -2.631589073096554057e+04 -5.182943896914642210e+03 9.935539003638662052e+02 5.530777588356271508e+02 1.339592739222815908e+03 -4.163366728071254101e+02 4.274584175089833593e+02 1.217086125787295003e+02 1.725473623612460415e+03 -2.391533168208336804e+02 -6.293232401133772100e+02 -2.574458202210207673e+02 -6.068518586755962474e+01 -2.473325640224668973e+02 -2.793589445456337117e+01 -8.409503479282905118e+02 1.169198094499063814e+02 2.120647983586489499e+04
-2.232061522225802037e+04 1.314493061687541012e+04 1.282027009037883545e+04 1.054408758529710212e+04 -1.642653636845107030e+03 -1.244524544743102524e+03 -2.127276632619252723e+03 6.667017861785194327e+03 2.064311579543006246e+03 -6.149448823701124638e+03 1.047757280155883200e+04 -8.109205910713468256e+03 -1.669935257728566057e+03 -1.423023580494747875e+03 5.515208683572726613e+02 -4.251472497764650143e+03 6.044863129502873562e+03 5.059608491625749593e+02 7.062876948763546352e+02 -5.759016010694850820e+02
-4.581921765401832090e+04 6.026230613042920595e+04 -8.258842040431558416e+03 1.743089240821643216e+03 -3.046507093151677054e+03 -3.593126860470969746e+02 -4.209741956743154878e+04 7.217299010069759788e+03 2.220894557659139082e+03 4.555419903748851539e+03 -8.600005753315441325e+03 -3.494838123732883560e+03 1.427465376287191532e+02 5.529046860901718219e+02 -8.959939955114550969e+01 1.538193034399850603e+03 -1.474030396653115758e+03 -1.514769643618153623e+03 3.731545640152930332e+02 1.873660861379252083e+03
-4.142454675950141245e+04 3.523850570149484702e+04 -2.515506530893176750e+04 -4.466433699781152427e+03 3.209028064838177670e+03 1.699567357136365217e+03 1.763476369302904459e+03 4.092785316881571816e+03 -4.750326482840349490e+04 -6.440203181907714315e+04 -2.928720186911208657e+04 -7.725173647918448296e+03 3.226093495274218185e+03 8.890972319773056370e+03 5.042511881140102560e+03 6.726269444693120931e+03 6.023368736693599885e+02 -1.096511664455956407e+03 -5.759330611979780770e+03 -1.424599122030882199e+03
