-4.937438680126453983e+04 -1.552694372927447694e+04 1.429000340108283069e+02 -1.206169257040971388e+03 -5.595982103159806087e+01 7.454794678585071210e+01 -3.968448874730750617e+02 -4.310091832692825697e+00 2.794605405920829071e+02 3.841347951432650234e+02 -7.047878599567919622e+00 2.593485936637089821e+02 5.507908569435609536e+01 9.356654199185896914e+01 -6.267302099215500988e+01 1.085639997459351918e+02 5.749810998597993716e+00 9.159544795542335294e+01 -1.202463702460305583e+01 -6.522733360545640835e+02
2.097417835626035594e+04 -3.083688951855946925e+03 -3.383865700994422696e+03 -4.293201332309826057e+02 1.626581119572513785e+02 9.530541265126494466e+01 -9.630124497326151811e+01 2.136156339644761601e+02 5.136127077765157090e+00 -4.407648800301925007e+01 1.117851102726964996e+02 3.971827351071780043e+01 3.996249110271364202e+00 7.561789830583538929e+00 -7.726304966049654332e+00 8.521067353618503759e+00 -3.264042892832405585e+01 -2.454475349317634425e+01 5.388157080926751163e+00 1.564399466437472741e+00
-8.268757264713141922e+03 1.212666284917013400e+04 1.945320052815784220e+04 6.777646827632321447e+02 -9.822034561397166499e+02 -4.177109932866064810e+02 1.469789648927195913e+03 2.025352874701289920e+03 -4.760962325670162159e+02 -5.675941133507576524e+03 1.121753114182231002e+04 2.790230394641678686e+03 1.469186274906104188e+02 -4.453345429525660393e+02 6.355512675809146828e+01 -4.129076710478811947e+02 -1.351338211332503306e+03 -2.587097381246754253e+02 5.586804313456068485e+02 -1.060190779831586042e+03
-4.262801097669264709e+04 3.583433048501730809e+04 -2.623190087243747257e+04 -5.083386526858253092e+03 9.105128947342542460e+02 4.958710069743394797e+02 1.724989244803396787e+03 -2.203016379186015001e+03 3.111020540911226249e+02 8.482544595946608297e+02 1.116572051442723705e+03 -9.716514366113617029e+01 -1.502149201160360974e+02 -5.296404295481522695e+02 7.830350147430357843e+00 1.389389307543158907e+02 -3.299904710476321839e+02 -7.303490463579811376e+01 -1.414091079719445077e+02 -7.901833610355615747e+02
-1.266211986301492107e+04 8.141051595319619082e+03 -2.447659401443413856e+02 4.251255175764287560e+04 -4.868790098934276102e+03 -3.628646606712507491e+03 -3.059715598578030153e+02 3.291501792809853669e+03 1.501218415098190462e+03 6.860134232087373221e+02 -2.100294050902240997e+03 -1.751397258293270397e+03 3.337285280067733311e+02 1.370375406262914339e+03 -1.223126345697020042e+03 1.944435995226996056e+03 -2.262390646647629183e+03 -1.326591418633621061e+03 -2.047117554912140349e+02 1.658086985931407753e+02
-4.371693261430120401e+03 1.784633629655189725e+04 2.457240001211405615e+04 -3.090910033339232086e+03 -1.427547118875460228e+03 -4.279666014451613592e+02 -1.006494643710764421e+03 7.828177458346085587e+02 6.212243410368969307e+02 -4.018192437614316646e+02 4.946686936279106703e+02 7.872436363933875327e+02 9.589130832373496105e+01 1.248209342463666189e+03 -9.228950636258327904e+02 2.437299438280231527e+02 7.718131467237265042e+01 -1.360087756467146960e+02 2.325901564907630643e+02 2.676049828064920462e+02
-2.436483802557143645e+04 3.267222865612317037e+04 5.467944334848033031e+04 1.238246704467445234e+05 1.038165300575338188e+04 1.018446762935484410e+06 2.280250249014074143e+03 2.519107005407495308e+03 -1.155913174114106514e+05 1.060326528952555673e+05 5.682785977506062045e+04 -3.723477255232878815e+04 1.025845527575876986e+03 1.409752744410783635e+05 1.026381412046951154e+05 1.205873104956819816e+03 -1.100631420144206277e+04 2.008147975374210318e+03 -5.913037358805487747e+04 -4.723609915800650924e+03
3.406952014491094474e+02 6.682581302866262376e+03 1.033270276687972364e+04 1.439997206648563224e+04 -3.183117787021733420e+03 -2.379721414599097443e+03 4.951470826725505958e+02 -2.369858379562771006e+04 -3.740074493146044915e+03 1.058680435676248408e+03 -2.193649937003734522e+03 1.786727700772573371e+03 -5.385189670629991809e+01 -1.532331559982195358e+03 1.615170986627679213e+03 -1.143105017899478526e+03 1.304293810561244527e+03 5.175323114190836122e+02 1.664196602017687212e+02 2.034964548062310087e+03
-1.647305053727971972e+04 1.746456503427818461e+04 3.264841207009941718e+04 2.837607478542299941e+04 2.331496947451460583e+05 -6.368543462013868520e+03 -4.748292577293247632e+03 -4.077668205530621435e+03 3.137384743019154030e+03 2.014524435061107624e+03 6.365722347173233402e+02 1.030153511668393776e+03 6.139265895720309345e+02 1.080326754835357406e+03 2.049501247954403595e+02 3.645862257961531441e+02 -4.208535761931287311e+02 6.816353769887237490e+01 -1.625653456702136509e+03 1.232078337994026924e+02
5.249956771692255643e+03 2.287797575088395024e+04 2.368938401389081264e+04 -4.409141745530623666e+03 -4.001970958729998074e+03 -5.103129204774124332e+02 -6.260242357856532908e+04 7.053011468862887341e+02 1.185811129425070931e+03 2.641483722710454458e+03 -4.134826210068876208e+03 4.365457903657120653e+01 3.434509210056550046e+02 1.816962313306946498e+03 -3.349646845984918855e+02 5.154072229950235851e+03 3.258567967227002100e+03 6.184004894859677961e+02 -1.171285273117933230e+03 -6.106415514284717574e+02
-1.047352156136710073e+04 1.058439596684134813e+04 1.574492630527554684e+04 2.315714965055185075e+03 -6.992771433670199031e+02 4.956617849899372885e+01 8.142065871058773610e+02 4.217761442113660451e+03 2.921304642384014301e+02 -5.223822794833857870e+02 6.570388364627534656e+02 -5.294293119524946633e+03 -9.121228422926294570e+02 -1.465043996919497295e+04 1.222290379416179894e+04 3.582651933723846469e+03 -8.216876295491071005e+02 1.062258629747549037e+02 1.069601936470113969e+03 3.012433040283822265e+02
-1.613696341572943493e+04 1.159679297387171755e+04 1.571213912910665204e+04 5.867580087913623174e+03 2.452083605961808743e+01 1.651291556981730537e+04 -4.063758493970164182e+03 1.038270316225082752e+04 -3.738622704429884470e+04 1.400634308430287820e+04 1.682779568253376056e+03 -1.454747188269087928e+03 -5.580605998848176341e+02 -2.285624376524893160e+04 -2.649285460034570860e+04 -1.264600276162996806e+03 1.298897233310070078e+03 -5.197463577703717164e+01 3.839048396433592188e+03 4.140116951926571573e+02
-3.390361032988087391e+04 7.461490853905177210e+04 1.565464070198635163e+05 6.688038500037605409e+05 9.269461209923577553e+04 7.429178814210163429e+06 -7.226347487304396054e+04 -6.452495208701075753e+05 2.697222315995696001e+06 -1.839428319571936736e+06 -9.099011106334049255e+05 4.952719504703676794e+05 -1.449154183666315657e+04 -1.352397542225514771e+06 -1.006791201424730825e+06 1.677897437323605482e+04 5.029670213864884863e+04 3.157114726211919697e+04 3.748489633779013529e+05 3.634773474928404903e+04
-2.463839156556240050e+04 4.781497592350575724e+04 -9.055985883429999376e+03 -9.703257455753970135e+03 -2.419520002324566690e+02 5.211154605294379962e+02 -3.955495872129836243e+03 -1.071265418910198690e+02 8.780913936674007800e+02 2.816404317402673769e+03 -3.844245535887295318e+03 -2.812954914071824533e+02 -9.750537249727837974e+00 7.465042789837474402e+02 -9.328853626330604811e+02 5.235017422606214268e+02 -3.643363998382087061e+02 -3.403461245946007807e+02 -1.146192786309757565e+02 3.518536366715850363e+02
-4.139254975734923937e+04 4.481058145175516256e+04 -2.854226595469416861e+04 7.265649193703857600e+04 -7.073855572616131212e+03 2.771791647340889426e+02 7.187977792358436773e+02 3.904259759137638321e+04 -5.396441798498382013e+03 1.049476324803692660e+04 -1.760507837311280309e+04 5.206110705263497948e+04 6.487869914161291490e+03 8.171958282758363339e+02 4.896995088240258156e+03 2.410814208178956960e+03 -5.048168551221263442e+03 1.307679159983052523e+04 -4.270657836264222169e+03 9.750236956541780273e+02
-3.170676825773526161e+03 1.105054010254163768e+04 1.767054385326005286e+04 -2.063978268699890577e+03 -7.227613512470246633e+02 -2.644141450421766422e+02 4.575234493056454994e+03 1.185475141171811401e+03 6.428667285009112220e+02 8.405391325576780446e+02 -2.282484366842372310e+03 -6.042926380036420824e+02 -3.938602114978761559e+00 9.891497136840234816e+02 -8.268446973280754264e+02 -1.860888078152434844e+01 2.275047081851502355e+02 9.983347722070591601e+01 -5.299352101418075023e+01 9.202415154006270370e+01
-5.584599960844355519e+04 3.971187276176470186e+04 -3.498582671517256676e+04 3.029080335961204401e+04 -2.263648979756841072e+03 -2.659767433692222767e+03 -1.272487326946563684e+02 1.204190692638606015e+04 5.562208340793925345e+03 -3.029617763814804675e+03 6.294930971761603359e+03 -1.185388425366072988e+04 -1.016648223588405358e+03 2.682744938366897259e+03 -2.834076879715438281e+03 -1.402304942100547805e+03 3.098642005951338433e+03 -1.622567549025738799e+03 5.207269134512076789e+02 7.721284918071629590e+02
-4.142454675950141973e+04 3.523850570149484702e+04 -2.515506530893176750e+04 -4.466433699781152427e+03 3.209028064838177670e+03 1.699567357136365217e+03 1.763476369302904459e+03 4.092785316881571816e+03 -4.750326482840349490e+04 -6.440203181907714315e+04 -2.928720186911208657e+04 -7.725173647918448296e+03 3.226093495274218185e+03 8.890972319773056370e+03 5.042511881140102560e+03 6.726269444693120931e+03 6.023368736693601022e+02 -1.096511664455956407e+03 -5.759330611979779860e+03 -1.424599122030882199e+03
-4.668663859800031787e+04 1.193394364669815513e+04 -1.506963603561076525e+04 1.291824843611284996e+04 4.939484569573540398e+02 -1.366422189835320466e+02 -7.494976057052949727e+02 1.602011024098901362e+04 -9.609431242042113809e+03 -1.055248675828264641e+04 -9.444324095532001593e+03 4.542795406457442004e+04 -3.305968811537598376e+05 1.367060543545980909e+04 9.697221874113858576e+03 -3.878180640561409973e+02 1.238189979480889451e+04 -4.006058635321890051e+03 1.013088019786413315e+04 9.228579150103040547e+02
-1.565308818826777861e+04 1.510309361996446205e+04 2.669913722387505914e+04 2.029722318137588081e+04 1.603472847325682233e+05 -4.850448272068863844e+03 -2.920080594967135767e+03 -2.163856524843046373e+03 2.268056715755915775e+03 1.847081694816602919e+02 1.715060463031065581e+02 3.404483086326216039e+02 2.407272130691121674e+02 5.660200377030621439e+02 3.321019754309941732e+02 8.681056966963875254e+01 -1.106513175226916985e+02 -5.927020020772142317e+01 -2.994168038663023026e+02 -4.551292092528332667e+00
-4.548980074866271025e+03 3.769626120668930071e+03 5.938598130157272863e+03 8.914484984115906627e+03 -1.820529620659499187e+03 -1.351920954451604757e+03 1.729463148705018966e+03 -8.739100083886183711e+03 -6.653540353379866019e+02 1.460235704461769274e+03 -2.009244551475412209e+03 -1.321817849435565506e+02 -3.098997205523414067e+01 -2.560476478244710279e+02 1.354911887824101768e+02 -3.737821912876049879e+01 8.144022300264063574e+01 1.686723966046894816e+02 -7.632472896294221698e+01 -1.168880727998507609e+03
-9.045574359854303111e+03 2.509472781560665226e+03 6.052602049672834710e+02 8.564211321167176720e+03 -5.749691222825024397e+02 -1.042737895624301473e+03 -5.479558260491886585e+02 2.337874444150976615e+03 2.716819043223619701e+03 -5.838273971440329660e+03 9.895888114277093337e+03 -2.375673958914054310e+04 -4.361648984331933207e+03 -3.282483414749741769e+03 -9.360360308197105041e+02 -2.595746211705441965e+04 3.979367801747012709e+04 2.336766508746085674e+04 -3.981866910769650531e+03 -2.856470254596074483e+03
-1.565431860897010483e+04 1.021999815884061536e+04 1.179740651223026543e+04 2.346213713229607038e+03 -1.086107606658901659e+03 -5.599716063191060584e+02 -1.399614024867304943e+04 2.952116945742137887e+03 -1.992692129882281279e+03 -2.888164469709503919e+03 -7.301874075604535392e+03 -7.402089494802118679e+03 -1.869880277507742676e+03 -5.547891574685118940e+03 6.114283808092419349e+03 -3.519455290090428753e+04 -2.378787923844265970e+04 -1.162953781752269578e+02 -6.242019605014399986e+02 -2.981934544794703470e+02
-2.088088297848041475e+04 1.068365292447832144e+04 2.151535144673610193e+04 4.180413413471131321e+02 2.916003063296480377e+03 1.455295530744061034e+04 7.370927641115551978e+02 1.375106991375035250e+04 -3.199258083888542023e+04 1.975515013115508555e+04 -6.496264973005665979e+02 2.292588126497125631e+04 6.672893581838471619e+03 -3.006131521224332755e+04 1.143630818730350438e+04 -4.780862415811418032e+04 7.498424660888400103e+04 -1.137242872804932122e+05 -2.031996459666312148e+04 -1.414344207644727931e+03
-7.192981951820223912e+03 1.670060329714207182e+04 2.599551046109496747e+04 1.336464522392807157e+04 7.382401571526008411e+03 1.386778536377016280e+05 1.149157479296770134e+03 1.056141953714920055e+04 -8.393689252980594756e+04 7.074216967113057035e+04 2.840228422645918545e+04 -3.021597797392802750e+04 8.200907059194508975e+02 7.427057635411131196e+04 7.274134804802971485e+04 8.900125531926869371e+02 1.079366809850047503e+03 -5.918550775528116901e+03 -9.420769621569517767e+03 9.106193435830132330e+02
-3.937153958005669847e+04 9.400567375560969595e+03 2.847170868239001720e+04 -7.704187854615644937e+03 -4.774978464673319650e+03 6.019810164568498294e+02 -9.283654984462929133e+04 9.804378563949623640e+03 -1.180067871268931231e+04 -9.444628457886306933e+03 -3.087097540681488681e+04 -2.959314100704528391e+04 -1.036357618702884065e+04 -4.091347559392800031e+04 4.181658393500301463e+04 -5.402395853004804812e+05 -4.130519698641552241e+05 -2.224136468164364487e+04 -2.088010960122931283e+04 2.494672799212529571e+04
-4.845906946254374634e+04 -1.541523263928261986e+04 9.509609509153958129e+01 -1.432757177856062754e+03 3.801053285195167319e+01 1.423862760549635880e+02 -7.656179131558952804e+02 1.711450747720085701e+03 3.726066103708631090e+02 -3.168971511066503126e+02 5.590461326870283756e+02 1.677205320035806437e+02 -4.113583385921819513e+02 3.642000702848859532e+02 -1.300889499116714774e+02 -2.734173624433973373e+02 2.944068136175727091e+02 -6.729576158142328950e+02 2.386357765459665075e+02 2.133452778161313836e+04
-2.355501195781554634e+04 2.426984973255989826e+04 3.045530167303907729e+04 5.912451571240433987e+04 8.350890648660182705e+03 8.631646067246637540e+04 -1.990197281742230189e+03 7.837111987679243612e+04 -2.531767388323281775e+05 1.347787085001167434e+05 5.998019736836873199e+04 4.462488080936217739e+04 -7.427769283151555101e+03 -2.174164048649183242e+05 -2.326986299964479113e+05 3.998201027050674747e+04 -6.119156957917979162e+04 7.300509332303371048e+04 -1.949312601985632209e+05 -7.287238835909098270e+03
-1.088619993337641972e+04 1.317526386142097181e+04 2.117236603755645410e+04 4.041711014244255693e+03 -5.259441840792405856e+02 6.075108892591435506e+03 3.246665308080390787e+03 1.386471470263610536e+04 -1.657775357397400148e+04 1.271832615328546672e+04 8.999109552614088898e+03 -3.711002903894228075e+04 -5.679937055062569016e+03 -1.089361498368091707e+05 1.247252232001722878e+05 5.592142791276628122e+04 -1.657627994533283345e+04 7.314047632459643864e+03 -4.732871350326958236e+03 1.832988135824754499e+04
-4.332376167140884354e+04 4.873417784566304908e+04 -1.491819379816078981e+04 1.183625997982947010e+05 3.774330498322490166e+04 3.272267325405126940e+03 -6.657788197464812583e+03 1.238686921783806029e+05 -1.073264803249460820e+05 -3.239254324847713360e+04 -1.485637644755731453e+05 4.946661070626931614e+05 -2.562450987102032639e+06 7.993945496745551645e+04 8.424003479697836156e+04 3.541244295918357238e+04 9.498511284400306977e+03 -2.362886442389662261e+04 3.937337699184878875e+04 -6.968172246985540551e+04
-4.836992240389405197e+04 -1.510038515937217926e+04 6.485582796995744275e+02 -1.243647397775505851e+03 2.187948515308065112e+02 2.793060807963040588e+02 -9.233008222146580692e+02 2.888137910220156755e+03 -1.590919429186531306e+04 -2.505953811081290769e+04 -1.208718186791594599e+04 -3.707236286982931233e+03 1.059805377214528562e+03 5.789321719150728313e+03 3.361671386563540182e+03 4.698213506425849118e+03 9.623084738250083774e+02 -8.872133592910869311e+02 -4.759487787931085222e+03 2.746193540742823984e+02
-2.905214177714180914e+04 3.647711192644031689e+04 -4.805401589503968353e+03 2.708769169249828701e+04 -2.255816110445148297e+03 5.418684417173906240e+02 3.418634036052369993e+03 4.230362476878252346e+04 -1.941224405224734437e+04 1.105918002719768310e+03 -3.515214185267610446e+04 1.362442687539174221e+05 2.920770436698220510e+04 -1.260042549086100371e+04 5.499840379461689008e+04 -5.283860204324863298e+04 6.635433276267275505e+04 2.698383581453350416e+04 4.413932260018876150e+03 -4.189794890513889186e+03
-1.335784412477532533e+04 5.392653224570922248e+03 2.971616937562581370e+03 1.905387220489508763e+04 -2.967550780421677700e+03 -2.583561633666754460e+03 7.440411009900009276e+02 -2.025390919334139471e+04 -1.802770929451634174e+03 4.385586316204738068e+03 -5.493329614280697569e+03 -1.757388606066574539e+03 4.256477700449544841e+02 -5.472627718535205531e+03 5.260608814052413436e+03 2.075946158333255880e+03 -5.314070374452280703e+03 -3.959156515725744612e+03 6.026868224275362991e+03 -8.006412039263304905e+04
-2.355240860195222558e+04 2.193236164615537200e+04 8.665838159947419626e+03 7.285925159632830400e+03 2.029555593402915110e+04 3.695059892456538364e+04 -2.855003850428570786e+03 1.738238149874562077e+04 -1.044293770066647412e+05 1.205245788668794739e+04 -2.739934964526057229e+03 -2.279072664404813622e+03 3.417105204766735369e+03 -5.493628701567398821e+04 -6.321604390964095364e+04 -1.701395495984952140e+04 2.027909226414545992e+04 4.439330328294556239e+04 2.264028193609872833e+05 4.520898128988621465e+03
-3.770983126473466837e+04 5.487385780222576614e+03 1.397230955163091676e+04 2.078126879706950422e+04 7.888132223667610560e+03 5.041418500662119914e+04 -7.442846384545428009e+02 4.519229222614926402e+04 -1.758634299516984902e+05 8.380269460526382318e+04 2.220801421463676525e+04 2.007865925857896218e+04 1.205491776937907707e+04 -3.255078927226952510e+05 -2.339856602635043964e+05 -4.201601559623531066e+05 7.102285857723297086e+05 -2.104463607909047045e+06 -2.177633794808288221e+05 5.090580878107423814e+03
-2.629914769020459062e+04 4.340758486637173337e+04 7.355193699487842969e+04 1.699724777261544659e+05 1.595678766688114592e+04 1.523131850102656288e+06 -3.970281126900598792e+03 -3.034014310697029941e+04 1.840595427025126628e+04 1.361366143019499032e+04 1.851475001416050873e+04 -1.174467620587159581e+04 8.556292833092294359e+02 7.435174337649581139e+04 4.510602915450010914e+04 1.191721367751383923e+03 -1.024385152429322625e+04 8.545433513671361652e+03 -3.743927507389276434e+04 -4.979907280536889630e+03
-4.671644323815371172e+04 -8.833421144162351993e+03 -1.316056677328759406e+03 2.173438275559758767e+04 -2.098462895800227670e+03 -2.010084638459700500e+03 -3.622622482187003243e+03 1.541245215691823978e+04 5.479739826316340441e+03 -2.392003593591393837e+03 2.052666039841050406e+03 -2.516322868954957357e+03 3.772502049914236977e+03 5.133511418345481616e+03 1.713029432046041165e+03 1.643663608952853610e+04 -2.328164593565207542e+04 -5.591206601450366725e+04 4.843004162574758084e+04 -1.023217144902201107e+04
-2.643763552898166745e+04 3.733526593055090052e+04 6.763889405942482699e+04 1.420863090887261205e+05 4.313969502724552149e+04 1.271015833814267302e+06 -1.308669935687625548e+04 9.499174306960003742e+04 -1.141569845409028232e+06 9.370813689726606244e+05 4.408323173746695393e+05 -4.719446091059840401e+05 1.800154699702349899e+04 1.400029016413799254e+06 1.067892005748613970e+06 -4.399176234783912514e+04 -1.709472291622325429e+04 1.811669281306827033e+05 1.144675960023254156e+06 7.039145206546309055e+04
-6.118336392702911326e+03 1.452206687512630560e+04 2.340050961585958066e+04 1.199350341036895998e+03 -1.123241511912966871e+03 2.269370024592397021e+04 5.795489780464055912e+03 3.888810507206580041e+03 -1.023432068559430263e+04 6.493218951238088266e+03 1.208137926587759466e+04 -1.161099909373802575e+03 -9.477187574415289362e+01 8.841339043272517301e+03 3.430627229176385754e+03 2.299591145979504290e+03 -5.724401449383263753e+03 5.060910923070789977e+03 -2.027118132546699781e+04 -2.315717861225050001e+03
-4.604627741940412670e+04 -1.259906075228155714e+04 4.576054832466073094e+03 1.937791861520115390e+03 4.289908033490660841e+02 1.602205318481283030e+04 -3.010843108189031682e+03 8.336419234093516934e+03 -3.707189018879443756e+04 1.345619431214451288e+04 2.521004675497531935e+03 -1.771540826357301285e+03 -5.522307809826710354e+02 -2.169653438903723509e+04 -2.672028257042165205e+04 -1.423384993807663477e+03 1.885098753698848668e+03 -5.605461733229213905e+02 4.342865661380818892e+03 9.581481931211824303e+02
2.397989771930484949e+03 8.204926809871203659e+03 9.805186403351726767e+03 4.797918265596436527e+02 -1.816130804860276385e+03 -5.369231675119136753e+02 -3.553925699047428498e+04 5.939686704263343699e+02 1.051712179802202627e+03 1.999330248051517401e+03 -3.480723416922769957e+03 -1.373230106632649495e+03 8.243408825254600458e+01 8.162535245933439683e+02 1.244323011210772876e+02 4.174545386765681542e+03 3.677531357155750356e+03 8.850097136229112493e+02 -9.559759094482103592e+02 -1.221480453648818184e+03
-8.940240500289330157e+03 1.674872948711999561e+04 2.577169757074819427e+04 6.234826165376896370e+02 -2.041415175177643050e+03 -7.528839060685196500e+02 -3.326411773145822735e+03 -5.001373825256262080e+02 -9.416790841010567874e+02 -8.868840401843801374e+03 1.807448551162079457e+04 5.864877758812679531e+03 3.454721136149226481e+02 5.020079731198736681e+02 -3.393523228127463085e+02 -7.465536402788941928e+01 -1.591643428708341389e+03 -5.306239857017633312e+02 8.306337576895537040e+02 -7.083714100826912272e+02
-4.602943147526719258e+04 -1.264689863789240917e+04 3.977983541881246310e+03 -4.699698354103416165e+01 -4.530022228453655089e+02 -1.513452401315360021e+02 -8.306502588745566754e+03 2.768450996686508006e+03 -2.053515310426852466e+03 -3.485854513877725822e+03 -5.982718044148910849e+03 -6.529510876289482439e+03 -1.815652155286429206e+03 -4.565033017427121194e+03 5.397040189435899265e+03 -3.505207940036319633e+04 -2.350753317250121108e+04 -1.858441280671968059e+02 -7.520672148716734000e+02 2.543486747477951155e+02
-1.554408012523274920e+04 1.049262270328184422e+04 -1.627401178916546314e+03 6.253295872311479616e+04 -6.971368456159545531e+03 -3.214636781605218857e+03 -6.089409584329221161e+02 1.145141644576126055e+04 -1.042618618638064163e+02 3.661993880607076335e+03 -5.754719170446589487e+03 5.035316535246830426e+03 -2.462107321865177880e+02 1.613664193555200654e+03 -3.280629397328018513e+03 3.560109688528805236e+03 -4.157712832828026876e+03 7.763091466718275342e+02 -3.035479328136715139e+03 5.511958214789682415e+02
-4.589368464421355748e+04 -1.203300022316408649e+04 6.078931012906599790e+03 6.449570804826877065e+03 6.258107180087363668e+04 -1.690336489392045905e+03 -2.466131763986878923e+03 -5.761857160954552910e+02 2.130652173283455042e+01 -9.065215702016053001e+02 -4.412910171075057519e+02 3.337734950169694343e+02 -1.240196484897655438e+02 5.811739553175123092e+02 -3.358678130788852627e+02 1.142204032571900285e+02 8.788563715340114868e+01 3.897369094780199106e+01 5.515875041685845872e+02 4.181866744270756726e+02
-2.081303823523509709e+04 1.817157416201244996e+04 2.201060758109213566e+04 4.077177566681605094e+04 8.554490850500491433e+03 4.733763754826345394e+04 -3.403484791888219206e+03 4.652069384642330260e+04 -1.432079830899474327e+05 7.464975937167486700e+04 2.615881343345425557e+04 2.465849558045705635e+04 -3.992497341237765340e+03 -1.201239800959516724e+05 -1.277858689853067335e+05 1.798070703808469261e+04 -2.675841434647992719e+04 3.179403125142636782e+04 -8.951835829721749178e+04 -2.500594444517756074e+03
-3.944615075057548529e+04 3.949240504387723922e+04 -2.751016115480473309e+04 2.536793218655256351e+04 -1.977433979888579415e+03 -1.578570875840435292e+03 1.103756454043920030e+03 1.982755331144702359e+04 5.229547842205475945e+02 1.366890665181052555e+03 -5.841792852674328060e+03 2.994932550474643358e+04 7.759444424761034497e+03 9.109296875436906475e+02 9.843801335891108465e+03 -2.763917942046723510e+03 1.488905790478037716e+03 6.771146408036551293e+03 3.635305219171279532e+03 -1.255483537655595399e+02
-5.169391671144341672e+03 1.137245633475858267e+04 1.545300863467810814e+04 1.572063179650601523e+04 -4.018293521286157556e+03 -2.743493499610133313e+03 -4.219193606567241659e+03 -2.475265830074094265e+04 -3.882874069980601689e+03 -1.461717784907257965e+03 3.132763861076001831e+03 3.606947804423770322e+03 3.979088390413343035e+01 -7.309937558159482478e+02 1.176905260231442981e+03 -9.026245271298314492e+02 1.315598396488898061e+03 1.008923626784543330e+02 3.873027885487377375e+02 3.268661707794945869e+03
-2.623853637316298773e+04 2.047041631493327804e+04 3.627079489777009439e+04 7.129926545710877690e+04 1.062605771080614068e+04 5.796847317240589764e+05 -4.172834068833212768e+03 2.732907392652007911e+04 -2.292578542768286716e+05 1.767740278729273705e+05 7.445670325117808534e+04 -5.307212425468800211e+04 3.436847445553461966e+03 1.493247952225922490e+05 1.188969372779008118e+05 -1.682971306162757901e+04 1.914064229661255013e+04 -3.403565337799436384e+04 -5.653427357050477440e+03 4.445267873576252100e+02
-2.408353520905942787e+04 2.579935649114631451e+04 1.720750631250813240e+04 3.007831917064302615e+04 3.844381309111721930e+04 1.772545793926037150e+05 -1.497249808001800557e+04 4.701581304711107805e+04 -3.750193786442371784e+05 1.005736153573317570e+05 1.134389659765550641e+04 -5.551949107928518788e+04 9.012998884525479298e+03 -8.348932941851795476e+04 -2.088926535841066798e+05 -3.495527787190514937e+04 4.522400412553704518e+04 8.404869804076000582e+04 6.602044144220042508e+05 2.213392217059195900e+04
-1.858743225899912431e+04 1.306035175601548326e+04 1.489706789723836118e+04 3.586611472461657740e+03 -1.122257939762423803e+03 -5.164423807839826850e+02 -1.107383848105096149e+04 6.907749546959277723e+03 -3.544704908288073284e+02 -3.643223887827055478e+03 -3.371658850774949315e+03 -1.287621788372462652e+04 -1.755506284681299576e+03 -1.658410504418904793e+03 3.114276688572001149e+03 -7.036351920970583706e+03 1.125257784311830073e+04 1.903641208602543202e+03 -5.346935232737869228e+02 -2.550182177841943485e+03
-3.868561255314465234e+04 3.287639700443525362e+04 -9.732993637808676795e+03 7.193125068376815761e+04 1.378783827118318641e+03 6.429548388281088592e+03 -4.912569955537302121e+03 6.611435765563252789e+04 -6.829972993396531092e+04 -2.652339914827760731e+04 -7.053969008508218394e+04 2.108620045659361931e+05 -1.088900561385466950e+06 3.093990988999097317e+04 2.885400965542808262e+04 8.634417348819602921e+03 -8.229624858936269902e+02 -7.977515890958977252e+03 1.418766926801020782e+04 -2.635228179999850909e+04
-3.695827281259344545e+03 1.500316596184481568e+04 2.184637704777732506e+04 -2.971586780482533868e+03 -9.459346664247660783e+02 -2.775794701238611992e+02 1.832176488337702040e+03 2.011448274285387242e+03 8.571559739656344163e+02 1.119882586081007958e+03 -2.799736157412058219e+03 -7.289842687490523758e+02 -6.109683529810998159e+00 7.800702981486514318e+02 -7.202494106696493645e+02 5.244898840563067921e+01 2.076538021218144081e+02 4.825602295298341282e+00 9.837434669274360033e+01 8.113413394385209187e+01
-2.678586351699504667e+04 5.325241491976490943e+04 -3.306981441577930127e+03 -9.386688456506777584e+03 -1.357943493696054702e+03 2.040619555797194948e+02 -1.145654596260129983e+04 -1.803133821904065371e+03 5.867285785715921520e+02 3.258097160750838839e+02 1.622536255989120264e+03 2.153454332588238685e+03 1.706472531717085701e+02 1.522920155754347434e+03 -1.237627930682262786e+03 8.905721569539097118e+02 -6.387466381281878967e+02 -6.317139797422245238e+02 1.156139687401392848e+02 7.075075976687198818e+02
-2.259738240357184623e+04 8.406012214614476761e+03 -4.333710945196300599e+03 4.529202339928782749e+04 -4.897595720324749891e+03 -4.154875887860710463e+03 -7.308636881392637861e+02 5.295959982236900032e+03 3.280163553943224542e+03 -1.425426155419233282e+03 1.474419628614931298e+03 -8.360376242668298801e+03 -6.068709527285111562e+02 2.028430595157860125e+03 -2.135080429947302036e+03 -2.945242746112602390e+02 1.470515447107064801e+03 -1.021884484618560691e+03 -9.507631946721613758e+01 4.139256550562521966e+02
-2.136733636869118709e+04 1.433207382118347050e+04 1.477893511078535630e+04 1.118718217365458804e+04 -1.937115441874717817e+03 -1.423576699448117097e+03 -5.049580405853802176e+02 5.623604712501535687e+03 1.438076286565920100e+03 -8.225589750600405750e+03 1.579812838861243654e+04 -2.530634249589011233e+03 -6.069016625334252240e+02 5.441727776980619637e+02 -9.607127809954549775e+02 -1.904812753761601698e+03 1.557476889347610040e+03 -2.886072094693910799e+02 7.276272557787964388e+02 -5.682782275946598247e+02
-6.001253117361063050e+04 7.929909149808468101e+03 -1.878176357452109733e+04 3.455020619900953170e+04 -3.027872976674255824e+03 -3.076862453435268435e+03 -1.441330363121000573e+03 1.421284965096140695e+04 5.384157428793067083e+03 -3.899134695351623122e+03 5.359553875194086686e+03 -1.182875075566590203e+04 -7.971233485905679572e+02 3.372527201176507333e+03 -2.940266320105270097e+03 -1.374654910120873865e+03 3.343399081350430606e+03 -1.623819983484378326e+03 5.781313271765799300e+02 9.987122724658214565e+02
-4.172608777330074372e+04 3.592787108181338408e+04 -2.631589073096554057e+04 -5.182943896914643119e+03 9.935539003638662052e+02 5.530777588356271508e+02 1.339592739222816135e+03 -4.163366728071254101e+02 4.274584175089833593e+02 1.217086125787295003e+02 1.725473623612460415e+03 -2.391533168208337088e+02 -6.293232401133772100e+02 -2.574458202210207673e+02 -6.068518586755962474e+01 -2.473325640224668973e+02 -2.793589445456337117e+01 -8.409503479282906255e+02 1.169198094499063814e+02 2.120647983586489499e+04
-3.695197034543139307e+04 3.490730617282223830e+04 -1.829532647964106945e+04 -2.095053775508509716e+03 7.618510372406725764e+03 2.605050280107838717e+03 6.221877193484199324e+02 3.168117913610770302e+03 -3.473211552634209511e+04 -3.879461892035557685e+04 -1.641559528635036986e+04 -4.297881571763104148e+03 2.028283205198965106e+03 1.242807007989540580e+03 -6.978986914229741387e+02 -5.648533805441865070e+02 -2.111159406858599596e+03 -3.887537057805735685e+02 -5.741352835574670053e+02 -1.614779207632599537e+03
