-1.047159865488175456e+04 1.058523008381081672e+04 1.574715706367185157e+04 2.313193749550543998e+03 -6.996143506443793285e+02 4.985066860847498305e+01 8.135808622327991770e+02 4.217109066312474170e+03 2.919219258842099407e+02 -5.222080981230417365e+02 6.567166624330948252e+02 -5.293666032897715922e+03 -9.118149885734502504e+02 -1.465060505776924037e+04 1.222299616054198668e+04 3.582832769202141662e+03 -8.219436182592206706e+02 1.062510053990724259e+02 1.069587253355966368e+03 3.012316047319452537e+02
2.097419902786739476e+04 -3.083697321601172462e+03 -3.383875352598107384e+03 -4.293216002409492944e+02 1.626586774789695937e+02 9.530575435908559712e+01 -9.629682673328382236e+01 2.136156734256109360e+02 5.136161755943628116e+00 -4.407681394134853292e+01 1.117860145661587268e+02 3.971886072511722432e+01 3.996299049921382629e+00 7.562713929549594205e+00 -7.726961795625688190e+00 8.521296745363271086e+00 -3.264059805746827436e+01 -2.454501937651491161e+01 5.388054685657520437e+00 1.564649661220186561e+00
-4.937436794480634853e+04 -1.552693004182296863e+04 1.429171102151694868e+02 -1.206170257226666081e+03 -5.596121932834568469e+01 7.454765285873762082e+01 -3.968483065668937115e+02 -4.309849629902060109e+00 2.794592319419160731e+02 3.841268738092000490e+02 -7.032768072979256324e+00 2.593541786995670577e+02 5.507947543916947097e+01 9.356699419327881628e+01 -6.267319030214887476e+01 1.085637538256378321e+02 5.747928943941861490e+00 9.159481776473558057e+01 -1.202387676127346339e+01 -6.522732150103698814e+02
-4.262801097669264709e+04 3.583433048501730809e+04 -2.623190087243747257e+04 -5.083386526858253092e+03 9.105128947342540187e+02 4.958710069743394797e+02 1.724989244803396787e+03 -2.203016379186015001e+03 3.111020540911226249e+02 8.482544595946608297e+02 1.116572051442723705e+03 -9.716514366113615608e+01 -1.502149201160361258e+02 -5.296404295481522695e+02 7.830350147430357843e+00 1.389389307543159191e+02 -3.299904710476321270e+02 -7.303490463579811376e+01 -1.414091079719445077e+02 -7.901833610355616884e+02
-3.192613245839525916e+03 1.113901551236142950e+04 1.776430296293850552e+04 -2.085113284280029802e+03 -7.264089080749415643e+02 -2.644161891933472930e+02 4.518027380160205212e+03 1.206677709374305778e+03 6.485887757138269762e+02 8.506356546862093637e+02 -2.300747804508639547e+03 -6.102459058991970551e+02 -4.195673790441296624e+00 9.830141323842963175e+02 -8.239365287455476619e+02 -1.777798899459725490e+01 2.275024191362406043e+02 9.810633238264605893e+01 -4.996306148451810714e+01 9.142563371241966763e+01
-1.263038293656958012e+04 8.147438697358978061e+03 -2.504351628248098223e+02 4.272833905932591733e+04 -4.890997751674331994e+03 -3.635740544930702981e+03 -3.132747535401443315e+02 3.375120247051458136e+03 1.502677148821296214e+03 6.996787102384713535e+02 -2.122703843528855941e+03 -1.718858773393980982e+03 3.346904777550940366e+02 1.379200950565578978e+03 -1.236463017312695229e+03 1.962937881188762276e+03 -2.285398778748637596e+03 -1.325618384397160526e+03 -2.155863218352160686e+02 1.705222417880499108e+02
-2.436483802557143645e+04 3.267222865612317764e+04 5.467944334848033031e+04 1.238246704467444797e+05 1.038165300575338188e+04 1.018446762935484410e+06 2.280250249014074143e+03 2.519107005407495762e+03 -1.155913174114106660e+05 1.060326528952555818e+05 5.682785977506060590e+04 -3.723477255232878815e+04 1.025845527575876986e+03 1.409752744410783926e+05 1.026381412046951300e+05 1.205873104956819816e+03 -1.100631420144206277e+04 2.008147975374210318e+03 -5.913037358805486292e+04 -4.723609915800650924e+03
-1.563360480309106788e+04 1.496085156551234104e+04 2.630129647140495581e+04 1.984905078287511060e+04 1.560511772892936715e+05 -4.772554956539533123e+03 -2.810459811534920846e+03 -2.046563993186940934e+03 2.250597081058773711e+03 4.850003028675899941e+01 1.465705627972968159e+02 2.751122740204708634e+02 2.155494045568246975e+02 5.696760930554859215e+02 3.653821015610342329e+02 5.708977152275090106e+01 -6.906811676006017819e+01 -7.912500867548280326e+01 -2.077771860339607599e+02 -9.281570467278575265e+00
-4.488609118354343082e+03 1.127595008037858861e+04 1.562709867025109452e+04 1.537700091465379410e+04 -4.004256047546195077e+03 -2.712244687870226699e+03 -4.140071033717951650e+03 -2.495682839485852674e+04 -3.971477877897708822e+03 -1.382332064879909240e+03 3.003462717727719792e+03 3.918922798834340028e+03 8.690641638938051017e+01 -7.389737364370471369e+02 1.211426794594748117e+03 -8.023598669708685520e+02 1.153379371865790063e+03 8.141958939178560684e+01 3.862505899978265234e+02 3.264642267201108552e+03
-3.390361032988087391e+04 7.461490853905177210e+04 1.565464070198635163e+05 6.688038500037605409e+05 9.269461209923577553e+04 7.429178814210163429e+06 -7.226347487304396054e+04 -6.452495208701075753e+05 2.697222315995696001e+06 -1.839428319571936736e+06 -9.099011106334049255e+05 4.952719504703676794e+05 -1.449154183666315657e+04 -1.352397542225514771e+06 -1.006791201424730825e+06 1.677897437323605482e+04 5.029670213864884863e+04 3.157114726211919697e+04 3.748489633779013529e+05 3.634773474928404903e+04
-8.932563019357074154e+03 1.674748272918955990e+04 2.577876615109125487e+04 6.094504542433620600e+02 -2.038388273156956302e+03 -7.519393086538246962e+02 -3.327273199730958822e+03 -5.031451544992332288e+02 -9.418713540151391044e+02 -8.866222307315258149e+03 1.806844074300590000e+04 5.865511307944351756e+03 3.453466455278231706e+02 5.034749843306218509e+02 -3.402029998096405734e+02 -7.327625602027023888e+01 -1.591028863378043752e+03 -5.320912736390383770e+02 8.340741178661288586e+02 -7.049605952406515144e+02
-5.584599960844356247e+04 3.971187276176470186e+04 -3.498582671517255949e+04 3.029080335961204037e+04 -2.263648979756841072e+03 -2.659767433692222767e+03 -1.272487326946563826e+02 1.204190692638606197e+04 5.562208340793925345e+03 -3.029617763814804675e+03 6.294930971761603359e+03 -1.185388425366072806e+04 -1.016648223588405472e+03 2.682744938366897259e+03 -2.834076879715438281e+03 -1.402304942100548033e+03 3.098642005951337524e+03 -1.622567549025738799e+03 5.207269134512076789e+02 7.721284918071628454e+02
-4.190147594544739150e+03 3.741552962241589285e+03 6.097015186214587629e+03 8.683468229708638319e+03 -1.808110962780406226e+03 -1.331132906294800932e+03 1.756125857752866295e+03 -8.822788589778145251e+03 -7.076277391891014759e+02 1.510946165694775118e+03 -2.091807672520221786e+03 2.860515074076504050e+01 -7.371437992669422457e+00 -2.572326935587786920e+02 1.480275212216080831e+02 1.597635119824884065e+01 -1.707952212159979721e+00 1.566333091898316638e+02 -7.839672736904107353e+01 -1.157249347062461311e+03
5.249956771692255643e+03 2.287797575088395024e+04 2.368938401389081628e+04 -4.409141745530623666e+03 -4.001970958729996710e+03 -5.103129204774123764e+02 -6.260242357856531453e+04 7.053011468862889615e+02 1.185811129425070931e+03 2.641483722710454458e+03 -4.134826210068875298e+03 4.365457903657114969e+01 3.434509210056550614e+02 1.816962313306946498e+03 -3.349646845984919992e+02 5.154072229950234941e+03 3.258567967227001645e+03 6.184004894859679098e+02 -1.171285273117933230e+03 -6.106415514284716437e+02
-3.695379237539214228e+04 3.490736480746633606e+04 -1.830158168210423901e+04 -2.104625172990636202e+03 7.621151161713297370e+03 2.599688856380130801e+03 6.225391516485997272e+02 3.161531204533720938e+03 -3.471938270323750476e+04 -3.880076298289312399e+04 -1.641405606615786019e+04 -4.301056032716021946e+03 2.028573454884995726e+03 1.249858530468889512e+03 -6.885094242779507567e+02 -5.662746032907491553e+02 -2.111176087160241877e+03 -3.894585559665326855e+02 -5.743805749500176034e+02 -1.615182455826444766e+03
-2.463947757739696681e+04 4.781685778544435743e+04 -9.056645495422522799e+03 -9.703767839138270574e+03 -2.419379741203941023e+02 5.212133202785080357e+02 -3.958399000081788472e+03 -1.063036179722976016e+02 8.782237273554054582e+02 2.817249277870411788e+03 -3.846008489254204960e+03 -2.819879857304563302e+02 -9.776894783839097158e+00 7.462909102537930721e+02 -9.327609349426493281e+02 5.235140923583498989e+02 -3.643237951122599156e+02 -3.402990799121607779e+02 -1.147083859167197772e+02 3.517621240767645645e+02
-4.332376167140884354e+04 4.873417784566304908e+04 -1.491819379816078981e+04 1.183625997982947010e+05 3.774330498322490166e+04 3.272267325405126940e+03 -6.657788197464812583e+03 1.238686921783806029e+05 -1.073264803249460820e+05 -3.239254324847713360e+04 -1.485637644755731453e+05 4.946661070626931614e+05 -2.562450987102032639e+06 7.993945496745551645e+04 8.424003479697836156e+04 3.541244295918357238e+04 9.498511284400306977e+03 -2.362886442389662261e+04 3.937337699184878875e+04 -6.968172246985540551e+04
-3.944690287448053277e+04 3.949378161887592432e+04 -2.751326536507900528e+04 2.536614032811749712e+04 -1.977925262562219814e+03 -1.581371418145311054e+03 1.103763626268810185e+03 1.982567171074847283e+04 5.288510962110841547e+02 1.364277312693052863e+03 -5.841272709681978085e+03 2.994784614563525247e+04 7.759660572227956436e+03 9.142747275447850370e+02 9.847980037313329376e+03 -2.763946220391159386e+03 1.488959005064971734e+03 6.770631103873623942e+03 3.635307019114216928e+03 -1.256990466294275848e+02
-9.045574359854301292e+03 2.509472781560665226e+03 6.052602049672834710e+02 8.564211321167173082e+03 -5.749691222825024397e+02 -1.042737895624301245e+03 -5.479558260491887722e+02 2.337874444150976615e+03 2.716819043223619246e+03 -5.838273971440328751e+03 9.895888114277091518e+03 -2.375673958914053947e+04 -4.361648984331934116e+03 -3.282483414749741769e+03 -9.360360308197106178e+02 -2.595746211705441601e+04 3.979367801747011981e+04 2.336766508746085674e+04 -3.981866910769650531e+03 -2.856470254596074483e+03
-4.668663859800031787e+04 1.193394364669815513e+04 -1.506963603561076525e+04 1.291824843611284996e+04 4.939484569573540398e+02 -1.366422189835320182e+02 -7.494976057052949727e+02 1.602011024098901362e+04 -9.609431242042113809e+03 -1.055248675828264641e+04 -9.444324095532001593e+03 4.542795406457442004e+04 -3.305968811537597794e+05 1.367060543545980909e+04 9.697221874113858576e+03 -3.878180640561409973e+02 1.238189979480889451e+04 -4.006058635321890051e+03 1.013088019786413315e+04 9.228579150103040547e+02
-4.604627741940412670e+04 -1.259906075228155714e+04 4.576054832466073094e+03 1.937791861520115390e+03 4.289908033490659705e+02 1.602205318481283030e+04 -3.010843108189031682e+03 8.336419234093516934e+03 -3.707189018879443756e+04 1.345619431214451470e+04 2.521004675497531480e+03 -1.771540826357301512e+03 -5.522307809826711491e+02 -2.169653438903723872e+04 -2.672028257042164842e+04 -1.423384993807663477e+03 1.885098753698848441e+03 -5.605461733229212768e+02 4.342865661380819802e+03 9.581481931211824303e+02
-1.565431860897010665e+04 1.021999815884061718e+04 1.179740651223026725e+04 2.346213713229606583e+03 -1.086107606658901659e+03 -5.599716063191059447e+02 -1.399614024867305307e+04 2.952116945742138341e+03 -1.992692129882281279e+03 -2.888164469709504374e+03 -7.301874075604535392e+03 -7.402089494802118679e+03 -1.869880277507742221e+03 -5.547891574685118030e+03 6.114283808092419349e+03 -3.519455290090428025e+04 -2.378787923844265606e+04 -1.162953781752269578e+02 -6.242019605014399986e+02 -2.981934544794702902e+02
-4.837226061448467226e+04 -1.510196676478558220e+04 6.475849763861418751e+02 -1.243534290623668994e+03 2.188391189622612956e+02 2.793339035731156059e+02 -9.232416491106621379e+02 2.888223450536321252e+03 -1.590963010363163994e+04 -2.506026420529208190e+04 -1.208732482073935535e+04 -3.707389665928806153e+03 1.059958692043441488e+03 5.789727840762505366e+03 3.361641194467529203e+03 4.698365930160734933e+03 9.624475822556796629e+02 -8.872490997547922689e+02 -4.760900176581640153e+03 2.747367642055680221e+02
-7.234867972454491792e+03 1.671133116927919400e+04 2.600325004915605314e+04 1.349417812457931359e+04 7.383233173707684728e+03 1.387950052534621209e+05 1.140038718866590443e+03 1.068914489472664172e+04 -8.433170810241183790e+04 7.094650431564453174e+04 2.847024166098905334e+04 -3.013699971329350228e+04 8.071146574437332220e+02 7.391973895939938666e+04 7.236068938082251407e+04 9.425644091282723593e+02 9.987352933256324832e+02 -5.823033338308572638e+03 -9.676477228353969622e+03 9.044694042601137198e+02
-2.905214177714181278e+04 3.647711192644031689e+04 -4.805401589503968353e+03 2.708769169249828701e+04 -2.255816110445148297e+03 5.418684417173906240e+02 3.418634036052370448e+03 4.230362476878252346e+04 -1.941224405224734437e+04 1.105918002719767628e+03 -3.515214185267611174e+04 1.362442687539173348e+05 2.920770436698220510e+04 -1.260042549086100553e+04 5.499840379461688281e+04 -5.283860204324864026e+04 6.635433276267275505e+04 2.698383581453350052e+04 4.413932260018875240e+03 -4.189794890513888276e+03
-3.937153958005669847e+04 9.400567375560969595e+03 2.847170868239001720e+04 -7.704187854615644937e+03 -4.774978464673319650e+03 6.019810164568498294e+02 -9.283654984462926222e+04 9.804378563949621821e+03 -1.180067871268931231e+04 -9.444628457886306933e+03 -3.087097540681488681e+04 -2.959314100704528391e+04 -1.036357618702884247e+04 -4.091347559392800031e+04 4.181658393500301463e+04 -5.402395853004804812e+05 -4.130519698641552241e+05 -2.224136468164364123e+04 -2.088010960122931283e+04 2.494672799212529571e+04
-4.845963014898240363e+04 -1.541570544048269585e+04 9.484239234665999163e+01 -1.433326655135140527e+03 3.801555477882267553e+01 1.424529441474404337e+02 -7.656487647675450035e+02 1.711225375156304835e+03 3.725176719076168297e+02 -3.168186584693015106e+02 5.590535728672609821e+02 1.677176792397174836e+02 -4.114007897165316763e+02 3.639853548981848803e+02 -1.299490310205508479e+02 -2.736757961005950506e+02 2.945139405312567646e+02 -6.726279036900567689e+02 2.380974075089480948e+02 2.133488693548829906e+04
-2.167860636990320563e+04 2.025583358000190492e+04 2.520692955259805603e+04 4.749198215730758966e+04 8.891947860891768869e+03 6.073787725879606296e+04 -3.011764126796269466e+03 5.802405074599314685e+04 -1.832934375170957937e+05 9.640354322395924828e+04 3.841293327143845090e+04 3.164823417081935986e+04 -5.378163419804981459e+03 -1.565431554177792277e+05 -1.670825712136294751e+05 2.621873018577216862e+04 -3.955337558413221268e+04 4.709164554354677966e+04 -1.279300545699638024e+05 -4.209663697822219547e+03
-1.634734480272501060e+04 1.689519701039140273e+04 3.100873103696449471e+04 2.601264623958627999e+04 2.110497511267174268e+05 -5.905270478579878727e+03 -4.248878554481485480e+03 -3.423451831658474021e+03 2.835954355154500718e+03 1.480972562610847035e+03 4.957891204323230454e+02 8.482351965876324584e+02 5.002372427578214911e+02 8.690897002965563161e+02 1.944527582295013985e+02 3.281772234728944113e+02 -4.003895635515268054e+02 8.425132268611480413e+01 -1.216642419325168703e+03 8.708482554572530887e+01
-2.090807003298712880e+04 1.066914386485004434e+04 2.151162957591526720e+04 4.390405571010497283e+02 2.917371992061786386e+03 1.461041995788909480e+04 7.346527099691238618e+02 1.379379365222128399e+04 -3.218355585142423661e+04 1.984755638490269484e+04 -6.077115607586385977e+02 2.293675054058701426e+04 6.665996700225997301e+03 -3.022304655863654989e+04 1.125375178413546200e+04 -4.778366562453224469e+04 7.494683350185207382e+04 -1.136855553795930464e+05 -2.042325418609485132e+04 -1.416895264937281809e+03
-3.807404624916087414e+03 1.554387646276245323e+04 2.237090359029680621e+04 -3.005838446300952000e+03 -1.031635190507454809e+03 -3.031827166819891204e+02 1.309785221374551156e+03 1.817215192624749079e+03 8.204181090060101269e+02 8.669516650661175845e+02 -2.251992151157822718e+03 -4.749966254103496226e+02 1.105282429083426976e+01 8.559230406721221698e+02 -7.527172640426425687e+02 8.595548991479196843e+01 1.852454083198206263e+02 -2.021487857263070609e+01 1.229415720187002421e+02 1.119347605389638858e+02
-2.408353520905942787e+04 2.579935649114631451e+04 1.720750631250813240e+04 3.007831917064302615e+04 3.844381309111721930e+04 1.772545793926037150e+05 -1.497249808001800739e+04 4.701581304711106350e+04 -3.750193786442371784e+05 1.005736153573317715e+05 1.134389659765550641e+04 -5.551949107928518788e+04 9.012998884525479298e+03 -8.348932941851794021e+04 -2.088926535841066798e+05 -3.495527787190514937e+04 4.522400412553703791e+04 8.404869804076000582e+04 6.602044144220042508e+05 2.213392217059195536e+04
-1.088619993337642154e+04 1.317526386142097181e+04 2.117236603755645410e+04 4.041711014244255693e+03 -5.259441840792405856e+02 6.075108892591435506e+03 3.246665308080390787e+03 1.386471470263610718e+04 -1.657775357397400148e+04 1.271832615328547035e+04 8.999109552614088898e+03 -3.711002903894228075e+04 -5.679937055062569925e+03 -1.089361498368091707e+05 1.247252232001722587e+05 5.592142791276628122e+04 -1.657627994533283345e+04 7.314047632459645683e+03 -4.732871350326958236e+03 1.832988135824755227e+04
-4.172608777330074372e+04 3.592787108181338408e+04 -2.631589073096554057e+04 -5.182943896914643119e+03 9.935539003638662052e+02 5.530777588356271508e+02 1.339592739222816135e+03 -4.163366728071254101e+02 4.274584175089833593e+02 1.217086125787295003e+02 1.725473623612460415e+03 -2.391533168208337088e+02 -6.293232401133772100e+02 -2.574458202210207673e+02 -6.068518586755962474e+01 -2.473325640224668973e+02 -2.793589445456337117e+01 -8.409503479282906255e+02 1.169198094499063814e+02 2.120647983586489499e+04
-3.770983126473466837e+04 5.487385780222576614e+03 1.397230955163091676e+04 2.078126879706950422e+04 7.888132223667610560e+03 5.041418500662119914e+04 -7.442846384545428009e+02 4.519229222614926402e+04 -1.758634299516984902e+05 8.380269460526382318e+04 2.220801421463676525e+04 2.007865925857896218e+04 1.205491776937907707e+04 -3.255078927226952510e+05 -2.339856602635043964e+05 -4.201601559623531066e+05 7.102285857723297086e+05 -2.104463607909047045e+06 -2.177633794808288221e+05 5.090580878107423814e+03
-2.355240860195222922e+04 2.193236164615537200e+04 8.665838159947419626e+03 7.285925159632833129e+03 2.029555593402915110e+04 3.695059892456537636e+04 -2.855003850428569876e+03 1.738238149874562077e+04 -1.044293770066647412e+05 1.205245788668794739e+04 -2.739934964526057684e+03 -2.279072664404812713e+03 3.417105204766734914e+03 -5.493628701567399548e+04 -6.321604390964093909e+04 -1.701395495984951413e+04 2.027909226414545628e+04 4.439330328294554056e+04 2.264028193609872833e+05 4.520898128988620556e+03
-4.139254975734923937e+04 4.481058145175516984e+04 -2.854226595469416134e+04 7.265649193703857600e+04 -7.073855572616131212e+03 2.771791647340889426e+02 7.187977792358436773e+02 3.904259759137638321e+04 -5.396441798498382013e+03 1.049476324803692660e+04 -1.760507837311280309e+04 5.206110705263497948e+04 6.487869914161293309e+03 8.171958282758363339e+02 4.896995088240258156e+03 2.410814208178956505e+03 -5.048168551221263442e+03 1.307679159983052523e+04 -4.270657836264222169e+03 9.750236956541780273e+02
-6.118336392702912235e+03 1.452206687512630015e+04 2.340050961585958430e+04 1.199350341036895998e+03 -1.123241511912966871e+03 2.269370024592397021e+04 5.795489780464055002e+03 3.888810507206579132e+03 -1.023432068559430445e+04 6.493218951238086447e+03 1.208137926587759284e+04 -1.161099909373802575e+03 -9.477187574415289362e+01 8.841339043272517301e+03 3.430627229176385754e+03 2.299591145979504290e+03 -5.724401449383263753e+03 5.060910923070790886e+03 -2.027118132546699781e+04 -2.315717861225050001e+03
-8.273281592628605722e+03 1.212611314361319091e+04 1.945241902517926792e+04 6.784313152312564625e+02 -9.819294983132818970e+02 -4.177931516758107477e+02 1.468834584873432959e+03 2.025521876440179994e+03 -4.758896647967082458e+02 -5.675296543950617888e+03 1.121614074807193538e+04 2.790172048683401044e+03 1.469974762863707554e+02 -4.447469264498899406e+02 6.311031344139387755e+01 -4.123434336699968412e+02 -1.351332312510446400e+03 -2.593122544464322345e+02 5.595202746431623382e+02 -1.059256953781730317e+03
-1.554636821212419636e+04 1.053425967312988905e+04 -1.634407712308276814e+03 6.287228772901359480e+04 -7.008031506002836068e+03 -3.206546688879233443e+03 -6.126395274394897115e+02 1.158447771727445433e+04 -1.385026510651886724e+02 3.722004932725161325e+03 -5.833533476316644737e+03 5.183693688587968609e+03 -2.500182675632876510e+02 1.615267556637315238e+03 -3.309886526772518209e+03 3.600503743573742668e+03 -4.211468803916004617e+03 8.074766421128356342e+02 -3.081634099757813601e+03 5.559079290234595874e+02
-2.643763552898166745e+04 3.733526593055090052e+04 6.763889405942482699e+04 1.420863090887261205e+05 4.313969502724552149e+04 1.271015833814267302e+06 -1.308669935687625548e+04 9.499174306960003742e+04 -1.141569845409028232e+06 9.370813689726606244e+05 4.408323173746695393e+05 -4.719446091059840401e+05 1.800154699702349899e+04 1.400029016413799254e+06 1.067892005748613970e+06 -4.399176234783912514e+04 -1.709472291622325429e+04 1.811669281306827033e+05 1.144675960023254156e+06 7.039145206546309055e+04
-1.335784412477532533e+04 5.392653224570921338e+03 2.971616937562581370e+03 1.905387220489508400e+04 -2.967550780421677700e+03 -2.583561633666754005e+03 7.440411009900009276e+02 -2.025390919334139471e+04 -1.802770929451634174e+03 4.385586316204738068e+03 -5.493329614280697569e+03 -1.757388606066574312e+03 4.256477700449544841e+02 -5.472627718535205531e+03 5.260608814052413436e+03 2.075946158333256335e+03 -5.314070374452279793e+03 -3.959156515725744612e+03 6.026868224275362081e+03 -8.006412039263304905e+04
-4.671644323815371172e+04 -8.833421144162351993e+03 -1.316056677328759406e+03 2.173438275559758767e+04 -2.098462895800227670e+03 -2.010084638459700500e+03 -3.622622482187003243e+03 1.541245215691823978e+04 5.479739826316340441e+03 -2.392003593591393837e+03 2.052666039841050406e+03 -2.516322868954957357e+03 3.772502049914236977e+03 5.133511418345481616e+03 1.713029432046041165e+03 1.643663608952853610e+04 -2.328164593565207542e+04 -5.591206601450366725e+04 4.843004162574758084e+04 -1.023217144902201107e+04
-1.846127306943577423e+04 6.886253138879612379e+03 1.910611450398295119e+03 1.995215961253020942e+04 -2.629184005048629388e+03 -2.363596509267759757e+03 2.055028630144870192e+02 -5.428702754919760991e+03 7.867230325479226849e+02 -8.027987858682964770e+02 1.412087232419338306e+03 -5.645005806265827232e+03 -7.786005645371371884e+02 -8.246001525553070621e+01 -3.813889209029401854e+02 -1.651729936450793730e+03 2.769500772387407324e+03 2.804693156985077280e+02 4.425228889032715784e+01 -3.921765779265505785e+02
-6.000138963245229388e+04 7.938003462338679128e+03 -1.877506966457908857e+04 3.454373719569764944e+04 -3.027304356066902983e+03 -3.076352617545817793e+03 -1.439935726771705731e+03 1.421157699279099688e+04 5.383105999283036908e+03 -3.902466753319858981e+03 5.366780179608152139e+03 -1.182618369485821313e+04 -7.971834720190870485e+02 3.371499987532758041e+03 -2.939530709279633356e+03 -1.375430672518205029e+03 3.343076090427439340e+03 -1.623485182972989833e+03 5.785108653377072869e+02 9.977766265782233859e+02
-2.678276073299920972e+04 5.324825367744125833e+04 -3.300061543533731310e+03 -9.384595433585374849e+03 -1.358647859956749244e+03 2.035362052230570669e+02 -1.145128773161460413e+04 -1.806564766339997732e+03 5.861262772655948083e+02 3.216146650317763829e+02 1.631262768399100878e+03 2.157018117961979442e+03 1.708372675312265017e+02 1.524030102499767963e+03 -1.238171856290309734e+03 8.907145216821609210e+02 -6.389108492829877832e+02 -6.320001712048258469e+02 1.160366490356631175e+02 7.079782605847009336e+02
-3.868561255314465234e+04 3.287639700443525362e+04 -9.732993637808676795e+03 7.193125068376815761e+04 1.378783827118318641e+03 6.429548388281088592e+03 -4.912569955537302121e+03 6.611435765563252789e+04 -6.829972993396531092e+04 -2.652339914827760731e+04 -7.053969008508218394e+04 2.108620045659361931e+05 -1.088900561385466950e+06 3.093990988999097317e+04 2.885400965542808262e+04 8.634417348819602921e+03 -8.229624858936269902e+02 -7.977515890958977252e+03 1.418766926801020782e+04 -2.635228179999850909e+04
2.375654015894236181e+03 8.247372165875307473e+03 9.849777153435152286e+03 4.651268740089720950e+02 -1.817832260375399756e+03 -5.359134017002453447e+02 -3.551905119535712583e+04 6.035473005056535385e+02 1.052606895002260444e+03 2.003204457240337433e+03 -3.490067865810893636e+03 -1.375411508056988623e+03 8.223890571037819086e+01 8.158653747404910064e+02 1.228328511558880223e+02 4.166099980833479094e+03 3.669165903485982653e+03 8.829017715616535042e+02 -9.544663542067844446e+02 -1.218870139394342459e+03
-2.526453035560741046e+04 4.444472669138552010e+04 7.377008612880374130e+04 1.667412331157379376e+05 1.493705606932060800e+04 1.466414314343673410e+06 -2.802717923809582771e+03 -2.346521660321276795e+04 -9.237804425527285275e+03 3.232638898700806749e+04 2.991672128163318121e+04 -1.749737816649088927e+04 4.957015334456363576e+02 9.101359860904086963e+04 5.358278815693398064e+04 5.187350187974319851e+03 -1.797233859911886611e+04 1.889587042832405132e+04 -4.458338193041580962e+04 -5.903833228715079713e+03
-2.623853637316298409e+04 2.047041631493327804e+04 3.627079489777010167e+04 7.129926545710876235e+04 1.062605771080613886e+04 5.796847317240589764e+05 -4.172834068833213678e+03 2.732907392652008275e+04 -2.292578542768286716e+05 1.767740278729273705e+05 7.445670325117805623e+04 -5.307212425468800939e+04 3.436847445553461057e+03 1.493247952225922490e+05 1.188969372779008118e+05 -1.682971306162758265e+04 1.914064229661255376e+04 -3.403565337799436384e+04 -5.653427357050474711e+03 4.445267873576252100e+02
-4.589368464421357930e+04 -1.203300022316408649e+04 6.078931012906601609e+03 6.449570804826877065e+03 6.258107180087364395e+04 -1.690336489392045905e+03 -2.466131763986879832e+03 -5.761857160954552910e+02 2.130652173283455397e+01 -9.065215702016051864e+02 -4.412910171075056951e+02 3.337734950169694343e+02 -1.240196484897655438e+02 5.811739553175121955e+02 -3.358678130788852627e+02 1.142204032571900143e+02 8.788563715340114868e+01 3.897369094780199106e+01 5.515875041685844735e+02 4.181866744270756158e+02
-1.859547225666108352e+04 1.305848120356082472e+04 1.488504962108551808e+04 3.606527418684694567e+03 -1.120077725008744892e+03 -5.188286328075968186e+02 -1.100174438888644545e+04 6.906189554071172097e+03 -3.390522137554810911e+02 -3.637490990704020078e+03 -3.345359012699590494e+03 -1.285633767094003088e+04 -1.753430728333374873e+03 -1.648371568201219816e+03 3.094895801019979444e+03 -7.004751192117385472e+03 1.121248422884981301e+04 1.891021369184556306e+03 -5.317399126149233552e+02 -2.527044639691134762e+03
-4.142454675950141245e+04 3.523850570149484702e+04 -2.515506530893176750e+04 -4.466433699781152427e+03 3.209028064838177670e+03 1.699567357136365217e+03 1.763476369302904459e+03 4.092785316881571816e+03 -4.750326482840349490e+04 -6.440203181907714315e+04 -2.928720186911208657e+04 -7.725173647918448296e+03 3.226093495274218185e+03 8.890972319773056370e+03 5.042511881140102560e+03 6.726269444693120931e+03 6.023368736693601022e+02 -1.096511664455956407e+03 -5.759330611979779860e+03 -1.424599122030882199e+03
-2.246364559533976353e+04 8.397862844770121228e+03 -4.411237935720378118e+03 4.594972372054367588e+04 -4.967374054521455946e+03 -4.196941512074264210e+03 -7.560206942144676532e+02 5.465575825761784472e+03 3.309450658656328415e+03 -1.410574322293292198e+03 1.428585494956216507e+03 -8.379731585557887229e+03 -6.072112492117287275e+02 2.071363177969601111e+03 -2.180145692290060197e+03 -2.615831510459140077e+02 1.440230558109929007e+03 -1.033106445246304247e+03 -1.157591138914637696e+02 4.389993322503441391e+02
-4.602943147526719258e+04 -1.264689863789240917e+04 3.977983541881246310e+03 -4.699698354103416165e+01 -4.530022228453654520e+02 -1.513452401315360305e+02 -8.306502588745566754e+03 2.768450996686508006e+03 -2.053515310426852011e+03 -3.485854513877726276e+03 -5.982718044148910849e+03 -6.529510876289482439e+03 -1.815652155286428751e+03 -4.565033017427119375e+03 5.397040189435898355e+03 -3.505207940036319633e+04 -2.350753317250121108e+04 -1.858441280671967775e+02 -7.520672148716734000e+02 2.543486747477951724e+02
3.550209386646162670e+02 6.652131211860849362e+03 1.029890435583353428e+04 1.438859781114494581e+04 -3.175146905249363499e+03 -2.376280890693275069e+03 5.205631236852414077e+02 -2.368537909907845824e+04 -3.740464266879569095e+03 1.081980400347507839e+03 -2.243197087305500645e+03 1.775997189523323414e+03 -5.345184795330921190e+01 -1.546114259041417654e+03 1.624920374291710914e+03 -1.143019763250857295e+03 1.298556862454682005e+03 5.208983019236017071e+02 1.661330909510874676e+02 2.019362295699557762e+03
-1.641608874086479409e+04 1.781503969921320095e+04 3.391932557508655736e+04 3.004647648016687162e+04 2.499917312753505539e+05 -6.692097632385708494e+03 -5.099177230338959816e+03 -4.633045393007048915e+03 3.300533643941049377e+03 2.482476980786642343e+03 7.369656543700307338e+02 1.217177745181498267e+03 7.091833332843809785e+02 1.185158462462909029e+03 1.749086552626278603e+02 3.980901744452095841e+02 -4.526640136990729388e+02 5.478677905212877874e+01 -1.976800365014091767e+03 1.416439360140808787e+02
-1.619012232418894564e+04 1.167388886832067328e+04 1.570814006113364303e+04 6.146488766056284476e+03 7.235715935488046568e+01 1.664999090892806635e+04 -4.051353131820952058e+03 1.062468287843874714e+04 -3.794629114931698132e+04 1.430836995288769867e+04 1.764462822307007400e+03 -1.230654546336856129e+03 -5.666841002252881481e+02 -2.336666391421555090e+04 -2.702476406386033341e+04 -1.153395796609384888e+03 1.135757853106358880e+03 1.506999730857168345e+02 3.354537652212393823e+03 4.005475140499658551e+02
-2.119948016309009836e+04 1.469100412008125022e+04 1.544814869070037457e+04 1.054610919582365386e+04 -1.941912440856872990e+03 -1.397663830358631230e+03 -6.802528419613025790e+02 5.430407783013311928e+03 1.346690284042608027e+03 -8.766397556630890904e+03 1.694430427255701215e+04 -2.109651192769106729e+03 -5.925071502640466861e+02 6.082452747725925519e+02 -9.586174563033026743e+02 -2.015264408634408937e+03 1.542669483269008197e+03 -2.944939084647186860e+02 8.065294397222354519e+02 -6.951379897616621975e+02
-3.974917303996800911e+04 2.992474114119260776e+04 7.071599825384917494e+04 2.119786576615697704e+05 2.921329843516815163e+04 2.260459814969441388e+06 -1.914860276708381571e+04 -1.197141876558182703e+05 3.777748173153723474e+05 -2.296517968083749874e+05 -1.297108764629842626e+05 6.304044928217919369e+04 5.534690031535938942e+03 -1.422523746465898002e+05 -6.509183787714028585e+04 -5.075145329514676996e+04 9.022648044844013930e+04 -1.260102463768135494e+05 5.543411406090674427e+04 7.031130045779574175e+03
