-4.937436794480635581e+04 -1.552693004182296863e+04 1.429171102151694868e+02 -1.206170257226665854e+03 -5.596121932834569179e+01 7.454765285873762082e+01 -3.968483065668937115e+02 -4.309849629902060109e+00 2.794592319419160731e+02 3.841268738092000490e+02 -7.032768072979257212e+00 2.593541786995670577e+02 5.507947543916948518e+01 9.356699419327881628e+01 -6.267319030214885345e+01 1.085637538256377894e+02 5.747928943941861490e+00 9.159481776473558057e+01 -1.202387676127346516e+01 -6.522732150103698814e+02
2.099516741209057727e+04 -3.093364033741015646e+03 -3.395691636136347370e+03 -4.312911789119762034e+02 1.632687364636464338e+02 9.576807014317850530e+01 -9.449594546638076054e+01 2.137857713486534976e+02 5.141670560520749333e+00 -4.420233273807560437e+01 1.123770718557506996e+02 4.006626892846769294e+01 4.025074445737211626e+00 8.525686935966733770e+00 -8.427280844294363860e+00 8.718364242640749495e+00 -3.282687198009152496e+01 -2.476357183964069009e+01 5.119357491505018842e+00 1.808539404040424792e+00
-3.193324187727597291e+03 1.113904287500545252e+04 1.776476852294411219e+04 -2.085170180535719737e+03 -7.264088322600894116e+02 -2.644239214805243705e+02 4.519250005230124771e+03 1.206644529427564294e+03 6.486090294435667829e+02 8.506319695909486427e+02 -2.300787423387498620e+03 -6.102455565573352487e+02 -4.194493833888839340e+00 9.831561327639448109e+02 -8.240434023903684420e+02 -1.778448453211092328e+01 2.275162450164444294e+02 9.811393439123686733e+01 -4.998663222400799100e+01 9.144724965674699035e+01
-4.260884381515413406e+04 3.583845711061851762e+04 -2.622703044880230300e+04 -5.116348881367162903e+03 9.131492355990175156e+02 4.989466028610786452e+02 1.728089062074048343e+03 -2.218063471564303200e+03 3.045087967766472161e+02 8.542231698176959753e+02 1.106506829984626620e+03 -7.827905321874138167e+01 -1.471079355235328023e+02 -5.321541472760484339e+02 1.064920354321590956e+01 1.449723910768412054e+02 -3.402877323967563257e+02 -7.182566159146961127e+01 -1.418890796186599914e+02 -7.905733886993589294e+02
-1.496770765289411611e+04 8.179845920104759898e+03 -1.208513021738300722e+03 4.302998277787848201e+04 -4.861541475518959487e+03 -3.757570426527689506e+03 -4.054292346570904897e+02 3.690549344248018770e+03 1.931017641612286297e+03 1.679566493980003372e+02 -1.234217090622558999e+03 -3.353282042226904650e+03 1.184847674490820140e+02 1.524689229699867610e+03 -1.421008757001792901e+03 1.407867033911490353e+03 -1.373899137831565213e+03 -1.273504188505744423e+03 -1.557917007157855664e+02 2.211339973282818221e+02
-3.390361032988087391e+04 7.461490853905177210e+04 1.565464070198635163e+05 6.688038500037605409e+05 9.269461209923577553e+04 7.429178814210163429e+06 -7.226347487304396054e+04 -6.452495208701075753e+05 2.697222315995696001e+06 -1.839428319571936736e+06 -9.099011106334049255e+05 4.952719504703676794e+05 -1.449154183666315657e+04 -1.352397542225514771e+06 -1.006791201424730825e+06 1.677897437323605482e+04 5.029670213864884863e+04 3.157114726211919697e+04 3.748489633779013529e+05 3.634773474928404903e+04
8.979101681619620194e+02 6.785907301782161994e+03 1.057396889268350060e+04 1.422273794450045352e+04 -3.237300828649448704e+03 -2.383235252063360804e+03 3.969590107705831201e+02 -2.403615712646915563e+04 -3.793143044487666884e+03 8.749726815684668964e+02 -1.723667186421364704e+03 2.316987093297920637e+03 -8.835299346471673587e+00 -1.015581559674610617e+03 1.240423469374931074e+03 -9.315545166536450097e+02 1.247485348947836428e+03 2.596981595444199229e+02 1.006462713838446632e+02 3.181278821289185089e+03
-1.647305053727971244e+04 1.746456503427818461e+04 3.264841207009941354e+04 2.837607478542299214e+04 2.331496947451460874e+05 -6.368543462013871249e+03 -4.748292577293246723e+03 -4.077668205530622799e+03 3.137384743019154939e+03 2.014524435061107397e+03 6.365722347173233402e+02 1.030153511668393776e+03 6.139265895720308208e+02 1.080326754835357633e+03 2.049501247954402743e+02 3.645862257961532009e+02 -4.208535761931287311e+02 6.816353769887238911e+01 -1.625653456702137191e+03 1.232078337994026640e+02
-2.629914769020459062e+04 4.340758486637173337e+04 7.355193699487841513e+04 1.699724777261544659e+05 1.595678766688114592e+04 1.523131850102656288e+06 -3.970281126900598792e+03 -3.034014310697030669e+04 1.840595427025126628e+04 1.361366143019499214e+04 1.851475001416050873e+04 -1.174467620587159581e+04 8.556292833092293222e+02 7.435174337649581139e+04 4.510602915450010187e+04 1.191721367751383923e+03 -1.024385152429322625e+04 8.545433513671361652e+03 -3.743927507389276434e+04 -4.979907280536889630e+03
-8.949837564426930840e+03 1.675015473712414314e+04 2.576999927315023160e+04 6.305758835828852398e+02 -2.039581837526336130e+03 -7.535730844590866582e+02 -3.328087140131872275e+03 -4.957841412340305283e+02 -9.399331303708536325e+02 -8.867838713775043288e+03 1.807102649160903820e+04 5.863518915819275207e+03 3.457761287574404605e+02 5.041047538343456154e+02 -3.402540581008562981e+02 -7.259774330869507253e+01 -1.592126521060997675e+03 -5.337425345212542425e+02 8.351679991720324097e+02 -7.051909842371870809e+02
-3.807423454575476626e+03 1.554361011610201058e+04 2.237064943686972401e+04 -3.005777530358278455e+03 -1.031606342590871691e+03 -3.031812061730963705e+02 1.309987924061861122e+03 1.817183262205311166e+03 8.204091156029088552e+02 8.669515624882775455e+02 -2.251992564285146273e+03 -4.750077183622819916e+02 1.105154635798565188e+01 8.559249317967096431e+02 -7.527186054734947902e+02 8.594726338914006192e+01 1.852480031491442958e+02 -2.020727724513358226e+01 1.229310540837883536e+02 1.119323890851787979e+02
-2.678539413606606104e+04 5.325382891371605365e+04 -3.307444292384217988e+03 -9.387730226901847345e+03 -1.357936688363173971e+03 2.040591294021252793e+02 -1.145391783892345120e+04 -1.804826060162588647e+03 5.865256165932062231e+02 3.248960384444872034e+02 1.625049150220063211e+03 2.154710493624920218e+03 1.707897828978522341e+02 1.523191314202714921e+03 -1.237859623798299026e+03 8.905741122015463134e+02 -6.387734416866104539e+02 -6.316572119289804732e+02 1.156879226716425535e+02 7.061908816299334148e+02
5.651116674977562980e+03 2.187949196468039736e+04 2.374065465503956511e+04 -3.796829424097988067e+03 -3.950394700491731783e+03 -6.170412672834424939e+02 -5.881526802800136647e+04 -2.131405096065349483e+02 9.717470005767636394e+02 1.425612516246592122e+03 -1.694305946550356111e+03 1.013407235494307315e+03 3.894908322807240779e+02 1.984606634909941704e+03 -3.938184855718524773e+02 5.145553126560326746e+03 3.206079286232225058e+03 5.529157329910723320e+02 -1.022970691468560062e+03 -5.104406071453685172e+02
-3.944615075057548529e+04 3.949240504387723922e+04 -2.751016115480473309e+04 2.536793218655256715e+04 -1.977433979888579415e+03 -1.578570875840435292e+03 1.103756454043920030e+03 1.982755331144702359e+04 5.229547842205477082e+02 1.366890665181052555e+03 -5.841792852674328969e+03 2.994932550474643722e+04 7.759444424761036316e+03 9.109296875436906475e+02 9.843801335891108465e+03 -2.763917942046723510e+03 1.488905790478037716e+03 6.771146408036550383e+03 3.635305219171279987e+03 -1.255483537655595399e+02
-4.142454675950141973e+04 3.523850570149484702e+04 -2.515506530893176750e+04 -4.466433699781152427e+03 3.209028064838178125e+03 1.699567357136365217e+03 1.763476369302904004e+03 4.092785316881572271e+03 -4.750326482840349490e+04 -6.440203181907712860e+04 -2.928720186911208657e+04 -7.725173647918447386e+03 3.226093495274218185e+03 8.890972319773056370e+03 5.042511881140103469e+03 6.726269444693120931e+03 6.023368736693599885e+02 -1.096511664455956179e+03 -5.759330611979780770e+03 -1.424599122030882199e+03
-5.569963073253937182e+04 4.000524081454399857e+04 -3.540128080195653456e+04 3.386319163456542447e+04 -2.646326352393198704e+03 -2.978421476435594741e+03 -1.702351305725791235e+02 1.327873263919393503e+04 5.935383108813371109e+03 -3.183994423268694391e+03 6.244542103277306524e+03 -1.249485013510049248e+04 -9.808736907070554025e+02 3.113819815720318729e+03 -3.199804087729558887e+03 -1.210436065684011282e+03 2.932243729220827390e+03 -1.852565111011800127e+03 4.739180552032482296e+02 9.570104494953681069e+02
-4.547168776257080026e+03 3.765129324426884978e+03 5.952057579336410527e+03 8.912410702801809748e+03 -1.823060823951405382e+03 -1.352166417331404318e+03 1.746671543998859534e+03 -8.748355857539736462e+03 -6.658645477892920326e+02 1.468610697540712636e+03 -2.017860991653832116e+03 -1.088615579027899400e+02 -2.745899784689189715e+01 -2.386376673855099568e+02 1.224128677209040035e+02 -2.282273257456559534e+01 6.788788724114850481e+01 1.590068197097248230e+02 -8.303804279273006728e+01 -1.123603596979015947e+03
-1.565308818826778042e+04 1.510309361996446569e+04 2.669913722387505914e+04 2.029722318137588445e+04 1.603472847325682233e+05 -4.850448272068863844e+03 -2.920080594967135312e+03 -2.163856524843046827e+03 2.268056715755915320e+03 1.847081694816602919e+02 1.715060463031065296e+02 3.404483086326216039e+02 2.407272130691121106e+02 5.660200377030620302e+02 3.321019754309941163e+02 8.681056966963875254e+01 -1.106513175226916985e+02 -5.927020020772140896e+01 -2.994168038663023026e+02 -4.551292092528330002e+00
-4.652826525879964174e+04 1.213875997741946594e+04 -1.497227857815345851e+04 1.345709557168084211e+04 4.471887188175832080e+02 -1.185010782554809055e+02 -7.630248442538735389e+02 1.633801164408109616e+04 -9.797532356457282731e+03 -1.053902465531744929e+04 -9.656823082100312604e+03 4.630159880680538481e+04 -3.338072353093387792e+05 1.376737695154908943e+04 9.763020230155527315e+03 -2.857343737577644447e+02 1.230069856274206904e+04 -3.988842011714605633e+03 1.011427503527930457e+04 8.122767063450439764e+02
-9.045574359854301292e+03 2.509472781560664771e+03 6.052602049672834710e+02 8.564211321167173082e+03 -5.749691222825024397e+02 -1.042737895624301473e+03 -5.479558260491886585e+02 2.337874444150977524e+03 2.716819043223619701e+03 -5.838273971440327841e+03 9.895888114277095156e+03 -2.375673958914053947e+04 -4.361648984331933207e+03 -3.282483414749741769e+03 -9.360360308197105041e+02 -2.595746211705441601e+04 3.979367801747011981e+04 2.336766508746085674e+04 -3.981866910769650531e+03 -2.856470254596074483e+03
-2.637712611841231774e+04 2.065625059015233273e+04 3.664486018374177365e+04 7.097488150192667672e+04 1.086010801310856550e+04 5.824391011195352767e+05 -4.207841628757557373e+03 2.804286897510347262e+04 -2.356633194334594882e+05 1.816823048237577023e+05 7.691725598730356432e+04 -5.494390801185928285e+04 3.561546630937215014e+03 1.539390266527822532e+05 1.229623948299429903e+05 -1.730033431893339002e+04 1.970599217613479414e+04 -3.504527170932577428e+04 -5.970847548192471550e+03 4.142238663375156307e+02
-2.081303823523509709e+04 1.817157416201244996e+04 2.201060758109213566e+04 4.077177566681605094e+04 8.554490850500491433e+03 4.733763754826344666e+04 -3.403484791888219206e+03 4.652069384642329533e+04 -1.432079830899474910e+05 7.464975937167486700e+04 2.615881343345425194e+04 2.465849558045705999e+04 -3.992497341237764886e+03 -1.201239800959517161e+05 -1.277858689853067626e+05 1.798070703808469625e+04 -2.675841434647993083e+04 3.179403125142637145e+04 -8.951835829721749178e+04 -2.500594444517755619e+03
-2.934984718489591251e+04 3.529005710724370874e+04 -3.879417226382004174e+03 2.623539799578597740e+04 -2.117943156101464410e+03 1.142999349611210846e+03 3.379084131779644395e+03 4.211164994506248331e+04 -2.047671812007622793e+04 1.973260644185449337e+03 -3.474730530785872543e+04 1.360140843644626439e+05 2.927954929274403912e+04 -1.380848875477679212e+04 5.531747340678847104e+04 -5.499332642076655611e+04 6.981986002754280344e+04 2.113884719025416416e+04 3.440113136621358080e+03 -4.255554858777675690e+03
-7.243859777403076805e+03 1.669080262827155093e+04 2.598541368485004932e+04 1.361298952021678997e+04 7.364666430159324591e+03 1.399129932407291781e+05 1.134473870154196675e+03 1.053197447510243182e+04 -8.365420321534338291e+04 7.050647850597908837e+04 2.825868233850336037e+04 -3.006308806274439485e+04 8.138264953502847447e+02 7.396074165451215231e+04 7.239677663193075568e+04 8.855395008302598399e+02 1.073180536385832738e+03 -5.892674291678177724e+03 -9.367446865460235131e+03 9.127502026492442155e+02
-1.047163826279943351e+04 1.058479780399217998e+04 1.574643661218928719e+04 2.313846052079715264e+03 -6.992135969151023573e+02 4.972960182340809610e+01 8.136544916973801946e+02 4.217131965720742301e+03 2.918415601858635000e+02 -5.221347531065839576e+02 6.566624587378868227e+02 -5.293453100255713252e+03 -9.120306814307909917e+02 -1.465055461957005718e+04 1.222300707686895112e+04 3.582889973639933032e+03 -8.220459906291869174e+02 1.062486471363870777e+02 1.069552179935540153e+03 3.012255842168100344e+02
-3.937153958005669847e+04 9.400567375560969595e+03 2.847170868239001720e+04 -7.704187854615644937e+03 -4.774978464673319650e+03 6.019810164568499431e+02 -9.283654984462929133e+04 9.804378563949621821e+03 -1.180067871268931231e+04 -9.444628457886306933e+03 -3.087097540681489045e+04 -2.959314100704528391e+04 -1.036357618702884065e+04 -4.091347559392799303e+04 4.181658393500300735e+04 -5.402395853004804812e+05 -4.130519698641551659e+05 -2.224136468164364123e+04 -2.088010960122930919e+04 2.494672799212529571e+04
-1.613696341572943311e+04 1.159679297387172301e+04 1.571213912910665204e+04 5.867580087913620446e+03 2.452083605961809099e+01 1.651291556981730901e+04 -4.063758493970163727e+03 1.038270316225082570e+04 -3.738622704429885198e+04 1.400634308430288002e+04 1.682779568253375828e+03 -1.454747188269087928e+03 -5.580605998848175204e+02 -2.285624376524893160e+04 -2.649285460034571224e+04 -1.264600276162996579e+03 1.298897233310070305e+03 -5.197463577703718585e+01 3.839048396433591279e+03 4.140116951926571005e+02
-4.845906946254375362e+04 -1.541523263928261804e+04 9.509609509153958129e+01 -1.432757177856062754e+03 3.801053285195167319e+01 1.423862760549636164e+02 -7.656179131558952804e+02 1.711450747720085701e+03 3.726066103708630521e+02 -3.168971511066503126e+02 5.590461326870284893e+02 1.677205320035806153e+02 -4.113583385921820081e+02 3.642000702848860101e+02 -1.300889499116714489e+02 -2.734173624433973373e+02 2.944068136175727091e+02 -6.729576158142328950e+02 2.386357765459665359e+02 2.133452778161314200e+04
-2.014504633504053345e+04 1.062716118458732308e+04 2.187704603092172692e+04 -4.004992194874649414e+01 3.034039012240795273e+03 1.463018706878956982e+04 6.418620641592955280e+02 1.249289990751801452e+04 -3.150278965936684835e+04 1.978632355256641677e+04 6.865371924112105262e+02 1.736591445204674164e+04 5.441890239574639054e+03 -2.966854747822355785e+04 8.864651243631264151e+03 -4.525492308549598238e+04 7.173357789663576114e+04 -1.147044286590801057e+05 -2.054939385332366146e+04 -1.202087136806821263e+03
-3.770983126473466837e+04 5.487385780222576614e+03 1.397230955163091676e+04 2.078126879706950422e+04 7.888132223667610560e+03 5.041418500662119914e+04 -7.442846384545428009e+02 4.519229222614926402e+04 -1.758634299516984902e+05 8.380269460526382318e+04 2.220801421463676525e+04 2.007865925857896218e+04 1.205491776937907707e+04 -3.255078927226952510e+05 -2.339856602635043964e+05 -4.201601559623531066e+05 7.102285857723297086e+05 -2.104463607909047045e+06 -2.177633794808288221e+05 5.090580878107423814e+03
-8.273391153557990037e+03 1.212689636675432848e+04 1.945286819315862158e+04 6.787625798645112809e+02 -9.820252324300505506e+02 -4.178770290600497219e+02 1.468484838343469846e+03 2.025532665451999947e+03 -4.757285706390745190e+02 -5.675572609648392245e+03 1.121651127669655034e+04 2.790269951001505433e+03 1.470208161535004194e+02 -4.445593082275238999e+02 6.324098511419531121e+01 -4.123313246904294260e+02 -1.351334898113721238e+03 -2.594087232112368042e+02 5.596881407655156409e+02 -1.059244234983053502e+03
-1.565431860897010483e+04 1.021999815884061536e+04 1.179740651223026725e+04 2.346213713229607038e+03 -1.086107606658901659e+03 -5.599716063191060584e+02 -1.399614024867304579e+04 2.952116945742137887e+03 -1.992692129882280824e+03 -2.888164469709504374e+03 -7.301874075604537211e+03 -7.402089494802120498e+03 -1.869880277507742221e+03 -5.547891574685118030e+03 6.114283808092419349e+03 -3.519455290090429480e+04 -2.378787923844264878e+04 -1.162953781752269435e+02 -6.242019605014401122e+02 -2.981934544794703470e+02
-4.332376167140884354e+04 4.873417784566304908e+04 -1.491819379816078981e+04 1.183625997982947010e+05 3.774330498322490166e+04 3.272267325405126940e+03 -6.657788197464812583e+03 1.238686921783806029e+05 -1.073264803249460820e+05 -3.239254324847713360e+04 -1.485637644755731453e+05 4.946661070626931614e+05 -2.562450987102032639e+06 7.993945496745551645e+04 8.424003479697836156e+04 3.541244295918357238e+04 9.498511284400306977e+03 -2.362886442389662261e+04 3.937337699184878875e+04 -6.968172246985540551e+04
-1.088619993337642154e+04 1.317526386142097545e+04 2.117236603755645410e+04 4.041711014244255239e+03 -5.259441840792405856e+02 6.075108892591435506e+03 3.246665308080390332e+03 1.386471470263610172e+04 -1.657775357397400148e+04 1.271832615328546672e+04 8.999109552614088898e+03 -3.711002903894228075e+04 -5.679937055062571744e+03 -1.089361498368091852e+05 1.247252232001722587e+05 5.592142791276628122e+04 -1.657627994533283345e+04 7.314047632459645683e+03 -4.732871350326958236e+03 1.832988135824754863e+04
-2.355240860195222922e+04 2.193236164615536836e+04 8.665838159947419626e+03 7.285925159632833129e+03 2.029555593402915110e+04 3.695059892456538364e+04 -2.855003850428570786e+03 1.738238149874561714e+04 -1.044293770066647412e+05 1.205245788668794557e+04 -2.739934964526057684e+03 -2.279072664404812713e+03 3.417105204766735369e+03 -5.493628701567399548e+04 -6.321604390964093909e+04 -1.701395495984951413e+04 2.027909226414546356e+04 4.439330328294554056e+04 2.264028193609872251e+05 4.520898128988620556e+03
-5.917733681436832740e+03 1.160873482327626516e+04 1.552056739688403832e+04 1.597158499428090909e+04 -4.038309072780845327e+03 -2.768082484665468201e+03 -4.471398648253590181e+03 -2.460729001462017186e+04 -3.839501539703960134e+03 -1.541021796417389623e+03 3.279353375366919863e+03 3.507629998374082788e+03 2.441082306820263170e+01 -7.230760204796794142e+02 1.161828777280926033e+03 -9.251743653941801995e+02 1.369452145660753558e+03 7.836755031782580261e+01 3.993555677695027839e+02 3.361842653484663970e+03
-4.836992240389405197e+04 -1.510038515937217926e+04 6.485582796995743138e+02 -1.243647397775506079e+03 2.187948515308064259e+02 2.793060807963039451e+02 -9.233008222146580692e+02 2.888137910220156300e+03 -1.590919429186531306e+04 -2.505953811081290405e+04 -1.208718186791594599e+04 -3.707236286982930778e+03 1.059805377214528562e+03 5.789321719150727404e+03 3.361671386563539727e+03 4.698213506425848209e+03 9.623084738250083774e+02 -8.872133592910867037e+02 -4.759487787931085222e+03 2.746193540742823984e+02
-2.643763552898166745e+04 3.733526593055090052e+04 6.763889405942482699e+04 1.420863090887261205e+05 4.313969502724552149e+04 1.271015833814267302e+06 -1.308669935687625548e+04 9.499174306960003742e+04 -1.141569845409028232e+06 9.370813689726606244e+05 4.408323173746695393e+05 -4.719446091059840401e+05 1.800154699702349899e+04 1.400029016413799254e+06 1.067892005748613970e+06 -4.399176234783912514e+04 -1.709472291622325429e+04 1.811669281306827033e+05 1.144675960023254156e+06 7.039145206546309055e+04
-4.671644323815371899e+04 -8.833421144162353812e+03 -1.316056677328759179e+03 2.173438275559758767e+04 -2.098462895800227670e+03 -2.010084638459700500e+03 -3.622622482187003243e+03 1.541245215691823796e+04 5.479739826316340441e+03 -2.392003593591393837e+03 2.052666039841050861e+03 -2.516322868954957357e+03 3.772502049914236977e+03 5.133511418345481616e+03 1.713029432046041165e+03 1.643663608952853610e+04 -2.328164593565207906e+04 -5.591206601450366725e+04 4.843004162574758084e+04 -1.023217144902201289e+04
-2.463843174383780570e+04 4.781497636392385175e+04 -9.055427407418559596e+03 -9.703246523195233749e+03 -2.419883471795374135e+02 5.211126068301113037e+02 -3.956126457184087030e+03 -1.070029221226625680e+02 8.780980546922504573e+02 2.816446865727707063e+03 -3.844376395845247316e+03 -2.813526044668710142e+02 -9.750255631000513290e+00 7.464819417978608271e+02 -9.328631404667995639e+02 5.235023736694704439e+02 -3.643303372455889644e+02 -3.403346392069643116e+02 -1.146272187498791908e+02 3.518391357096132879e+02
-6.118336392702911326e+03 1.452206687512630015e+04 2.340050961585958430e+04 1.199350341036896225e+03 -1.123241511912967098e+03 2.269370024592397021e+04 5.795489780464055912e+03 3.888810507206580041e+03 -1.023432068559430263e+04 6.493218951238087357e+03 1.208137926587759284e+04 -1.161099909373802575e+03 -9.477187574415289362e+01 8.841339043272519120e+03 3.430627229176386209e+03 2.299591145979503835e+03 -5.724401449383263753e+03 5.060910923070790886e+03 -2.027118132546699781e+04 -2.315717861225049091e+03
-4.170324232268446940e+04 3.592800288983647624e+04 -2.631111025582168440e+04 -5.215194680268988122e+03 9.961860748760464048e+02 5.561228440108310451e+02 1.341938083209331353e+03 -4.304916567621631884e+02 4.213094467389594797e+02 1.276632886864747860e+02 1.716021576201648713e+03 -2.214880664581806684e+02 -6.278360627224361679e+02 -2.600806059232396592e+02 -5.757933517513069432e+01 -2.423856012809914091e+02 -3.644378215321172121e+01 -8.380023343760741454e+02 1.149647840141556401e+02 2.120631091592619487e+04
-1.335784412477532533e+04 5.392653224570921338e+03 2.971616937562581370e+03 1.905387220489508400e+04 -2.967550780421677700e+03 -2.583561633666754005e+03 7.440411009900007002e+02 -2.025390919334139471e+04 -1.802770929451634402e+03 4.385586316204738068e+03 -5.493329614280697569e+03 -1.757388606066574539e+03 4.256477700449544841e+02 -5.472627718535205531e+03 5.260608814052413436e+03 2.075946158333255880e+03 -5.314070374452279793e+03 -3.959156515725744612e+03 6.026868224275362081e+03 -8.006412039263304905e+04
-4.589368464421356475e+04 -1.203300022316408831e+04 6.078931012906598880e+03 6.449570804826877975e+03 6.258107180087364395e+04 -1.690336489392045905e+03 -2.466131763986879832e+03 -5.761857160954552910e+02 2.130652173283455042e+01 -9.065215702016051864e+02 -4.412910171075056951e+02 3.337734950169694343e+02 -1.240196484897655438e+02 5.811739553175121955e+02 -3.358678130788852627e+02 1.142204032571900143e+02 8.788563715340113447e+01 3.897369094780199106e+01 5.515875041685845872e+02 4.181866744270756158e+02
-3.693362921503016696e+04 3.490806388019811129e+04 -1.828454834394189675e+04 -2.109222879149692290e+03 7.626705806508817659e+03 2.608736018557970510e+03 6.221800443661671807e+02 3.163246088229646830e+03 -3.475442836133103992e+04 -3.880449584930526180e+04 -1.642586514332904699e+04 -4.289599030712115564e+03 2.033627944654602516e+03 1.236627238171021418e+03 -7.002330422075460774e+02 -5.684929714560919365e+02 -2.118567939351984933e+03 -3.890824684746002617e+02 -5.678970372723197215e+02 -1.617232010925172972e+03
3.746973160122689023e+03 2.652317954581521553e+04 2.346029159606683606e+04 -6.646511466511172330e+03 -4.183702214710055159e+03 -1.169805102144090228e+02 -7.641903516135503014e+04 4.097604150077600934e+03 1.974543662456343782e+03 7.117420238977972986e+03 -1.312492838026994832e+04 -3.537538239449903358e+03 1.718887399583472870e+02 1.194608219258948338e+03 -1.170364369711317778e+02 5.174013177668914977e+03 3.447529355432905959e+03 8.582267939536390031e+02 -1.714933119850373942e+03 -9.714949353375648116e+02
-2.408353520905942787e+04 2.579935649114631451e+04 1.720750631250813240e+04 3.007831917064302615e+04 3.844381309111721930e+04 1.772545793926037150e+05 -1.497249808001800739e+04 4.701581304711107805e+04 -3.750193786442371784e+05 1.005736153573317715e+05 1.134389659765550641e+04 -5.551949107928518788e+04 9.012998884525479298e+03 -8.348932941851795476e+04 -2.088926535841066798e+05 -3.495527787190514937e+04 4.522400412553703791e+04 8.404869804076000582e+04 6.602044144220042508e+05 2.213392217059195900e+04
-1.858589246880077553e+04 1.306009776497047460e+04 1.490147940693517376e+04 3.580041619684003308e+03 -1.122352913906317553e+03 -5.160031353589507717e+02 -1.107795820057226047e+04 6.904916452925737758e+03 -3.553216615249932033e+02 -3.642046299298766371e+03 -3.373610984148299849e+03 -1.287142278704144155e+04 -1.754782154009245005e+03 -1.654009849521476781e+03 3.110759804981008074e+03 -7.036369377687596170e+03 1.125131358498402005e+04 1.903520028747485867e+03 -5.351108899780647334e+02 -2.550258988988973215e+03
-2.149860497024833967e+04 1.428476420939804484e+04 1.459847002661700208e+04 1.138901686493088891e+04 -1.941064839971441643e+03 -1.438408445759240067e+03 -4.666613972823992071e+02 5.708761726851154890e+03 1.484170860236959925e+03 -8.151113975960923199e+03 1.563304819053273059e+04 -2.711765268166496298e+03 -6.257835358513697201e+02 5.396430129331563421e+02 -9.739710722686305644e+02 -1.920083166046211772e+03 1.618911995916752630e+03 -2.783382936327847119e+02 7.105560797811964449e+02 -5.511501277540456840e+02
-4.230074632648596162e+04 3.173283367173568331e+04 -1.181595865101451818e+04 7.022798172212296049e+04 3.528531896716216579e+03 7.898680008489934153e+03 -5.763680276387690355e+03 7.020235113786105649e+04 -8.040181862613800331e+04 -3.238103336256204420e+04 -8.247568561438926554e+04 2.313521132912283356e+05 -1.214324406624735100e+06 3.285774123662659258e+04 3.262960412621330761e+04 7.592509437942585464e+03 -2.003601040810386849e+03 -9.984261045926943552e+03 1.619860374059043897e+04 -3.105760709461279839e+04
-2.436483802557143645e+04 3.267222865612317037e+04 5.467944334848033759e+04 1.238246704467445234e+05 1.038165300575338188e+04 1.018446762935484410e+06 2.280250249014074143e+03 2.519107005407495308e+03 -1.155913174114106514e+05 1.060326528952555818e+05 5.682785977506061317e+04 -3.723477255232879543e+04 1.025845527575876986e+03 1.409752744410783926e+05 1.026381412046951300e+05 1.205873104956819589e+03 -1.100631420144206277e+04 2.008147975374210318e+03 -5.913037358805485565e+04 -4.723609915800650924e+03
-1.565175669917465530e+04 1.037644259473984494e+04 -1.667630020980941026e+03 6.158981579924328253e+04 -6.865283292094294666e+03 -3.251276966840755449e+03 -6.050602939691171969e+02 1.108745436956355479e+04 2.732517719645960952e+01 3.451786209646246789e+03 -5.470946489932744953e+03 4.505411922706241967e+03 -2.417337591659988618e+02 1.620026668319856071e+03 -3.200300196449700252e+03 3.416824956453412142e+03 -3.959475807026241000e+03 6.759097288283156786e+02 -2.887075872386480114e+03 5.387160026683326350e+02
-6.743691000363693092e+03 6.622226090557698626e+03 9.090621857233851188e+03 1.655737255543889114e+04 -2.820849385761128360e+03 -2.434181614667528720e+03 5.426943506471095588e+02 -2.034061585814630962e+04 -3.210237947421941499e+03 2.418276832009571990e+03 -6.023618920844597596e+03 -3.890708116254077595e+03 -5.607669381616118471e+02 -7.501084500095665135e+03 6.005133077933371169e+03 -3.651092261068386051e+03 1.992200920820348074e+03 3.589926442423581648e+03 1.019163635163701088e+03 -1.181608489145227577e+04
-4.604627741940411943e+04 -1.259906075228155714e+04 4.576054832466073094e+03 1.937791861520115390e+03 4.289908033490660273e+02 1.602205318481282848e+04 -3.010843108189031682e+03 8.336419234093516934e+03 -3.707189018879443756e+04 1.345619431214451470e+04 2.521004675497531480e+03 -1.771540826357301512e+03 -5.522307809826711491e+02 -2.169653438903723509e+04 -2.672028257042164842e+04 -1.423384993807663250e+03 1.885098753698848441e+03 -5.605461733229213905e+02 4.342865661380819802e+03 9.581481931211825440e+02
2.369822601096145718e+03 8.213987447262185015e+03 9.823709322304010129e+03 4.782430617801841208e+02 -1.815350392597834343e+03 -5.369707043406083358e+02 -3.549895046552854910e+04 5.966511628686820359e+02 1.052042098772452391e+03 1.998577780250361457e+03 -3.480644254688814272e+03 -1.373244653124873594e+03 8.237242653122005720e+01 8.167437192432500979e+02 1.234259194530414305e+02 4.171603974581305920e+03 3.674885714983498019e+03 8.843641144346892133e+02 -9.551714391091032894e+02 -1.221764456991992574e+03
-5.544346794224952464e+04 3.803269153584743617e+04 -3.272867569336590168e+04 1.623547572062590007e+04 -7.969540456910528974e+02 -1.413480206342758265e+03 9.749600149428833618e+01 7.097313305748971288e+03 4.030322996990197680e+03 -2.362479143582419965e+03 6.250422469908010498e+03 -9.278691069319535018e+03 -1.174130564628837419e+03 1.065136610139266168e+03 -1.476500209154728282e+03 -2.091648494375418522e+03 3.680872520480019375e+03 -7.781991134163131392e+02 5.896979580839434902e+02 9.059706055588254969e+01
-4.602943147526719258e+04 -1.264689863789240917e+04 3.977983541881246310e+03 -4.699698354103414744e+01 -4.530022228453655089e+02 -1.513452401315360305e+02 -8.306502588745564935e+03 2.768450996686508006e+03 -2.053515310426852466e+03 -3.485854513877727186e+03 -5.982718044148910849e+03 -6.529510876289482439e+03 -1.815652155286429206e+03 -4.565033017427120285e+03 5.397040189435900174e+03 -3.505207940036319633e+04 -2.350753317250120381e+04 -1.858441280671967775e+02 -7.520672148716735137e+02 2.543486747477951724e+02
-4.139254975734923937e+04 4.481058145175516984e+04 -2.854226595469416134e+04 7.265649193703857600e+04 -7.073855572616131212e+03 2.771791647340889426e+02 7.187977792358436773e+02 3.904259759137638321e+04 -5.396441798498382013e+03 1.049476324803692660e+04 -1.760507837311280309e+04 5.206110705263497948e+04 6.487869914161293309e+03 8.171958282758363339e+02 4.896995088240258156e+03 2.410814208178956505e+03 -5.048168551221263442e+03 1.307679159983052523e+04 -4.270657836264222169e+03 9.750236956541780273e+02
-2.355501195781553906e+04 2.426984973255989462e+04 3.045530167303907729e+04 5.912451571240432531e+04 8.350890648660182705e+03 8.631646067246637540e+04 -1.990197281742230189e+03 7.837111987679243612e+04 -2.531767388323282066e+05 1.347787085001167434e+05 5.998019736836872471e+04 4.462488080936217739e+04 -7.427769283151555101e+03 -2.174164048649182951e+05 -2.326986299964479113e+05 3.998201027050674747e+04 -6.119156957917978434e+04 7.300509332303369592e+04 -1.949312601985632209e+05 -7.287238835909097361e+03
1.020332670433068233e+04 1.827630668821288964e+03 2.578599370172937597e+03 6.099991530252625580e+02 -1.558542312671097534e+02 -1.446228380178913540e+02 -1.095908575957794028e+03 6.950103632417558686e+01 -5.532854045620043237e+00 9.279843792560454219e+00 -1.604648974391671743e+02 -1.540537414301895183e+02 -1.172588450461140575e+01 -5.218092536292690511e+02 3.836758499007844421e+02 -1.143579721309762220e+02 7.294490615060279026e+01 1.103970645476022696e+02 1.895528287441645716e+02 -4.540960912787369352e+02
-5.997660195180388837e+04 7.930090793973868131e+03 -1.875586608634862569e+04 3.454021522621312761e+04 -3.027287827201124855e+03 -3.076199312613710845e+03 -1.438862450853125210e+03 1.420407974769590874e+04 5.381576425654521699e+03 -3.898429419628366304e+03 5.360317091534712745e+03 -1.183163856912415577e+04 -7.985123537165222842e+02 3.353527288280516132e+03 -2.924179938695876444e+03 -1.372568796729467977e+03 3.343966070794614552e+03 -1.621986818616966730e+03 5.796022798439786357e+02 9.973098299672795974e+02
