2.097417835626035958e+04 -3.083688951855946016e+03 -3.383865700994422696e+03 -4.293201332309827194e+02 1.626581119572513785e+02 9.530541265126493045e+01 -9.630124497326151811e+01 2.136156339644761317e+02 5.136127077765156201e+00 -4.407648800301923586e+01 1.117851102726964996e+02 3.971827351071780043e+01 3.996249110271365534e+00 7.561789830583536265e+00 -7.726304966049654332e+00 8.521067353618501983e+00 -3.264042892832405585e+01 -2.454475349317633359e+01 5.388157080926752940e+00 1.564399466437473185e+00
-4.937438680126453983e+04 -1.552694372927447876e+04 1.429000340108283069e+02 -1.206169257040971388e+03 -5.595982103159808219e+01 7.454794678585071210e+01 -3.968448874730748912e+02 -4.310091832692824809e+00 2.794605405920829071e+02 3.841347951432651371e+02 -7.047878599567920510e+00 2.593485936637089821e+02 5.507908569435609536e+01 9.356654199185896914e+01 -6.267302099215500277e+01 1.085639997459351918e+02 5.749810998597986611e+00 9.159544795542335294e+01 -1.202463702460305406e+01 -6.522733360545638561e+02
-3.170570092242642659e+03 1.105007983478255483e+04 1.767010640992757180e+04 -2.063866012803713147e+03 -7.227296390823255479e+02 -2.644141188396822031e+02 4.575545928086300592e+03 1.185378756377559739e+03 6.428390967283023656e+02 8.404858363856673122e+02 -2.282390749801442780e+03 -6.042631998683776828e+02 -3.937330646810306867e+00 9.891779136575421489e+02 -8.268573067840625299e+02 -1.861345657044608615e+01 2.275052906400309212e+02 9.984203046121790237e+01 -5.300637193195276353e+01 9.202727807015912731e+01
-4.262801097669264709e+04 3.583433048501730809e+04 -2.623190087243747257e+04 -5.083386526858254001e+03 9.105128947342540187e+02 4.958710069743393660e+02 1.724989244803397241e+03 -2.203016379186015001e+03 3.111020540911226249e+02 8.482544595946606023e+02 1.116572051442723705e+03 -9.716514366113615608e+01 -1.502149201160360974e+02 -5.296404295481522695e+02 7.830350147430358732e+00 1.389389307543159191e+02 -3.299904710476321270e+02 -7.303490463579811376e+01 -1.414091079719445077e+02 -7.901833610355615747e+02
-1.553371596352424967e+04 1.048584348035658513e+04 -1.622474720594466589e+03 6.247440897445530572e+04 -6.965273173319658781e+03 -3.215822861539271798e+03 -6.080291421435744041e+02 1.142737082008153448e+04 -9.982317372188047955e+01 3.653669782889006456e+03 -5.744737097927799368e+03 5.016786145014331851e+03 -2.442502383297912729e+02 1.612861883053165457e+03 -3.274377640581360993e+03 3.555938463144135312e+03 -4.153084223751166974e+03 7.699457836217575277e+02 -3.027100910198796100e+03 5.500013019236924947e+02
-1.565308818826777497e+04 1.510309361996446569e+04 2.669913722387505914e+04 2.029722318137588081e+04 1.603472847325682233e+05 -4.850448272068863844e+03 -2.920080594967135767e+03 -2.163856524843046827e+03 2.268056715755915775e+03 1.847081694816602919e+02 1.715060463031065581e+02 3.404483086326215471e+02 2.407272130691121106e+02 5.660200377030621439e+02 3.321019754309942869e+02 8.681056966963876675e+01 -1.106513175226916701e+02 -5.927020020772140896e+01 -2.994168038663023026e+02 -4.551292092528329114e+00
-2.886879921071748686e+04 3.973672086035810935e+04 6.848013473723497009e+04 1.905642412780371378e+05 3.089337824533283492e+04 1.954926866214190843e+06 -3.452244944525480969e+04 -7.762829417484116857e+04 1.415559079342247278e+05 -1.041808901775944832e+05 -8.152178133477306983e+04 6.230385840032530723e+03 6.196789862887952040e+03 -5.649111292976611003e+04 -5.864236347942563589e+04 -3.961535336830776214e+04 6.463499789028579835e+04 -3.816334834185422369e+04 2.852076955369818024e+05 1.499341091320537998e+04
8.812531831037626944e+02 6.796702756412077179e+03 1.058575856112677502e+04 1.422497173651953381e+04 -3.238514388713552307e+03 -2.383908810370648553e+03 3.880128257775167526e+02 -2.403694567947153701e+04 -3.793347469359004663e+03 8.710037553604430514e+02 -1.715610773563091016e+03 2.319481826981554150e+03 -8.623371491524711274e+00 -1.015866792307965625e+03 1.240994498545007218e+03 -9.313036329932273247e+02 1.247142886793968046e+03 2.592250042040771518e+02 1.014868470454030671e+02 3.181416900225675818e+03
-3.390361032988087391e+04 7.461490853905177210e+04 1.565464070198635163e+05 6.688038500037605409e+05 9.269461209923577553e+04 7.429178814210163429e+06 -7.226347487304396054e+04 -6.452495208701075753e+05 2.697222315995696001e+06 -1.839428319571936736e+06 -9.099011106334049255e+05 4.952719504703676794e+05 -1.449154183666315657e+04 -1.352397542225514771e+06 -1.006791201424730825e+06 1.677897437323605482e+04 5.029670213864884863e+04 3.157114726211919697e+04 3.748489633779013529e+05 3.634773474928404903e+04
-2.463517738552751689e+04 4.780949202080922259e+04 -9.054632621464970725e+03 -9.701632915385600427e+03 -2.419001965227697610e+02 5.208467578585984938e+02 -3.946369541869884415e+03 -1.093195787964244658e+02 8.776837300710793670e+02 2.813991380864023085e+03 -3.839367164074953052e+03 -2.793744238661194004e+02 -9.669892297642519452e+00 7.470702877952413701e+02 -9.331932535765512284e+02 5.234471162294933038e+02 -3.643633020734912975e+02 -3.404487339687194662e+02 -1.143724848427143002e+02 3.520872959519820711e+02
-4.372437313835630448e+03 1.784563729027473528e+04 2.456549471683068623e+04 -3.091780561388079605e+03 -1.426755667281714750e+03 -4.275657299558665727e+02 -1.003037365445469277e+03 7.855840936809673849e+02 6.217551751150133441e+02 -3.982818503777733099e+02 4.871290966833635139e+02 7.839858101674471982e+02 9.568660261819789525e+01 1.247221461011281463e+03 -9.224742189146672899e+02 2.433845558502521840e+02 7.742649909839730071e+01 -1.357151556924719955e+02 2.322520550317827031e+02 2.671928946313858546e+02
-8.940642209943021953e+03 1.674865221096738242e+04 2.577143666822041268e+04 6.237919975928869007e+02 -2.041429516212378758e+03 -7.529092630546570035e+02 -3.326385282613173786e+03 -5.000384546652306881e+02 -9.416309851998563545e+02 -8.868898246337699675e+03 1.807458007301152975e+04 5.864749589828118587e+03 3.454574733674327263e+02 5.020349407301231963e+02 -3.393686749189186003e+02 -7.469035171872333478e+01 -1.591586359963778250e+03 -5.306282303535783740e+02 8.306402458971232363e+02 -7.083678722073186691e+02
-2.652308065422545042e+04 2.993615503071733838e+04 5.050492897832277959e+04 1.121855747539823496e+05 1.019351598207186726e+04 9.288341526407157071e+05 2.389624981668794419e+02 7.607318189254394383e+03 -1.396918295439090289e+05 1.215593648306950054e+05 5.932479888462338567e+04 -3.979022450542827573e+04 2.223981907619112008e+03 1.442936588254930393e+05 1.119019449750791973e+05 -7.852046536152970475e+03 3.896402936298138684e+03 -1.992972021831194434e+04 -5.107712011132302723e+04 -3.774270593665410615e+03
-4.521959350152772458e+03 3.763128339570880598e+03 5.943417282274846002e+03 8.885709839242257658e+03 -1.817848081471821160e+03 -1.348468490890078101e+03 1.732394140354939736e+03 -8.723351954380535972e+03 -6.643480977292247189e+02 1.462468455218846884e+03 -2.008622946180752024e+03 -1.104133466945818043e+02 -2.762108181172137122e+01 -2.434533202874162896e+02 1.266000872977686100e+02 -2.541992192332190825e+01 6.938098575589141603e+01 1.609783902628682597e+02 -7.826698350466365639e+01 -1.146377344496600927e+03
-5.584599960844355519e+04 3.971187276176470186e+04 -3.498582671517255949e+04 3.029080335961204037e+04 -2.263648979756841072e+03 -2.659767433692222767e+03 -1.272487326946563826e+02 1.204190692638606015e+04 5.562208340793925345e+03 -3.029617763814804675e+03 6.294930971761603359e+03 -1.185388425366072806e+04 -1.016648223588405472e+03 2.682744938366896804e+03 -2.834076879715437826e+03 -1.402304942100548033e+03 3.098642005951337524e+03 -1.622567549025738799e+03 5.207269134512076789e+02 7.721284918071628454e+02
-4.652826525879964174e+04 1.213875997741946594e+04 -1.497227857815345851e+04 1.345709557168084211e+04 4.471887188175832080e+02 -1.185010782554809055e+02 -7.630248442538735389e+02 1.633801164408109616e+04 -9.797532356457282731e+03 -1.053902465531744929e+04 -9.656823082100312604e+03 4.630159880680538481e+04 -3.338072353093387792e+05 1.376737695154908943e+04 9.763020230155527315e+03 -2.857343737577644447e+02 1.230069856274206722e+04 -3.988842011714605633e+03 1.011427503527930457e+04 8.122767063450439764e+02
3.746973160122688114e+03 2.652317954581521553e+04 2.346029159606683606e+04 -6.646511466511172330e+03 -4.183702214710055159e+03 -1.169805102144090512e+02 -7.641903516135504469e+04 4.097604150077601844e+03 1.974543662456343782e+03 7.117420238977971167e+03 -1.312492838026995014e+04 -3.537538239449903358e+03 1.718887399583472586e+02 1.194608219258948338e+03 -1.170364369711317778e+02 5.174013177668914977e+03 3.447529355432905049e+03 8.582267939536390031e+02 -1.714933119850374169e+03 -9.714949353375645842e+02
-3.944615075057548529e+04 3.949240504387724650e+04 -2.751016115480473309e+04 2.536793218655256715e+04 -1.977433979888579415e+03 -1.578570875840435292e+03 1.103756454043919575e+03 1.982755331144702359e+04 5.229547842205475945e+02 1.366890665181052555e+03 -5.841792852674328060e+03 2.994932550474643358e+04 7.759444424761035407e+03 9.109296875436905339e+02 9.843801335891110284e+03 -2.763917942046723056e+03 1.488905790478037488e+03 6.771146408036550383e+03 3.635305219171279987e+03 -1.255483537655595399e+02
-2.259718942219738892e+04 8.404793298614724335e+03 -4.338337405420160394e+03 4.530119498990009015e+04 -4.898365880462324640e+03 -4.155590590429138501e+03 -7.310771676222236692e+02 5.300810157421750773e+03 3.281565403403978962e+03 -1.425984749359969101e+03 1.475278422897052224e+03 -8.361099057620029271e+03 -6.065912082986804990e+02 2.030405667739246383e+03 -2.136501873919173249e+03 -2.933189501608067644e+02 1.469519765080483012e+03 -1.023198978930514272e+03 -9.510153475071186335e+01 4.157905778171309521e+02
-1.858743225899912068e+04 1.306035175601548326e+04 1.489706789723836118e+04 3.586611472461657286e+03 -1.122257939762423803e+03 -5.164423807839826850e+02 -1.107383848105095967e+04 6.907749546959275904e+03 -3.544704908288073852e+02 -3.643223887827055478e+03 -3.371658850774948860e+03 -1.287621788372462106e+04 -1.755506284681299576e+03 -1.658410504418905020e+03 3.114276688572002513e+03 -7.036351920970584615e+03 1.125257784311830255e+04 1.903641208602542520e+03 -5.346935232737871502e+02 -2.550182177841943485e+03
-2.934984718489591251e+04 3.529005710724370147e+04 -3.879417226382004628e+03 2.623539799578597740e+04 -2.117943156101464410e+03 1.142999349611211073e+03 3.379084131779644849e+03 4.211164994506248331e+04 -2.047671812007623521e+04 1.973260644185449337e+03 -3.474730530785871815e+04 1.360140843644626148e+05 2.927954929274404276e+04 -1.380848875477679030e+04 5.531747340678847831e+04 -5.499332642076656339e+04 6.981986002754280344e+04 2.113884719025416416e+04 3.440113136621358080e+03 -4.255554858777675690e+03
-3.695197034543140035e+04 3.490730617282224557e+04 -1.829532647964106945e+04 -2.095053775508509716e+03 7.618510372406725764e+03 2.605050280107838262e+03 6.221877193484199324e+02 3.168117913610770302e+03 -3.473211552634209511e+04 -3.879461892035557685e+04 -1.641559528635036986e+04 -4.297881571763104148e+03 2.028283205198965334e+03 1.242807007989540580e+03 -6.978986914229742524e+02 -5.648533805441867344e+02 -2.111159406858600050e+03 -3.887537057805735117e+02 -5.741352835574668916e+02 -1.614779207632599991e+03
-7.243859777403076805e+03 1.669080262827155093e+04 2.598541368485004568e+04 1.361298952021678997e+04 7.364666430159323681e+03 1.399129932407291490e+05 1.134473870154196675e+03 1.053197447510243546e+04 -8.365420321534338291e+04 7.050647850597910292e+04 2.825868233850336401e+04 -3.006308806274439121e+04 8.138264953502846311e+02 7.396074165451213776e+04 7.239677663193075568e+04 8.855395008302597262e+02 1.073180536385832738e+03 -5.892674291678177724e+03 -9.367446865460236950e+03 9.127502026492442155e+02
-9.045574359854301292e+03 2.509472781560665226e+03 6.052602049672834710e+02 8.564211321167173082e+03 -5.749691222825024397e+02 -1.042737895624301018e+03 -5.479558260491887722e+02 2.337874444150977070e+03 2.716819043223619246e+03 -5.838273971440328751e+03 9.895888114277093337e+03 -2.375673958914053947e+04 -4.361648984331933207e+03 -3.282483414749741769e+03 -9.360360308197105041e+02 -2.595746211705441601e+04 3.979367801747011981e+04 2.336766508746085674e+04 -3.981866910769650531e+03 -2.856470254596074483e+03
-1.565431860897010120e+04 1.021999815884061718e+04 1.179740651223026907e+04 2.346213713229607038e+03 -1.086107606658901659e+03 -5.599716063191061721e+02 -1.399614024867304579e+04 2.952116945742137887e+03 -1.992692129882281279e+03 -2.888164469709504374e+03 -7.301874075604537211e+03 -7.402089494802120498e+03 -1.869880277507742221e+03 -5.547891574685118030e+03 6.114283808092420259e+03 -3.519455290090430208e+04 -2.378787923844265606e+04 -1.162953781752269578e+02 -6.242019605014401122e+02 -2.981934544794702902e+02
-3.770983126473466837e+04 5.487385780222576614e+03 1.397230955163091676e+04 2.078126879706950422e+04 7.888132223667610560e+03 5.041418500662119914e+04 -7.442846384545428009e+02 4.519229222614926402e+04 -1.758634299516984902e+05 8.380269460526382318e+04 2.220801421463676525e+04 2.007865925857896218e+04 1.205491776937907707e+04 -3.255078927226952510e+05 -2.339856602635043964e+05 -4.201601559623531066e+05 7.102285857723297086e+05 -2.104463607909047045e+06 -2.177633794808288221e+05 5.090580878107423814e+03
-2.349810216927939473e+04 2.228327190456446260e+04 8.513993300853659093e+03 6.904640403383245939e+03 2.062940401235798709e+04 3.514014061627546471e+04 -2.686756013001447627e+03 1.666937567736087294e+04 -9.947325716282683425e+04 1.029014659724270678e+04 -2.857013582199320354e+03 -1.790540512691086178e+03 3.306190374334818898e+03 -5.258651190302983741e+04 -5.873395004362234613e+04 -1.654615609740577202e+04 1.965686949766224643e+04 4.325992987487925711e+04 2.166785464829156117e+05 4.137910707480533347e+03
-1.613696341572943493e+04 1.159679297387172301e+04 1.571213912910665022e+04 5.867580087913620446e+03 2.452083605961808388e+01 1.651291556981730901e+04 -4.063758493970165091e+03 1.038270316225082752e+04 -3.738622704429885198e+04 1.400634308430287820e+04 1.682779568253375828e+03 -1.454747188269087928e+03 -5.580605998848175204e+02 -2.285624376524893160e+04 -2.649285460034570860e+04 -1.264600276162996806e+03 1.298897233310070305e+03 -5.197463577703717874e+01 3.839048396433591734e+03 4.140116951926571573e+02
-4.845906946254374634e+04 -1.541523263928262168e+04 9.509609509153958129e+01 -1.432757177856062526e+03 3.801053285195167319e+01 1.423862760549635880e+02 -7.656179131558953941e+02 1.711450747720085701e+03 3.726066103708631090e+02 -3.168971511066501989e+02 5.590461326870284893e+02 1.677205320035806722e+02 -4.113583385921819513e+02 3.642000702848860101e+02 -1.300889499116714489e+02 -2.734173624433973373e+02 2.944068136175726522e+02 -6.729576158142330087e+02 2.386357765459665359e+02 2.133452778161314927e+04
-1.088619993337642154e+04 1.317526386142097545e+04 2.117236603755645046e+04 4.041711014244255239e+03 -5.259441840792405856e+02 6.075108892591435506e+03 3.246665308080391696e+03 1.386471470263610172e+04 -1.657775357397400148e+04 1.271832615328547035e+04 8.999109552614088898e+03 -3.711002903894228075e+04 -5.679937055062571744e+03 -1.089361498368091707e+05 1.247252232001722878e+05 5.592142791276628122e+04 -1.657627994533282981e+04 7.314047632459645683e+03 -4.732871350326958236e+03 1.832988135824754863e+04
-4.836992240389405197e+04 -1.510038515937217926e+04 6.485582796995744275e+02 -1.243647397775506079e+03 2.187948515308064827e+02 2.793060807963039451e+02 -9.233008222146578419e+02 2.888137910220156755e+03 -1.590919429186531306e+04 -2.505953811081290405e+04 -1.208718186791594599e+04 -3.707236286982931233e+03 1.059805377214528562e+03 5.789321719150728313e+03 3.361671386563539727e+03 4.698213506425849118e+03 9.623084738250081500e+02 -8.872133592910867037e+02 -4.759487787931085222e+03 2.746193540742823984e+02
-4.230074632648596162e+04 3.173283367173568331e+04 -1.181595865101451818e+04 7.022798172212296049e+04 3.528531896716216579e+03 7.898680008489934153e+03 -5.763680276387690355e+03 7.020235113786105649e+04 -8.040181862613800331e+04 -3.238103336256204420e+04 -8.247568561438926554e+04 2.313521132912283356e+05 -1.214324406624735100e+06 3.285774123662659258e+04 3.262960412621330761e+04 7.592509437942585464e+03 -2.003601040810386849e+03 -9.984261045926943552e+03 1.619860374059043897e+04 -3.105760709461279839e+04
-2.355501195781554634e+04 2.426984973255989462e+04 3.045530167303907729e+04 5.912451571240432531e+04 8.350890648660182705e+03 8.631646067246637540e+04 -1.990197281742229734e+03 7.837111987679245067e+04 -2.531767388323282648e+05 1.347787085001167434e+05 5.998019736836873199e+04 4.462488080936218466e+04 -7.427769283151555101e+03 -2.174164048649182951e+05 -2.326986299964479113e+05 3.998201027050674747e+04 -6.119156957917976979e+04 7.300509332303371048e+04 -1.949312601985632791e+05 -7.287238835909098270e+03
-1.647305053727971608e+04 1.746456503427818461e+04 3.264841207009941718e+04 2.837607478542298486e+04 2.331496947451460583e+05 -6.368543462013867611e+03 -4.748292577293247632e+03 -4.077668205530622345e+03 3.137384743019154939e+03 2.014524435061107397e+03 6.365722347173233402e+02 1.030153511668393776e+03 6.139265895720309345e+02 1.080326754835357633e+03 2.049501247954402743e+02 3.645862257961532009e+02 -4.208535761931287311e+02 6.816353769887234648e+01 -1.625653456702137191e+03 1.232078337994027066e+02
-3.937153958005669847e+04 9.400567375560969595e+03 2.847170868239002084e+04 -7.704187854615644937e+03 -4.774978464673319650e+03 6.019810164568498294e+02 -9.283654984462929133e+04 9.804378563949621821e+03 -1.180067871268931231e+04 -9.444628457886306933e+03 -3.087097540681489045e+04 -2.959314100704528391e+04 -1.036357618702884247e+04 -4.091347559392800031e+04 4.181658393500300735e+04 -5.402395853004803648e+05 -4.130519698641551659e+05 -2.224136468164363396e+04 -2.088010960122931283e+04 2.494672799212529208e+04
-2.014504633504052981e+04 1.062716118458732490e+04 2.187704603092172692e+04 -4.004992194874650835e+01 3.034039012240794818e+03 1.463018706878956800e+04 6.418620641592955280e+02 1.249289990751800906e+04 -3.150278965936684108e+04 1.978632355256641313e+04 6.865371924112106399e+02 1.736591445204674528e+04 5.441890239574639963e+03 -2.966854747822355421e+04 8.864651243631264151e+03 -4.525492308549598965e+04 7.173357789663574658e+04 -1.147044286590801348e+05 -2.054939385332365782e+04 -1.202087136806821718e+03
-6.118336392702911326e+03 1.452206687512630378e+04 2.340050961585958794e+04 1.199350341036895998e+03 -1.123241511912966871e+03 2.269370024592397021e+04 5.795489780464055912e+03 3.888810507206580041e+03 -1.023432068559430445e+04 6.493218951238087357e+03 1.208137926587759466e+04 -1.161099909373802575e+03 -9.477187574415287941e+01 8.841339043272517301e+03 3.430627229176386209e+03 2.299591145979504290e+03 -5.724401449383262843e+03 5.060910923070791796e+03 -2.027118132546699781e+04 -2.315717861225049546e+03
-8.268757264713140103e+03 1.212666284917013036e+04 1.945320052815783856e+04 6.777646827632321447e+02 -9.822034561397168773e+02 -4.177109932866064810e+02 1.469789648927195913e+03 2.025352874701290375e+03 -4.760962325670162159e+02 -5.675941133507574705e+03 1.121753114182231002e+04 2.790230394641678686e+03 1.469186274906104188e+02 -4.453345429525660961e+02 6.355512675809145406e+01 -4.129076710478811947e+02 -1.351338211332503306e+03 -2.587097381246753685e+02 5.586804313456068485e+02 -1.060190779831586042e+03
-1.266149658908736092e+04 8.139736097695911667e+03 -2.445019237888020882e+02 4.250210196335454384e+04 -4.867686603035518601e+03 -3.628766511304331743e+03 -3.057360414070766410e+02 3.287281397794628901e+03 1.501971099616793936e+03 6.844561883932133242e+02 -2.098189621440143583e+03 -1.754906325431973983e+03 3.338837819178318114e+02 1.370410398435770730e+03 -1.222355947605125493e+03 1.943457338657077798e+03 -2.261066764024745225e+03 -1.327499284822670916e+03 -2.034847070677353145e+02 1.660235673296739094e+02
-2.550769165106051514e+04 4.117031705531379703e+04 7.110886382951591804e+04 1.570609101735892473e+05 1.291420452019518234e+04 1.363169962398082484e+06 2.878042762010999013e+03 -1.712461109367463723e+04 -2.799593847684831417e+04 5.020142695093206567e+04 4.223558732383511961e+04 -2.002804920006594330e+04 1.738052926647909260e+02 1.072855755632670916e+05 7.172184723150006903e+04 6.844506738767426214e+03 -2.114500665444915649e+04 1.413528013225989707e+04 -8.801684220878165797e+04 -7.949602653414103770e+03
-2.679166211158494843e+04 5.325986172243820329e+04 -3.325188038323716682e+03 -9.393979974827496335e+03 -1.355547097198430947e+03 2.057042380693482642e+02 -1.146790693468169775e+04 -1.793467290640904366e+03 5.885722656795795729e+02 3.388334320535434472e+02 1.595876192689643403e+03 2.142560497055570522e+03 1.700975844385810092e+02 1.519457559285717252e+03 -1.236095370393687745e+03 8.899074165942417949e+02 -6.380466138470212627e+02 -6.306262427587115553e+02 1.143102396237842271e+02 7.045708429975496756e+02
-1.047352156136710437e+04 1.058439596684135176e+04 1.574492630527554684e+04 2.315714965055185075e+03 -6.992771433670199031e+02 4.956617849899373596e+01 8.142065871058772473e+02 4.217761442113660451e+03 2.921304642384014301e+02 -5.223822794833857870e+02 6.570388364627535793e+02 -5.294293119524946633e+03 -9.121228422926294570e+02 -1.465043996919497295e+04 1.222290379416179712e+04 3.582651933723846469e+03 -8.216876295491071005e+02 1.062258629747548895e+02 1.069601936470113969e+03 3.012433040283821697e+02
2.394085553513692503e+03 8.177216419012895130e+03 9.783435002812135281e+03 4.899718411036856196e+02 -1.813257594888255881e+03 -5.375507925671934117e+02 -3.550077786402923084e+04 5.883101201296791487e+02 1.050552961883822718e+03 1.994116349507116183e+03 -3.470648909984913644e+03 -1.370498227989311090e+03 8.248706234429373296e+01 8.160054557984817620e+02 1.250927149880940732e+02 4.175904490761367924e+03 3.679426901799391544e+03 8.855732834055372678e+02 -9.556896654704931962e+02 -1.223242493819868059e+03
-4.671644323815371172e+04 -8.833421144162351993e+03 -1.316056677328759179e+03 2.173438275559758767e+04 -2.098462895800227670e+03 -2.010084638459700500e+03 -3.622622482187003243e+03 1.541245215691823978e+04 5.479739826316339531e+03 -2.392003593591393837e+03 2.052666039841050861e+03 -2.516322868954957357e+03 3.772502049914236977e+03 5.133511418345481616e+03 1.713029432046041165e+03 1.643663608952853610e+04 -2.328164593565207542e+04 -5.591206601450366725e+04 4.843004162574758084e+04 -1.023217144902201107e+04
-2.643763552898166745e+04 3.733526593055090052e+04 6.763889405942482699e+04 1.420863090887261205e+05 4.313969502724552149e+04 1.271015833814267302e+06 -1.308669935687625548e+04 9.499174306960003742e+04 -1.141569845409028232e+06 9.370813689726606244e+05 4.408323173746695393e+05 -4.719446091059840401e+05 1.800154699702349899e+04 1.400029016413799254e+06 1.067892005748613970e+06 -4.399176234783912514e+04 -1.709472291622325429e+04 1.811669281306827033e+05 1.144675960023254156e+06 7.039145206546309055e+04
5.652523820214247280e+03 2.187861101996344223e+04 2.373955953066458824e+04 -3.796611886268827220e+03 -3.950453447908841554e+03 -6.170673278355543516e+02 -5.881826932778142509e+04 -2.134489423034114282e+02 9.717393021494003733e+02 1.425654164415791229e+03 -1.694290311539465392e+03 1.013490581595361959e+03 3.895149179077164376e+02 1.984668307215161803e+03 -3.937653713209379589e+02 5.146014942674949452e+03 3.206436219762451401e+03 5.530012535730656964e+02 -1.023070914272724394e+03 -5.105155717842995386e+02
-4.332376167140884354e+04 4.873417784566304908e+04 -1.491819379816078981e+04 1.183625997982947010e+05 3.774330498322490166e+04 3.272267325405126940e+03 -6.657788197464812583e+03 1.238686921783806029e+05 -1.073264803249460820e+05 -3.239254324847713360e+04 -1.485637644755731453e+05 4.946661070626931614e+05 -2.562450987102032639e+06 7.993945496745551645e+04 8.424003479697836156e+04 3.541244295918357238e+04 9.498511284400306977e+03 -2.362886442389662261e+04 3.937337699184878875e+04 -6.968172246985540551e+04
-2.137137999717067214e+04 1.433055453442021462e+04 1.477330064115866116e+04 1.119386409938318138e+04 -1.937184950840718102e+03 -1.424047901676990705e+03 -5.036076439759847858e+02 5.626854751165102243e+03 1.439561711226720035e+03 -8.222798789484830195e+03 1.579188516722600252e+04 -2.535567937668873583e+03 -6.072722986965636665e+02 5.444064569732186101e+02 -9.612388279332836873e+02 -1.905011550213516102e+03 1.558721699811499320e+03 -2.885389617466520349e+02 7.272482617095852220e+02 -5.678479588060328069e+02
-4.172608777330074372e+04 3.592787108181338408e+04 -2.631589073096554057e+04 -5.182943896914642210e+03 9.935539003638663189e+02 5.530777588356271508e+02 1.339592739222816135e+03 -4.163366728071254101e+02 4.274584175089832456e+02 1.217086125787295146e+02 1.725473623612460415e+03 -2.391533168208337088e+02 -6.293232401133772100e+02 -2.574458202210207673e+02 -6.068518586755961053e+01 -2.473325640224668973e+02 -2.793589445456336762e+01 -8.409503479282905118e+02 1.169198094499063814e+02 2.120647983586489499e+04
-4.589368464421356475e+04 -1.203300022316408831e+04 6.078931012906598880e+03 6.449570804826877065e+03 6.258107180087364395e+04 -1.690336489392046133e+03 -2.466131763986879832e+03 -5.761857160954552910e+02 2.130652173283453266e+01 -9.065215702016053001e+02 -4.412910171075056951e+02 3.337734950169694343e+02 -1.240196484897655154e+02 5.811739553175121955e+02 -3.358678130788852627e+02 1.142204032571900143e+02 8.788563715340114868e+01 3.897369094780198395e+01 5.515875041685844735e+02 4.181866744270756726e+02
-1.335784412477532533e+04 5.392653224570921338e+03 2.971616937562581370e+03 1.905387220489508400e+04 -2.967550780421677700e+03 -2.583561633666754460e+03 7.440411009900007002e+02 -2.025390919334140199e+04 -1.802770929451634174e+03 4.385586316204737159e+03 -5.493329614280696660e+03 -1.757388606066574539e+03 4.256477700449545409e+02 -5.472627718535205531e+03 5.260608814052414345e+03 2.075946158333256335e+03 -5.314070374452279793e+03 -3.959156515725744157e+03 6.026868224275361172e+03 -8.006412039263304905e+04
-2.429149618151941468e+04 2.138233502905675050e+04 1.481778149685930657e+04 2.351173212356964723e+04 2.814922798141414751e+04 1.325675983824704890e+05 -1.120752279658537373e+04 4.020509865985706710e+04 -3.004748567136552301e+05 7.730728614370441937e+04 6.344329164561304424e+03 -3.698501779453412018e+04 7.538314145428079428e+03 -9.014152430201877723e+04 -1.831759849721636856e+05 -3.111880655256619866e+04 3.966591690700189065e+04 7.635902575420694484e+04 5.548334904273032444e+05 1.776165418716534987e+04
-4.139254975734923937e+04 4.481058145175516984e+04 -2.854226595469416134e+04 7.265649193703857600e+04 -7.073855572616131212e+03 2.771791647340889426e+02 7.187977792358436773e+02 3.904259759137638321e+04 -5.396441798498382013e+03 1.049476324803692660e+04 -1.760507837311280309e+04 5.206110705263497948e+04 6.487869914161293309e+03 8.171958282758363339e+02 4.896995088240258156e+03 2.410814208178956505e+03 -5.048168551221263442e+03 1.307679159983052523e+04 -4.270657836264222169e+03 9.750236956541780273e+02
-2.470915960475549582e+04 2.058451913683158273e+04 3.538207244495241321e+04 7.008194400746375322e+04 1.072189313076584403e+04 5.575612767451426480e+05 -4.147808841992030466e+03 2.943956258054002683e+04 -2.407058852253280929e+05 1.844648401776152023e+05 7.798196857248712331e+04 -5.692427906620932481e+04 2.995582337558978907e+03 1.561288535356204084e+05 1.211868833017888974e+05 -1.291996752678676967e+04 1.284810797719366383e+04 -2.331558224200870609e+04 -5.806650157271031958e+02 8.703583825753396468e+02
-4.602943147526719986e+04 -1.264689863789240917e+04 3.977983541881245856e+03 -4.699698354103416165e+01 -4.530022228453654520e+02 -1.513452401315360305e+02 -8.306502588745566754e+03 2.768450996686507551e+03 -2.053515310426852011e+03 -3.485854513877727186e+03 -5.982718044148912668e+03 -6.529510876289483349e+03 -1.815652155286429206e+03 -4.565033017427119375e+03 5.397040189435899265e+03 -3.505207940036319633e+04 -2.350753317250121108e+04 -1.858441280671967775e+02 -7.520672148716734000e+02 2.543486747477951155e+02
-4.142454675950141973e+04 3.523850570149485429e+04 -2.515506530893176750e+04 -4.466433699781151518e+03 3.209028064838178125e+03 1.699567357136364990e+03 1.763476369302904004e+03 4.092785316881571816e+03 -4.750326482840348763e+04 -6.440203181907712860e+04 -2.928720186911209385e+04 -7.725173647918447386e+03 3.226093495274218640e+03 8.890972319773056370e+03 5.042511881140103469e+03 6.726269444693120931e+03 6.023368736693601022e+02 -1.096511664455956407e+03 -5.759330611979780770e+03 -1.424599122030882427e+03
-4.604627741940411943e+04 -1.259906075228155714e+04 4.576054832466072185e+03 1.937791861520115390e+03 4.289908033490660273e+02 1.602205318481282848e+04 -3.010843108189031682e+03 8.336419234093516934e+03 -3.707189018879443756e+04 1.345619431214451288e+04 2.521004675497531480e+03 -1.771540826357301512e+03 -5.522307809826711491e+02 -2.169653438903723872e+04 -2.672028257042165205e+04 -1.423384993807663705e+03 1.885098753698848668e+03 -5.605461733229212768e+02 4.342865661380818892e+03 9.581481931211822030e+02
-6.001253117361063050e+04 7.929909149808469010e+03 -1.878176357452109733e+04 3.455020619900953170e+04 -3.027872976674255824e+03 -3.076862453435268435e+03 -1.441330363121000573e+03 1.421284965096140695e+04 5.384157428793067083e+03 -3.899134695351623122e+03 5.359553875194087595e+03 -1.182875075566590203e+04 -7.971233485905679572e+02 3.372527201176507788e+03 -2.940266320105269642e+03 -1.374654910120873865e+03 3.343399081350430606e+03 -1.623819983484378326e+03 5.781313271765799300e+02 9.987122724658214565e+02
-5.963395146690711954e+03 1.164368238384883807e+04 1.555329156988770592e+04 1.598959636438260350e+04 -4.046058880876631520e+03 -2.771705680289822340e+03 -4.513804051500506830e+03 -2.461329289594245347e+04 -3.839006477228916538e+03 -1.564248605079221079e+03 3.327670260126439643e+03 3.515245279060132816e+03 2.408605453989412126e+01 -7.175144442529332309e+02 1.158642591752666704e+03 -9.264143722337918234e+02 1.373203957156364140e+03 7.710107148979584224e+01 4.012083211042596531e+02 3.364098343994975494e+03
-2.081303823523509709e+04 1.817157416201244996e+04 2.201060758109214294e+04 4.077177566681605822e+04 8.554490850500491433e+03 4.733763754826345394e+04 -3.403484791888219206e+03 4.652069384642330260e+04 -1.432079830899474618e+05 7.464975937167488155e+04 2.615881343345425557e+04 2.465849558045705999e+04 -3.992497341237765340e+03 -1.201239800959517161e+05 -1.277858689853067481e+05 1.798070703808469261e+04 -2.675841434647992355e+04 3.179403125142637145e+04 -8.951835829721749178e+04 -2.500594444517756074e+03
-3.695236927644457865e+03 1.500105179067081735e+04 2.184546596156185842e+04 -2.971252333144184831e+03 -9.457592041117648023e+02 -2.775571402161752417e+02 1.833635124608521892e+03 2.011618626616507754e+03 8.571854433615737889e+02 1.120170531738659975e+03 -2.800380467773110013e+03 -7.293333287160157852e+02 -6.136628881794512047e+00 7.799777934294311308e+02 -7.202111842301449087e+02 5.238135630453812297e+01 2.076942889063660971e+02 4.872104560932242201e+00 9.833254980615623708e+01 8.109292030829608677e+01
-6.743691000363693092e+03 6.622226090557697717e+03 9.090621857233853007e+03 1.655737255543889114e+04 -2.820849385761128360e+03 -2.434181614667528265e+03 5.426943506471094452e+02 -2.034061585814630962e+04 -3.210237947421941499e+03 2.418276832009571990e+03 -6.023618920844598506e+03 -3.890708116254076685e+03 -5.607669381616118471e+02 -7.501084500095664225e+03 6.005133077933372078e+03 -3.651092261068385142e+03 1.992200920820348529e+03 3.589926442423582102e+03 1.019163635163700746e+03 -1.181608489145227213e+04
