2.097419902786738749e+04 -3.083697321601173371e+03 -3.383875352598106929e+03 -4.293216002409494649e+02 1.626586774789695937e+02 9.530575435908561133e+01 -9.629682673328382236e+01 2.136156734256109360e+02 5.136161755943628116e+00 -4.407681394134855424e+01 1.117860145661587410e+02 3.971886072511721721e+01 3.996299049921382185e+00 7.562713929549593317e+00 -7.726961795625687301e+00 8.521296745363267533e+00 -3.264059805746827436e+01 -2.454501937651491517e+01 5.388054685657520437e+00 1.564649661220186561e+00
-4.937432073409625445e+04 -1.552688822276626524e+04 1.429762166801576768e+02 -1.206174448599479092e+03 -5.597236030600452494e+01 7.454661663462277943e+01 -3.968773706144838229e+02 -4.315630006819874076e+00 2.794518559023619559e+02 3.840916874892832311e+02 -6.963321030105314335e+00 2.593828816585950108e+02 5.508159149403039834e+01 9.356754499225877453e+01 -6.267229399759980168e+01 1.085639556980205640e+02 5.738159020776011587e+00 9.159214178447861343e+01 -1.202055250274664466e+01 -6.522738596275182772e+02
-3.698932517284030382e+03 1.501135650085305861e+04 2.184756268793050913e+04 -2.973070728021743889e+03 -9.463443820830769937e+02 -2.775628667667191394e+02 1.826977845748771642e+03 2.011114288687070484e+03 8.568726576490648768e+02 1.119035918383019407e+03 -2.798594460293526481e+03 -7.285487390624801947e+02 -6.060543623781266653e+00 7.803183062048119609e+02 -7.202130210469063059e+02 5.272089321107586102e+01 2.075614913157886292e+02 4.582755105001788287e+00 9.835092430217446235e+01 8.111240735683644232e+01
-4.262801097669264709e+04 3.583433048501730809e+04 -2.623190087243747257e+04 -5.083386526858254001e+03 9.105128947342540187e+02 4.958710069743393660e+02 1.724989244803396787e+03 -2.203016379186015001e+03 3.111020540911226249e+02 8.482544595946608297e+02 1.116572051442723705e+03 -9.716514366113617029e+01 -1.502149201160360974e+02 -5.296404295481522695e+02 7.830350147430358732e+00 1.389389307543158907e+02 -3.299904710476321270e+02 -7.303490463579811376e+01 -1.414091079719444792e+02 -7.901833610355615747e+02
-1.553598300465005741e+04 1.052112278407943268e+04 -1.627103587792320241e+03 6.276476155995934823e+04 -6.996763206592761890e+03 -3.207734945330120354e+03 -6.109217631324875128e+02 1.154206005311485023e+04 -1.308961689440630778e+02 3.706766753281767706e+03 -5.813993149859302321e+03 5.146365342220740786e+03 -2.486151941021212224e+02 1.613797575948882468e+03 -3.300883107024258607e+03 3.589927412001177800e+03 -4.197879559531755149e+03 7.993387619940423292e+02 -3.069187444646624044e+03 5.544665319532637113e+02
-1.621563402925637638e+04 1.671563674605774941e+04 3.061869901781621229e+04 2.550072979578249942e+04 2.063264607276915922e+05 -5.796250796879026893e+03 -4.125813466516583503e+03 -3.309473599514585658e+03 2.735053857057268942e+03 1.378037532165206358e+03 4.468311595059715273e+02 8.749198407539637401e+02 4.841205176252077536e+02 8.174247916209596951e+02 1.867582980756261009e+02 3.366489349512785907e+02 -4.196885287780967815e+02 6.850331459134952183e+01 -1.136859645562293736e+03 8.156310703055042666e+01
-4.187395158831843219e+03 3.741323741174529914e+03 6.098131823628648817e+03 8.681645419391827090e+03 -1.807995019716280012e+03 -1.330970882900897323e+03 1.756324511528554922e+03 -8.822776826363939108e+03 -7.077410532171263640e+02 1.511039535474766581e+03 -2.092016074108561952e+03 2.908969829856945921e+01 -7.335996569552102109e+00 -2.572123036248536891e+02 1.480205070137238579e+02 1.582487351040497714e+01 -1.522141115937817091e+00 1.570062652908336247e+02 -7.843968955164451984e+01 -1.155130072491363762e+03
5.656609691102927172e+03 2.187626864791223852e+04 2.373950314703721233e+04 -3.797210145620581898e+03 -3.950602812164243460e+03 -6.171202106494521331e+02 -5.882296117972749198e+04 -2.150421695712579435e+02 9.716937702076040750e+02 1.425245340444689418e+03 -1.692695997985236090e+03 1.014136569998620416e+03 3.896617295621911694e+02 1.984916059957409516e+03 -3.938625307774037196e+02 5.146780166424287927e+03 3.207390310803569719e+03 5.533796838211832210e+02 -1.023265077769617847e+03 -5.126121889631391468e+02
-7.243859777403076805e+03 1.669080262827155093e+04 2.598541368485004932e+04 1.361298952021678997e+04 7.364666430159324591e+03 1.399129932407291781e+05 1.134473870154196675e+03 1.053197447510243728e+04 -8.365420321534339746e+04 7.050647850597908837e+04 2.825868233850336765e+04 -3.006308806274439121e+04 8.138264953502845174e+02 7.396074165451215231e+04 7.239677663193075568e+04 8.855395008302597262e+02 1.073180536385832738e+03 -5.892674291678176814e+03 -9.367446865460238769e+03 9.127502026492442155e+02
-9.096390204783443551e+03 1.675393520189314586e+04 2.569021814266211732e+04 7.723266865960720224e+02 -2.050522408917208395e+03 -7.647900103541031740e+02 -3.327113293265652828e+03 -4.469921887555651097e+02 -9.236234787313683228e+02 -8.885690638538893836e+03 1.810104609020409043e+04 5.831511426340988692e+03 3.446370311155193917e+02 5.092149424799313238e+02 -3.421071072291371706e+02 -7.825865922836017319e+01 -1.585817768944394174e+03 -5.389533492429878834e+02 8.373237761516312503e+02 -7.087827290040273738e+02
-3.390361032988087391e+04 7.461490853905177210e+04 1.565464070198635163e+05 6.688038500037605409e+05 9.269461209923577553e+04 7.429178814210163429e+06 -7.226347487304396054e+04 -6.452495208701075753e+05 2.697222315995696001e+06 -1.839428319571936736e+06 -9.099011106334049255e+05 4.952719504703676794e+05 -1.449154183666315657e+04 -1.352397542225514771e+06 -1.006791201424730825e+06 1.677897437323605482e+04 5.029670213864884863e+04 3.157114726211919697e+04 3.748489633779013529e+05 3.634773474928404903e+04
-2.463839156556240050e+04 4.781497592350574996e+04 -9.055985883430001195e+03 -9.703257455753970135e+03 -2.419520002324567258e+02 5.211154605294379962e+02 -3.955495872129836243e+03 -1.071265418910198690e+02 8.780913936674006663e+02 2.816404317402674224e+03 -3.844245535887295318e+03 -2.812954914071824533e+02 -9.750537249727839750e+00 7.465042789837474402e+02 -9.328853626330607085e+02 5.235017422606214268e+02 -3.643363998382087061e+02 -3.403461245946008376e+02 -1.146192786309757565e+02 3.518536366715850932e+02
-4.652826525879964174e+04 1.213875997741946594e+04 -1.497227857815345851e+04 1.345709557168084029e+04 4.471887188175831511e+02 -1.185010782554809055e+02 -7.630248442538734253e+02 1.633801164408109616e+04 -9.797532356457282731e+03 -1.053902465531745111e+04 -9.656823082100312604e+03 4.630159880680537754e+04 -3.338072353093387792e+05 1.376737695154908943e+04 9.763020230155527315e+03 -2.857343737577645015e+02 1.230069856274206904e+04 -3.988842011714606087e+03 1.011427503527930457e+04 8.122767063450439764e+02
-5.584599960844356247e+04 3.971187276176470186e+04 -3.498582671517255949e+04 3.029080335961204037e+04 -2.263648979756841072e+03 -2.659767433692222767e+03 -1.272487326946563826e+02 1.204190692638606197e+04 5.562208340793925345e+03 -3.029617763814805130e+03 6.294930971761603359e+03 -1.185388425366072806e+04 -1.016648223588405472e+03 2.682744938366897259e+03 -2.834076879715438281e+03 -1.402304942100548033e+03 3.098642005951337524e+03 -1.622567549025738799e+03 5.207269134512076789e+02 7.721284918071628454e+02
-4.142454675950141245e+04 3.523850570149484702e+04 -2.515506530893176750e+04 -4.466433699781152427e+03 3.209028064838177670e+03 1.699567357136365217e+03 1.763476369302904459e+03 4.092785316881571816e+03 -4.750326482840349490e+04 -6.440203181907712860e+04 -2.928720186911208657e+04 -7.725173647918447386e+03 3.226093495274218185e+03 8.890972319773056370e+03 5.042511881140103469e+03 6.726269444693120931e+03 6.023368736693601022e+02 -1.096511664455956407e+03 -5.759330611979779860e+03 -1.424599122030882199e+03
-2.652308065422545769e+04 2.993615503071732746e+04 5.050492897832277231e+04 1.121855747539823496e+05 1.019351598207186726e+04 9.288341526407157071e+05 2.389624981668793566e+02 7.607318189254393474e+03 -1.396918295439090289e+05 1.215593648306949763e+05 5.932479888462335657e+04 -3.979022450542828301e+04 2.223981907619112008e+03 1.442936588254930393e+05 1.119019449750791973e+05 -7.852046536152970475e+03 3.896402936298138684e+03 -1.992972021831194434e+04 -5.107712011132302723e+04 -3.774270593665410615e+03
-9.045574359854303111e+03 2.509472781560665680e+03 6.052602049672834710e+02 8.564211321167173082e+03 -5.749691222825025534e+02 -1.042737895624301245e+03 -5.479558260491887722e+02 2.337874444150976615e+03 2.716819043223620156e+03 -5.838273971440328751e+03 9.895888114277091518e+03 -2.375673958914054310e+04 -4.361648984331934116e+03 -3.282483414749741769e+03 -9.360360308197105041e+02 -2.595746211705441965e+04 3.979367801747012709e+04 2.336766508746086038e+04 -3.981866910769649621e+03 -2.856470254596074938e+03
-3.169710589787180652e+03 1.105188222775758550e+04 1.767230759904859588e+04 -2.064443012207694665e+03 -7.228729649862134465e+02 -2.644140601323974806e+02 4.574681879285289142e+03 1.185605371543670572e+03 6.429268163270172636e+02 8.407551071666678126e+02 -2.282836277477743806e+03 -6.042144549143146151e+02 -3.843626931965013149e+00 9.891472179451282045e+02 -8.268634800606898807e+02 -1.853556556939981448e+01 2.274281239329731363e+02 9.981874964536525852e+01 -5.296199401862673994e+01 9.109410099730357047e+01
-1.029300163022473134e+04 1.057553452828215632e+04 1.583328756931494354e+04 2.192769070640672908e+03 -6.927264786400364756e+02 5.471921389733281416e+01 8.192166210026745148e+02 4.160470784292734606e+03 2.558497462383827497e+02 -4.859008572074156973e+02 5.998788185678880609e+02 -5.182763708448032048e+03 -8.941340215011454120e+02 -1.466433959710068666e+04 1.224191474882485272e+04 3.621153874070630991e+03 -8.859834609924878350e+02 9.909809895161286875e+01 1.069424974338656511e+03 2.961922653863844630e+02
8.609836580467139129e+02 6.793135592401815302e+03 1.057585268282639481e+04 1.423104692690697266e+04 -3.236873673602573035e+03 -2.383828245463538678e+03 3.920524804119352211e+02 -2.402929493972464843e+04 -3.791865988352478780e+03 8.753175796590845721e+02 -1.725534958527770641e+03 2.312109311129109301e+03 -9.171949206539288468e+00 -1.018621220662207406e+03 1.242463044581726990e+03 -9.324361945949003712e+02 1.248008805245393205e+03 2.595741120166796350e+02 1.014736160513372880e+02 3.180604994785293457e+03
-4.139254975734923937e+04 4.481058145175516984e+04 -2.854226595469416134e+04 7.265649193703859055e+04 -7.073855572616131212e+03 2.771791647340889426e+02 7.187977792358436773e+02 3.904259759137638321e+04 -5.396441798498382013e+03 1.049476324803692660e+04 -1.760507837311280309e+04 5.206110705263497948e+04 6.487869914161293309e+03 8.171958282758363339e+02 4.896995088240258156e+03 2.410814208178956960e+03 -5.048168551221263442e+03 1.307679159983052523e+04 -4.270657836264222169e+03 9.750236956541780273e+02
-3.937153958005669847e+04 9.400567375560969595e+03 2.847170868239002084e+04 -7.704187854615644937e+03 -4.774978464673319650e+03 6.019810164568499431e+02 -9.283654984462926222e+04 9.804378563949623640e+03 -1.180067871268931231e+04 -9.444628457886305114e+03 -3.087097540681489045e+04 -2.959314100704528391e+04 -1.036357618702884247e+04 -4.091347559392799303e+04 4.181658393500300735e+04 -5.402395853004804812e+05 -4.130519698641552241e+05 -2.224136468164364123e+04 -2.088010960122931283e+04 2.494672799212529571e+04
-2.355501195781553906e+04 2.426984973255989462e+04 3.045530167303907729e+04 5.912451571240432531e+04 8.350890648660184524e+03 8.631646067246637540e+04 -1.990197281742230189e+03 7.837111987679245067e+04 -2.531767388323282648e+05 1.347787085001167434e+05 5.998019736836873199e+04 4.462488080936217739e+04 -7.427769283151555101e+03 -2.174164048649182951e+05 -2.326986299964479113e+05 3.998201027050674747e+04 -6.119156957917976979e+04 7.300509332303371048e+04 -1.949312601985633082e+05 -7.287238835909098270e+03
-2.088088297848040747e+04 1.068365292447831962e+04 2.151535144673610557e+04 4.180413413471132458e+02 2.916003063296480832e+03 1.455295530744060306e+04 7.370927641115553115e+02 1.375106991375035250e+04 -3.199258083888542023e+04 1.975515013115507827e+04 -6.496264973005667116e+02 2.292588126497124904e+04 6.672893581838472528e+03 -3.006131521224333846e+04 1.143630818730350438e+04 -4.780862415811418759e+04 7.498424660888400103e+04 -1.137242872804932122e+05 -2.031996459666312148e+04 -1.414344207644727703e+03
-2.905214177714181642e+04 3.647711192644030962e+04 -4.805401589503968353e+03 2.708769169249828701e+04 -2.255816110445148297e+03 5.418684417173905103e+02 3.418634036052370448e+03 4.230362476878253074e+04 -1.941224405224734437e+04 1.105918002719767628e+03 -3.515214185267610446e+04 1.362442687539173930e+05 2.920770436698220874e+04 -1.260042549086100371e+04 5.499840379461689008e+04 -5.283860204324863298e+04 6.635433276267275505e+04 2.698383581453350052e+04 4.413932260018876150e+03 -4.189794890513888276e+03
-2.443590508729572684e+04 2.764562726016920715e+04 2.953061650322809783e+03 9.597311744516850013e+03 3.004366270549216279e+04 4.931213160487252026e+04 -4.474619833935868883e+03 1.760546573858970442e+04 -1.317436623304992099e+05 1.264038194269636006e+04 -6.904044458360222961e+03 -1.290499164065212244e+04 3.606470608988413915e+03 -4.535831515630902140e+04 -8.219663332260423340e+04 -1.075803447216089080e+04 1.508936140102590616e+04 2.418885408591650776e+04 1.976546505590378656e+05 5.946790384541275671e+03
-1.088619993337642154e+04 1.317526386142097181e+04 2.117236603755645410e+04 4.041711014244255239e+03 -5.259441840792405856e+02 6.075108892591437325e+03 3.246665308080390332e+03 1.386471470263610536e+04 -1.657775357397400148e+04 1.271832615328547035e+04 8.999109552614088898e+03 -3.711002903894226620e+04 -5.679937055062571744e+03 -1.089361498368091852e+05 1.247252232001722878e+05 5.592142791276628850e+04 -1.657627994533282981e+04 7.314047632459643864e+03 -4.732871350326958236e+03 1.832988135824755227e+04
-4.332376167140884354e+04 4.873417784566304908e+04 -1.491819379816078981e+04 1.183625997982947010e+05 3.774330498322490166e+04 3.272267325405126940e+03 -6.657788197464812583e+03 1.238686921783806029e+05 -1.073264803249460820e+05 -3.239254324847713360e+04 -1.485637644755731453e+05 4.946661070626931614e+05 -2.562450987102032639e+06 7.993945496745551645e+04 8.424003479697836156e+04 3.541244295918357238e+04 9.498511284400306977e+03 -2.362886442389662261e+04 3.937337699184878875e+04 -6.968172246985540551e+04
-1.834719518256454467e+04 6.665720828490523672e+03 1.598206055649886594e+03 1.973623284168050668e+04 -2.576380616139249014e+03 -2.322555184575590829e+03 3.541430984035122833e+02 -4.856855872161039770e+03 8.856606766238774071e+02 -7.337621674041647566e+02 1.364107234193679915e+03 -5.417533845608963020e+03 -7.199983124018461922e+02 2.350794470073815035e+02 -6.413518105204481117e+02 -1.463932188305233467e+03 2.566460232684609309e+03 1.360694728570709913e+02 -3.840972389966031297e+00 -1.481545423619946860e+02
-2.582779713293261011e+04 4.103378408436563768e+04 7.085850867787012248e+04 1.602517036121081037e+05 1.462650677973210259e+04 1.419527762761521386e+06 -6.839088767762207226e+02 -2.288686662521430480e+04 -1.184814358055565208e+04 3.549834912916763278e+04 3.044917126111051766e+04 -1.752724586291370724e+04 7.474228707812825405e+02 9.168779570678774326e+04 5.930620811617380241e+04 2.419758157141218362e+03 -1.297548241209344997e+04 9.154458372820457953e+03 -5.247164813775655057e+04 -5.764553742307485663e+03
-1.565431860897010120e+04 1.021999815884061354e+04 1.179740651223026907e+04 2.346213713229606583e+03 -1.086107606658901659e+03 -5.599716063191060584e+02 -1.399614024867305307e+04 2.952116945742138341e+03 -1.992692129882281733e+03 -2.888164469709504374e+03 -7.301874075604535392e+03 -7.402089494802120498e+03 -1.869880277507741766e+03 -5.547891574685118940e+03 6.114283808092419349e+03 -3.519455290090428025e+04 -2.378787923844265606e+04 -1.162953781752269862e+02 -6.242019605014399986e+02 -2.981934544794703470e+02
-1.262976070286002869e+04 8.145661139057293440e+03 -2.501504229351476454e+02 4.271321188213019923e+04 -4.889367912745269678e+03 -3.636330882638039839e+03 -3.131296162513311856e+02 3.368542566065126721e+03 1.504415112715832947e+03 6.967253946815842482e+02 -2.118927669632542802e+03 -1.725700948002817540e+03 3.351003594553172888e+02 1.379171157194098214e+03 -1.234805042201136530e+03 1.961266404786303156e+03 -2.283289318215764069e+03 -1.327544008372092549e+03 -2.130028323103092305e+02 1.702989807377618092e+02
-4.845963014898240363e+04 -1.541570544048269221e+04 9.484239234665997742e+01 -1.433326655135140982e+03 3.801555477882268264e+01 1.424529441474404337e+02 -7.656487647675451171e+02 1.711225375156304835e+03 3.725176719076167160e+02 -3.168186584693015106e+02 5.590535728672609821e+02 1.677176792397174552e+02 -4.114007897165317331e+02 3.639853548981849940e+02 -1.299490310205508479e+02 -2.736757961005950506e+02 2.945139405312567646e+02 -6.726279036900567689e+02 2.380974075089480948e+02 2.133488693548830270e+04
-4.362522838260740173e+03 1.783756662027515995e+04 2.460090711526396626e+04 -3.085451824585655686e+03 -1.430908856844597040e+03 -4.296841251261253660e+02 -1.010874684137129407e+03 7.715655421507341316e+02 6.191166708067875106e+02 -4.158682028340668353e+02 5.243987844603713029e+02 7.997099282203515713e+02 9.662315888365122873e+01 1.252071209212551366e+03 -9.246010773906693885e+02 2.446838065003457814e+02 7.644447911636395077e+01 -1.368907156627328447e+02 2.336140667983131038e+02 2.689747680993531276e+02
-4.836992240389405924e+04 -1.510038515937218290e+04 6.485582796995744275e+02 -1.243647397775505851e+03 2.187948515308064259e+02 2.793060807963040020e+02 -9.233008222146580692e+02 2.888137910220156755e+03 -1.590919429186530942e+04 -2.505953811081290405e+04 -1.208718186791594599e+04 -3.707236286982930778e+03 1.059805377214528562e+03 5.789321719150727404e+03 3.361671386563540182e+03 4.698213506425849118e+03 9.623084738250083774e+02 -8.872133592910869311e+02 -4.759487787931084313e+03 2.746193540742823984e+02
-4.671644323815371172e+04 -8.833421144162351993e+03 -1.316056677328759179e+03 2.173438275559759131e+04 -2.098462895800228125e+03 -2.010084638459700500e+03 -3.622622482187003243e+03 1.541245215691823978e+04 5.479739826316340441e+03 -2.392003593591393837e+03 2.052666039841050861e+03 -2.516322868954956903e+03 3.772502049914236977e+03 5.133511418345481616e+03 1.713029432046041165e+03 1.643663608952853610e+04 -2.328164593565207906e+04 -5.591206601450366725e+04 4.843004162574758811e+04 -1.023217144902201107e+04
-8.471834552259952034e+03 1.214012891607177153e+04 1.934436571534812174e+04 8.823621739570539830e+02 -9.951425537549987439e+02 -4.334188948464164923e+02 1.465587774065908889e+03 2.090828771435810722e+03 -4.581746988535788887e+02 -5.694084633327403935e+03 1.124563139366536961e+04 2.775704143224670133e+03 1.517525559848013472e+02 -4.384392977288135853e+02 6.637601470288699090e+01 -4.066936293342051272e+02 -1.363040757143763585e+03 -2.742757274546975736e+02 5.701661801712508577e+02 -1.062654325282501077e+03
-6.123808013645613755e+03 1.452197878229301568e+04 2.339801625839413100e+04 1.203858593737063302e+03 -1.123478296977964874e+03 2.269313646122562204e+04 5.795121247361045789e+03 3.890587748230334910e+03 -1.023366601681119755e+04 6.491339803127598316e+03 1.208471780842006228e+04 -1.162702616410306291e+03 -9.502147341604150199e+01 8.841464197955194322e+03 3.430314332171240039e+03 2.298830402218606196e+03 -5.723562785477639409e+03 5.060810454922578174e+03 -2.027084783811574016e+04 -2.315841838285071390e+03
-3.770983126473466837e+04 5.487385780222576614e+03 1.397230955163091676e+04 2.078126879706950422e+04 7.888132223667610560e+03 5.041418500662119914e+04 -7.442846384545428009e+02 4.519229222614926402e+04 -1.758634299516984902e+05 8.380269460526382318e+04 2.220801421463676525e+04 2.007865925857896218e+04 1.205491776937907707e+04 -3.255078927226952510e+05 -2.339856602635043964e+05 -4.201601559623531066e+05 7.102285857723297086e+05 -2.104463607909047045e+06 -2.177633794808288221e+05 5.090580878107423814e+03
-4.172608777330074372e+04 3.592787108181337680e+04 -2.631589073096554057e+04 -5.182943896914643119e+03 9.935539003638662052e+02 5.530777588356271508e+02 1.339592739222816135e+03 -4.163366728071254101e+02 4.274584175089833593e+02 1.217086125787295146e+02 1.725473623612460415e+03 -2.391533168208337088e+02 -6.293232401133772100e+02 -2.574458202210207673e+02 -6.068518586755962474e+01 -2.473325640224668973e+02 -2.793589445456337117e+01 -8.409503479282906255e+02 1.169198094499063814e+02 2.120647983586489499e+04
-1.613696341572943311e+04 1.159679297387172119e+04 1.571213912910665204e+04 5.867580087913622265e+03 2.452083605961809454e+01 1.651291556981731264e+04 -4.063758493970164182e+03 1.038270316225082752e+04 -3.738622704429884470e+04 1.400634308430288002e+04 1.682779568253375828e+03 -1.454747188269087928e+03 -5.580605998848176341e+02 -2.285624376524893160e+04 -2.649285460034570860e+04 -1.264600276162997034e+03 1.298897233310070078e+03 -5.197463577703717164e+01 3.839048396433592643e+03 4.140116951926571573e+02
-4.589368464421357930e+04 -1.203300022316408831e+04 6.078931012906598880e+03 6.449570804826877975e+03 6.258107180087363668e+04 -1.690336489392045905e+03 -2.466131763986878923e+03 -5.761857160954551773e+02 2.130652173283454687e+01 -9.065215702016053001e+02 -4.412910171075057519e+02 3.337734950169694912e+02 -1.240196484897655580e+02 5.811739553175121955e+02 -3.358678130788852627e+02 1.142204032571900001e+02 8.788563715340114868e+01 3.897369094780197685e+01 5.515875041685844735e+02 4.181866744270756726e+02
-1.335784412477532715e+04 5.392653224570922248e+03 2.971616937562581825e+03 1.905387220489508400e+04 -2.967550780421677246e+03 -2.583561633666754460e+03 7.440411009900009276e+02 -2.025390919334139471e+04 -1.802770929451634402e+03 4.385586316204737159e+03 -5.493329614280697569e+03 -1.757388606066574539e+03 4.256477700449543704e+02 -5.472627718535204622e+03 5.260608814052413436e+03 2.075946158333255880e+03 -5.314070374452279793e+03 -3.959156515725744612e+03 6.026868224275362081e+03 -8.006412039263304905e+04
-2.643763552898166745e+04 3.733526593055090052e+04 6.763889405942482699e+04 1.420863090887261205e+05 4.313969502724552149e+04 1.271015833814267302e+06 -1.308669935687625548e+04 9.499174306960003742e+04 -1.141569845409028232e+06 9.370813689726606244e+05 4.408323173746695393e+05 -4.719446091059840401e+05 1.800154699702349899e+04 1.400029016413799254e+06 1.067892005748613970e+06 -4.399176234783912514e+04 -1.709472291622325429e+04 1.811669281306827033e+05 1.144675960023254156e+06 7.039145206546309055e+04
-3.695197034543140035e+04 3.490730617282224557e+04 -1.829532647964106945e+04 -2.095053775508509716e+03 7.618510372406723945e+03 2.605050280107839171e+03 6.221877193484199324e+02 3.168117913610770302e+03 -3.473211552634208783e+04 -3.879461892035556957e+04 -1.641559528635037350e+04 -4.297881571763104148e+03 2.028283205198965106e+03 1.242807007989540580e+03 -6.978986914229743661e+02 -5.648533805441867344e+02 -2.111159406858600505e+03 -3.887537057805735117e+02 -5.741352835574668916e+02 -1.614779207632599537e+03
-4.604627741940413398e+04 -1.259906075228155532e+04 4.576054832466073094e+03 1.937791861520115390e+03 4.289908033490659705e+02 1.602205318481282848e+04 -3.010843108189032137e+03 8.336419234093518753e+03 -3.707189018879443756e+04 1.345619431214451106e+04 2.521004675497531480e+03 -1.771540826357301739e+03 -5.522307809826711491e+02 -2.169653438903723509e+04 -2.672028257042164842e+04 -1.423384993807663705e+03 1.885098753698848441e+03 -5.605461733229213905e+02 4.342865661380818892e+03 9.581481931211824303e+02
3.746973160122689023e+03 2.652317954581521553e+04 2.346029159606683606e+04 -6.646511466511172330e+03 -4.183702214710055159e+03 -1.169805102144090228e+02 -7.641903516135503014e+04 4.097604150077600934e+03 1.974543662456343782e+03 7.117420238977972986e+03 -1.312492838026994832e+04 -3.537538239449903358e+03 1.718887399583472870e+02 1.194608219258948338e+03 -1.170364369711317778e+02 5.174013177668914977e+03 3.447529355432905959e+03 8.582267939536390031e+02 -1.714933119850373942e+03 -9.714949353375648116e+02
-5.435696757567939130e+03 1.168905905940241428e+04 1.589865959857777125e+04 1.565491991737004173e+04 -4.052127340065014778e+03 -2.747145186541780276e+03 -4.600149085652264148e+03 -2.484733504793847169e+04 -3.940764793033718888e+03 -1.543328856874039047e+03 3.323099478299865041e+03 3.903840173892306666e+03 7.929573055910817914e+01 -7.280297470448032300e+02 1.203609185864079336e+03 -8.108125070702410540e+02 1.187535230931717251e+03 4.905568455596524302e+01 4.112268124437263168e+02 3.358883298877097786e+03
-2.429149618151942195e+04 2.138233502905675050e+04 1.481778149685930657e+04 2.351173212356964359e+04 2.814922798141415478e+04 1.325675983824705181e+05 -1.120752279658537191e+04 4.020509865985707438e+04 -3.004748567136553465e+05 7.730728614370441937e+04 6.344329164561305333e+03 -3.698501779453412018e+04 7.538314145428079428e+03 -9.014152430201877723e+04 -1.831759849721636856e+05 -3.111880655256619866e+04 3.966591690700189065e+04 7.635902575420693029e+04 5.548334904273032444e+05 1.776165418716534987e+04
1.392030465911341935e+03 8.852137103581613701e+03 1.037894802190385963e+04 4.228400459349646212e+02 -1.827677557414417606e+03 -5.118080263264474183e+02 -3.523635687041636993e+04 9.442879166008506218e+02 7.570853270635847139e+02 1.599789306192996492e+03 -3.895231000556275831e+03 -1.852033095712605700e+03 9.264187311120932122e+01 8.360579386770378960e+02 3.726980700365822941e+02 3.883611220376258643e+03 3.778276771252064464e+03 8.773394381618210218e+02 -1.085640535998831638e+03 -1.389379667150457408e+03
-2.142296379749858534e+04 1.041763452194973070e+04 2.081903354883680731e+04 9.463889251301739023e+02 -2.021471384070288195e+02 3.780841407464974054e+03 1.269368186513014962e+03 1.459802745676941049e+04 -2.806640317478588258e+04 5.089625832834615721e+03 6.098118569305654091e+03 2.280313857896737682e+04 2.641740493399207026e+03 -6.858081959790144174e+04 -6.816523213534762363e+03 -2.935391458730934028e+04 2.976369592426181407e+04 8.545975715258410492e+04 2.587739757612833346e+05 1.352833369631474625e+02
-1.563360480309106424e+04 1.496085156551233740e+04 2.630129647140495581e+04 1.984905078287511424e+04 1.560511772892936715e+05 -4.772554956539533123e+03 -2.810459811534920846e+03 -2.046563993186941389e+03 2.250597081058774620e+03 4.850003028675901362e+01 1.465705627972967875e+02 2.751122740204708634e+02 2.155494045568246975e+02 5.696760930554859215e+02 3.653821015610342329e+02 5.708977152275090106e+01 -6.906811676006019241e+01 -7.912500867548280326e+01 -2.077771860339607883e+02 -9.281570467278573489e+00
-1.650666982890504005e+04 1.774149940408443945e+04 3.354194217966894212e+04 2.950019933723993381e+04 2.445404479301905958e+05 -6.592987705253836793e+03 -4.996337265476839093e+03 -4.437134037346883815e+03 3.271684621877501741e+03 2.327225036297278621e+03 7.192095948217831847e+02 1.107512370020260505e+03 6.724402912618127175e+02 1.151739383039563563e+03 1.858193690529451771e+02 3.745353200078665168e+02 -4.245219336441814448e+02 7.460463922584185070e+01 -1.860304572619632836e+03 1.331164923114179146e+02
-2.246442608760877192e+04 8.398666195919739039e+03 -4.408581019364239182e+03 4.593565063588798512e+04 -4.966189852385256927e+03 -4.197744938250332780e+03 -7.573673306283465081e+02 5.455706401727584307e+03 3.310582250045306864e+03 -1.414086159822176796e+03 1.433645538915696989e+03 -8.386043216022473644e+03 -6.069528401448632167e+02 2.071120512617393615e+03 -2.178265223362673623e+03 -2.638482013579795762e+02 1.443214638953278154e+03 -1.034879366953929093e+03 -1.129837952381190291e+02 4.395514237550779058e+02
-3.944615075057549257e+04 3.949240504387724650e+04 -2.751016115480472945e+04 2.536793218655257078e+04 -1.977433979888579188e+03 -1.578570875840435519e+03 1.103756454043919803e+03 1.982755331144701995e+04 5.229547842205475945e+02 1.366890665181052327e+03 -5.841792852674328060e+03 2.994932550474643358e+04 7.759444424761035407e+03 9.109296875436905339e+02 9.843801335891108465e+03 -2.763917942046723510e+03 1.488905790478037716e+03 6.771146408036550383e+03 3.635305219171279532e+03 -1.255483537655595541e+02
-4.602943147526719258e+04 -1.264689863789241281e+04 3.977983541881246310e+03 -4.699698354103414744e+01 -4.530022228453654520e+02 -1.513452401315360021e+02 -8.306502588745564935e+03 2.768450996686507551e+03 -2.053515310426852011e+03 -3.485854513877726276e+03 -5.982718044148910849e+03 -6.529510876289482439e+03 -1.815652155286429434e+03 -4.565033017427119375e+03 5.397040189435899265e+03 -3.505207940036319633e+04 -2.350753317250121108e+04 -1.858441280671968059e+02 -7.520672148716734000e+02 2.543486747477951155e+02
-2.470915960475549582e+04 2.058451913683158637e+04 3.538207244495241321e+04 7.008194400746373867e+04 1.072189313076584222e+04 5.575612767451426480e+05 -4.147808841992031375e+03 2.943956258054001955e+04 -2.407058852253281220e+05 1.844648401776152023e+05 7.798196857248712331e+04 -5.692427906620932481e+04 2.995582337558978907e+03 1.561288535356204084e+05 1.211868833017888974e+05 -1.291996752678676603e+04 1.284810797719366565e+04 -2.331558224200870973e+04 -5.806650157270988757e+02 8.703583825753397605e+02
-2.117614658129007876e+04 1.345603986408796663e+04 1.404655086309873514e+04 7.787093092851496294e+03 -1.467325422643702950e+03 -9.713294195879057042e+02 -4.672020250344443411e+03 6.647426230866892183e+03 1.170519827070995007e+03 -6.159442738266186097e+03 7.527589258977505779e+03 -9.236387600316540556e+03 -1.572907483911933468e+03 -1.492060378829598676e+03 1.445872405898342095e+03 -4.765515563253442451e+03 7.183931247603988595e+03 1.004132736487911188e+03 2.423316885933944604e+02 -1.200219932842339176e+03
-2.678575670653753696e+04 5.325355735362714040e+04 -3.308568457232184301e+03 -9.388019241773085014e+03 -1.357749240029084376e+03 2.041556289968631290e+02 -1.145411686535052831e+04 -1.804215715920591038e+03 5.866252487718961675e+02 3.256825020412021559e+02 1.623382084182177550e+03 2.153991687266563531e+03 1.707437508918645506e+02 1.522950777994853070e+03 -1.237745901695414659e+03 8.905093294419373251e+02 -6.387172388300976991e+02 -6.315792437159934707e+02 1.156031937184275620e+02 7.060845144399809215e+02
-6.590779916431459242e+03 6.614137698002749858e+03 9.158483927634564679e+03 1.646361062012261755e+04 -2.816141118056957566e+03 -2.425423981137369992e+03 5.457053584566787094e+02 -2.038842861450740020e+04 -3.235205230669379944e+03 2.444704539193363416e+03 -6.070202600591824194e+03 -3.804680637561154981e+03 -5.471593869261357668e+02 -7.512098922467745979e+03 6.021510406545688056e+03 -3.622493894049004211e+03 1.943897882410014745e+03 3.584948257398010355e+03 1.020554776040482011e+03 -1.181593545244229608e+04
-2.081303823523509345e+04 1.817157416201244996e+04 2.201060758109213202e+04 4.077177566681605822e+04 8.554490850500491433e+03 4.733763754826345394e+04 -3.403484791888219206e+03 4.652069384642329533e+04 -1.432079830899474327e+05 7.464975937167488155e+04 2.615881343345425921e+04 2.465849558045705635e+04 -3.992497341237765340e+03 -1.201239800959516724e+05 -1.277858689853067481e+05 1.798070703808469625e+04 -2.675841434647992355e+04 3.179403125142636782e+04 -8.951835829721749178e+04 -2.500594444517755619e+03
-6.000138963245229388e+04 7.938003462338679128e+03 -1.877506966457908857e+04 3.454373719569764944e+04 -3.027304356066902983e+03 -3.076352617545817793e+03 -1.439935726771705731e+03 1.421157699279099688e+04 5.383105999283036908e+03 -3.902466753319858981e+03 5.366780179608152139e+03 -1.182618369485821313e+04 -7.971834720190870485e+02 3.371499987532758041e+03 -2.939530709279633356e+03 -1.375430672518204574e+03 3.343076090427439340e+03 -1.623485182972989833e+03 5.785108653377072869e+02 9.977766265782233859e+02
-4.230074632648596162e+04 3.173283367173568331e+04 -1.181595865101451818e+04 7.022798172212296049e+04 3.528531896716216579e+03 7.898680008489934153e+03 -5.763680276387690355e+03 7.020235113786105649e+04 -8.040181862613800331e+04 -3.238103336256204420e+04 -8.247568561438926554e+04 2.313521132912283356e+05 -1.214324406624735100e+06 3.285774123662659258e+04 3.262960412621330761e+04 7.592509437942585464e+03 -2.003601040810386849e+03 -9.984261045926943552e+03 1.619860374059043897e+04 -3.105760709461279839e+04
