2.097419703657412538e+04 -3.083701809581957150e+03 -3.383879914506371279e+03 -4.293203338286003259e+02 1.626590328655332769e+02 9.530574340869264915e+01 -9.629205569810794429e+01 2.136147658638563485e+02 5.135914386074717619e+00 -4.407738502502157019e+01 1.117871408644882649e+02 3.971904572770516495e+01 3.996289282624125416e+00 7.562802101408522937e+00 -7.727012865882975312e+00 8.521113348846130364e+00 -3.264058535749216361e+01 -2.454491334740183817e+01 5.387936403321671008e+00 1.564656934035186131e+00
-4.937438680126453983e+04 -1.552694372927448057e+04 1.429000340108283069e+02 -1.206169257040971388e+03 -5.595982103159807508e+01 7.454794678585069789e+01 -3.968448874730749480e+02 -4.310091832692822145e+00 2.794605405920828503e+02 3.841347951432651371e+02 -7.047878599567920510e+00 2.593485936637089821e+02 5.507908569435608825e+01 9.356654199185896914e+01 -6.267302099215500277e+01 1.085639997459351918e+02 5.749810998597991940e+00 9.159544795542335294e+01 -1.202463702460305583e+01 -6.522733360545639698e+02
-3.107362960217327327e+03 1.082253100621844715e+04 1.741952836312089858e+04 -2.028659344011537996e+03 -7.019756210065670530e+02 -2.591105700705384152e+02 4.751250056237048739e+03 1.192259784887934529e+03 6.398543640859732022e+02 8.728595239530046683e+02 -2.364343918034040144e+03 -6.469399957655581375e+02 -7.296633828892293394e+00 9.837229256420878301e+02 -8.246862608472488319e+02 -2.529078335810868339e+01 2.313333653255188551e+02 1.067495298602256071e+02 -6.159588213726602390e+01 8.676978225091615116e+01
-4.262779726159776328e+04 3.583441966343211243e+04 -2.623155974111872638e+04 -5.083222296914462277e+03 9.104806438234933239e+02 4.958504409460415445e+02 1.724873770671697685e+03 -2.202858935967696198e+03 3.111488401124350389e+02 8.482453389724360022e+02 1.116526636900903213e+03 -9.734816514442613311e+01 -1.502299173265424770e+02 -5.296739448411315152e+02 7.844384331050995307e+00 1.388154679634822060e+02 -3.298125626131256922e+02 -7.297028743755056723e+01 -1.413629166466230345e+02 -7.901633807911259737e+02
-1.266094518498228354e+04 8.140146034248188698e+03 -2.448662803802969847e+02 4.251347950871608191e+04 -4.868797962044712222e+03 -3.628496271598121439e+03 -3.059269836491888555e+02 3.295113287229486104e+03 1.501760346253328180e+03 6.862606086241306684e+02 -2.100536407504754152e+03 -1.751362934563654107e+03 3.336989491538082007e+02 1.370826815173384375e+03 -1.223730734713833499e+03 1.944876567468059420e+03 -2.262821668471314297e+03 -1.326571027365809641e+03 -2.050417649895044860e+02 1.654842528003859456e+02
-1.647305053727971608e+04 1.746456503427818461e+04 3.264841207009941718e+04 2.837607478542299214e+04 2.331496947451460583e+05 -6.368543462013868520e+03 -4.748292577293247632e+03 -4.077668205530620980e+03 3.137384743019154030e+03 2.014524435061107397e+03 6.365722347173233402e+02 1.030153511668393776e+03 6.139265895720310482e+02 1.080326754835357633e+03 2.049501247954403027e+02 3.645862257961532009e+02 -4.208535761931287311e+02 6.816353769887237490e+01 -1.625653456702136737e+03 1.232078337994027208e+02
-4.523063161928703266e+03 3.763202905910628488e+03 5.943126101112503420e+03 8.886235432602425135e+03 -1.817872690882541519e+03 -1.348517705065616155e+03 1.732308438547235482e+03 -8.723721071339667105e+03 -6.644050293031808678e+02 1.462543585916850134e+03 -2.008696885764998342e+03 -1.104445141936860892e+02 -2.759724444965756973e+01 -2.436967349318235563e+02 1.268327464949151704e+02 -2.533602887688009986e+01 6.915042342112815277e+01 1.608299118680483559e+02 -7.804528637458091112e+01 -1.149144204042142064e+03
5.656151207927687210e+03 2.187679825241012804e+04 2.374030268035075278e+04 -3.797823165853044429e+03 -3.950467335141242074e+03 -6.170279708533768144e+02 -5.882004699740628712e+04 -2.147508670833534268e+02 9.716399879441013354e+02 1.425599073228449015e+03 -1.693495090959771233e+03 1.014099608384774115e+03 3.896697546140617874e+02 1.984759552187367035e+03 -3.938353595012092114e+02 5.146386216819849324e+03 3.206888985537212648e+03 5.533118126162091812e+02 -1.023207809094355753e+03 -5.125832745011157385e+02
-4.652826525879964174e+04 1.213875997741946594e+04 -1.497227857815345851e+04 1.345709557168084211e+04 4.471887188175831511e+02 -1.185010782554809055e+02 -7.630248442538734253e+02 1.633801164408109616e+04 -9.797532356457282731e+03 -1.053902465531744929e+04 -9.656823082100312604e+03 4.630159880680538481e+04 -3.338072353093387792e+05 1.376737695154908761e+04 9.763020230155527315e+03 -2.857343737577645015e+02 1.230069856274206904e+04 -3.988842011714606087e+03 1.011427503527930457e+04 8.122767063450439764e+02
-2.486621745308253958e+04 4.893571865025447187e+04 -7.690810745053722712e+03 -9.773833635528504601e+03 -4.706837051938775289e+02 4.571591360629606129e+02 -5.243725576958659076e+03 -6.018018370641839283e+02 7.838522875481891106e+02 2.191618256824338005e+03 -2.489889031300582246e+03 3.380668320538551939e+02 3.123972865347630190e+01 9.346396030006728779e+02 -1.014670393230068839e+03 5.977616486616529983e+02 -4.155020840548594379e+02 -3.945140369864786294e+02 -6.483205856391259658e+01 4.220620993238030678e+02
-2.647604749269227250e+04 2.052176359797573969e+04 3.646002705813210196e+04 7.187247277475721785e+04 1.068192032570296578e+04 5.858259423451467883e+05 -4.089631686299950161e+03 2.679836160708583702e+04 -2.232453990653316141e+05 1.717380581307375396e+05 7.223939720190249500e+04 -4.966192530365566927e+04 3.371237062431846880e+03 1.394822192755158176e+05 1.113181536062293599e+05 -1.688582086198205798e+04 1.975389653463883224e+04 -3.672507564949152584e+04 -1.779988420086624319e+04 -3.451626225164970947e+02
-3.658001454311869566e+03 1.553828072007181254e+04 2.230078313330992023e+04 -3.092756945777169221e+03 -9.955879317027466868e+02 -2.800953552885162026e+02 1.398500799155714276e+03 2.084116204571246271e+03 8.758132776280159533e+02 1.130073036413902400e+03 -2.816987215648877282e+03 -7.172337092900510243e+02 -3.991926531827937996e+00 7.731667974325614523e+02 -7.156951834042705514e+02 6.917963970444615995e+01 2.014224813710794422e+02 -9.503276559685135183e+00 1.154189833836581869e+02 8.324447529171720817e+01
-3.390361032988087391e+04 7.461490853905177210e+04 1.565464070198635163e+05 6.688038500037605409e+05 9.269461209923577553e+04 7.429178814210163429e+06 -7.226347487304396054e+04 -6.452495208701075753e+05 2.697222315995696001e+06 -1.839428319571936736e+06 -9.099011106334049255e+05 4.952719504703676794e+05 -1.449154183666315657e+04 -1.352397542225514771e+06 -1.006791201424730825e+06 1.677897437323605482e+04 5.029670213864884863e+04 3.157114726211919697e+04 3.748489633779013529e+05 3.634773474928404903e+04
-8.944053414811187395e+03 1.674954128163687710e+04 2.576981903933813737e+04 6.290649385639386537e+02 -2.041747713142483462e+03 -7.533491541307839725e+02 -3.326702100625106141e+03 -4.981270729853570742e+02 -9.410537504583844566e+02 -8.869274063789955107e+03 1.807507179388568693e+04 5.864358130170582626e+03 3.455979588021351105e+02 5.022904518283160655e+02 -3.393034373311444938e+02 -7.445937453757551339e+01 -1.591931169224670384e+03 -5.311176605989832069e+02 8.310179962463490710e+02 -7.084215889521194640e+02
-1.565308818826777861e+04 1.510309361996446569e+04 2.669913722387505914e+04 2.029722318137588445e+04 1.603472847325682233e+05 -4.850448272068863844e+03 -2.920080594967135767e+03 -2.163856524843046373e+03 2.268056715755915775e+03 1.847081694816602919e+02 1.715060463031065581e+02 3.404483086326217176e+02 2.407272130691121106e+02 5.660200377030620302e+02 3.321019754309942869e+02 8.681056966963878097e+01 -1.106513175226917269e+02 -5.927020020772140896e+01 -2.994168038663023026e+02 -4.551292092528329114e+00
-9.045574359854301292e+03 2.509472781560665226e+03 6.052602049672834710e+02 8.564211321167174901e+03 -5.749691222825025534e+02 -1.042737895624301245e+03 -5.479558260491887722e+02 2.337874444150976615e+03 2.716819043223619701e+03 -5.838273971440328751e+03 9.895888114277091518e+03 -2.375673958914054310e+04 -4.361648984331933207e+03 -3.282483414749742224e+03 -9.360360308197102768e+02 -2.595746211705441601e+04 3.979367801747012709e+04 2.336766508746085674e+04 -3.981866910769650531e+03 -2.856470254596074483e+03
-5.584599960844355519e+04 3.971187276176470186e+04 -3.498582671517255949e+04 3.029080335961204037e+04 -2.263648979756841072e+03 -2.659767433692222767e+03 -1.272487326946563826e+02 1.204190692638606015e+04 5.562208340793925345e+03 -3.029617763814804675e+03 6.294930971761603359e+03 -1.185388425366072806e+04 -1.016648223588405472e+03 2.682744938366896804e+03 -2.834076879715437826e+03 -1.402304942100548033e+03 3.098642005951337524e+03 -1.622567549025738799e+03 5.207269134512076789e+02 7.721284918071628454e+02
-2.245463108896074846e+04 2.381924849497113610e+04 5.348096356406366795e+03 1.044882035644989628e+04 -4.696938765762066623e+02 1.937547822800152289e+03 3.157322968723488430e+03 3.041703536390242880e+04 -2.421846800173755037e+04 -4.182577910966295349e+03 -3.095372010130533090e+04 1.150970225758258603e+05 2.605902145428788572e+04 -1.530298377846563199e+04 5.192732222716709657e+04 -5.673299321837219759e+04 7.425853468310000608e+04 7.097665162038295421e+03 1.944492302146079965e+03 -4.789072812554433767e+03
-4.142454675950141245e+04 3.523850570149485429e+04 -2.515506530893176750e+04 -4.466433699781152427e+03 3.209028064838178580e+03 1.699567357136364990e+03 1.763476369302904004e+03 4.092785316881571816e+03 -4.750326482840348763e+04 -6.440203181907714315e+04 -2.928720186911208657e+04 -7.725173647918445567e+03 3.226093495274218640e+03 8.890972319773056370e+03 5.042511881140104379e+03 6.726269444693120931e+03 6.023368736693598748e+02 -1.096511664455956634e+03 -5.759330611979779860e+03 -1.424599122030882427e+03
-2.436483802557143645e+04 3.267222865612317037e+04 5.467944334848031576e+04 1.238246704467444943e+05 1.038165300575338551e+04 1.018446762935484294e+06 2.280250249014074143e+03 2.519107005407496217e+03 -1.155913174114106514e+05 1.060326528952555527e+05 5.682785977506062045e+04 -3.723477255232878815e+04 1.025845527575876986e+03 1.409752744410783635e+05 1.026381412046951009e+05 1.205873104956819589e+03 -1.100631420144206277e+04 2.008147975374210318e+03 -5.913037358805486292e+04 -4.723609915800651834e+03
-2.081303823523509709e+04 1.817157416201244632e+04 2.201060758109214294e+04 4.077177566681604367e+04 8.554490850500489614e+03 4.733763754826345394e+04 -3.403484791888219661e+03 4.652069384642330260e+04 -1.432079830899474618e+05 7.464975937167488155e+04 2.615881343345425194e+04 2.465849558045705999e+04 -3.992497341237764886e+03 -1.201239800959516724e+05 -1.277858689853067335e+05 1.798070703808469261e+04 -2.675841434647992355e+04 3.179403125142636418e+04 -8.951835829721752089e+04 -2.500594444517756074e+03
-1.047260964976164178e+04 1.058431971856016389e+04 1.574536060517118131e+04 2.314907076921101179e+03 -6.992202745967512101e+02 4.964363432403462895e+01 8.142617438718340281e+02 4.217432750042238695e+03 2.919741538430367314e+02 -5.222424465889222347e+02 6.568143046680999078e+02 -5.293862245885326047e+03 -9.120718587461011566e+02 -1.465051009964908735e+04 1.222296644548766380e+04 3.582775263118893236e+03 -8.218920025363694322e+02 1.062334325446185801e+02 1.069578504345605097e+03 3.012291015321510486e+02
-3.937153958005670574e+04 9.400567375560967776e+03 2.847170868239002084e+04 -7.704187854615644937e+03 -4.774978464673319650e+03 6.019810164568498294e+02 -9.283654984462930588e+04 9.804378563949621821e+03 -1.180067871268931231e+04 -9.444628457886306933e+03 -3.087097540681488681e+04 -2.959314100704528391e+04 -1.036357618702884247e+04 -4.091347559392800031e+04 4.181658393500300735e+04 -5.402395853004803648e+05 -4.130519698641551659e+05 -2.224136468164363396e+04 -2.088010960122930919e+04 2.494672799212529571e+04
-1.565431860897010665e+04 1.021999815884061354e+04 1.179740651223026907e+04 2.346213713229607038e+03 -1.086107606658901886e+03 -5.599716063191061721e+02 -1.399614024867305307e+04 2.952116945742138341e+03 -1.992692129882280597e+03 -2.888164469709503919e+03 -7.301874075604535392e+03 -7.402089494802118679e+03 -1.869880277507742221e+03 -5.547891574685118940e+03 6.114283808092419349e+03 -3.519455290090428753e+04 -2.378787923844265606e+04 -1.162953781752269578e+02 -6.242019605014401122e+02 -2.981934544794703470e+02
-2.353396976670873119e+04 2.193850812674376721e+04 8.786473380248135072e+03 7.574707183044053636e+03 2.030174357696464722e+04 3.847760827787018934e+04 -2.887390337665384322e+03 1.759099880596114235e+04 -1.057916199884036032e+05 1.277129183273295348e+04 -2.505120086004390032e+03 -2.448480676234688872e+03 3.420224807044229237e+03 -5.506788426606864959e+04 -6.385669762641465786e+04 -1.700240868615818545e+04 2.024939818965541053e+04 4.450161709589380916e+04 2.271574322627150395e+05 4.562073747655775151e+03
9.106882922677544911e+02 7.064136020205132809e+03 1.096719921029199395e+04 1.420318043909405060e+04 -3.298627055780872070e+03 -2.401491849972574073e+03 1.315456905729574828e+02 -2.418533312926260623e+04 -3.821822221598649321e+03 7.040633169634133992e+02 -1.355050587215422183e+03 2.493596016809604862e+03 3.316185351747164667e+00 -9.710510254040938207e+02 1.224405885432155628e+03 -9.125234995023853344e+02 1.230652375287613268e+03 2.501888972750379594e+02 1.170030261472220872e+02 3.174335353322431274e+03
-4.845906946254374634e+04 -1.541523263928261986e+04 9.509609509153960971e+01 -1.432757177856062754e+03 3.801053285195167319e+01 1.423862760549635880e+02 -7.656179131558952804e+02 1.711450747720085474e+03 3.726066103708631658e+02 -3.168971511066503126e+02 5.590461326870284893e+02 1.677205320035806437e+02 -4.113583385921820081e+02 3.642000702848860101e+02 -1.300889499116714489e+02 -2.734173624433973373e+02 2.944068136175726522e+02 -6.729576158142328950e+02 2.386357765459665359e+02 2.133452778161314200e+04
-1.613696341572943311e+04 1.159679297387172119e+04 1.571213912910665749e+04 5.867580087913622265e+03 2.452083605961809454e+01 1.651291556981731264e+04 -4.063758493970165091e+03 1.038270316225082752e+04 -3.738622704429885198e+04 1.400634308430287638e+04 1.682779568253376056e+03 -1.454747188269087928e+03 -5.580605998848175204e+02 -2.285624376524893160e+04 -2.649285460034570497e+04 -1.264600276162996806e+03 1.298897233310070305e+03 -5.197463577703717874e+01 3.839048396433592188e+03 4.140116951926572142e+02
-1.088619993337642154e+04 1.317526386142097545e+04 2.117236603755645774e+04 4.041711014244256148e+03 -5.259441840792405856e+02 6.075108892591435506e+03 3.246665308080390787e+03 1.386471470263610718e+04 -1.657775357397400148e+04 1.271832615328547035e+04 8.999109552614088898e+03 -3.711002903894228075e+04 -5.679937055062569925e+03 -1.089361498368091852e+05 1.247252232001722878e+05 5.592142791276628850e+04 -1.657627994533283345e+04 7.314047632459643864e+03 -4.732871350326958236e+03 1.832988135824754863e+04
-2.014504633504052617e+04 1.062716118458732672e+04 2.187704603092172329e+04 -4.004992194874646572e+01 3.034039012240794818e+03 1.463018706878956800e+04 6.418620641592957554e+02 1.249289990751800906e+04 -3.150278965936684835e+04 1.978632355256641677e+04 6.865371924112105262e+02 1.736591445204673801e+04 5.441890239574639054e+03 -2.966854747822355057e+04 8.864651243631262332e+03 -4.525492308549598965e+04 7.173357789663574658e+04 -1.147044286590801348e+05 -2.054939385332366146e+04 -1.202087136806821263e+03
-4.028792220337894105e+04 3.784715221016135911e+04 -2.678399237437950069e+04 1.900419181506777022e+04 -1.229309515763355876e+03 -1.056918604058949313e+03 1.231836132522271328e+03 1.775680385370757358e+04 -5.941390227687340797e+01 1.368470726968564122e+03 -5.596845857927308316e+03 3.066480769601796419e+04 7.665014710573808770e+03 3.483263252817426405e+02 1.037769684381691150e+04 -3.187425418595148585e+03 1.910135828434390987e+03 7.089913007287404071e+03 3.711812808814116579e+03 -3.039985807827663962e+02
-4.836992240389405197e+04 -1.510038515937217562e+04 6.485582796995744275e+02 -1.243647397775506079e+03 2.187948515308064259e+02 2.793060807963040020e+02 -9.233008222146580692e+02 2.888137910220156755e+03 -1.590919429186531306e+04 -2.505953811081290769e+04 -1.208718186791594962e+04 -3.707236286982931233e+03 1.059805377214528562e+03 5.789321719150728313e+03 3.361671386563540182e+03 4.698213506425849118e+03 9.623084738250083774e+02 -8.872133592910867037e+02 -4.759487787931085222e+03 2.746193540742823984e+02
-7.192981951820223003e+03 1.670060329714207546e+04 2.599551046109496383e+04 1.336464522392806975e+04 7.382401571526009320e+03 1.386778536377016280e+05 1.149157479296769907e+03 1.056141953714920237e+04 -8.393689252980596211e+04 7.074216967113057035e+04 2.840228422645918909e+04 -3.021597797392802750e+04 8.200907059194507838e+02 7.427057635411131196e+04 7.274134804802970029e+04 8.900125531926868234e+02 1.079366809850047503e+03 -5.918550775528115992e+03 -9.420769621569517767e+03 9.106193435830133467e+02
-6.118336392702911326e+03 1.452206687512630378e+04 2.340050961585957702e+04 1.199350341036896452e+03 -1.123241511912966871e+03 2.269370024592397385e+04 5.795489780464055912e+03 3.888810507206579132e+03 -1.023432068559430627e+04 6.493218951238087357e+03 1.208137926587759466e+04 -1.161099909373802802e+03 -9.477187574415287941e+01 8.841339043272515482e+03 3.430627229176386209e+03 2.299591145979504290e+03 -5.724401449383266481e+03 5.060910923070790886e+03 -2.027118132546699781e+04 -2.315717861225049546e+03
-4.332376167140884354e+04 4.873417784566304908e+04 -1.491819379816078981e+04 1.183625997982947010e+05 3.774330498322490166e+04 3.272267325405126940e+03 -6.657788197464812583e+03 1.238686921783806029e+05 -1.073264803249460820e+05 -3.239254324847713360e+04 -1.485637644755731453e+05 4.946661070626931614e+05 -2.562450987102032639e+06 7.993945496745551645e+04 8.424003479697836156e+04 3.541244295918357238e+04 9.498511284400306977e+03 -2.362886442389662261e+04 3.937337699184878875e+04 -6.968172246985540551e+04
-4.671644323815370444e+04 -8.833421144162351993e+03 -1.316056677328759406e+03 2.173438275559758767e+04 -2.098462895800227670e+03 -2.010084638459700500e+03 -3.622622482187003243e+03 1.541245215691823978e+04 5.479739826316340441e+03 -2.392003593591393837e+03 2.052666039841050406e+03 -2.516322868954957357e+03 3.772502049914236977e+03 5.133511418345481616e+03 1.713029432046041165e+03 1.643663608952853610e+04 -2.328164593565207542e+04 -5.591206601450366725e+04 4.843004162574758084e+04 -1.023217144902200926e+04
-1.335784412477532533e+04 5.392653224570922248e+03 2.971616937562581370e+03 1.905387220489508400e+04 -2.967550780421677700e+03 -2.583561633666754460e+03 7.440411009900007002e+02 -2.025390919334139107e+04 -1.802770929451634402e+03 4.385586316204738068e+03 -5.493329614280696660e+03 -1.757388606066574539e+03 4.256477700449543704e+02 -5.472627718535205531e+03 5.260608814052413436e+03 2.075946158333256335e+03 -5.314070374452280703e+03 -3.959156515725744612e+03 6.026868224275362991e+03 -8.006412039263303450e+04
-4.604627741940412670e+04 -1.259906075228155714e+04 4.576054832466073094e+03 1.937791861520115390e+03 4.289908033490659705e+02 1.602205318481283211e+04 -3.010843108189031682e+03 8.336419234093518753e+03 -3.707189018879443756e+04 1.345619431214451106e+04 2.521004675497531480e+03 -1.771540826357301739e+03 -5.522307809826711491e+02 -2.169653438903723509e+04 -2.672028257042165569e+04 -1.423384993807663477e+03 1.885098753698848668e+03 -5.605461733229213905e+02 4.342865661380819802e+03 9.581481931211824303e+02
-8.267728762321823524e+03 1.212548924439007351e+04 1.945398888888029978e+04 6.781834777041357256e+02 -9.828012194638926076e+02 -4.177408991753356986e+02 1.469993965389250889e+03 2.024477175444036220e+03 -4.761756093709716424e+02 -5.677314021660731669e+03 1.122053819931459475e+04 2.787248035060383700e+03 1.461741851648257864e+02 -4.459069280930726791e+02 6.288526138194482229e+01 -4.127836135353441591e+02 -1.351947131183179636e+03 -2.594264733443769160e+02 5.582131849992379102e+02 -1.060748400360769438e+03
-3.770983126473466837e+04 5.487385780222576614e+03 1.397230955163091676e+04 2.078126879706950422e+04 7.888132223667610560e+03 5.041418500662119914e+04 -7.442846384545428009e+02 4.519229222614926402e+04 -1.758634299516984902e+05 8.380269460526382318e+04 2.220801421463676525e+04 2.007865925857896218e+04 1.205491776937907707e+04 -3.255078927226952510e+05 -2.339856602635043964e+05 -4.201601559623531066e+05 7.102285857723297086e+05 -2.104463607909047045e+06 -2.177633794808288221e+05 5.090580878107423814e+03
-6.001253117361063050e+04 7.929909149808469010e+03 -1.878176357452109733e+04 3.455020619900953170e+04 -3.027872976674255824e+03 -3.076862453435268435e+03 -1.441330363121000573e+03 1.421284965096140695e+04 5.384157428793067083e+03 -3.899134695351623122e+03 5.359553875194087595e+03 -1.182875075566590203e+04 -7.971233485905679572e+02 3.372527201176507788e+03 -2.940266320105269642e+03 -1.374654910120873865e+03 3.343399081350430606e+03 -1.623819983484378326e+03 5.781313271765799300e+02 9.987122724658214565e+02
-7.782895941441312971e+03 1.029608752313968762e+04 1.339928959488346118e+04 1.662411163763721561e+04 -3.654582351072673191e+03 -2.696790584633534309e+03 -3.203411089131511289e+03 -2.298200829497962332e+04 -3.566483153222850888e+03 -3.508402629804324420e+02 4.433819447914673901e+02 1.023848196801317954e+03 -1.795505266474022790e+02 -2.757689632533208623e+03 2.589180047261716481e+03 -1.775037249171556368e+03 1.639297450349284418e+03 1.077383634871522190e+03 5.867622444027691699e+02 -9.042386543787099527e+02
-2.259073864312428486e+04 8.402502902131258452e+03 -4.346925182223985757e+03 4.533095825771469390e+04 -4.901525224670722309e+03 -4.157635792414661410e+03 -7.319389459467993220e+02 5.303983285002364937e+03 3.282854838200406448e+03 -1.424304413235957099e+03 1.470447097314921393e+03 -8.359919737678335878e+03 -6.062903900625684628e+02 2.032831610333605795e+03 -2.136877036115245119e+03 -2.921518724318183899e+02 1.467418877361830937e+03 -1.023476315053771827e+03 -9.495886451229854686e+01 4.134703529101147979e+02
-3.847537948801062157e+03 1.346416746944602528e+04 2.026699366169098721e+04 -2.546663414143615228e+03 -8.513798686295062907e+02 -2.874576151744398089e+02 2.944764175328632064e+03 1.499781232169034865e+03 7.412382186845281922e+02 8.429560487607245705e+02 -2.208398707740238478e+03 -5.219136765483852969e+02 3.804159034895626235e+00 9.053937460346863872e+02 -7.839744969837485087e+02 2.579267670297157267e+01 2.078298825995147467e+02 3.847563967659134931e+01 4.087073742043687474e+01 1.044102656145707613e+02
-2.643763552898166745e+04 3.733526593055090052e+04 6.763889405942482699e+04 1.420863090887261205e+05 4.313969502724552149e+04 1.271015833814267302e+06 -1.308669935687625548e+04 9.499174306960003742e+04 -1.141569845409028232e+06 9.370813689726606244e+05 4.408323173746695393e+05 -4.719446091059840401e+05 1.800154699702349899e+04 1.400029016413799254e+06 1.067892005748613970e+06 -4.399176234783912514e+04 -1.709472291622325429e+04 1.811669281306827033e+05 1.144675960023254156e+06 7.039145206546309055e+04
-4.589368464421355748e+04 -1.203300022316408649e+04 6.078931012906599790e+03 6.449570804826877065e+03 6.258107180087364395e+04 -1.690336489392045905e+03 -2.466131763986878923e+03 -5.761857160954552910e+02 2.130652173283454331e+01 -9.065215702016053001e+02 -4.412910171075056951e+02 3.337734950169694343e+02 -1.240196484897655438e+02 5.811739553175121955e+02 -3.358678130788852627e+02 1.142204032571900285e+02 8.788563715340114868e+01 3.897369094780198395e+01 5.515875041685844735e+02 4.181866744270756726e+02
-1.855682164824311985e+04 1.298999144221314418e+04 1.490215527673607539e+04 3.569048347740586905e+03 -1.114004049168292113e+03 -5.149928034053244801e+02 -1.098084761111862281e+04 6.891468256878059037e+03 -3.277750101722518821e+02 -3.614125509586657245e+03 -3.326153816481682497e+03 -1.290705477206099386e+04 -1.756680867524664791e+03 -1.670169994316919883e+03 3.107146403581012237e+03 -7.066485496334707932e+03 1.128637014071898375e+04 1.928659561866676768e+03 -5.641642096639394595e+02 -2.549970047433821946e+03
-3.692500027421322739e+04 3.481650311617006810e+04 -1.834233086817304866e+04 -2.109601715181917371e+03 7.646017998173673732e+03 2.611313318542676825e+03 7.566427323071980027e+02 3.133742227240998545e+03 -3.474897865569768328e+04 -3.880097376682926551e+04 -1.638201702733407365e+04 -4.286792339575004917e+03 2.030757984571127054e+03 1.231059080101395693e+03 -7.048980056656262150e+02 -5.794250110314222866e+02 -2.113465978339718276e+03 -3.813316056373376455e+02 -5.737434576006828593e+02 -1.676147305372486699e+03
-2.629914769020459062e+04 4.340758486637173337e+04 7.355193699487841513e+04 1.699724777261544659e+05 1.595678766688114592e+04 1.523131850102656754e+06 -3.970281126900599247e+03 -3.034014310697029941e+04 1.840595427025126264e+04 1.361366143019499214e+04 1.851475001416050873e+04 -1.174467620587159581e+04 8.556292833092293222e+02 7.435174337649581139e+04 4.510602915450009459e+04 1.191721367751383923e+03 -1.024385152429322625e+04 8.545433513671361652e+03 -3.743927507389276434e+04 -4.979907280536889630e+03
-3.771326982514474366e+04 4.239000933868183347e+04 -2.853815264838200528e+04 3.705478664466332702e+04 -3.315402559889471831e+03 -2.502027565408393912e+03 9.126196381152681170e+02 2.366506137727024907e+04 1.532850882152240956e+03 1.435774431144525124e+03 -6.378902247535272181e+03 2.881083727160912167e+04 7.910246910970552563e+03 1.935989140409974425e+03 8.839686355012807326e+03 -1.974290997175739449e+03 7.019583993755516076e+02 6.222255471102900628e+03 3.432093812820364292e+03 2.012357797436087026e+02
2.471554682723503902e+03 8.112513474367654453e+03 9.773012726102577290e+03 4.720705577543821505e+02 -1.808148211213288278e+03 -5.364082881142755923e+02 -3.548347257284102670e+04 5.644554383833492466e+02 1.046580233567245841e+03 1.990192540053398943e+03 -3.458660205805068017e+03 -1.362352152465362906e+03 8.561634314105280907e+01 8.164456041354379749e+02 1.250885001731091251e+02 4.184535188898507840e+03 3.690352357535381998e+03 8.925266065799015678e+02 -9.594553665927649035e+02 -1.272374829664768413e+03
-4.230074632648596162e+04 3.173283367173568331e+04 -1.181595865101451818e+04 7.022798172212296049e+04 3.528531896716216579e+03 7.898680008489934153e+03 -5.763680276387690355e+03 7.020235113786105649e+04 -8.040181862613800331e+04 -3.238103336256204420e+04 -8.247568561438926554e+04 2.313521132912283356e+05 -1.214324406624735100e+06 3.285774123662659258e+04 3.262960412621330761e+04 7.592509437942585464e+03 -2.003601040810386849e+03 -9.984261045926943552e+03 1.619860374059043897e+04 -3.105760709461279839e+04
3.746973160122689023e+03 2.652317954581521553e+04 2.346029159606683606e+04 -6.646511466511172330e+03 -4.183702214710055159e+03 -1.169805102144090228e+02 -7.641903516135503014e+04 4.097604150077600934e+03 1.974543662456343782e+03 7.117420238977972986e+03 -1.312492838026994832e+04 -3.537538239449903358e+03 1.718887399583472870e+02 1.194608219258948338e+03 -1.170364369711317778e+02 5.174013177668914977e+03 3.447529355432905959e+03 8.582267939536390031e+02 -1.714933119850373942e+03 -9.714949353375648116e+02
-4.172608777330074372e+04 3.592787108181337680e+04 -2.631589073096553693e+04 -5.182943896914643119e+03 9.935539003638662052e+02 5.530777588356271508e+02 1.339592739222816135e+03 -4.163366728071254101e+02 4.274584175089833593e+02 1.217086125787295146e+02 1.725473623612460869e+03 -2.391533168208337088e+02 -6.293232401133772100e+02 -2.574458202210207673e+02 -6.068518586755962474e+01 -2.473325640224669257e+02 -2.793589445456337117e+01 -8.409503479282903982e+02 1.169198094499063814e+02 2.120647983586489863e+04
-1.554179177772675757e+04 1.049250295760790323e+04 -1.627129671836309626e+03 6.253587347477075673e+04 -6.971711767565656373e+03 -3.214404242269168662e+03 -6.086656971980754633e+02 1.145225773051100805e+04 -1.050609231578492881e+02 3.663083826764360765e+03 -5.756284210543589325e+03 5.038312089646989079e+03 -2.460761820141366627e+02 1.613551238064100062e+03 -3.280778269710246605e+03 3.560968475410236351e+03 -4.159017817920056586e+03 7.766472903507232104e+02 -3.036062418818799870e+03 5.511961491541560463e+02
-2.079872154026664066e+04 2.301262177311371488e+04 2.781233708410477993e+04 5.280752192131115589e+04 1.898121831730266058e+04 3.945801167727387510e+05 -8.629316190962386827e+03 4.870682226124389854e+04 -4.489198651543679298e+05 2.664641288210290950e+05 1.004053454014450399e+05 -1.278585670325097308e+05 8.105133357099221939e+03 2.505880785946081160e+05 1.227242857358850306e+05 -2.785124923055542240e+04 2.327273734393592531e+04 6.953022560114209773e+04 5.475016851465109503e+05 2.539773012891562030e+04
-3.440633898858170141e+04 4.370198342291025619e+04 -1.064626052042681113e+04 3.781222159796579217e+04 -3.326659294419986963e+03 5.603304692726538860e+02 3.541708984687491011e+03 5.068770063791319262e+04 -1.773276820685792700e+04 6.487542251296727954e+03 -3.752926779266454105e+04 1.513532630094628839e+05 3.164126970761189295e+04 -1.271252573740496882e+04 5.780358427184413449e+04 -5.371757076918907114e+04 6.656483194680088491e+04 3.143571401094579778e+04 4.536901748569895972e+03 -3.864308359341386677e+03
-2.498077186318732129e+04 2.631406486892719113e+04 1.344071925778906370e+04 2.127311319339059992e+04 4.416544705451138725e+04 1.061912859416343563e+05 -1.723220074456119255e+04 4.577454139849750209e+04 -3.619698877772307605e+05 6.661055775790552434e+04 -7.400150531655300256e+03 -4.627292921978038066e+04 9.580569618015855667e+03 -1.375425073673045263e+05 -2.645146302816238021e+05 -3.758171222240931093e+04 5.122431712113192043e+04 8.928945180183403136e+04 7.115093977176988265e+05 2.303182656337289154e+04
-4.157625953018226573e+04 4.482515992772862955e+04 -2.852823568381665245e+04 7.351234780397106078e+04 -7.159901042146340842e+03 3.813651937296320398e+02 7.143461575933519043e+02 3.943916701565113181e+04 -5.632672519332652882e+03 1.076492715424086782e+04 -1.793088505995815285e+04 5.279809662088045297e+04 6.442733475390992680e+03 7.581689341357157446e+02 4.799452492867500951e+03 2.529777135204446950e+03 -5.209794063217981602e+03 1.329922407812782330e+04 -4.494590322600690342e+03 9.945830014366813430e+02
-4.585111661003113841e+04 6.032452248713379231e+04 -8.301614585139499468e+03 1.720491371283035051e+03 -3.045475074461792701e+03 -3.581980510050880184e+02 -4.210054943770900718e+04 7.187182554653784791e+03 2.236814778744161686e+03 4.580293174121682569e+03 -8.580012410797065968e+03 -3.506431032727251932e+03 1.356503884337023180e+02 5.544027693142717226e+02 -1.191026400644140608e+02 1.598318332201035219e+03 -1.460521901143665900e+03 -1.528258339477742993e+03 3.810388859967466146e+02 1.888588392250241668e+03
-4.306674286307400507e+03 1.806632082063064081e+04 2.525776635710514165e+04 -3.063709837271622746e+03 -1.519031049030627173e+03 -4.603341596907711164e+02 -1.364723329125425607e+03 5.922080875339096337e+02 5.859997564133585684e+02 -6.714593139385519862e+02 1.068982478441719195e+03 1.039412174021692636e+03 1.119302525556374803e+02 1.321640018510328446e+03 -9.542531617296806417e+02 2.733319932437007651e+02 5.762447248301975122e+01 -1.623934513739920078e+02 2.637981884990209096e+02 2.991649748099043791e+02
-4.602943147526719986e+04 -1.264689863789240917e+04 3.977983541881245856e+03 -4.699698354103416165e+01 -4.530022228453655089e+02 -1.513452401315360305e+02 -8.306502588745564935e+03 2.768450996686508006e+03 -2.053515310426852466e+03 -3.485854513877726276e+03 -5.982718044148910849e+03 -6.529510876289483349e+03 -1.815652155286429206e+03 -4.565033017427119375e+03 5.397040189435899265e+03 -3.505207940036319633e+04 -2.350753317250121108e+04 -1.858441280671967775e+02 -7.520672148716735137e+02 2.543486747477951155e+02
-2.355501195781554270e+04 2.426984973255989826e+04 3.045530167303907729e+04 5.912451571240433987e+04 8.350890648660182705e+03 8.631646067246637540e+04 -1.990197281742230189e+03 7.837111987679245067e+04 -2.531767388323281775e+05 1.347787085001167434e+05 5.998019736836873199e+04 4.462488080936217739e+04 -7.427769283151555101e+03 -2.174164048649182951e+05 -2.326986299964478821e+05 3.998201027050674747e+04 -6.119156957917978434e+04 7.300509332303369592e+04 -1.949312601985632209e+05 -7.287238835909098270e+03
-2.140945304535419928e+04 1.430738548185655600e+04 1.472066426883305940e+04 1.122541635329613018e+04 -1.935592249577341363e+03 -1.425157947183840861e+03 -4.883094534771605026e+02 5.645778888294524222e+03 1.448222723183597736e+03 -8.204294520853658469e+03 1.575401784087471970e+04 -2.588966452263643077e+03 -6.144796838242046988e+02 5.347359694918670812e+02 -9.629511759330459881e+02 -1.912746944192625278e+03 1.579918001287129073e+03 -2.822466814011979750e+02 7.204044581434559404e+02 -5.640920201336332411e+02
