2.097417835626035594e+04 -3.083688951855946016e+03 -3.383865700994422696e+03 -4.293201332309827194e+02 1.626581119572513785e+02 9.530541265126495887e+01 -9.630124497326151811e+01 2.136156339644761601e+02 5.136127077765156201e+00 -4.407648800301925007e+01 1.117851102726964996e+02 3.971827351071780043e+01 3.996249110271364202e+00 7.561789830583537153e+00 -7.726304966049655221e+00 8.521067353618503759e+00 -3.264042892832405585e+01 -2.454475349317633359e+01 5.388157080926750275e+00 1.564399466437472741e+00
-4.937436794480636308e+04 -1.552693004182296681e+04 1.429171102151694583e+02 -1.206170257226665854e+03 -5.596121932834567048e+01 7.454765285873762082e+01 -3.968483065668937115e+02 -4.309849629902060109e+00 2.794592319419160162e+02 3.841268738091999353e+02 -7.032768072979254548e+00 2.593541786995670009e+02 5.507947543916946387e+01 9.356699419327881628e+01 -6.267319030214885345e+01 1.085637538256377894e+02 5.747928943941861490e+00 9.159481776473556636e+01 -1.202387676127346339e+01 -6.522732150103698814e+02
-3.692006315512338460e+03 1.499058552455184326e+04 2.184049903711906518e+04 -2.969644606802113685e+03 -9.448918307150124747e+02 -2.774332202338279103e+02 1.841520091097784871e+03 2.012459066412975972e+03 8.573404812325123885e+02 1.121680224564766377e+03 -2.803752387906291915e+03 -7.311356728064471326e+02 -6.274616982879786420e+00 7.795550844502429300e+02 -7.200580379928853745e+02 5.202991329410927079e+01 2.079114350108222595e+02 5.111551299521556402e+00 9.810606473862142707e+01 8.088742068574347854e+01
-4.262801097669264709e+04 3.583433048501730809e+04 -2.623190087243746893e+04 -5.083386526858253092e+03 9.105128947342542460e+02 4.958710069743394797e+02 1.724989244803396787e+03 -2.203016379186014547e+03 3.111020540911226249e+02 8.482544595946606023e+02 1.116572051442723705e+03 -9.716514366113617029e+01 -1.502149201160360974e+02 -5.296404295481520421e+02 7.830350147430360508e+00 1.389389307543159191e+02 -3.299904710476321839e+02 -7.303490463579811376e+01 -1.414091079719445361e+02 -7.901833610355614610e+02
-2.254427895491370145e+04 8.431820940249210253e+03 -4.395356062060751356e+03 4.595550608295921120e+04 -4.965456395390635407e+03 -4.194085819298161368e+03 -7.564958850908348040e+02 5.524939987790990926e+03 3.318464778334285711e+03 -1.421177381611613100e+03 1.450673253433787522e+03 -8.388335038359269674e+03 -6.108360700039162339e+02 2.072666150501136599e+03 -2.183448033458536429e+03 -2.671794731483076362e+02 1.449636253615726218e+03 -1.031061844433304032e+03 -1.149235815102237126e+02 4.404304657493335640e+02
-4.477815050856179369e+03 3.744821951093069401e+03 5.963268892035462159e+03 8.825013281900353832e+03 -1.813068797779971646e+03 -1.343443768584117606e+03 1.741610954924270118e+03 -8.748766989114996250e+03 -6.711917391292456614e+02 1.467805091421111911e+03 -2.014322788269662624e+03 -9.796891654130321569e+01 -2.769378109743827920e+01 -2.458448077126805629e+02 1.284054937593064381e+02 -2.700068580480063574e+01 7.024266426088773585e+01 1.647982775685726722e+02 -7.962982584678063347e+01 -1.149166113806285011e+03
-2.637712611841232138e+04 2.065625059015233273e+04 3.664486018374176638e+04 7.097488150192669127e+04 1.086010801310856550e+04 5.824391011195353931e+05 -4.207841628757557373e+03 2.804286897510346535e+04 -2.356633194334595464e+05 1.816823048237577023e+05 7.691725598730356432e+04 -5.494390801185927558e+04 3.561546630937215923e+03 1.539390266527822823e+05 1.229623948299429903e+05 -1.730033431893338638e+04 1.970599217613479414e+04 -3.504527170932577428e+04 -5.970847548192471550e+03 4.142238663375154601e+02
-1.564355983570645731e+04 1.496367155917337186e+04 2.631165070204525182e+04 1.987639072310277697e+04 1.561801382140241330e+05 -4.760896366825929363e+03 -2.814447542370116935e+03 -2.035990779051772506e+03 2.210698847589649176e+03 7.355419693436570583e+01 1.551070557085979829e+02 2.806271999756808668e+02 2.147695056928539543e+02 5.361499959696120641e+02 3.263696444539817776e+02 6.141728302079204127e+01 -7.513263839520793397e+01 -6.962685523155779777e+01 -2.316930357851311726e+02 -9.199806952990883246e+00
-2.552480513075652198e+04 5.266559699955346878e+04 -2.800842927131785927e+03 -9.951014725917497344e+03 -1.280233658033114580e+03 2.189767614714713204e+02 -9.437082902601185197e+03 -2.444574709934211114e+03 4.340058324354479282e+02 -1.221156380020841823e+02 2.511173527431691127e+03 2.609168376788192290e+03 1.796354960001021368e+02 1.625715605921930091e+03 -1.317944880769617612e+03 8.568570669866990102e+02 -5.949751763808075111e+02 -5.897383444077113381e+02 1.219533402502430022e+02 6.805531923017764484e+02
-3.390361032988087391e+04 7.461490853905177210e+04 1.565464070198635163e+05 6.688038500037605409e+05 9.269461209923577553e+04 7.429178814210163429e+06 -7.226347487304396054e+04 -6.452495208701075753e+05 2.697222315995696001e+06 -1.839428319571936736e+06 -9.099011106334049255e+05 4.952719504703676794e+05 -1.449154183666315657e+04 -1.352397542225514771e+06 -1.006791201424730825e+06 1.677897437323605482e+04 5.029670213864884863e+04 3.157114726211919697e+04 3.748489633779013529e+05 3.634773474928404903e+04
5.250006965375462642e+03 2.287729631487779261e+04 2.368869534261490480e+04 -4.409008224769791923e+03 -4.001854625660122110e+03 -5.102982456900644479e+02 -6.260132839054434589e+04 7.053878667797855542e+02 1.185822064538569521e+03 2.641598459345840638e+03 -4.135088497568943239e+03 4.351556596718997838e+01 3.434387226906928845e+02 1.816892525501368937e+03 -3.349317592289160643e+02 5.154042077690735823e+03 3.258580632584057639e+03 6.184182827935837850e+02 -1.171288110179552405e+03 -6.106601317681544288e+02
-2.136667533953227758e+04 1.439876802168570248e+04 1.487798694110191354e+04 1.111613045861389946e+04 -1.936951404062860547e+03 -1.419621180026203774e+03 -5.238256201039928328e+02 5.622677473911660854e+03 1.431944886771130996e+03 -8.296694407706745551e+03 1.594242217485582296e+04 -2.499832172171950333e+03 -6.087754560328841080e+02 5.436140941991764066e+02 -9.563793913178767525e+02 -1.920722350310591537e+03 1.564459048036897457e+03 -2.884771226613655131e+02 7.382330616043018381e+02 -5.750176590748895933e+02
-5.584597234423497866e+04 3.971218082757548109e+04 -3.498620526657503069e+04 3.029196228650032572e+04 -2.263786443086051349e+03 -2.659878850834938021e+03 -1.272950371229961206e+02 1.204214522716968349e+04 5.563604449710977860e+03 -3.027645689979105100e+03 6.295876260732352421e+03 -1.185376181392798753e+04 -1.016841807559728750e+03 2.682427307248196939e+03 -2.834374039321523469e+03 -1.402613224006634709e+03 3.098521990487379753e+03 -1.622663264325983391e+03 5.212694106265340679e+02 7.721538205894676139e+02
-2.014504633504052981e+04 1.062716118458732308e+04 2.187704603092172692e+04 -4.004992194874646572e+01 3.034039012240794364e+03 1.463018706878956800e+04 6.418620641592956417e+02 1.249289990751800906e+04 -3.150278965936684835e+04 1.978632355256641313e+04 6.865371924112108672e+02 1.736591445204674528e+04 5.441890239574639054e+03 -2.966854747822355421e+04 8.864651243631262332e+03 -4.525492308549598965e+04 7.173357789663574658e+04 -1.147044286590801348e+05 -2.054939385332365782e+04 -1.202087136806821036e+03
-3.944722855745194829e+04 3.949057815269814455e+04 -2.751584939375888280e+04 2.537130505707610428e+04 -1.977060222222823541e+03 -1.578765070622643407e+03 1.113907617288458596e+03 1.982669873931122129e+04 5.230558831019271793e+02 1.366443184082577318e+03 -5.838951429462975284e+03 2.995224028985813129e+04 7.759955779943867128e+03 9.122381238684863547e+02 9.842730254144882565e+03 -2.757542650418111407e+03 1.490380326887102001e+03 6.770219299980237338e+03 3.635288881312675585e+03 -1.254277811087819146e+02
-4.142454675950141245e+04 3.523850570149485429e+04 -2.515506530893176387e+04 -4.466433699781151518e+03 3.209028064838178125e+03 1.699567357136365445e+03 1.763476369302904459e+03 4.092785316881571816e+03 -4.750326482840349490e+04 -6.440203181907714315e+04 -2.928720186911208657e+04 -7.725173647918448296e+03 3.226093495274218640e+03 8.890972319773056370e+03 5.042511881140102560e+03 6.726269444693120931e+03 6.023368736693599885e+02 -1.096511664455956179e+03 -5.759330611979779860e+03 -1.424599122030882427e+03
-1.047352156136710255e+04 1.058439596684135358e+04 1.574492630527554684e+04 2.315714965055185075e+03 -6.992771433670199031e+02 4.956617849899372175e+01 8.142065871058773610e+02 4.217761442113661360e+03 2.921304642384014301e+02 -5.223822794833856733e+02 6.570388364627534656e+02 -5.294293119524945723e+03 -9.121228422926294570e+02 -1.465043996919496931e+04 1.222290379416179894e+04 3.582651933723846469e+03 -8.216876295491072142e+02 1.062258629747548895e+02 1.069601936470113969e+03 3.012433040283822265e+02
-5.949282677881397831e+03 1.164173763759261419e+04 1.555950062640412580e+04 1.597711661692055350e+04 -4.045443308521969357e+03 -2.770749582860224564e+03 -4.513452898998322780e+03 -2.462026765096686722e+04 -3.841589623373831273e+03 -1.563084833094960459e+03 3.326138727691714848e+03 3.523126761060340414e+03 2.515269103337269030e+01 -7.180663071556550676e+02 1.159749921028219205e+03 -9.242985823855517538e+02 1.369622634006999988e+03 7.690512927580627434e+01 4.011422425511511847e+02 3.363942248848140025e+03
-1.565431860897010483e+04 1.021999815884061718e+04 1.179740651223026907e+04 2.346213713229607038e+03 -1.086107606658901659e+03 -5.599716063191060584e+02 -1.399614024867305307e+04 2.952116945742138341e+03 -1.992692129882280597e+03 -2.888164469709503919e+03 -7.301874075604535392e+03 -7.402089494802118679e+03 -1.869880277507742676e+03 -5.547891574685118940e+03 6.114283808092419349e+03 -3.519455290090428753e+04 -2.378787923844265242e+04 -1.162953781752269578e+02 -6.242019605014402259e+02 -2.981934544794703470e+02
-8.938960337851009172e+03 1.674847802955843508e+04 2.577223555576644139e+04 6.216675274840545171e+02 -2.041269005489450819e+03 -7.527418611787227292e+02 -3.326284895862127996e+03 -5.008229979317360403e+02 -9.419073737702358358e+02 -8.868678905776467218e+03 1.807426901366961101e+04 5.865121283029828192e+03 3.454461395064085991e+02 5.019108538743026884e+02 -3.393517429494947919e+02 -7.469125424413925884e+01 -1.591600646046295651e+03 -5.304727600896126205e+02 8.305100904154965065e+02 -7.083605780895780981e+02
-2.355501195781554634e+04 2.426984973255989826e+04 3.045530167303907001e+04 5.912451571240431804e+04 8.350890648660182705e+03 8.631646067246637540e+04 -1.990197281742229734e+03 7.837111987679245067e+04 -2.531767388323282066e+05 1.347787085001167143e+05 5.998019736836872471e+04 4.462488080936217739e+04 -7.427769283151555101e+03 -2.174164048649182951e+05 -2.326986299964479113e+05 3.998201027050674747e+04 -6.119156957917978434e+04 7.300509332303371048e+04 -1.949312601985632791e+05 -7.287238835909100089e+03
-4.230074632648596162e+04 3.173283367173568331e+04 -1.181595865101451818e+04 7.022798172212296049e+04 3.528531896716216579e+03 7.898680008489934153e+03 -5.763680276387690355e+03 7.020235113786105649e+04 -8.040181862613800331e+04 -3.238103336256204420e+04 -8.247568561438926554e+04 2.313521132912283356e+05 -1.214324406624735100e+06 3.285774123662659258e+04 3.262960412621330761e+04 7.592509437942585464e+03 -2.003601040810386849e+03 -9.984261045926943552e+03 1.619860374059043897e+04 -3.105760709461279839e+04
-1.636851717304193699e+04 1.728942415423864804e+04 3.224792621828879419e+04 2.771376774574428055e+04 2.276027846861450525e+05 -6.255865905553475386e+03 -4.610109421843749260e+03 -3.952452618400744996e+03 3.079693138582955271e+03 1.882323596433156354e+03 5.896456073421541078e+02 1.000477920767474188e+03 5.906599660826658464e+02 1.041626326162026999e+03 2.292670610692280206e+02 3.540969348057054731e+02 -4.171918047586398757e+02 6.189766868102037023e+01 -1.515398091157969247e+03 1.104779161043364724e+02
-7.243859777403077715e+03 1.669080262827155457e+04 2.598541368485004205e+04 1.361298952021679179e+04 7.364666430159325500e+03 1.399129932407291781e+05 1.134473870154196675e+03 1.053197447510243364e+04 -8.365420321534341201e+04 7.050647850597910292e+04 2.825868233850336401e+04 -3.006308806274439121e+04 8.138264953502846311e+02 7.396074165451213776e+04 7.239677663193075568e+04 8.855395008302594988e+02 1.073180536385832738e+03 -5.892674291678177724e+03 -9.367446865460236950e+03 9.127502026492444429e+02
-9.045574359854303111e+03 2.509472781560665226e+03 6.052602049672833573e+02 8.564211321167174901e+03 -5.749691222825025534e+02 -1.042737895624301245e+03 -5.479558260491886585e+02 2.337874444150976615e+03 2.716819043223619701e+03 -5.838273971440328751e+03 9.895888114277091518e+03 -2.375673958914054310e+04 -4.361648984331933207e+03 -3.282483414749741769e+03 -9.360360308197102768e+02 -2.595746211705441965e+04 3.979367801747011981e+04 2.336766508746085674e+04 -3.981866910769650531e+03 -2.856470254596074483e+03
-4.652826525879964174e+04 1.213875997741946594e+04 -1.497227857815345851e+04 1.345709557168084029e+04 4.471887188175832080e+02 -1.185010782554809055e+02 -7.630248442538734253e+02 1.633801164408109616e+04 -9.797532356457284550e+03 -1.053902465531744929e+04 -9.656823082100312604e+03 4.630159880680537754e+04 -3.338072353093387792e+05 1.376737695154908943e+04 9.763020230155527315e+03 -2.857343737577645015e+02 1.230069856274206904e+04 -3.988842011714605633e+03 1.011427503527930457e+04 8.122767063450439764e+02
-3.770983126473466837e+04 5.487385780222576614e+03 1.397230955163091676e+04 2.078126879706950422e+04 7.888132223667610560e+03 5.041418500662119914e+04 -7.442846384545428009e+02 4.519229222614926402e+04 -1.758634299516984902e+05 8.380269460526382318e+04 2.220801421463676525e+04 2.007865925857896218e+04 1.205491776937907707e+04 -3.255078927226952510e+05 -2.339856602635043964e+05 -4.201601559623531066e+05 7.102285857723297086e+05 -2.104463607909047045e+06 -2.177633794808288221e+05 5.090580878107423814e+03
-4.845906946254375362e+04 -1.541523263928261986e+04 9.509609509153960971e+01 -1.432757177856062981e+03 3.801053285195167319e+01 1.423862760549635880e+02 -7.656179131558950530e+02 1.711450747720086156e+03 3.726066103708631090e+02 -3.168971511066503126e+02 5.590461326870283756e+02 1.677205320035806722e+02 -4.113583385921819513e+02 3.642000702848860669e+02 -1.300889499116714774e+02 -2.734173624433973373e+02 2.944068136175727659e+02 -6.729576158142328950e+02 2.386357765459665359e+02 2.133452778161314200e+04
-3.937153958005669847e+04 9.400567375560969595e+03 2.847170868239001720e+04 -7.704187854615644937e+03 -4.774978464673319650e+03 6.019810164568499431e+02 -9.283654984462926222e+04 9.804378563949623640e+03 -1.180067871268931412e+04 -9.444628457886305114e+03 -3.087097540681489045e+04 -2.959314100704528755e+04 -1.036357618702884065e+04 -4.091347559392799303e+04 4.181658393500300735e+04 -5.402395853004804812e+05 -4.130519698641552241e+05 -2.224136468164364487e+04 -2.088010960122931283e+04 2.494672799212529935e+04
-4.837313499084784416e+04 -1.510215813003152289e+04 6.481521029770983660e+02 -1.243897425991129921e+03 2.188018283122436856e+02 2.793434847293473808e+02 -9.235499288501007413e+02 2.888291718791441326e+03 -1.590904406894182102e+04 -2.505931940271538770e+04 -1.208712390713325658e+04 -3.707190786882741577e+03 1.059627061859175456e+03 5.789416206002744730e+03 3.361648949892833116e+03 4.698272108753371867e+03 9.622119765669567641e+02 -8.869566559601279323e+02 -4.759179003069614737e+03 2.746757676509249677e+02
-2.443590508729571957e+04 2.764562726016920715e+04 2.953061650322810692e+03 9.597311744516850013e+03 3.004366270549217006e+04 4.931213160487252026e+04 -4.474619833935868883e+03 1.760546573858970078e+04 -1.317436623304992099e+05 1.264038194269636188e+04 -6.904044458360222961e+03 -1.290499164065212608e+04 3.606470608988413915e+03 -4.535831515630902140e+04 -8.219663332260421885e+04 -1.075803447216089080e+04 1.508936140102590252e+04 2.418885408591650776e+04 1.976546505590378947e+05 5.946790384541275671e+03
-1.614549241534326393e+04 1.160939225004449145e+04 1.570324608683648694e+04 5.877964717213340919e+03 2.459365029221367038e+01 1.651358958001930296e+04 -4.061748069383713300e+03 1.038890505005377781e+04 -3.740436319767527311e+04 1.398704859038012910e+04 1.670560367437672994e+03 -1.451413101274804148e+03 -5.570990384030283167e+02 -2.285396913282156311e+04 -2.649325183702278082e+04 -1.262033754031991293e+03 1.297066566577337426e+03 -5.107402461463595245e+01 3.837023227410164964e+03 4.135274193324427188e+02
-2.629914769020458698e+04 4.340758486637173337e+04 7.355193699487842969e+04 1.699724777261544659e+05 1.595678766688114592e+04 1.523131850102656288e+06 -3.970281126900599247e+03 -3.034014310697029941e+04 1.840595427025126264e+04 1.361366143019499032e+04 1.851475001416051236e+04 -1.174467620587159581e+04 8.556292833092294359e+02 7.435174337649581139e+04 4.510602915450010187e+04 1.191721367751384378e+03 -1.024385152429322625e+04 8.545433513671361652e+03 -3.743927507389276434e+04 -4.979907280536888720e+03
-2.245463108896074482e+04 2.381924849497113246e+04 5.348096356406367704e+03 1.044882035644989628e+04 -4.696938765762066623e+02 1.937547822800152062e+03 3.157322968723489339e+03 3.041703536390243971e+04 -2.421846800173755037e+04 -4.182577910966294439e+03 -3.095372010130533090e+04 1.150970225758258603e+05 2.605902145428789299e+04 -1.530298377846563199e+04 5.192732222716709657e+04 -5.673299321837219759e+04 7.425853468310002063e+04 7.097665162038290873e+03 1.944492302146080192e+03 -4.789072812554433767e+03
-2.643763552898166745e+04 3.733526593055090052e+04 6.763889405942482699e+04 1.420863090887261205e+05 4.313969502724552149e+04 1.271015833814267302e+06 -1.308669935687625548e+04 9.499174306960003742e+04 -1.141569845409028232e+06 9.370813689726606244e+05 4.408323173746695393e+05 -4.719446091059840401e+05 1.800154699702349899e+04 1.400029016413799254e+06 1.067892005748613970e+06 -4.399176234783912514e+04 -1.709472291622325429e+04 1.811669281306827033e+05 1.144675960023254156e+06 7.039145206546309055e+04
-1.088619993337641972e+04 1.317526386142097545e+04 2.117236603755645410e+04 4.041711014244254329e+03 -5.259441840792405856e+02 6.075108892591435506e+03 3.246665308080390787e+03 1.386471470263610172e+04 -1.657775357397400148e+04 1.271832615328546672e+04 8.999109552614088898e+03 -3.711002903894228075e+04 -5.679937055062571744e+03 -1.089361498368091852e+05 1.247252232001722587e+05 5.592142791276627395e+04 -1.657627994533283345e+04 7.314047632459643864e+03 -4.732871350326958236e+03 1.832988135824754863e+04
-1.301009190191174821e+04 8.451922938373227225e+03 -5.350559842276790050e+02 4.529801647223306645e+04 -5.152896312861047591e+03 -3.645299184182051704e+03 -3.680514609242043775e+02 4.381996349898339759e+03 1.397875119371650271e+03 9.784164610495923853e+02 -2.475921394711220728e+03 -1.021071426563557793e+03 3.139305824236516287e+02 1.435444424943746526e+03 -1.427183092408542734e+03 2.187263194243178532e+03 -2.570152575511448049e+03 -1.194674860817571926e+03 -4.423624086101003172e+02 1.983443629431358204e+02
-4.671644323815371172e+04 -8.833421144162351993e+03 -1.316056677328759406e+03 2.173438275559758767e+04 -2.098462895800227670e+03 -2.010084638459700500e+03 -3.622622482187003243e+03 1.541245215691823978e+04 5.479739826316340441e+03 -2.392003593591393837e+03 2.052666039841050406e+03 -2.516322868954957357e+03 3.772502049914236977e+03 5.133511418345481616e+03 1.713029432046041165e+03 1.643663608952853610e+04 -2.328164593565207542e+04 -5.591206601450366725e+04 4.843004162574758084e+04 -1.023217144902201107e+04
-3.170061612162429356e+03 1.104824803543519920e+04 1.766815261871980692e+04 -2.063431592623918277e+03 -7.226040146097122943e+02 -2.644129345717853425e+02 4.576849250409082742e+03 1.184924625491584266e+03 6.428586573652501102e+02 8.404944564863078540e+02 -2.281931818151880179e+03 -6.041066644240836467e+02 -3.953891134314440059e+00 9.892784979743055374e+02 -8.269526554727117400e+02 -1.866634391828974060e+01 2.274943565241278520e+02 9.990868955099864479e+01 -5.300559610734220684e+01 9.204557967287681208e+01
-8.269553402417766847e+03 1.212640565871831495e+04 1.945297292357161496e+04 6.778340012070741523e+02 -9.821751067992987601e+02 -4.177204392783112326e+02 1.469738267160761097e+03 2.025402016722880035e+03 -4.760674006263209321e+02 -5.676019888992125743e+03 1.121761055940906408e+04 2.790312032118344177e+03 1.469374236002009297e+02 -4.452009409362824499e+02 6.349279484689118647e+01 -4.127800576051992607e+02 -1.351382994302925454e+03 -2.589068178294702989e+02 5.590002062563686422e+02 -1.059959430839259085e+03
-4.604627741940412670e+04 -1.259906075228155714e+04 4.576054832466073094e+03 1.937791861520115162e+03 4.289908033490660841e+02 1.602205318481282848e+04 -3.010843108189032137e+03 8.336419234093516934e+03 -3.707189018879443756e+04 1.345619431214451288e+04 2.521004675497531480e+03 -1.771540826357301512e+03 -5.522307809826710354e+02 -2.169653438903723509e+04 -2.672028257042165205e+04 -1.423384993807663477e+03 1.885098753698848441e+03 -5.605461733229213905e+02 4.342865661380819802e+03 9.581481931211825440e+02
-4.332376167140884354e+04 4.873417784566304908e+04 -1.491819379816078981e+04 1.183625997982947010e+05 3.774330498322490166e+04 3.272267325405126940e+03 -6.657788197464812583e+03 1.238686921783806029e+05 -1.073264803249460820e+05 -3.239254324847713360e+04 -1.485637644755731453e+05 4.946661070626931614e+05 -2.562450987102032639e+06 7.993945496745551645e+04 8.424003479697836156e+04 3.541244295918357238e+04 9.498511284400306977e+03 -2.362886442389662261e+04 3.937337699184878875e+04 -6.968172246985540551e+04
-1.335784412477532715e+04 5.392653224570921338e+03 2.971616937562581825e+03 1.905387220489508400e+04 -2.967550780421677246e+03 -2.583561633666754460e+03 7.440411009900007002e+02 -2.025390919334140199e+04 -1.802770929451634174e+03 4.385586316204737159e+03 -5.493329614280697569e+03 -1.757388606066574539e+03 4.256477700449545409e+02 -5.472627718535204622e+03 5.260608814052413436e+03 2.075946158333255880e+03 -5.314070374452280703e+03 -3.959156515725744157e+03 6.026868224275362081e+03 -8.006412039263304905e+04
-4.376620920267258043e+03 1.783828096364269368e+04 2.453189023139392521e+04 -3.095726127320469459e+03 -1.422166424591653595e+03 -4.254399545539644691e+02 -9.859473835709468403e+02 8.015993469694926716e+02 6.247626172254537096e+02 -3.788295806782718955e+02 4.456423834674179147e+02 7.658136696016424594e+02 9.452680359569897917e+01 1.241212006134362355e+03 -9.197593848321760106e+02 2.413819001363361565e+02 7.877727589809971676e+01 -1.339572600903922819e+02 2.302597718460475846e+02 2.646511590852369409e+02
-2.468209903225032031e+04 4.788175672555161145e+04 -9.074498362777645525e+03 -9.723400169370732328e+03 -2.418899936098298440e+02 5.246162476878193957e+02 -4.065828882910524953e+03 -7.834165291260117669e+01 8.833362144321782807e+02 2.847860976406791451e+03 -3.908197836745303448e+03 -3.068337745537251067e+02 -1.089616611060962192e+01 7.385127590553997834e+02 -9.285422537229520685e+02 5.238980974039529883e+02 -3.638518119794304084e+02 -3.388715262022236061e+02 -1.177111473231520478e+02 3.487208961789597197e+02
-4.143194439734111074e+04 4.484228981908001879e+04 -2.858539044520583775e+04 7.259260333068377804e+04 -7.064001523544519841e+03 2.771969462974639100e+02 7.208525684075864319e+02 3.906729044659725332e+04 -5.385709631857901513e+03 1.048470285050104212e+04 -1.759744032777686880e+04 5.207129716938638740e+04 6.499521134707255442e+03 8.182937939878567022e+02 4.915421920691188461e+03 2.402189762005840294e+03 -5.040236734664472351e+03 1.307832762866300436e+04 -4.256148820583467568e+03 9.697312495868145561e+02
2.474504093512073268e+03 8.139075466917443919e+03 9.793629936755363815e+03 4.626224511403343058e+02 -1.810871738040563059e+03 -5.358251188919946344e+02 -3.551909895278312615e+04 5.699572848921251307e+02 1.047698140126694852e+03 1.995005527998095204e+03 -3.467995828223721219e+03 -1.365066644736795524e+03 8.552906683526829568e+01 8.166557926975324335e+02 1.244412520540536065e+02 4.183014291094979853e+03 3.688476692216228457e+03 8.919527936697973018e+02 -9.596781153164409943e+02 -1.270545056277758931e+03
-4.089060812297115626e+04 3.610328861328720086e+04 -2.332990243416636076e+04 -1.561478905353500068e+03 8.807030830642976071e+03 2.915947854537397234e+03 6.047567838711936474e+02 3.046986347290616777e+03 -3.548000749297874427e+04 -3.850549660537608725e+04 -1.653571961613725944e+04 -4.614235815250730411e+03 1.964059904284339837e+03 6.104693435289458421e+02 -9.838827098240681153e+02 -1.141042842261172154e+03 -2.407200880829297148e+03 -3.630045887659122172e+02 -5.479507305556500114e+02 -1.700042871977450204e+03
-4.589368464421355748e+04 -1.203300022316408649e+04 6.078931012906599790e+03 6.449570804826877065e+03 6.258107180087364395e+04 -1.690336489392045905e+03 -2.466131763986879832e+03 -5.761857160954554047e+02 2.130652173283454331e+01 -9.065215702016053001e+02 -4.412910171075058088e+02 3.337734950169694343e+02 -1.240196484897655580e+02 5.811739553175123092e+02 -3.358678130788852627e+02 1.142204032571899859e+02 8.788563715340113447e+01 3.897369094780199106e+01 5.515875041685845872e+02 4.181866744270756158e+02
-6.118336392702911326e+03 1.452206687512630378e+04 2.340050961585958066e+04 1.199350341036896225e+03 -1.123241511912966871e+03 2.269370024592397021e+04 5.795489780464055912e+03 3.888810507206579132e+03 -1.023432068559430627e+04 6.493218951238088266e+03 1.208137926587759466e+04 -1.161099909373802802e+03 -9.477187574415289362e+01 8.841339043272519120e+03 3.430627229176386209e+03 2.299591145979504290e+03 -5.724401449383264662e+03 5.060910923070790886e+03 -2.027118132546699781e+04 -2.315717861225049546e+03
-6.743691000363694002e+03 6.622226090557697717e+03 9.090621857233851188e+03 1.655737255543889114e+04 -2.820849385761128360e+03 -2.434181614667527811e+03 5.426943506471094452e+02 -2.034061585814630598e+04 -3.210237947421941044e+03 2.418276832009571535e+03 -6.023618920844599415e+03 -3.890708116254077140e+03 -5.607669381616118471e+02 -7.501084500095665135e+03 6.005133077933372078e+03 -3.651092261068385142e+03 1.992200920820348074e+03 3.589926442423582102e+03 1.019163635163700860e+03 -1.181608489145227577e+04
-2.436483802557144008e+04 3.267222865612317401e+04 5.467944334848033031e+04 1.238246704467445234e+05 1.038165300575338188e+04 1.018446762935484410e+06 2.280250249014074143e+03 2.519107005407495308e+03 -1.155913174114106369e+05 1.060326528952555818e+05 5.682785977506062045e+04 -3.723477255232878815e+04 1.025845527575877213e+03 1.409752744410783635e+05 1.026381412046951154e+05 1.205873104956819816e+03 -1.100631420144206277e+04 2.008147975374210546e+03 -5.913037358805486292e+04 -4.723609915800651834e+03
-2.081303823523509709e+04 1.817157416201245360e+04 2.201060758109214294e+04 4.077177566681605094e+04 8.554490850500491433e+03 4.733763754826345394e+04 -3.403484791888219661e+03 4.652069384642330260e+04 -1.432079830899474618e+05 7.464975937167488155e+04 2.615881343345425194e+04 2.465849558045705635e+04 -3.992497341237764886e+03 -1.201239800959516870e+05 -1.277858689853067335e+05 1.798070703808469625e+04 -2.675841434647992719e+04 3.179403125142636782e+04 -8.951835829721749178e+04 -2.500594444517756074e+03
-1.584589566124097473e+04 1.072912999434851008e+04 -1.778350245185720723e+03 6.455225973527044698e+04 -7.182821314016580800e+03 -3.175201910511423193e+03 -6.387144345516878730e+02 1.226870602745269753e+04 -2.627376457090834947e+02 3.956946103676034454e+03 -6.115760972267870784e+03 5.710792737450844470e+03 -3.037102979374166125e+02 1.639136975629336348e+03 -3.485676371394476519e+03 3.721304788127592929e+03 -4.346917436538186848e+03 9.840060955622334404e+02 -3.316136719541544153e+03 5.897698840044970439e+02
-1.856135580018758992e+04 1.299483919947587492e+04 1.489674844144412964e+04 3.575077038880124746e+03 -1.114295539377290197e+03 -5.151759467872446976e+02 -1.097427384176537089e+04 6.896735755302340294e+03 -3.273386323307670409e+02 -3.611781422491472313e+03 -3.324406372100670524e+03 -1.289440461004183635e+04 -1.760342862821340987e+03 -1.673966598658629209e+03 3.115165476578871676e+03 -7.068162759106876365e+03 1.128882416306492814e+04 1.914365905489651823e+03 -5.647945846090490249e+02 -2.552231700856382759e+03
-2.142296379749858534e+04 1.041763452194973070e+04 2.081903354883680731e+04 9.463889251301739023e+02 -2.021471384070288195e+02 3.780841407464974964e+03 1.269368186513014962e+03 1.459802745676941231e+04 -2.806640317478588258e+04 5.089625832834615721e+03 6.098118569305655001e+03 2.280313857896738409e+04 2.641740493399207480e+03 -6.858081959790144174e+04 -6.816523213534762363e+03 -2.935391458730933664e+04 2.976369592426181043e+04 8.545975715258411947e+04 2.587739757612833346e+05 1.352833369631474341e+02
-6.001253117361063050e+04 7.929909149808469010e+03 -1.878176357452109733e+04 3.455020619900953170e+04 -3.027872976674255824e+03 -3.076862453435268435e+03 -1.441330363121000801e+03 1.421284965096140695e+04 5.384157428793067083e+03 -3.899134695351623122e+03 5.359553875194087595e+03 -1.182875075566590203e+04 -7.971233485905679572e+02 3.372527201176507333e+03 -2.940266320105270097e+03 -1.374654910120873865e+03 3.343399081350430606e+03 -1.623819983484378326e+03 5.781313271765799300e+02 9.987122724658214565e+02
-2.429149618151941468e+04 2.138233502905675050e+04 1.481778149685930657e+04 2.351173212356964359e+04 2.814922798141415478e+04 1.325675983824705181e+05 -1.120752279658537373e+04 4.020509865985707438e+04 -3.004748567136553465e+05 7.730728614370441937e+04 6.344329164561305333e+03 -3.698501779453412018e+04 7.538314145428077609e+03 -9.014152430201879179e+04 -1.831759849721636856e+05 -3.111880655256619866e+04 3.966591690700189793e+04 7.635902575420693029e+04 5.548334904273032444e+05 1.776165418716534987e+04
-4.624992090750896023e+04 6.031144958106731792e+04 -8.439925480606307246e+03 2.080862865799608244e+03 -3.075119882778499232e+03 -3.832902653843643179e+02 -4.236018833156790788e+04 7.337889544707503774e+03 2.253465912638389909e+03 4.574479426088740183e+03 -8.631084994203974929e+03 -3.525601343794339755e+03 1.461308531584735704e+02 5.400201305612494025e+02 -7.752594593299367887e+01 1.556027002344281073e+03 -1.512018550089997234e+03 -1.543161638777948838e+03 4.043528621942037944e+02 1.924594863147491196e+03
-4.172608777330074372e+04 3.592787108181337680e+04 -2.631589073096553693e+04 -5.182943896914641300e+03 9.935539003638660915e+02 5.530777588356271508e+02 1.339592739222816135e+03 -4.163366728071254101e+02 4.274584175089832456e+02 1.217086125787295146e+02 1.725473623612460415e+03 -2.391533168208337088e+02 -6.293232401133772100e+02 -2.574458202210208242e+02 -6.068518586755962474e+01 -2.473325640224669257e+02 -2.793589445456336051e+01 -8.409503479282906255e+02 1.169198094499063814e+02 2.120647983586489863e+04
-3.440633898858170869e+04 4.370198342291024892e+04 -1.064626052042681113e+04 3.781222159796579217e+04 -3.326659294419986054e+03 5.603304692726538860e+02 3.541708984687491011e+03 5.068770063791318535e+04 -1.773276820685792336e+04 6.487542251296728864e+03 -3.752926779266454105e+04 1.513532630094628839e+05 3.164126970761188932e+04 -1.271252573740497246e+04 5.780358427184413449e+04 -5.371757076918907114e+04 6.656483194680088491e+04 3.143571401094579778e+04 4.536901748569896881e+03 -3.864308359341386677e+03
-1.708123090276850417e+04 2.823088499526270607e+04 6.574038937358984185e+03 -4.844014597978443817e+03 1.820557200225977340e+03 1.038740091161193277e+03 1.509631051906481389e+03 3.531234880720931869e+03 -3.087965131766206468e+04 -4.021400563972676173e+04 -1.556689707062646448e+04 -2.694968123697389274e+03 2.368846156856040125e+03 4.395774721766385483e+03 7.703245214171937505e+02 2.244147886004178417e+03 -6.123833483429149283e+02 -4.973282257999339890e+02 -7.620118881382632026e+02 -1.546291587680771499e+03
-4.602943147526719986e+04 -1.264689863789240917e+04 3.977983541881245856e+03 -4.699698354103414744e+01 -4.530022228453654520e+02 -1.513452401315360021e+02 -8.306502588745566754e+03 2.768450996686507551e+03 -2.053515310426852466e+03 -3.485854513877726276e+03 -5.982718044148909939e+03 -6.529510876289483349e+03 -1.815652155286428751e+03 -4.565033017427119375e+03 5.397040189435899265e+03 -3.505207940036320360e+04 -2.350753317250121108e+04 -1.858441280671968059e+02 -7.520672148716735137e+02 2.543486747477951724e+02
8.813019521911544416e+02 6.796430682207598693e+03 1.058539549418021488e+04 1.422497566260475105e+04 -3.238462806742288649e+03 -2.383892089133752961e+03 3.882697942658261923e+02 -2.403684243700316438e+04 -3.793327850338618191e+03 8.711463429280671562e+02 -1.715916689311793562e+03 2.319339338042711461e+03 -8.633237486658311255e+00 -1.015902599928718814e+03 1.241007372939811603e+03 -9.313225118334918307e+02 1.247156067699983623e+03 2.592390421833800360e+02 1.014706090139187040e+02 3.181401897520649982e+03
-1.241258622435862162e+04 7.564093697966543004e+03 3.593716890267628514e+02 3.629659241526709957e+04 -4.233750901144754607e+03 -3.503858291259221460e+03 -1.685195510817679292e+02 1.004734642529535336e+03 1.624764663678398847e+03 1.396350384215558904e+02 -1.321369067965162230e+03 -3.146079884682013017e+03 3.120375235554805045e+02 1.184125853232147165e+03 -8.443057427579831256e+02 1.366824416122265575e+03 -1.508135671134209815e+03 -1.457643650996065844e+03 1.883968995454784761e+02 8.287118562430536883e+01
