2.097417835626034866e+04 -3.083688951855946016e+03 -3.383865700994422696e+03 -4.293201332309827194e+02 1.626581119572514353e+02 9.530541265126495887e+01 -9.630124497326151811e+01 2.136156339644761317e+02 5.136127077765156201e+00 -4.407648800301924297e+01 1.117851102726964712e+02 3.971827351071780043e+01 3.996249110271364202e+00 7.561789830583537153e+00 -7.726304966049657885e+00 8.521067353618503759e+00 -3.264042892832404874e+01 -2.454475349317633359e+01 5.388157080926750275e+00 1.564399466437472519e+00
-4.937438680126453983e+04 -1.552694372927447876e+04 1.429000340108283069e+02 -1.206169257040971388e+03 -5.595982103159806087e+01 7.454794678585069789e+01 -3.968448874730749480e+02 -4.310091832692822145e+00 2.794605405920828503e+02 3.841347951432650234e+02 -7.047878599567920510e+00 2.593485936637089821e+02 5.507908569435609536e+01 9.356654199185896914e+01 -6.267302099215500988e+01 1.085639997459351918e+02 5.749810998597991052e+00 9.159544795542335294e+01 -1.202463702460305583e+01 -6.522733360545639698e+02
-3.696715442798680215e+03 1.500610471183984373e+04 2.184752776017092037e+04 -2.972280475481003123e+03 -9.461995329484246895e+02 -2.775923635656625947e+02 1.830117576065898675e+03 2.011127457372314893e+03 8.571523043032168516e+02 1.119588513077900188e+03 -2.799047919560684477e+03 -7.290951940493455368e+02 -6.189719185174754834e+00 7.801627534680509370e+02 -7.204391914278365903e+02 5.261426851604950627e+01 2.075516151009606176e+02 4.612221592518072733e+00 9.843841006295124885e+01 8.121867674097477163e+01
-4.260884381515413406e+04 3.583845711061851762e+04 -2.622703044880231027e+04 -5.116348881367162903e+03 9.131492355990176293e+02 4.989466028610786452e+02 1.728089062074048343e+03 -2.218063471564303200e+03 3.045087967766472161e+02 8.542231698176959753e+02 1.106506829984626620e+03 -7.827905321874138167e+01 -1.471079355235327739e+02 -5.321541472760484339e+02 1.064920354321591134e+01 1.449723910768411770e+02 -3.402877323967563257e+02 -7.182566159146959706e+01 -1.418890796186600198e+02 -7.905733886993588158e+02
-1.266141446031313535e+04 8.141047896624698296e+03 -2.446335873194962289e+02 4.251298061231527390e+04 -4.868860721934999674e+03 -3.628596252209112208e+03 -3.059078520907985421e+02 3.291551262530162148e+03 1.501050037030211115e+03 6.861907005689786274e+02 -2.100498716624121698e+03 -1.750682107762399255e+03 3.337632832492415105e+02 1.370522224956276659e+03 -1.223283603797601927e+03 1.944659866431486762e+03 -2.262641142289193795e+03 -1.326606080232016666e+03 -2.048520512700760037e+02 1.662054335786735351e+02
-2.436483802557143645e+04 3.267222865612317401e+04 5.467944334848032304e+04 1.238246704467445234e+05 1.038165300575338370e+04 1.018446762935484294e+06 2.280250249014074143e+03 2.519107005407495762e+03 -1.155913174114106369e+05 1.060326528952555673e+05 5.682785977506062045e+04 -3.723477255232879543e+04 1.025845527575876986e+03 1.409752744410783635e+05 1.026381412046951154e+05 1.205873104956819816e+03 -1.100631420144206277e+04 2.008147975374210091e+03 -5.913037358805487747e+04 -4.723609915800651834e+03
-1.856438193226832300e+04 1.298622547980764466e+04 1.489628953713800729e+04 3.573925834992427554e+03 -1.114117763624813506e+03 -5.154162989022961483e+02 -1.097385492526674534e+04 6.891680291574873081e+03 -3.290228014480312595e+02 -3.617983098673353197e+03 -3.323525082214678150e+03 -1.290498083739655522e+04 -1.756593389649474375e+03 -1.676244267456603211e+03 3.112010224628617379e+03 -7.058820296854729349e+03 1.127856237243838586e+04 1.927020175435692636e+03 -5.600518735413082823e+02 -2.547522120955708488e+03
-1.636851717304193335e+04 1.728942415423864804e+04 3.224792621828879783e+04 2.771376774574427327e+04 2.276027846861450817e+05 -6.255865905553475386e+03 -4.610109421843750170e+03 -3.952452618400745905e+03 3.079693138582955271e+03 1.882323596433156354e+03 5.896456073421542214e+02 1.000477920767474416e+03 5.906599660826658464e+02 1.041626326162026771e+03 2.292670610692280206e+02 3.540969348057055299e+02 -4.171918047586398757e+02 6.189766868102037023e+01 -1.515398091157969475e+03 1.104779161043364581e+02
5.656151207927687210e+03 2.187679825241012804e+04 2.374030268035074550e+04 -3.797823165853043520e+03 -3.950467335141240255e+03 -6.170279708533768144e+02 -5.882004699740628712e+04 -2.147508670833534268e+02 9.716399879441011080e+02 1.425599073228449015e+03 -1.693495090959771233e+03 1.014099608384773887e+03 3.896697546140618442e+02 1.984759552187367035e+03 -3.938353595012091546e+02 5.146386216819849324e+03 3.206888985537212648e+03 5.533118126162091812e+02 -1.023207809094355753e+03 -5.125832745011157385e+02
-2.468316921570924387e+04 4.788375842525256303e+04 -9.074390690492127760e+03 -9.724038326561381837e+03 -2.419551046062141779e+02 5.247085726016319995e+02 -4.069700295896718217e+03 -7.748918319191288617e+01 8.835004372820798153e+02 2.848768762090311156e+03 -3.910029456965392455e+03 -3.075563036994660706e+02 -1.092674979182710615e+01 7.383037335482071057e+02 -9.284291612318476155e+02 5.239245826306473646e+02 -3.638387145725610026e+02 -3.388367486978881402e+02 -1.177996178038870596e+02 3.486344429797344446e+02
-8.939902151871983733e+03 1.674866106278776715e+04 2.577186194590338710e+04 6.229152648564073615e+02 -2.041369069398108877e+03 -7.528367142815102397e+02 -3.326376223662510711e+03 -5.003427525596675878e+02 -9.417411138331098073e+02 -8.868800752098626617e+03 1.807443456377180337e+04 5.864920275838684574e+03 3.454571775961310323e+02 5.019794475019287461e+02 -3.393584648038183218e+02 -7.468007517194001821e+01 -1.591606951688359459e+03 -5.305716670138112931e+02 8.305935707858926662e+02 -7.083658120682528079e+02
-3.390361032988087391e+04 7.461490853905177210e+04 1.565464070198635163e+05 6.688038500037605409e+05 9.269461209923577553e+04 7.429178814210163429e+06 -7.226347487304396054e+04 -6.452495208701075753e+05 2.697222315995696001e+06 -1.839428319571936736e+06 -9.099011106334049255e+05 4.952719504703676794e+05 -1.449154183666315657e+04 -1.352397542225514771e+06 -1.006791201424730825e+06 1.677897437323605482e+04 5.029670213864884863e+04 3.157114726211919697e+04 3.748489633779013529e+05 3.634773474928404903e+04
-3.771315434967391775e+04 4.238908057711128640e+04 -2.853801297099386284e+04 3.704656502632443153e+04 -3.314501203949099818e+03 -2.502345855454220327e+03 9.126710452516171017e+02 2.366173676923341918e+04 1.533847844150578567e+03 1.434145722859728266e+03 -6.376811645720796150e+03 2.880700884749126271e+04 7.910478501275012604e+03 1.935974947744938163e+03 8.840564354322055806e+03 -1.975183679708217596e+03 7.030829980414177953e+02 6.221176710683871534e+03 3.433523332272582593e+03 2.010680806103792975e+02
-9.045574359854303111e+03 2.509472781560665226e+03 6.052602049672834710e+02 8.564211321167174901e+03 -5.749691222825024397e+02 -1.042737895624301473e+03 -5.479558260491886585e+02 2.337874444150977070e+03 2.716819043223619701e+03 -5.838273971440328751e+03 9.895888114277091518e+03 -2.375673958914054310e+04 -4.361648984331934116e+03 -3.282483414749741769e+03 -9.360360308197105041e+02 -2.595746211705441601e+04 3.979367801747011981e+04 2.336766508746085674e+04 -3.981866910769650531e+03 -2.856470254596074483e+03
-5.569963073253937182e+04 4.000524081454399857e+04 -3.540128080195653456e+04 3.386319163456542447e+04 -2.646326352393198704e+03 -2.978421476435594286e+03 -1.702351305725791235e+02 1.327873263919393503e+04 5.935383108813371109e+03 -3.183994423268694391e+03 6.244542103277306524e+03 -1.249485013510049248e+04 -9.808736907070554025e+02 3.113819815720319184e+03 -3.199804087729558887e+03 -1.210436065684011282e+03 2.932243729220827390e+03 -1.852565111011800127e+03 4.739180552032482296e+02 9.570104494953681069e+02
-1.047309389404178364e+04 1.058436135509158339e+04 1.574514033897508853e+04 2.315474984490159386e+03 -6.992572585572017942e+02 4.959876041928179546e+01 8.143422263721049603e+02 4.217651434766097736e+03 2.920640767620638485e+02 -5.223245357210254269e+02 6.569407771308793826e+02 -5.294048119253066943e+03 -9.120854686809536815e+02 -1.465046740052310088e+04 1.222293785693074278e+04 3.582736450729163153e+03 -8.218250967490710082e+02 1.062084067016436961e+02 1.069604430286973866e+03 3.012328209764721123e+02
-4.230074632648596162e+04 3.173283367173568331e+04 -1.181595865101451818e+04 7.022798172212296049e+04 3.528531896716216579e+03 7.898680008489934153e+03 -5.763680276387690355e+03 7.020235113786105649e+04 -8.040181862613800331e+04 -3.238103336256204420e+04 -8.247568561438926554e+04 2.313521132912283356e+05 -1.214324406624735100e+06 3.285774123662659258e+04 3.262960412621330761e+04 7.592509437942585464e+03 -2.003601040810386849e+03 -9.984261045926943552e+03 1.619860374059043897e+04 -3.105760709461279839e+04
-1.613627344449479097e+04 1.159459801804205927e+04 1.570912684977685603e+04 5.860849144892789809e+03 2.454951687037112862e+01 1.650731608481499643e+04 -4.061894183592004538e+03 1.037406530656528412e+04 -3.736073511748682358e+04 1.399167886440544680e+04 1.677474304502847872e+03 -1.460840382255169516e+03 -5.571000040908331812e+02 -2.283115103297654059e+04 -2.646679662964806266e+04 -1.269628258592671045e+03 1.306165667307603599e+03 -6.044997301570916193e+01 3.861380586833466623e+03 4.146925815402477724e+02
-4.142454675950141245e+04 3.523850570149484702e+04 -2.515506530893176750e+04 -4.466433699781152427e+03 3.209028064838178125e+03 1.699567357136364990e+03 1.763476369302904004e+03 4.092785316881571816e+03 -4.750326482840348763e+04 -6.440203181907714315e+04 -2.928720186911208657e+04 -7.725173647918447386e+03 3.226093495274218185e+03 8.890972319773056370e+03 5.042511881140104379e+03 6.726269444693121841e+03 6.023368736693599885e+02 -1.096511664455956407e+03 -5.759330611979780770e+03 -1.424599122030882199e+03
-4.845906946254374634e+04 -1.541523263928262168e+04 9.509609509153960971e+01 -1.432757177856062754e+03 3.801053285195167319e+01 1.423862760549635880e+02 -7.656179131558952804e+02 1.711450747720085701e+03 3.726066103708631658e+02 -3.168971511066503126e+02 5.590461326870284893e+02 1.677205320035806722e+02 -4.113583385921819513e+02 3.642000702848860101e+02 -1.300889499116714489e+02 -2.734173624433973941e+02 2.944068136175726522e+02 -6.729576158142328950e+02 2.386357765459665359e+02 2.133452778161314200e+04
8.812531831037626944e+02 6.796702756412077179e+03 1.058575856112677866e+04 1.422497173651953563e+04 -3.238514388713552307e+03 -2.383908810370648553e+03 3.880128257775167526e+02 -2.403694567947154064e+04 -3.793347469359004208e+03 8.710037553604430514e+02 -1.715610773563091016e+03 2.319481826981553695e+03 -8.623371491524713051e+00 -1.015866792307965625e+03 1.240994498545007218e+03 -9.313036329932269837e+02 1.247142886793968046e+03 2.592250042040771518e+02 1.014868470454030671e+02 3.181416900225675818e+03
-3.937153958005669847e+04 9.400567375560969595e+03 2.847170868239001720e+04 -7.704187854615644937e+03 -4.774978464673319650e+03 6.019810164568499431e+02 -9.283654984462929133e+04 9.804378563949623640e+03 -1.180067871268931231e+04 -9.444628457886306933e+03 -3.087097540681489045e+04 -2.959314100704528028e+04 -1.036357618702884065e+04 -4.091347559392799303e+04 4.181658393500300735e+04 -5.402395853004804812e+05 -4.130519698641551659e+05 -2.224136468164363396e+04 -2.088010960122931283e+04 2.494672799212529571e+04
-4.652826525879964174e+04 1.213875997741946594e+04 -1.497227857815345851e+04 1.345709557168084029e+04 4.471887188175831511e+02 -1.185010782554809055e+02 -7.630248442538734253e+02 1.633801164408109616e+04 -9.797532356457282731e+03 -1.053902465531745111e+04 -9.656823082100312604e+03 4.630159880680537754e+04 -3.338072353093387792e+05 1.376737695154908943e+04 9.763020230155527315e+03 -2.857343737577645015e+02 1.230069856274206904e+04 -3.988842011714606087e+03 1.011427503527930457e+04 8.122767063450439764e+02
-4.837226061448467954e+04 -1.510196676478557856e+04 6.475849763861418751e+02 -1.243534290623668767e+03 2.188391189622612956e+02 2.793339035731156059e+02 -9.232416491106621379e+02 2.888223450536321707e+03 -1.590963010363163994e+04 -2.506026420529208553e+04 -1.208732482073935535e+04 -3.707389665928806608e+03 1.059958692043441488e+03 5.789727840762504457e+03 3.361641194467529203e+03 4.698365930160734933e+03 9.624475822556794355e+02 -8.872490997547924962e+02 -4.760900176581641063e+03 2.747367642055680221e+02
-2.075950754673820848e+04 1.735574884642895995e+04 2.065751150790251631e+04 3.807590349972728291e+04 6.663274109959659654e+03 4.456209492156018678e+04 -2.684955819928812616e+03 4.307311844786351139e+04 -1.324336787665481679e+05 6.853786190284221084e+04 2.318381514679079555e+04 2.247177259818720631e+04 -3.503653585848988314e+03 -1.090735297742958501e+05 -1.157568316832285200e+05 1.540087067622882023e+04 -2.283473653027709224e+04 2.692763873905592118e+04 -7.894766871936937969e+04 -2.089159672239928113e+03
-7.243859777403076805e+03 1.669080262827155093e+04 2.598541368485004932e+04 1.361298952021679361e+04 7.364666430159325500e+03 1.399129932407292072e+05 1.134473870154196902e+03 1.053197447510243728e+04 -8.365420321534339746e+04 7.050647850597908837e+04 2.825868233850336765e+04 -3.006308806274438757e+04 8.138264953502846311e+02 7.396074165451215231e+04 7.239677663193075568e+04 8.855395008302596125e+02 1.073180536385832738e+03 -5.892674291678176814e+03 -9.367446865460236950e+03 9.127502026492442155e+02
-1.565431860897010665e+04 1.021999815884061900e+04 1.179740651223026725e+04 2.346213713229607038e+03 -1.086107606658901659e+03 -5.599716063191060584e+02 -1.399614024867305307e+04 2.952116945742138796e+03 -1.992692129882280824e+03 -2.888164469709503464e+03 -7.301874075604537211e+03 -7.402089494802118679e+03 -1.869880277507741766e+03 -5.547891574685118030e+03 6.114283808092419349e+03 -3.519455290090428025e+04 -2.378787923844265606e+04 -1.162953781752269578e+02 -6.242019605014401122e+02 -2.981934544794703470e+02
-2.088088297848041475e+04 1.068365292447831962e+04 2.151535144673610193e+04 4.180413413471130184e+02 2.916003063296479922e+03 1.455295530744060670e+04 7.370927641115551978e+02 1.375106991375035250e+04 -3.199258083888542023e+04 1.975515013115508191e+04 -6.496264973005664842e+02 2.292588126497125268e+04 6.672893581838473438e+03 -3.006131521224332755e+04 1.143630818730350438e+04 -4.780862415811418032e+04 7.498424660888401559e+04 -1.137242872804932267e+05 -2.031996459666311785e+04 -1.414344207644727931e+03
-1.335784412477532351e+04 5.392653224570921338e+03 2.971616937562581370e+03 1.905387220489508400e+04 -2.967550780421677700e+03 -2.583561633666754005e+03 7.440411009900009276e+02 -2.025390919334139471e+04 -1.802770929451634174e+03 4.385586316204737159e+03 -5.493329614280696660e+03 -1.757388606066574312e+03 4.256477700449543704e+02 -5.472627718535204622e+03 5.260608814052413436e+03 2.075946158333255880e+03 -5.314070374452279793e+03 -3.959156515725744157e+03 6.026868224275362991e+03 -8.006412039263304905e+04
-2.443590508729572684e+04 2.764562726016920715e+04 2.953061650322810692e+03 9.597311744516850013e+03 3.004366270549217006e+04 4.931213160487252753e+04 -4.474619833935868883e+03 1.760546573858970078e+04 -1.317436623304992099e+05 1.264038194269636369e+04 -6.904044458360222961e+03 -1.290499164065212244e+04 3.606470608988413915e+03 -4.535831515630902140e+04 -8.219663332260423340e+04 -1.075803447216089080e+04 1.508936140102590798e+04 2.418885408591650048e+04 1.976546505590378947e+05 5.946790384541275671e+03
-2.905214177714181278e+04 3.647711192644031689e+04 -4.805401589503968353e+03 2.708769169249828701e+04 -2.255816110445147842e+03 5.418684417173906240e+02 3.418634036052369993e+03 4.230362476878251618e+04 -1.941224405224734437e+04 1.105918002719767628e+03 -3.515214185267611174e+04 1.362442687539173930e+05 2.920770436698220510e+04 -1.260042549086100371e+04 5.499840379461687553e+04 -5.283860204324863298e+04 6.635433276267275505e+04 2.698383581453349689e+04 4.413932260018877059e+03 -4.189794890513888276e+03
-3.770983126473466837e+04 5.487385780222576614e+03 1.397230955163091676e+04 2.078126879706950422e+04 7.888132223667610560e+03 5.041418500662119914e+04 -7.442846384545428009e+02 4.519229222614926402e+04 -1.758634299516984902e+05 8.380269460526382318e+04 2.220801421463676525e+04 2.007865925857896218e+04 1.205491776937907707e+04 -3.255078927226952510e+05 -2.339856602635043964e+05 -4.201601559623531066e+05 7.102285857723297086e+05 -2.104463607909047045e+06 -2.177633794808288221e+05 5.090580878107423814e+03
-1.088619993337642154e+04 1.317526386142096999e+04 2.117236603755645046e+04 4.041711014244255693e+03 -5.259441840792405856e+02 6.075108892591435506e+03 3.246665308080390332e+03 1.386471470263610172e+04 -1.657775357397400148e+04 1.271832615328547035e+04 8.999109552614088898e+03 -3.711002903894228075e+04 -5.679937055062571744e+03 -1.089361498368091852e+05 1.247252232001722441e+05 5.592142791276628850e+04 -1.657627994533283345e+04 7.314047632459643864e+03 -4.732871350326958236e+03 1.832988135824755227e+04
-4.671644323815371172e+04 -8.833421144162351993e+03 -1.316056677328759406e+03 2.173438275559758767e+04 -2.098462895800227670e+03 -2.010084638459700500e+03 -3.622622482187003243e+03 1.541245215691823978e+04 5.479739826316340441e+03 -2.392003593591393837e+03 2.052666039841050406e+03 -2.516322868954957357e+03 3.772502049914236977e+03 5.133511418345481616e+03 1.713029432046041165e+03 1.643663608952853610e+04 -2.328164593565207542e+04 -5.591206601450366725e+04 4.843004162574758084e+04 -1.023217144902201107e+04
-8.266939691391846281e+03 1.212462397614906331e+04 1.945492508234252819e+04 6.763891333722888248e+02 -9.827167380452696079e+02 -4.176448239955259965e+02 1.469800666342071509e+03 2.023672543501482096e+03 -4.761586949037748582e+02 -5.676741954145723867e+03 1.121943889712833334e+04 2.786601754141804122e+03 1.460088112065545261e+02 -4.456513760586973945e+02 6.246712118662521362e+01 -4.125500088780514716e+02 -1.351828367758039576e+03 -2.596655687859876025e+02 5.583399579300588584e+02 -1.060352324245827731e+03
-4.521932950225892455e+03 3.763193089186638645e+03 5.943501274105531593e+03 8.885668702430422854e+03 -1.817849896299845341e+03 -1.348468112681862067e+03 1.732390237686293403e+03 -8.723355162909270803e+03 -6.643421704800363159e+02 1.462466625385353836e+03 -2.008620031472004484e+03 -1.104407957698720821e+02 -2.762751696842832771e+01 -2.434486243248926201e+02 1.265908069049355333e+02 -2.543406894251647188e+01 6.940479727731342052e+01 1.609844314506432568e+02 -7.826877641067598290e+01 -1.146374547106486943e+03
-2.643763552898166745e+04 3.733526593055090052e+04 6.763889405942482699e+04 1.420863090887261205e+05 4.313969502724552149e+04 1.271015833814267302e+06 -1.308669935687625548e+04 9.499174306960003742e+04 -1.141569845409028232e+06 9.370813689726606244e+05 4.408323173746695393e+05 -4.719446091059840401e+05 1.800154699702349899e+04 1.400029016413799254e+06 1.067892005748613970e+06 -4.399176234783912514e+04 -1.709472291622325429e+04 1.811669281306827033e+05 1.144675960023254156e+06 7.039145206546309055e+04
-1.564355983570645731e+04 1.496367155917337186e+04 2.631165070204524454e+04 1.987639072310277697e+04 1.561801382140241622e+05 -4.760896366825929363e+03 -2.814447542370116935e+03 -2.035990779051772506e+03 2.210698847589648722e+03 7.355419693436569162e+01 1.551070557085980113e+02 2.806271999756808100e+02 2.147695056928539543e+02 5.361499959696120641e+02 3.263696444539818344e+02 6.141728302079205548e+01 -7.513263839520796239e+01 -6.962685523155779777e+01 -2.316930357851312294e+02 -9.199806952990881470e+00
-6.118336392702913145e+03 1.452206687512630378e+04 2.340050961585957702e+04 1.199350341036896225e+03 -1.123241511912966871e+03 2.269370024592397021e+04 5.795489780464055912e+03 3.888810507206579132e+03 -1.023432068559430263e+04 6.493218951238088266e+03 1.208137926587759466e+04 -1.161099909373802575e+03 -9.477187574415287941e+01 8.841339043272519120e+03 3.430627229176386663e+03 2.299591145979504290e+03 -5.724401449383264662e+03 5.060910923070790886e+03 -2.027118132546699781e+04 -2.315717861225049091e+03
-2.637712611841231774e+04 2.065625059015233637e+04 3.664486018374177365e+04 7.097488150192667672e+04 1.086010801310856732e+04 5.824391011195352767e+05 -4.207841628757557373e+03 2.804286897510346171e+04 -2.356633194334595173e+05 1.816823048237577023e+05 7.691725598730354977e+04 -5.494390801185928285e+04 3.561546630937215468e+03 1.539390266527822532e+05 1.229623948299429903e+05 -1.730033431893338638e+04 1.970599217613479414e+04 -3.504527170932576701e+04 -5.970847548192472459e+03 4.142238663375155738e+02
-3.170206380247440393e+03 1.105050252836219079e+04 1.767183443088553395e+04 -2.064574691541572520e+03 -7.230114026972428292e+02 -2.644100993968294233e+02 4.574788508195833856e+03 1.184902411749748808e+03 6.429413939437230283e+02 8.404706648581236550e+02 -2.282229356929833557e+03 -6.057856829275590371e+02 -4.284586162880677840e+00 9.891050070136031991e+02 -8.272993088918684634e+02 -1.842284706542826100e+01 2.273647001567063057e+02 9.943765787173897763e+01 -5.310779061815817670e+01 9.202508323773253096e+01
-2.629914769020459062e+04 4.340758486637173337e+04 7.355193699487842969e+04 1.699724777261544368e+05 1.595678766688114774e+04 1.523131850102656754e+06 -3.970281126900599702e+03 -3.034014310697030669e+04 1.840595427025126264e+04 1.361366143019499214e+04 1.851475001416050873e+04 -1.174467620587159763e+04 8.556292833092293222e+02 7.435174337649581139e+04 4.510602915450010187e+04 1.191721367751384150e+03 -1.024385152429322625e+04 8.545433513671363471e+03 -3.743927507389276434e+04 -4.979907280536889630e+03
2.471554682723503447e+03 8.112513474367654453e+03 9.773012726102573652e+03 4.720705577543822642e+02 -1.808148211213288732e+03 -5.364082881142755923e+02 -3.548347257284103398e+04 5.644554383833492466e+02 1.046580233567246069e+03 1.990192540053398943e+03 -3.458660205805068017e+03 -1.362352152465362906e+03 8.561634314105280907e+01 8.164456041354380886e+02 1.250885001731091108e+02 4.184535188898506931e+03 3.690352357535381998e+03 8.925266065799016815e+02 -9.594553665927649035e+02 -1.272374829664768640e+03
-4.604627741940413398e+04 -1.259906075228156078e+04 4.576054832466072185e+03 1.937791861520115390e+03 4.289908033490659705e+02 1.602205318481283211e+04 -3.010843108189032137e+03 8.336419234093518753e+03 -3.707189018879444484e+04 1.345619431214451470e+04 2.521004675497531480e+03 -1.771540826357301739e+03 -5.522307809826711491e+02 -2.169653438903723872e+04 -2.672028257042165205e+04 -1.423384993807663250e+03 1.885098753698848441e+03 -5.605461733229212768e+02 4.342865661380819802e+03 9.581481931211822030e+02
-2.429149618151941831e+04 2.138233502905675050e+04 1.481778149685931021e+04 2.351173212356964359e+04 2.814922798141415478e+04 1.325675983824705181e+05 -1.120752279658537191e+04 4.020509865985707438e+04 -3.004748567136553465e+05 7.730728614370441937e+04 6.344329164561305333e+03 -3.698501779453412018e+04 7.538314145428079428e+03 -9.014152430201879179e+04 -1.831759849721636856e+05 -3.111880655256619866e+04 3.966591690700189065e+04 7.635902575420694484e+04 5.548334904273033608e+05 1.776165418716534987e+04
-1.554408012523274920e+04 1.049262270328184422e+04 -1.627401178916546087e+03 6.253295872311477433e+04 -6.971368456159543712e+03 -3.214636781605218857e+03 -6.089409584329221161e+02 1.145141644576125873e+04 -1.042618618638064163e+02 3.661993880607075880e+03 -5.754719170446588578e+03 5.035316535246831336e+03 -2.462107321865178164e+02 1.613664193555200427e+03 -3.280629397328017603e+03 3.560109688528805236e+03 -4.157712832828026876e+03 7.763091466718274205e+02 -3.035479328136715594e+03 5.511958214789683552e+02
-4.170324232268446212e+04 3.592800288983647624e+04 -2.631111025582168440e+04 -5.215194680268989032e+03 9.961860748760464048e+02 5.561228440108310451e+02 1.341938083209331353e+03 -4.304916567621631884e+02 4.213094467389594229e+02 1.276632886864748002e+02 1.716021576201649168e+03 -2.214880664581806684e+02 -6.278360627224361679e+02 -2.600806059232396024e+02 -5.757933517513069432e+01 -2.423856012809914375e+02 -3.644378215321171410e+01 -8.380023343760741454e+02 1.149647840141556259e+02 2.120631091592619487e+04
-4.332376167140884354e+04 4.873417784566304908e+04 -1.491819379816078981e+04 1.183625997982947010e+05 3.774330498322490166e+04 3.272267325405126940e+03 -6.657788197464812583e+03 1.238686921783806029e+05 -1.073264803249460820e+05 -3.239254324847713360e+04 -1.485637644755731453e+05 4.946661070626931614e+05 -2.562450987102032639e+06 7.993945496745551645e+04 8.424003479697836156e+04 3.541244295918357238e+04 9.498511284400306977e+03 -2.362886442389662261e+04 3.937337699184878875e+04 -6.968172246985540551e+04
-4.369360829429488149e+03 1.784567113563712337e+04 2.458240034435084817e+04 -3.089381087734778703e+03 -1.428903919493085823e+03 -4.285444910233511564e+02 -1.010961516977528504e+03 7.788882426838433730e+02 6.204769759455449503e+02 -4.066727456559621032e+02 5.050678631783917467e+02 7.916432395583279913e+02 9.615814306098022257e+01 1.249525388075220690e+03 -9.234508651915991777e+02 2.440668691901367708e+02 7.690024062727952980e+01 -1.362254598522407321e+02 2.327340171691444937e+02 2.679504497431799450e+02
-5.963395146690712863e+03 1.164368238384883807e+04 1.555329156988770410e+04 1.598959636438260713e+04 -4.046058880876631065e+03 -2.771705680289822340e+03 -4.513804051500506830e+03 -2.461329289594245347e+04 -3.839006477228916538e+03 -1.564248605079221079e+03 3.327670260126440098e+03 3.515245279060132816e+03 2.408605453989412126e+01 -7.175144442529331172e+02 1.158642591752666704e+03 -9.264143722337917097e+02 1.373203957156364140e+03 7.710107148979584224e+01 4.012083211042595963e+02 3.364098343994975494e+03
-4.589368464421355748e+04 -1.203300022316408649e+04 6.078931012906599790e+03 6.449570804826877065e+03 6.258107180087365123e+04 -1.690336489392045905e+03 -2.466131763986879832e+03 -5.761857160954552910e+02 2.130652173283455042e+01 -9.065215702016053001e+02 -4.412910171075056951e+02 3.337734950169694343e+02 -1.240196484897655438e+02 5.811739553175121955e+02 -3.358678130788852627e+02 1.142204032571900001e+02 8.788563715340114868e+01 3.897369094780198395e+01 5.515875041685845872e+02 4.181866744270756158e+02
-2.135686040681728264e+04 1.433333401291205337e+04 1.479031275776008442e+04 1.117545367169819656e+04 -1.936703696052072246e+03 -1.422528341726842882e+03 -5.054417248730373444e+02 5.620366839713661648e+03 1.434945085526086814e+03 -8.228389993205162682e+03 1.580447741208862499e+04 -2.516470861895767939e+03 -6.049161442650428171e+02 5.458420183226772906e+02 -9.609449767350312186e+02 -1.902635752848265383e+03 1.551027511265096109e+03 -2.898761541851679340e+02 7.285893875908117252e+02 -5.694932060205075004e+02
-2.259800770072012165e+04 8.404987393369532583e+03 -4.334198027271076171e+03 4.528900935336959083e+04 -4.897063199407730281e+03 -4.154450953098246828e+03 -7.301949112385538001e+02 5.300496460080669749e+03 3.280913823960295304e+03 -1.425728054509895173e+03 1.475192430491272489e+03 -8.359813138184055788e+03 -6.067179905464179228e+02 2.029776981651758661e+03 -2.136219126736698854e+03 -2.936054388410823321e+02 1.469760404370593960e+03 -1.022495115394521690e+03 -9.540760355541038962e+01 4.156050779644331215e+02
-3.690657173073904414e+04 3.481716644195262779e+04 -1.833156837211293168e+04 -2.123831645316273352e+03 7.654268969512519107e+03 2.615017522082132018e+03 7.567783750093930166e+02 3.128818172475531810e+03 -3.477138083144817210e+04 -3.881088905999359122e+04 -1.639228393261970268e+04 -4.278471486311499575e+03 2.036122456433735806e+03 1.224847021117265058e+03 -7.072472843463561958e+02 -5.830917772132880827e+02 -2.120900664531356142e+03 -3.816535071244762207e+02 -5.674848418434545465e+02 -1.678673377862947063e+03
-2.552152493767725900e+04 5.266136688640695502e+04 -2.797496914394047963e+03 -9.948895444239113203e+03 -1.280620384755854730e+03 2.184690540582180063e+02 -9.426596383286008859e+03 -2.448991795700039802e+03 4.331587754302055373e+02 -1.270867525925409609e+02 2.521457216510386388e+03 2.613452958333646166e+03 1.798567130233166722e+02 1.626981027041533252e+03 -1.318575709039789444e+03 8.569612695203346675e+02 -5.951587284375244735e+02 -5.900102149501757367e+02 1.224082432123081219e+02 6.810557140301943946e+02
-2.265731297519811778e+04 2.234695506153512179e+04 2.559682736975719308e+04 5.362120212191770406e+04 1.458460980958009895e+04 6.044944385342164605e+04 -4.453231651738234177e+03 6.305195722278524045e+04 -1.940937828125434462e+05 1.020666306425275252e+05 3.933751052598218666e+04 3.646691799788355274e+04 -5.706856136956736918e+03 -1.703766007929254847e+05 -1.815877400914494647e+05 2.927582123503397088e+04 -4.394864496256424172e+04 5.316929100505715905e+04 -1.373997762314494757e+05 -4.356420208948935397e+03
-4.626626362548102043e+04 6.033382098093997774e+04 -8.441916915681107639e+03 2.067157340005032438e+03 -3.075088947982617810e+03 -3.827903563581846811e+02 -4.237120901186922129e+04 7.318620495857081551e+03 2.259676083755676245e+03 4.578681138900414226e+03 -8.617194651472351325e+03 -3.562757342286131916e+03 1.382007669226277358e+02 5.473390181470747393e+02 -1.000840840293096363e+02 1.612224613246495664e+03 -1.483544413327761049e+03 -1.555783174972454390e+03 4.018023181411579685e+02 1.927964926353582996e+03
-6.001253117361063050e+04 7.929909149808469010e+03 -1.878176357452109733e+04 3.455020619900953170e+04 -3.027872976674255824e+03 -3.076862453435268435e+03 -1.441330363121000573e+03 1.421284965096140695e+04 5.384157428793067083e+03 -3.899134695351623122e+03 5.359553875194087595e+03 -1.182875075566590203e+04 -7.971233485905679572e+02 3.372527201176507788e+03 -2.940266320105269642e+03 -1.374654910120873865e+03 3.343399081350430606e+03 -1.623819983484378326e+03 5.781313271765799300e+02 9.987122724658214565e+02
-6.743691000363694911e+03 6.622226090557700445e+03 9.090621857233851188e+03 1.655737255543889114e+04 -2.820849385761127905e+03 -2.434181614667528265e+03 5.426943506471094452e+02 -2.034061585814630598e+04 -3.210237947421941499e+03 2.418276832009571535e+03 -6.023618920844599415e+03 -3.890708116254077595e+03 -5.607669381616118471e+02 -7.501084500095665135e+03 6.005133077933372988e+03 -3.651092261068385142e+03 1.992200920820348074e+03 3.589926442423581193e+03 1.019163635163700633e+03 -1.181608489145227759e+04
-2.142296379749858534e+04 1.041763452194973070e+04 2.081903354883681095e+04 9.463889251301741297e+02 -2.021471384070287911e+02 3.780841407464974054e+03 1.269368186513015189e+03 1.459802745676941231e+04 -2.806640317478587531e+04 5.089625832834615721e+03 6.098118569305654091e+03 2.280313857896738409e+04 2.641740493399207026e+03 -6.858081959790142719e+04 -6.816523213534763272e+03 -2.935391458730934028e+04 2.976369592426181407e+04 8.545975715258411947e+04 2.587739757612833055e+05 1.352833369631474909e+02
-4.602943147526719986e+04 -1.264689863789241281e+04 3.977983541881246310e+03 -4.699698354103414744e+01 -4.530022228453653383e+02 -1.513452401315360305e+02 -8.306502588745564935e+03 2.768450996686508006e+03 -2.053515310426852466e+03 -3.485854513877726276e+03 -5.982718044148909939e+03 -6.529510876289483349e+03 -1.815652155286428751e+03 -4.565033017427119375e+03 5.397040189435899265e+03 -3.505207940036319633e+04 -2.350753317250120745e+04 -1.858441280671968059e+02 -7.520672148716736274e+02 2.543486747477951724e+02
-4.028260143331246945e+04 3.784433948432000034e+04 -2.677636984559153279e+04 1.900156921164738014e+04 -1.228412994598977320e+03 -1.056806781588068588e+03 1.232582661231110706e+03 1.775645009139188915e+04 -5.944224959906880201e+01 1.368883897205038238e+03 -5.597628196637529072e+03 3.066475899897974523e+04 7.664923448635431669e+03 3.484877700070506421e+02 1.037743480608782920e+04 -3.187557988248460788e+03 1.910410892024568057e+03 7.090146730359061621e+03 3.711628741723694930e+03 -3.039291983520669191e+02
3.746973160122689023e+03 2.652317954581521553e+04 2.346029159606683606e+04 -6.646511466511172330e+03 -4.183702214710055159e+03 -1.169805102144090228e+02 -7.641903516135503014e+04 4.097604150077600934e+03 1.974543662456343782e+03 7.117420238977972986e+03 -1.312492838026994832e+04 -3.537538239449903358e+03 1.718887399583472870e+02 1.194608219258948338e+03 -1.170364369711317778e+02 5.174013177668914977e+03 3.447529355432905959e+03 8.582267939536390031e+02 -1.714933119850373942e+03 -9.714949353375648116e+02
-2.235486604198661735e+04 2.416618014640865294e+04 3.543543075524071173e+04 5.851090217953130195e+04 3.042747491571457431e+03 1.027573094784686982e+05 -1.545225160012829974e+03 8.473671837969536136e+04 -2.834340067104515620e+05 1.528325215690183977e+05 7.295172196053875086e+04 4.584430656133818411e+04 -8.686675688953489953e+03 -2.396390756303378439e+05 -2.578815349616229942e+05 4.549441773519771232e+04 -7.038444680056498328e+04 8.313739693864824949e+04 -2.266985218417839787e+05 -9.124035227075941293e+03
-4.157151278246918810e+04 4.482500953375428071e+04 -2.852871259010474387e+04 7.349122759771331039e+04 -7.157788016075523046e+03 3.785927267381696879e+02 7.144387945649979201e+02 3.942925654347807722e+04 -5.626466518793952673e+03 1.075794523921947984e+04 -1.792248469040140481e+04 5.277895160221563128e+04 6.443913472302584523e+03 7.597802247982192512e+02 4.801903004937919832e+03 2.526759390448556132e+03 -5.205676857643044059e+03 1.329340725533970726e+04 -4.488809598158624794e+03 9.940861894996036199e+02
-5.544346794224953192e+04 3.803269153584743617e+04 -3.272867569336589077e+04 1.623547572062590007e+04 -7.969540456910527837e+02 -1.413480206342757810e+03 9.749600149428833618e+01 7.097313305748971288e+03 4.030322996990198135e+03 -2.362479143582420420e+03 6.250422469908011408e+03 -9.278691069319535018e+03 -1.174130564628837419e+03 1.065136610139266168e+03 -1.476500209154728282e+03 -2.091648494375418977e+03 3.680872520480019375e+03 -7.781991134163133665e+02 5.896979580839433766e+02 9.059706055588254969e+01
