2.097419703657412174e+04 -3.083701809581957150e+03 -3.383879914506371733e+03 -4.293203338286003827e+02 1.626590328655332769e+02 9.530574340869264915e+01 -9.629205569810795851e+01 2.136147658638563769e+02 5.135914386074718507e+00 -4.407738502502156308e+01 1.117871408644882081e+02 3.971904572770516495e+01 3.996289282624126749e+00 7.562802101408522937e+00 -7.727012865882975312e+00 8.521113348846132141e+00 -3.264058535749218493e+01 -2.454491334740184172e+01 5.387936403321671008e+00 1.564656934035185909e+00
-4.937436794480634853e+04 -1.552693004182296863e+04 1.429171102151694868e+02 -1.206170257226665854e+03 -5.596121932834568469e+01 7.454765285873764924e+01 -3.968483065668937684e+02 -4.309849629902060997e+00 2.794592319419160162e+02 3.841268738092000490e+02 -7.032768072979256324e+00 2.593541786995670577e+02 5.507947543916946387e+01 9.356699419327880207e+01 -6.267319030214886055e+01 1.085637538256378036e+02 5.747928943941862379e+00 9.159481776473555215e+01 -1.202387676127346516e+01 -6.522732150103698814e+02
-3.082402592687102697e+03 1.079582054529998095e+04 1.739709124232705653e+04 -2.029681037346474341e+03 -6.977384378350302541e+02 -2.578822697236608406e+02 4.790432782735006185e+03 1.196588612860636431e+03 6.683791621311100926e+02 9.256457220999508309e+02 -2.369272416862526370e+03 -6.561920736946461830e+02 -7.676320286062978226e+00 9.800981090552087380e+02 -8.349737684692497623e+02 -3.310004172411998269e+01 2.334335296638283239e+02 1.078396035816673191e+02 -8.459704246759152113e+01 8.822976085230254739e+01
-4.262831986158539803e+04 3.583434878625220881e+04 -2.623230597933500394e+04 -5.083445613966606288e+03 9.105309908844175197e+02 4.958749670379354484e+02 1.725109769453541276e+03 -2.203166821701162462e+03 3.110931274670825815e+02 8.482542790810947508e+02 1.116598799040253425e+03 -9.694261306517564947e+01 -1.499739732539415229e+02 -5.295461494619506766e+02 7.679258603427283170e+00 1.392883251608529349e+02 -3.304864721038309767e+02 -7.261273880499298627e+01 -1.413729549367874654e+02 -7.900712129132298287e+02
-1.266161886829172363e+04 8.141358355607577323e+03 -2.442570836474421583e+02 4.251318325690460188e+04 -4.868921706283737876e+03 -3.628579036451264528e+03 -3.060422216023973192e+02 3.291257048973368001e+03 1.500910190237264715e+03 6.862263871059677740e+02 -2.100489015773617666e+03 -1.750465502939519638e+03 3.337178563275891179e+02 1.370472593027986250e+03 -1.223301172513633674e+03 1.944604057373143178e+03 -2.262551244053473511e+03 -1.326501080572847286e+03 -2.049205266970375874e+02 1.663032547628710347e+02
-1.647305053727971608e+04 1.746456503427818461e+04 3.264841207009942445e+04 2.837607478542299214e+04 2.331496947451460874e+05 -6.368543462013867611e+03 -4.748292577293246723e+03 -4.077668205530620980e+03 3.137384743019153575e+03 2.014524435061106942e+03 6.365722347173233402e+02 1.030153511668393776e+03 6.139265895720309345e+02 1.080326754835357633e+03 2.049501247954403027e+02 3.645862257961532009e+02 -4.208535761931287311e+02 6.816353769887238911e+01 -1.625653456702136737e+03 1.232078337994026924e+02
-5.769388473435271862e+02 7.836408044466602405e+03 1.165848968914374927e+04 1.459548080985335218e+04 -3.411629778644909493e+03 -2.466505742318804550e+03 -6.633060068283880355e+02 -2.416628221291384398e+04 -3.805461176733154389e+03 3.486074297525398151e+02 -6.329522105595142420e+02 2.584119509913266938e+03 -5.662359581438659584e-01 -9.522086345322600209e+02 1.224266276073366498e+03 -9.281096398778645380e+02 1.270655145538549732e+03 2.197936437675780326e+02 1.659069427032870294e+02 3.220538193087893433e+03
-3.390361032988087391e+04 7.461490853905177210e+04 1.565464070198635163e+05 6.688038500037605409e+05 9.269461209923577553e+04 7.429178814210163429e+06 -7.226347487304396054e+04 -6.452495208701075753e+05 2.697222315995696001e+06 -1.839428319571936736e+06 -9.099011106334049255e+05 4.952719504703676794e+05 -1.449154183666315657e+04 -1.352397542225514771e+06 -1.006791201424730825e+06 1.677897437323605482e+04 5.029670213864884863e+04 3.157114726211919697e+04 3.748489633779013529e+05 3.634773474928404903e+04
-2.513172833758084380e+04 4.158923623152428627e+04 7.086563419907116622e+04 1.576653559096350509e+05 1.389716719696030123e+04 1.377481160151125630e+06 2.393258177391588788e+02 -1.804550057368410853e+04 -3.132929162535205251e+04 4.875585642604476743e+04 3.845717364731526322e+04 -2.155563062016835829e+04 5.080595127435497034e+02 1.033848042244566313e+05 6.552611041583953192e+04 5.078318729755618733e+03 -1.813558055512013016e+04 1.591269361030215987e+04 -5.786693624768973677e+04 -6.404337931711838792e+03
-2.442948503342234471e+04 4.523519373122109391e+04 -9.449130220159511737e+03 -8.910863626503498381e+03 -9.119897376288773216e+01 4.642407435642916198e+02 -7.793476037488616157e+02 -4.206443367063324672e+02 7.981308979740014138e+02 2.409591737405619824e+03 -3.085272100778131517e+03 -1.077040399641038420e+02 -1.563951650354162659e+01 7.258232284544958475e+02 -9.144055001909949851e+02 4.498468553793084084e+02 -3.459393978921254416e+02 -3.335420629110930690e+02 -7.047163493666141676e+01 3.633212342263473715e+02
5.656151207927688120e+03 2.187679825241013168e+04 2.374030268035075278e+04 -3.797823165853043520e+03 -3.950467335141241165e+03 -6.170279708533769281e+02 -5.882004699740628712e+04 -2.147508670833534268e+02 9.716399879441013354e+02 1.425599073228449015e+03 -1.693495090959771005e+03 1.014099608384774115e+03 3.896697546140618442e+02 1.984759552187367717e+03 -3.938353595012091546e+02 5.146386216819850233e+03 3.206888985537212648e+03 5.533118126162091812e+02 -1.023207809094355753e+03 -5.125832745011157385e+02
-8.265899985897302031e+03 1.212348625101101970e+04 1.945563824552586084e+04 6.769250160260427265e+02 -9.838438163010196149e+02 -4.176990309872934972e+02 1.469916465632196832e+03 2.022458279610126738e+03 -4.758334434557269219e+02 -5.677689447948823727e+03 1.122365478012183667e+04 2.783159061357328028e+03 1.451307695537796576e+02 -4.465422898379410412e+02 6.160740897737705524e+01 -4.127322159743557108e+02 -1.352517489954593202e+03 -2.601973214228108873e+02 5.568598108214631566e+02 -1.061377784773278563e+03
-5.584597234423497866e+04 3.971218082757548109e+04 -3.498620526657503069e+04 3.029196228650032208e+04 -2.263786443086051349e+03 -2.659878850834938021e+03 -1.272950371229961348e+02 1.204214522716968349e+04 5.563604449710977860e+03 -3.027645689979105100e+03 6.295876260732352421e+03 -1.185376181392798753e+04 -1.016841807559728750e+03 2.682427307248197394e+03 -2.834374039321523469e+03 -1.402613224006634709e+03 3.098521990487379753e+03 -1.622663264325983391e+03 5.212694106265341816e+02 7.721538205894676139e+02
-3.946235022151982412e+04 3.949700009799974214e+04 -2.753988277737340468e+04 2.538085366598237306e+04 -1.980665498896216377e+03 -1.579533387844023764e+03 1.111977944668099099e+03 1.982808584564553530e+04 5.237102164399806270e+02 1.364900091233130752e+03 -5.836472747996486760e+03 2.995071341894581565e+04 7.760303238562923980e+03 9.119655985302357522e+02 9.843569437320275028e+03 -2.757211625349381393e+03 1.489662338399288046e+03 6.769057422127534664e+03 3.636207310695320302e+03 -1.256442518908399251e+02
-4.521502274440936162e+03 3.763145349174057174e+03 5.943610032664108985e+03 8.885429225037518336e+03 -1.817826286652701810e+03 -1.348440277311628279e+03 1.732364715066043800e+03 -8.723348371438527465e+03 -6.643897926824544129e+02 1.462507521860812403e+03 -2.008716500407169860e+03 -1.102845264992581775e+02 -2.759677706575995515e+01 -2.435424886532289293e+02 1.266871695685272243e+02 -2.544435468211219487e+01 6.936614420432405836e+01 1.610760528463760579e+02 -7.819421956138640439e+01 -1.146523904080595230e+03
-1.047966140428150175e+04 1.058290791102180810e+04 1.574000111588442269e+04 2.319070068038379759e+03 -6.989885933096901454e+02 4.983692303604236429e+01 8.183233971339209347e+02 4.220097604509943267e+03 2.880832428245672077e+02 -5.192014084051377267e+02 6.574238439336315878e+02 -5.284757638156587745e+03 -9.500075682965202759e+02 -1.463119262452365001e+04 1.222305082569588012e+04 3.548626187669302453e+03 -7.807056969331795244e+02 1.983459885223404484e+01 1.054707699043108732e+03 2.783086863637631723e+02
-3.955548799996820162e+04 3.573291958696737129e+04 -2.176185872760917118e+04 -1.708538115218958183e+03 8.337368865123948126e+03 2.786042222626267630e+03 6.321220610934750539e+02 3.030421077068033355e+03 -3.521696256925134367e+04 -3.884898444264013960e+04 -1.602158472715917196e+04 -4.346831480699454005e+03 1.998459095554638679e+03 8.378244585524780632e+02 -8.290754127816943537e+02 -9.220650864080388374e+02 -2.337399191409868308e+03 -3.787527203247938701e+02 -5.437572655507013906e+02 -1.723961589120224517e+03
-1.614549241534326211e+04 1.160939225004448963e+04 1.570324608683649058e+04 5.877964717213341828e+03 2.459365029221367038e+01 1.651358958001930296e+04 -4.061748069383713755e+03 1.038890505005377963e+04 -3.740436319767527311e+04 1.398704859038012546e+04 1.670560367437672994e+03 -1.451413101274804376e+03 -5.570990384030283167e+02 -2.285396913282155947e+04 -2.649325183702277354e+04 -1.262033754031991293e+03 1.297066566577337426e+03 -5.107402461463595955e+01 3.837023227410164964e+03 4.135274193324427756e+02
-9.045574359854303111e+03 2.509472781560665680e+03 6.052602049672834710e+02 8.564211321167173082e+03 -5.749691222825024397e+02 -1.042737895624301245e+03 -5.479558260491887722e+02 2.337874444150976615e+03 2.716819043223619246e+03 -5.838273971440328751e+03 9.895888114277091518e+03 -2.375673958914054310e+04 -4.361648984331933207e+03 -3.282483414749742224e+03 -9.360360308197105041e+02 -2.595746211705441965e+04 3.979367801747012709e+04 2.336766508746085674e+04 -3.981866910769649621e+03 -2.856470254596074483e+03
-3.588075201435074632e+03 1.532522317570660562e+04 2.234772525931947894e+04 -3.052801195537650983e+03 -9.932923510293236404e+02 -2.830502649783096558e+02 1.500999234116747630e+03 2.077004839116814765e+03 8.747563938885598418e+02 1.123262483088032695e+03 -2.806517390022530435e+03 -7.209118036746532425e+02 -4.960360348901250660e+00 7.734207460069571880e+02 -7.163639527872742292e+02 6.508222759682368519e+01 2.039823595802107263e+02 -7.940747201380857767e+00 1.154023438853043473e+02 8.301289300398072157e+01
-3.937153958005669847e+04 9.400567375560969595e+03 2.847170868239002084e+04 -7.704187854615644028e+03 -4.774978464673319650e+03 6.019810164568498294e+02 -9.283654984462929133e+04 9.804378563949621821e+03 -1.180067871268931231e+04 -9.444628457886306933e+03 -3.087097540681488681e+04 -2.959314100704528391e+04 -1.036357618702884065e+04 -4.091347559392800031e+04 4.181658393500300735e+04 -5.402395853004804812e+05 -4.130519698641551659e+05 -2.224136468164364123e+04 -2.088010960122930919e+04 2.494672799212529571e+04
-4.332376167140884354e+04 4.873417784566304908e+04 -1.491819379816078981e+04 1.183625997982947010e+05 3.774330498322490166e+04 3.272267325405126940e+03 -6.657788197464812583e+03 1.238686921783806029e+05 -1.073264803249460820e+05 -3.239254324847713360e+04 -1.485637644755731453e+05 4.946661070626931614e+05 -2.562450987102032639e+06 7.993945496745551645e+04 8.424003479697836156e+04 3.541244295918357238e+04 9.498511284400306977e+03 -2.362886442389662261e+04 3.937337699184878875e+04 -6.968172246985540551e+04
-2.426091936731514579e+04 2.694714427095974679e+04 3.667572126514650336e+03 1.044606899719619469e+04 2.913220854107990817e+04 5.306778203106480214e+04 -4.594949134260182291e+03 1.867452406596787114e+04 -1.378775680242415983e+05 1.558192104766846205e+04 -6.290820204573907176e+03 -1.329812095294551182e+04 3.729025513047743971e+03 -4.820284070918577345e+04 -8.729026335838047089e+04 -1.137769096384951627e+04 1.580632494886757559e+04 2.600998357425364884e+04 2.095865324660607730e+05 6.383567378700519839e+03
-2.014504633504052981e+04 1.062716118458732672e+04 2.187704603092172329e+04 -4.004992194874648703e+01 3.034039012240794818e+03 1.463018706878956800e+04 6.418620641592955280e+02 1.249289990751800906e+04 -3.150278965936684108e+04 1.978632355256641677e+04 6.865371924112106399e+02 1.736591445204674164e+04 5.441890239574639054e+03 -2.966854747822355421e+04 8.864651243631262332e+03 -4.525492308549598238e+04 7.173357789663574658e+04 -1.147044286590801348e+05 -2.054939385332365782e+04 -1.202087136806821945e+03
-2.547239495552644803e+04 1.915291817254139096e+04 3.384106875473532273e+04 6.666818327266893175e+04 1.066363959264213554e+04 5.256182388504676055e+05 -2.961537592579360535e+03 3.055520741184124563e+04 -2.426454806579008873e+05 1.840100008534123772e+05 7.762426166309835389e+04 -5.546437300056975073e+04 3.165051762615370080e+03 1.515122040583918279e+05 1.176491207013993117e+05 -1.434220242302155020e+04 1.509175069562092722e+04 -2.596138190015630244e+04 1.850899911439657444e+03 9.724910923251361510e+02
-2.355501195781554270e+04 2.426984973255989826e+04 3.045530167303907729e+04 5.912451571240432531e+04 8.350890648660182705e+03 8.631646067246637540e+04 -1.990197281742229507e+03 7.837111987679243612e+04 -2.531767388323281775e+05 1.347787085001167434e+05 5.998019736836872471e+04 4.462488080936217739e+04 -7.427769283151555101e+03 -2.174164048649183824e+05 -2.326986299964478239e+05 3.998201027050674747e+04 -6.119156957917976979e+04 7.300509332303369592e+04 -1.949312601985632209e+05 -7.287238835909098270e+03
-1.088619993337642154e+04 1.317526386142097181e+04 2.117236603755645046e+04 4.041711014244255693e+03 -5.259441840792405856e+02 6.075108892591435506e+03 3.246665308080391696e+03 1.386471470263610536e+04 -1.657775357397400148e+04 1.271832615328546672e+04 8.999109552614088898e+03 -3.711002903894228075e+04 -5.679937055062571744e+03 -1.089361498368091416e+05 1.247252232001722587e+05 5.592142791276628122e+04 -1.657627994533283345e+04 7.314047632459645683e+03 -4.732871350326957327e+03 1.832988135824754863e+04
-1.565308818826778406e+04 1.510309361996446205e+04 2.669913722387505914e+04 2.029722318137588445e+04 1.603472847325682233e+05 -4.850448272068863844e+03 -2.920080594967135767e+03 -2.163856524843046373e+03 2.268056715755915775e+03 1.847081694816602919e+02 1.715060463031065296e+02 3.404483086326216039e+02 2.407272130691121674e+02 5.660200377030620302e+02 3.321019754309941732e+02 8.681056966963875254e+01 -1.106513175226916985e+02 -5.927020020772140896e+01 -2.994168038663023026e+02 -4.551292092528330890e+00
-1.565431860897010120e+04 1.021999815884061536e+04 1.179740651223026907e+04 2.346213713229607038e+03 -1.086107606658901659e+03 -5.599716063191061721e+02 -1.399614024867304943e+04 2.952116945742138796e+03 -1.992692129882281279e+03 -2.888164469709504374e+03 -7.301874075604537211e+03 -7.402089494802118679e+03 -1.869880277507742676e+03 -5.547891574685117121e+03 6.114283808092419349e+03 -3.519455290090429480e+04 -2.378787923844265606e+04 -1.162953781752269435e+02 -6.242019605014399986e+02 -2.981934544794703470e+02
-4.652826525879964174e+04 1.213875997741946594e+04 -1.497227857815345851e+04 1.345709557168084211e+04 4.471887188175832080e+02 -1.185010782554809055e+02 -7.630248442538735389e+02 1.633801164408109616e+04 -9.797532356457282731e+03 -1.053902465531744929e+04 -9.656823082100312604e+03 4.630159880680538481e+04 -3.338072353093387792e+05 1.376737695154908943e+04 9.763020230155527315e+03 -2.857343737577644447e+02 1.230069856274206722e+04 -3.988842011714605633e+03 1.011427503527930457e+04 8.122767063450439764e+02
-4.845906946254373906e+04 -1.541523263928261986e+04 9.509609509153960971e+01 -1.432757177856062754e+03 3.801053285195167319e+01 1.423862760549635880e+02 -7.656179131558952804e+02 1.711450747720085701e+03 3.726066103708631090e+02 -3.168971511066503126e+02 5.590461326870284893e+02 1.677205320035806437e+02 -4.113583385921820081e+02 3.642000702848859532e+02 -1.300889499116714774e+02 -2.734173624433973373e+02 2.944068136175727091e+02 -6.729576158142328950e+02 2.386357765459665359e+02 2.133452778161314927e+04
-2.934984718489591251e+04 3.529005710724370147e+04 -3.879417226382004628e+03 2.623539799578598104e+04 -2.117943156101464865e+03 1.142999349611210846e+03 3.379084131779644395e+03 4.211164994506248331e+04 -2.047671812007623521e+04 1.973260644185449110e+03 -3.474730530785872543e+04 1.360140843644626148e+05 2.927954929274404640e+04 -1.380848875477679030e+04 5.531747340678846376e+04 -5.499332642076655611e+04 6.981986002754283254e+04 2.113884719025416416e+04 3.440113136621358080e+03 -4.255554858777674781e+03
-1.335784412477532533e+04 5.392653224570921338e+03 2.971616937562581370e+03 1.905387220489508400e+04 -2.967550780421677246e+03 -2.583561633666754005e+03 7.440411009900007002e+02 -2.025390919334139107e+04 -1.802770929451634402e+03 4.385586316204737159e+03 -5.493329614280697569e+03 -1.757388606066574539e+03 4.256477700449544841e+02 -5.472627718535205531e+03 5.260608814052413436e+03 2.075946158333255880e+03 -5.314070374452279793e+03 -3.959156515725744157e+03 6.026868224275362991e+03 -8.006412039263303450e+04
-7.192981951820223912e+03 1.670060329714207182e+04 2.599551046109496383e+04 1.336464522392806612e+04 7.382401571526008411e+03 1.386778536377016280e+05 1.149157479296769907e+03 1.056141953714920237e+04 -8.393689252980596211e+04 7.074216967113057035e+04 2.840228422645918545e+04 -3.021597797392802750e+04 8.200907059194507838e+02 7.427057635411131196e+04 7.274134804802970029e+04 8.900125531926868234e+02 1.079366809850047730e+03 -5.918550775528116901e+03 -9.420769621569517767e+03 9.106193435830131193e+02
-3.770983126473466837e+04 5.487385780222576614e+03 1.397230955163091676e+04 2.078126879706950422e+04 7.888132223667610560e+03 5.041418500662119914e+04 -7.442846384545428009e+02 4.519229222614926402e+04 -1.758634299516984902e+05 8.380269460526382318e+04 2.220801421463676525e+04 2.007865925857896218e+04 1.205491776937907707e+04 -3.255078927226952510e+05 -2.339856602635043964e+05 -4.201601559623531066e+05 7.102285857723297086e+05 -2.104463607909047045e+06 -2.177633794808288221e+05 5.090580878107423814e+03
-2.643763552898166745e+04 3.733526593055090052e+04 6.763889405942482699e+04 1.420863090887261205e+05 4.313969502724552149e+04 1.271015833814267302e+06 -1.308669935687625548e+04 9.499174306960003742e+04 -1.141569845409028232e+06 9.370813689726606244e+05 4.408323173746695393e+05 -4.719446091059840401e+05 1.800154699702349899e+04 1.400029016413799254e+06 1.067892005748613970e+06 -4.399176234783912514e+04 -1.709472291622325429e+04 1.811669281306827033e+05 1.144675960023254156e+06 7.039145206546309055e+04
-6.118336392702912235e+03 1.452206687512630197e+04 2.340050961585958066e+04 1.199350341036896452e+03 -1.123241511912967098e+03 2.269370024592397385e+04 5.795489780464055912e+03 3.888810507206580041e+03 -1.023432068559430627e+04 6.493218951238088266e+03 1.208137926587759648e+04 -1.161099909373802575e+03 -9.477187574415287941e+01 8.841339043272519120e+03 3.430627229176386209e+03 2.299591145979503381e+03 -5.724401449383264662e+03 5.060910923070791796e+03 -2.027118132546700144e+04 -2.315717861225049091e+03
-8.940662791278100485e+03 1.674841768200240767e+04 2.577143088116563013e+04 6.239369628143703039e+02 -2.041418319739096887e+03 -7.529274805985529611e+02 -3.325811487621044307e+03 -5.001474091192375795e+02 -9.416567754745061620e+02 -8.869064824742057681e+03 1.807491342881272067e+04 5.864871617513284946e+03 3.454635580184146875e+02 5.020495394659903923e+02 -3.393714075826080148e+02 -7.469197819736784538e+01 -1.591595358340508938e+03 -5.306379644606686270e+02 8.306631154070854564e+02 -7.083566985599138661e+02
-4.839840400668755319e+04 -1.513266195375624011e+04 6.408219579032249840e+02 -1.251725647349976043e+03 2.194166035563472121e+02 2.805219713514504747e+02 -9.250126502410317926e+02 2.884512938997518177e+03 -1.591349281771031565e+04 -2.506059589159484676e+04 -1.209161766511730639e+04 -3.701931948012017074e+03 1.061754268853505891e+03 5.791281251600208634e+03 3.362955267375227777e+03 4.700431689336658565e+03 9.601660253329037005e+02 -8.868034281148364926e+02 -4.769510833595014446e+03 2.737195772562338334e+02
-4.138827727361532015e+04 4.480976375134345290e+04 -2.854265939868133501e+04 7.263093935680539289e+04 -7.071235239025403644e+03 2.743674088334218482e+02 7.189091346571420900e+02 3.903100626703610760e+04 -5.389945332619485271e+03 1.048707757493336976e+04 -1.759573774200397747e+04 5.204060478494386189e+04 6.489142937535345482e+03 8.186783453533569173e+02 4.899948432226048681e+03 2.407372115144801683e+03 -5.043549787825773819e+03 1.307059827062283148e+04 -4.264222639472272022e+03 9.744321033656918871e+02
-2.081303823523509709e+04 1.817157416201244996e+04 2.201060758109213566e+04 4.077177566681604367e+04 8.554490850500491433e+03 4.733763754826345394e+04 -3.403484791888219206e+03 4.652069384642330260e+04 -1.432079830899474618e+05 7.464975937167488155e+04 2.615881343345425557e+04 2.465849558045705635e+04 -3.992497341237764886e+03 -1.201239800959516870e+05 -1.277858689853067335e+05 1.798070703808469261e+04 -2.675841434647992719e+04 3.179403125142636418e+04 -8.951835829721752089e+04 -2.500594444517756074e+03
-2.491381373908995374e+04 4.970280566023528809e+04 -8.794385127519912203e+03 -1.027256568955823604e+04 -3.517470378926776107e+02 5.652819103506758438e+02 -6.425345766672463469e+03 1.600831495163504314e+02 9.414898463222755254e+02 3.148040905407781793e+03 -4.469573396734317612e+03 -4.468054645845264190e+02 -9.537469885128075475e+00 7.445318869529112362e+02 -9.347844716843903825e+02 5.728095951694110681e+02 -3.729683346280784804e+02 -3.453630822992428762e+02 -1.520585374194549217e+02 3.368774198220548897e+02
-2.259681269518048794e+04 8.407266383925883929e+03 -4.331548444169767208e+03 4.529111321379447327e+04 -4.898214706195939470e+03 -4.155184818878208716e+03 -7.337856820745626010e+02 5.287234762620203583e+03 3.278662049961486446e+03 -1.426563441883002724e+03 1.477335824589039248e+03 -8.357804422289787908e+03 -6.068305776667940563e+02 2.029058863723304512e+03 -2.135246906877525817e+03 -2.947290111811127531e+02 1.471240329338413858e+03 -1.022280765222339710e+03 -9.493876486098898226e+01 4.172023834130700948e+02
2.474359937515194360e+03 8.104677513481497954e+03 9.763213390149694533e+03 4.857635267546423847e+02 -1.809522022469812555e+03 -5.380799051210723292e+02 -3.548671104320175073e+04 5.515008385963084265e+02 1.046745812891373816e+03 1.990527628090679855e+03 -3.451750019662651084e+03 -1.358036363087056088e+03 8.558801770374306273e+01 8.155515836977463096e+02 1.245162648002484076e+02 4.185893410418987514e+03 3.691205044134576838e+03 8.927654953200238879e+02 -9.578628165791890297e+02 -1.270021536625333965e+03
-2.443166923366604169e+04 2.608771228623114075e+04 1.613150960295272489e+04 2.773704619716450179e+04 4.015963651985817705e+04 1.668528277865305427e+05 -1.566606370718793187e+04 4.664127928649932437e+04 -3.802824911001723376e+05 9.792438796767604072e+04 8.995241697526984353e+03 -5.813300473149523896e+04 9.522674616061452980e+03 -8.423907765248793294e+04 -2.132098550831737812e+05 -3.693415054217198485e+04 4.819360050351704558e+04 8.628121650936923106e+04 6.915107675004621269e+05 2.323641467607780942e+04
-6.816762336326843979e+03 6.640853815282706819e+03 9.073209475366678816e+03 1.660010533290967214e+04 -2.825741213358301593e+03 -2.438961868620293444e+03 5.236247826976219812e+02 -2.032733482028217622e+04 -3.199201075209363808e+03 2.398156204118403366e+03 -5.981852218302627080e+03 -3.909026300853713110e+03 -5.654401085984743531e+02 -7.467385848145259843e+03 5.975929504832019120e+03 -3.653372262053441318e+03 2.014156271452666488e+03 3.576560114909890217e+03 1.014599046704321950e+03 -1.174102797239894062e+04
-4.142454675950141973e+04 3.523850570149484702e+04 -2.515506530893176750e+04 -4.466433699781152427e+03 3.209028064838178125e+03 1.699567357136364990e+03 1.763476369302904004e+03 4.092785316881571816e+03 -4.750326482840348763e+04 -6.440203181907714315e+04 -2.928720186911207929e+04 -7.725173647918447386e+03 3.226093495274218185e+03 8.890972319773056370e+03 5.042511881140104379e+03 6.726269444693121841e+03 6.023368736693599885e+02 -1.096511664455956407e+03 -5.759330611979780770e+03 -1.424599122030882199e+03
-1.554501687621732526e+04 1.049251271852784157e+04 -1.628540688254220868e+03 6.253629911158638424e+04 -6.971664532798326945e+03 -3.214683615536048364e+03 -6.088224611379488351e+02 1.145261466560159533e+04 -1.043022651694782610e+02 3.662188466134903138e+03 -5.754904006401399783e+03 5.035784165840732385e+03 -2.462765069138696674e+02 1.613800589501521472e+03 -3.280909753190918764e+03 3.560256925110366410e+03 -4.157864673279224917e+03 7.764708451372993068e+02 -3.035751949158477146e+03 5.512390591345817938e+02
-4.671644323815371172e+04 -8.833421144162351993e+03 -1.316056677328759179e+03 2.173438275559759131e+04 -2.098462895800228125e+03 -2.010084638459700500e+03 -3.622622482187003243e+03 1.541245215691823978e+04 5.479739826316340441e+03 -2.392003593591393837e+03 2.052666039841050861e+03 -2.516322868954956903e+03 3.772502049914236977e+03 5.133511418345481616e+03 1.713029432046041165e+03 1.643663608952853610e+04 -2.328164593565207906e+04 -5.591206601450366725e+04 4.843004162574758811e+04 -1.023217144902201107e+04
-4.172608777330074372e+04 3.592787108181338408e+04 -2.631589073096554057e+04 -5.182943896914643119e+03 9.935539003638663189e+02 5.530777588356271508e+02 1.339592739222816363e+03 -4.163366728071254101e+02 4.274584175089833593e+02 1.217086125787295146e+02 1.725473623612460415e+03 -2.391533168208337656e+02 -6.293232401133772100e+02 -2.574458202210207673e+02 -6.068518586755963184e+01 -2.473325640224668973e+02 -2.793589445456337117e+01 -8.409503479282905118e+02 1.169198094499063814e+02 2.120647983586489863e+04
-4.602943147526719258e+04 -1.264689863789240917e+04 3.977983541881246310e+03 -4.699698354103414744e+01 -4.530022228453655089e+02 -1.513452401315360305e+02 -8.306502588745566754e+03 2.768450996686508006e+03 -2.053515310426852011e+03 -3.485854513877726276e+03 -5.982718044148910849e+03 -6.529510876289483349e+03 -1.815652155286429206e+03 -4.565033017427120285e+03 5.397040189435900174e+03 -3.505207940036319633e+04 -2.350753317250120745e+04 -1.858441280671967775e+02 -7.520672148716735137e+02 2.543486747477951155e+02
-3.974917303996800911e+04 2.992474114119260776e+04 7.071599825384917494e+04 2.119786576615697704e+05 2.921329843516815163e+04 2.260459814969441388e+06 -1.914860276708381571e+04 -1.197141876558182703e+05 3.777748173153723474e+05 -2.296517968083749874e+05 -1.297108764629842626e+05 6.304044928217919369e+04 5.534690031535938942e+03 -1.422523746465898002e+05 -6.509183787714028585e+04 -5.075145329514676996e+04 9.022648044844013930e+04 -1.260102463768135494e+05 5.543411406090674427e+04 7.031130045779574175e+03
-2.545862181443563532e+04 2.946121129238962021e+04 4.901425976583305601e+04 1.087734504310108750e+05 1.006213324891914272e+04 8.943766742476708023e+05 -1.463067858750081314e+03 9.282979355604611555e+03 -1.466938260051042307e+05 1.263118658921249735e+05 5.975380933323997306e+04 -4.158774548167531611e+04 2.074276142868785428e+03 1.447944120856907684e+05 1.118168908298760653e+05 -7.025506674345469946e+03 2.950772624784656273e+03 -1.737733792437275406e+04 -4.485560505348031438e+04 -3.093614711134914160e+03
-4.604627741940412670e+04 -1.259906075228155714e+04 4.576054832466073094e+03 1.937791861520115390e+03 4.289908033490660841e+02 1.602205318481283030e+04 -3.010843108189031682e+03 8.336419234093518753e+03 -3.707189018879443756e+04 1.345619431214451288e+04 2.521004675497531480e+03 -1.771540826357301512e+03 -5.522307809826711491e+02 -2.169653438903723509e+04 -2.672028257042165205e+04 -1.423384993807663477e+03 1.885098753698848668e+03 -5.605461733229213905e+02 4.342865661380819802e+03 9.581481931211824303e+02
-4.230074632648596162e+04 3.173283367173568331e+04 -1.181595865101451818e+04 7.022798172212296049e+04 3.528531896716216579e+03 7.898680008489934153e+03 -5.763680276387690355e+03 7.020235113786105649e+04 -8.040181862613800331e+04 -3.238103336256204420e+04 -8.247568561438926554e+04 2.313521132912283356e+05 -1.214324406624735100e+06 3.285774123662659258e+04 3.262960412621330761e+04 7.592509437942585464e+03 -2.003601040810386849e+03 -9.984261045926943552e+03 1.619860374059043897e+04 -3.105760709461279839e+04
-4.627611053621041356e+04 6.034906654102262837e+04 -8.473186873001799540e+03 2.071027740327303036e+03 -3.073974527378353287e+03 -3.823010655410377581e+02 -4.235875991717352008e+04 7.332694958498138476e+03 2.269344298109327610e+03 4.600853766221660408e+03 -8.617511950694251937e+03 -3.520539561755171235e+03 1.466209005714715374e+02 5.374697118270024703e+02 -8.273402268689739003e+01 1.552184565449343609e+03 -1.512079431442525674e+03 -1.542763234967718745e+03 3.912456976431406588e+02 1.929522496039055795e+03
-8.194220698047192855e+03 2.406065544960342231e+04 1.731331635116395046e+04 -4.544449584635667634e+03 -8.458717066425413122e+02 -1.087742894717984967e+02 -2.017150864254143471e+03 2.170221855613367552e+03 8.147939775451820879e+02 1.497277581505152511e+03 -3.408805682133193386e+03 -2.284201745590765711e+02 1.180472176352362936e+02 8.352943004951858939e+02 -6.137014718109730893e+02 1.424286288423480755e+02 1.493892751587585224e+02 7.452208571885051924e+01 5.283449530546263162e+01 9.879954463056100167e+01
-6.001253117361063050e+04 7.929909149808469010e+03 -1.878176357452109733e+04 3.455020619900953170e+04 -3.027872976674255824e+03 -3.076862453435268435e+03 -1.441330363121000573e+03 1.421284965096140695e+04 5.384157428793067083e+03 -3.899134695351623122e+03 5.359553875194087595e+03 -1.182875075566590203e+04 -7.971233485905679572e+02 3.372527201176507788e+03 -2.940266320105270097e+03 -1.374654910120873865e+03 3.343399081350430606e+03 -1.623819983484378326e+03 5.781313271765799300e+02 9.987122724658214565e+02
-1.933689002574514961e+04 1.303668230204340580e+04 1.438157046921519759e+04 4.554063579988439415e+03 -1.216775929629324764e+03 -7.611075115376183930e+02 -1.120362105686519135e+04 7.274744221651525550e+03 2.562231441748785983e+03 -1.240842761369230402e+03 -1.059094298938696511e+03 -1.477547908577476665e+04 -1.746956353539343127e+03 -3.234353647846433887e+03 1.365011783941892418e+03 -9.130826127928514325e+03 1.335377531090180491e+04 5.291362611565250518e+03 1.747584127288010222e+03 -6.786814049546512706e+02
-4.589368464421355748e+04 -1.203300022316408649e+04 6.078931012906599790e+03 6.449570804826877065e+03 6.258107180087364395e+04 -1.690336489392045905e+03 -2.466131763986878923e+03 -5.761857160954552910e+02 2.130652173283454331e+01 -9.065215702016051864e+02 -4.412910171075057519e+02 3.337734950169694912e+02 -1.240196484897655580e+02 5.811739553175121955e+02 -3.358678130788852627e+02 1.142204032571900001e+02 8.788563715340113447e+01 3.897369094780199106e+01 5.515875041685844735e+02 4.181866744270756158e+02
-4.103248708946325678e+03 1.767976755272087030e+04 2.548323476408761780e+04 -2.973002090536966534e+03 -1.526747823980135081e+03 -4.735413694760564454e+02 -1.134890282850505173e+03 5.352779377679634081e+02 5.762964255547351513e+02 -7.494222689185208992e+02 1.224888720933644436e+03 1.092080578955896272e+03 1.136214941384365318e+02 1.336703071272350371e+03 -9.617327931320957077e+02 2.704217969429994923e+02 5.850853758562392670e+01 -1.649411738448357312e+02 2.715259610258419798e+02 3.045763724140503541e+02
-2.188720638574317491e+04 1.059241400413203337e+04 2.038235173054236293e+04 1.070193685679009832e+03 2.980372296831243375e+02 5.426398347164041297e+03 9.807530587024212991e+02 1.513648240063977391e+04 -3.310712545823999244e+04 6.404356264205569460e+03 6.070649570346965447e+03 2.212927586896738649e+04 2.720696677117902254e+03 -7.061930946635433065e+04 -1.077249770298189287e+04 -2.974411617955129623e+04 3.031431920450131656e+04 8.639082772654804285e+04 2.669608991490132757e+05 4.358330732482957046e+02
-2.137213596350454827e+04 1.434055228146244008e+04 1.476456254362839172e+04 1.126548761779903907e+04 -1.948183813580521246e+03 -1.431863671215714930e+03 -5.275717346512244603e+02 5.556192795282508087e+03 1.433041475937594896e+03 -8.190332322017443403e+03 1.575385329018027369e+04 -2.548109310530726816e+03 -6.595081172654937518e+02 5.407564816114265795e+02 -9.401754188560774992e+02 -1.944364932389265732e+03 1.622344232837469008e+03 -3.810660594829849970e+02 7.036770945543823927e+02 -5.779641449694992161e+02
3.746973160122689023e+03 2.652317954581521553e+04 2.346029159606683606e+04 -6.646511466511172330e+03 -4.183702214710055159e+03 -1.169805102144090228e+02 -7.641903516135503014e+04 4.097604150077600934e+03 1.974543662456343782e+03 7.117420238977972986e+03 -1.312492838026994832e+04 -3.537538239449903358e+03 1.718887399583472870e+02 1.194608219258948338e+03 -1.170364369711317778e+02 5.174013177668914977e+03 3.447529355432905959e+03 8.582267939536390031e+02 -1.714933119850373942e+03 -9.714949353375648116e+02
-2.542813170292925861e+04 5.264018979236548330e+04 -2.684643253146652569e+03 -9.911907657220450346e+03 -1.291064361691763906e+03 2.047457121349256397e+02 -9.121852810924090591e+03 -2.570785223356513143e+03 4.101198027127091450e+02 -2.701488355824575933e+02 2.817228821868909108e+03 2.740472598578631278e+03 1.865226062682626491e+02 1.661482182563574497e+03 -1.335984560740017969e+03 8.615797151775141174e+02 -6.013537733767735745e+02 -5.997160140493637073e+02 1.386853127196532398e+02 6.960461073427655947e+02
-1.423828372215167656e+04 1.409590672872406685e+04 1.408428071616796115e+04 -7.679053828622171523e+02 -2.210330469290959741e+02 1.732244198486118592e+02 -5.999443460910542854e+03 4.306286569356055224e+03 -1.364396605069798716e+04 -1.857952055582026878e+04 -1.213375479255498794e+04 -6.315391667682992193e+03 7.759296102347043416e+02 2.882691228615047294e+03 4.898185859918228743e+03 1.498362356131357046e+03 1.731465128380570377e+03 -7.289650371661743975e+02 -4.228817069652870373e+02 -3.928993041912169247e+03
-3.816773084077448402e+03 1.325244560543899206e+04 2.008393688225129154e+04 -2.484150326305780254e+03 -8.525450580901157309e+02 -2.906331438550827784e+02 3.042276442149193372e+03 1.421548519180992798e+03 7.240855194586712287e+02 7.932004387116983253e+02 -2.096682701714529230e+03 -4.854860610424686342e+02 -2.125075620968881918e+00 9.267508611017211706e+02 -7.926967673272082493e+02 2.071561648032289327e+01 2.128490664983012550e+02 2.433658368733600597e+01 2.945730993216446691e+01 1.043829794141186653e+02
