-1.047540962402610057e+04 1.058396366280642724e+04 1.574398683349009116e+04 2.314403551202580729e+03 -6.991487255109361740e+02 5.026641842797213400e+01 8.182075549352861117e+02 4.218727362645270659e+03 2.878483222151446626e+02 -5.189497955728400029e+02 6.565659228003961516e+02 -5.283745378489212271e+03 -9.481550737312821866e+02 -1.463241235951348790e+04 1.222338181807455476e+04 3.550716232247244079e+03 -7.834031575096121287e+02 2.370754182124423082e+01 1.055519240324633529e+03 2.792809272751044318e+02
2.097419902786739476e+04 -3.083697321601172007e+03 -3.383875352598107384e+03 -4.293216002409492944e+02 1.626586774789695653e+02 9.530575435908558291e+01 -9.629682673328385079e+01 2.136156734256109360e+02 5.136161755943629004e+00 -4.407681394134854713e+01 1.117860145661587410e+02 3.971886072511723142e+01 3.996299049921383517e+00 7.562713929549594205e+00 -7.726961795625690854e+00 8.521296745363265757e+00 -3.264059805746827436e+01 -2.454501937651491517e+01 5.388054685657520437e+00 1.564649661220186116e+00
-4.937436794480633398e+04 -1.552693004182296863e+04 1.429171102151694868e+02 -1.206170257226665854e+03 -5.596121932834568469e+01 7.454765285873763503e+01 -3.968483065668937115e+02 -4.309849629902060997e+00 2.794592319419159594e+02 3.841268738092000490e+02 -7.032768072979257212e+00 2.593541786995670577e+02 5.507947543916946387e+01 9.356699419327880207e+01 -6.267319030214885345e+01 1.085637538256378321e+02 5.747928943941859714e+00 9.159481776473558057e+01 -1.202387676127346516e+01 -6.522732150103696540e+02
-4.262801097669264709e+04 3.583433048501730809e+04 -2.623190087243747621e+04 -5.083386526858254001e+03 9.105128947342540187e+02 4.958710069743393660e+02 1.724989244803396787e+03 -2.203016379186015001e+03 3.111020540911226249e+02 8.482544595946608297e+02 1.116572051442723705e+03 -9.716514366113617029e+01 -1.502149201160361258e+02 -5.296404295481522695e+02 7.830350147430358732e+00 1.389389307543159191e+02 -3.299904710476321839e+02 -7.303490463579811376e+01 -1.414091079719445361e+02 -7.901833610355615747e+02
-3.157531539153028007e+03 1.105740229592052310e+04 1.768336970175791066e+04 -2.067038357802732662e+03 -7.237234620381606192e+02 -2.644903456157650794e+02 4.584546207074996346e+03 1.184889706953975065e+03 6.666865985596930386e+02 8.778006070328151509e+02 -2.266933965922998595e+03 -5.999422560815656880e+02 -4.347683633350015953e+00 9.881636629240865659e+02 -8.352030278763701290e+02 -2.554217478022378174e+01 2.302195641929298802e+02 9.747348012443779908e+01 -7.220166656930831550e+01 9.258807327112099017e+01
-1.256253371117222378e+04 8.023584783411220087e+03 -2.085815160975152196e+02 4.169271810241926141e+04 -4.780276649684998119e+03 -3.660545768193121603e+03 -3.001080040318378792e+02 2.959925888175785985e+03 1.599940548066249221e+03 5.268467193403408828e+02 -1.902017107892482727e+03 -2.131040904717095600e+03 3.554771751407475904e+02 1.371518462408118012e+03 -1.137846001105201140e+03 1.857311484585780590e+03 -2.151116924018465852e+03 -1.430203678333716653e+03 -6.909216367616261323e+01 1.534201154868569574e+02
-1.564355983570646094e+04 1.496367155917337186e+04 2.631165070204524818e+04 1.987639072310277697e+04 1.561801382140241330e+05 -4.760896366825929363e+03 -2.814447542370116935e+03 -2.035990779051772051e+03 2.210698847589649176e+03 7.355419693436566320e+01 1.551070557085980397e+02 2.806271999756807531e+02 2.147695056928539259e+02 5.361499959696120641e+02 3.263696444539818913e+02 6.141728302079204127e+01 -7.513263839520793397e+01 -6.962685523155779777e+01 -2.316930357851312010e+02 -9.199806952990886799e+00
5.659227985239033842e+03 2.187818733712084577e+04 2.374132739608874545e+04 -3.799170105932422757e+03 -3.951076889523363207e+03 -6.171903222613005937e+02 -5.882536493287371559e+04 -2.212896797573590959e+02 9.700811061637369903e+02 1.424127262636820888e+03 -1.689831473744832010e+03 1.020261078278751711e+03 3.900264246790026164e+02 1.986756270221972045e+03 -3.945502013580623384e+02 5.150639845621563836e+03 3.203103627222244540e+03 5.513026841400559306e+02 -1.024370471594602805e+03 -5.099199297691419588e+02
8.607968134835761020e+02 6.794600586633528110e+03 1.057793393480731174e+04 1.423097302635929555e+04 -3.237177341889811942e+03 -2.383922391935113410e+03 3.907105971659501620e+02 -2.402999715602511787e+04 -3.792000012058381799e+03 8.745023164545428926e+02 -1.723775957078489455e+03 2.312996610213223903e+03 -9.105550290726307949e+00 -1.018375956574148859e+03 1.242365764382283260e+03 -9.323158656398049970e+02 1.247909768223287756e+03 2.594925767509794241e+02 1.015565775042770156e+02 3.180695949833412215e+03
-2.436483802557143281e+04 3.267222865612317037e+04 5.467944334848033031e+04 1.238246704467445234e+05 1.038165300575338370e+04 1.018446762935484410e+06 2.280250249014073688e+03 2.519107005407495308e+03 -1.155913174114106660e+05 1.060326528952555527e+05 5.682785977506061317e+04 -3.723477255232878815e+04 1.025845527575877213e+03 1.409752744410783635e+05 1.026381412046951154e+05 1.205873104956819816e+03 -1.100631420144206277e+04 2.008147975374210091e+03 -5.913037358805485565e+04 -4.723609915800651834e+03
-8.929533039435804312e+03 1.674698838436343431e+04 2.577711438647713294e+04 6.108653480344949003e+02 -2.040741961865084932e+03 -7.519458916385754037e+02 -3.325907793465213672e+03 -5.045512377380263160e+02 -9.427103859398039276e+02 -8.867927838523921309e+03 1.807287668434618172e+04 5.866092479043971252e+03 3.452299748580001051e+02 5.017658969038981240e+02 -3.391882310876924862e+02 -7.506042507538856512e+01 -1.590985191659634211e+03 -5.296910416394505319e+02 8.300961886183634988e+02 -7.082338388317555200e+02
-4.187077869408140032e+03 3.741536743212996953e+03 6.098205913893766592e+03 8.682521771347745016e+03 -1.808109533523670279e+03 -1.331053217585705625e+03 1.756312843920074329e+03 -8.822721268668870835e+03 -7.077124976476829943e+02 1.511093782914967960e+03 -2.092145706054778657e+03 2.919340997689120698e+01 -7.296685312099658205e+00 -2.570128564855297668e+02 1.478678893865742339e+02 1.610119060027615134e+01 -1.826129694452077068e+00 1.567176151804258666e+02 -7.858589169499434490e+01 -1.154778233843778708e+03
-2.463817454508148512e+04 4.781465727751886880e+04 -9.055666565754532712e+03 -9.703178781009466547e+03 -2.419703893825808620e+02 5.210985732546268991e+02 -3.955277904708575079e+03 -1.072132534166132700e+02 8.780772457425765651e+02 2.816291036087860903e+03 -3.844014858267390082e+03 -2.812060590818454102e+02 -9.746811102020714657e+00 7.465324586721723108e+02 -9.328999722474064811e+02 5.235020229520656585e+02 -3.643369234487994390e+02 -3.403525617774266152e+02 -1.146064029906664246e+02 3.518648411765180413e+02
-3.390361032988087391e+04 7.461490853905177210e+04 1.565464070198635163e+05 6.688038500037605409e+05 9.269461209923577553e+04 7.429178814210163429e+06 -7.226347487304396054e+04 -6.452495208701075753e+05 2.697222315995696001e+06 -1.839428319571936736e+06 -9.099011106334049255e+05 4.952719504703676794e+05 -1.449154183666315657e+04 -1.352397542225514771e+06 -1.006791201424730825e+06 1.677897437323605482e+04 5.029670213864884863e+04 3.157114726211919697e+04 3.748489633779013529e+05 3.634773474928404903e+04
-4.142454675950141973e+04 3.523850570149485429e+04 -2.515506530893177114e+04 -4.466433699781152427e+03 3.209028064838177670e+03 1.699567357136364990e+03 1.763476369302904004e+03 4.092785316881571816e+03 -4.750326482840349490e+04 -6.440203181907714315e+04 -2.928720186911208657e+04 -7.725173647918447386e+03 3.226093495274218185e+03 8.890972319773056370e+03 5.042511881140103469e+03 6.726269444693120931e+03 6.023368736693599885e+02 -1.096511664455956407e+03 -5.759330611979779860e+03 -1.424599122030882199e+03
-3.944377108202608360e+04 3.949078443636214070e+04 -2.750550382626597639e+04 2.536561015429141844e+04 -1.977315656291204050e+03 -1.578325331629896709e+03 1.104133101070492103e+03 1.982762219289893255e+04 5.224761430702181997e+02 1.367228558770497330e+03 -5.841793419113288110e+03 2.994949946462574007e+04 7.756367620808621723e+03 9.104095345032912974e+02 9.845551713352677325e+03 -2.766468624348366120e+03 1.492557737120421052e+03 6.763851010567154844e+03 3.634096617084135687e+03 -1.274509977283783684e+02
-1.611011649114116335e+04 1.156344744671072294e+04 1.573883681674665422e+04 5.844089188313693739e+03 2.323359685998670798e+01 1.650917267783829448e+04 -4.069901790475802954e+03 1.036528042166967498e+04 -3.732503453397876729e+04 1.406149692587713798e+04 1.716117464456627204e+03 -1.463227672067158665e+03 -5.607394662528333811e+02 -2.285596015304124012e+04 -2.648471317864620141e+04 -1.272839499655935697e+03 1.305152916366321051e+03 -5.648928353904715038e+01 3.850664711297871236e+03 4.157000003773739536e+02
-9.045574359854301292e+03 2.509472781560665226e+03 6.052602049672833573e+02 8.564211321167173082e+03 -5.749691222825022123e+02 -1.042737895624301245e+03 -5.479558260491887722e+02 2.337874444150977070e+03 2.716819043223619701e+03 -5.838273971440329660e+03 9.895888114277091518e+03 -2.375673958914054310e+04 -4.361648984331934116e+03 -3.282483414749741769e+03 -9.360360308197102768e+02 -2.595746211705441965e+04 3.979367801747012709e+04 2.336766508746086038e+04 -3.981866910769650985e+03 -2.856470254596074483e+03
-3.937153958005669847e+04 9.400567375560967776e+03 2.847170868239002084e+04 -7.704187854615644937e+03 -4.774978464673319650e+03 6.019810164568498294e+02 -9.283654984462929133e+04 9.804378563949621821e+03 -1.180067871268931231e+04 -9.444628457886306933e+03 -3.087097540681488681e+04 -2.959314100704528391e+04 -1.036357618702884065e+04 -4.091347559392799303e+04 4.181658393500300735e+04 -5.402395853004804812e+05 -4.130519698641551659e+05 -2.224136468164364123e+04 -2.088010960122931283e+04 2.494672799212529571e+04
-5.584597234423497866e+04 3.971218082757548109e+04 -3.498620526657503069e+04 3.029196228650032208e+04 -2.263786443086051349e+03 -2.659878850834938021e+03 -1.272950371229961348e+02 1.204214522716968349e+04 5.563604449710977860e+03 -3.027645689979105100e+03 6.295876260732351511e+03 -1.185376181392798389e+04 -1.016841807559728750e+03 2.682427307248196939e+03 -2.834374039321523469e+03 -1.402613224006634709e+03 3.098521990487379298e+03 -1.622663264325983391e+03 5.212694106265340679e+02 7.721538205894676139e+02
-1.565431860897010483e+04 1.021999815884061354e+04 1.179740651223027089e+04 2.346213713229607038e+03 -1.086107606658901659e+03 -5.599716063191060584e+02 -1.399614024867304943e+04 2.952116945742137887e+03 -1.992692129882281279e+03 -2.888164469709504374e+03 -7.301874075604533573e+03 -7.402089494802118679e+03 -1.869880277507741766e+03 -5.547891574685118030e+03 6.114283808092419349e+03 -3.519455290090428025e+04 -2.378787923844265242e+04 -1.162953781752269862e+02 -6.242019605014399986e+02 -2.981934544794704038e+02
-2.081303823523509345e+04 1.817157416201244632e+04 2.201060758109214294e+04 4.077177566681605822e+04 8.554490850500491433e+03 4.733763754826345394e+04 -3.403484791888218751e+03 4.652069384642329533e+04 -1.432079830899474618e+05 7.464975937167488155e+04 2.615881343345425194e+04 2.465849558045705999e+04 -3.992497341237764431e+03 -1.201239800959516870e+05 -1.277858689853067335e+05 1.798070703808469261e+04 -2.675841434647992355e+04 3.179403125142637145e+04 -8.951835829721749178e+04 -2.500594444517755619e+03
-4.845963014898239635e+04 -1.541570544048269221e+04 9.484239234665997742e+01 -1.433326655135140300e+03 3.801555477882268264e+01 1.424529441474404337e+02 -7.656487647675451171e+02 1.711225375156304835e+03 3.725176719076166592e+02 -3.168186584693014538e+02 5.590535728672610958e+02 1.677176792397174836e+02 -4.114007897165317331e+02 3.639853548981849940e+02 -1.299490310205508479e+02 -2.736757961005951074e+02 2.945139405312568215e+02 -6.726279036900567689e+02 2.380974075089480948e+02 2.133488693548829906e+04
-4.332376167140884354e+04 4.873417784566304908e+04 -1.491819379816078981e+04 1.183625997982947010e+05 3.774330498322490166e+04 3.272267325405126940e+03 -6.657788197464812583e+03 1.238686921783806029e+05 -1.073264803249460820e+05 -3.239254324847713360e+04 -1.485637644755731453e+05 4.946661070626931614e+05 -2.562450987102032639e+06 7.993945496745551645e+04 8.424003479697836156e+04 3.541244295918357238e+04 9.498511284400306977e+03 -2.362886442389662261e+04 3.937337699184878875e+04 -6.968172246985540551e+04
-4.367559078011572637e+03 1.784339671316300155e+04 2.458720511237772007e+04 -3.088512838029884279e+03 -1.429511606338995762e+03 -4.287986670593959388e+02 -1.011859911206096967e+03 7.775287409802245975e+02 6.202292610967135715e+02 -4.084797462053240338e+02 5.088709921891741033e+02 7.932079049951261140e+02 9.624946168215578268e+01 1.250037251276827647e+03 -9.236773391019388555e+02 2.441993761332354893e+02 7.681572067265379644e+01 -1.363621704799148517e+02 2.329094057534395574e+02 2.681508543216258431e+02
-7.243859777403077715e+03 1.669080262827155093e+04 2.598541368485004205e+04 1.361298952021678997e+04 7.364666430159324591e+03 1.399129932407291781e+05 1.134473870154196902e+03 1.053197447510243364e+04 -8.365420321534336836e+04 7.050647850597908837e+04 2.825868233850336401e+04 -3.006308806274438393e+04 8.138264953502846311e+02 7.396074165451215231e+04 7.239677663193075568e+04 8.855395008302594988e+02 1.073180536385832738e+03 -5.892674291678176814e+03 -9.367446865460236950e+03 9.127502026492441018e+02
-2.014504633504053345e+04 1.062716118458732308e+04 2.187704603092172329e+04 -4.004992194874646572e+01 3.034039012240794364e+03 1.463018706878956800e+04 6.418620641592956417e+02 1.249289990751801270e+04 -3.150278965936684835e+04 1.978632355256641677e+04 6.865371924112107536e+02 1.736591445204674164e+04 5.441890239574639963e+03 -2.966854747822355421e+04 8.864651243631264151e+03 -4.525492308549598965e+04 7.173357789663573203e+04 -1.147044286590801348e+05 -2.054939385332366146e+04 -1.202087136806821718e+03
-4.652826525879964174e+04 1.213875997741946594e+04 -1.497227857815345851e+04 1.345709557168084029e+04 4.471887188175831511e+02 -1.185010782554809055e+02 -7.630248442538734253e+02 1.633801164408109616e+04 -9.797532356457282731e+03 -1.053902465531745111e+04 -9.656823082100312604e+03 4.630159880680537754e+04 -3.338072353093387792e+05 1.376737695154908943e+04 9.763020230155527315e+03 -2.857343737577645015e+02 1.230069856274206904e+04 -3.988842011714606087e+03 1.011427503527930457e+04 8.122767063450439764e+02
-3.440633898858169414e+04 4.370198342291024892e+04 -1.064626052042681113e+04 3.781222159796579217e+04 -3.326659294419986054e+03 5.603304692726536587e+02 3.541708984687491011e+03 5.068770063791319990e+04 -1.773276820685792336e+04 6.487542251296728864e+03 -3.752926779266453377e+04 1.513532630094628839e+05 3.164126970761189295e+04 -1.271252573740497246e+04 5.780358427184413449e+04 -5.371757076918907114e+04 6.656483194680087036e+04 3.143571401094579778e+04 4.536901748569896881e+03 -3.864308359341386677e+03
-1.636851717304193517e+04 1.728942415423864804e+04 3.224792621828879419e+04 2.771376774574428055e+04 2.276027846861450817e+05 -6.255865905553475386e+03 -4.610109421843749260e+03 -3.952452618400744996e+03 3.079693138582955271e+03 1.882323596433156354e+03 5.896456073421541078e+02 1.000477920767474188e+03 5.906599660826659601e+02 1.041626326162026999e+03 2.292670610692280206e+02 3.540969348057055868e+02 -4.171918047586399894e+02 6.189766868102037023e+01 -1.515398091157969247e+03 1.104779161043364581e+02
-4.839840400668756047e+04 -1.513266195375624375e+04 6.408219579032250977e+02 -1.251725647349976271e+03 2.194166035563472121e+02 2.805219713514504747e+02 -9.250126502410317926e+02 2.884512938997518631e+03 -1.591349281771031565e+04 -2.506059589159485040e+04 -1.209161766511730639e+04 -3.701931948012017074e+03 1.061754268853506119e+03 5.791281251600206815e+03 3.362955267375228232e+03 4.700431689336659474e+03 9.601660253329037005e+02 -8.868034281148367199e+02 -4.769510833595014446e+03 2.737195772562338334e+02
-3.770983126473466837e+04 5.487385780222576614e+03 1.397230955163091676e+04 2.078126879706950422e+04 7.888132223667610560e+03 5.041418500662119914e+04 -7.442846384545428009e+02 4.519229222614926402e+04 -1.758634299516984902e+05 8.380269460526382318e+04 2.220801421463676525e+04 2.007865925857896218e+04 1.205491776937907707e+04 -3.255078927226952510e+05 -2.339856602635043964e+05 -4.201601559623531066e+05 7.102285857723297086e+05 -2.104463607909047045e+06 -2.177633794808288221e+05 5.090580878107423814e+03
-1.088619993337641972e+04 1.317526386142097545e+04 2.117236603755645046e+04 4.041711014244254329e+03 -5.259441840792405856e+02 6.075108892591437325e+03 3.246665308080390787e+03 1.386471470263610172e+04 -1.657775357397400148e+04 1.271832615328546672e+04 8.999109552614088898e+03 -3.711002903894228075e+04 -5.679937055062570835e+03 -1.089361498368091852e+05 1.247252232001722587e+05 5.592142791276630305e+04 -1.657627994533282981e+04 7.314047632459646593e+03 -4.732871350326957327e+03 1.832988135824755227e+04
-2.643763552898166745e+04 3.733526593055090052e+04 6.763889405942482699e+04 1.420863090887261205e+05 4.313969502724552149e+04 1.271015833814267302e+06 -1.308669935687625548e+04 9.499174306960003742e+04 -1.141569845409028232e+06 9.370813689726606244e+05 4.408323173746695393e+05 -4.719446091059840401e+05 1.800154699702349899e+04 1.400029016413799254e+06 1.067892005748613970e+06 -4.399176234783912514e+04 -1.709472291622325429e+04 1.811669281306827033e+05 1.144675960023254156e+06 7.039145206546309055e+04
-4.671644323815371172e+04 -8.833421144162351993e+03 -1.316056677328759406e+03 2.173438275559758767e+04 -2.098462895800228125e+03 -2.010084638459700500e+03 -3.622622482187003243e+03 1.541245215691824160e+04 5.479739826316340441e+03 -2.392003593591393837e+03 2.052666039841050406e+03 -2.516322868954956903e+03 3.772502049914236977e+03 5.133511418345481616e+03 1.713029432046041165e+03 1.643663608952853610e+04 -2.328164593565207542e+04 -5.591206601450366725e+04 4.843004162574758084e+04 -1.023217144902201107e+04
-1.335784412477532533e+04 5.392653224570922248e+03 2.971616937562581825e+03 1.905387220489508400e+04 -2.967550780421677246e+03 -2.583561633666754005e+03 7.440411009900009276e+02 -2.025390919334139471e+04 -1.802770929451634174e+03 4.385586316204737159e+03 -5.493329614280697569e+03 -1.757388606066574312e+03 4.256477700449543704e+02 -5.472627718535204622e+03 5.260608814052413436e+03 2.075946158333256335e+03 -5.314070374452280703e+03 -3.959156515725744157e+03 6.026868224275362081e+03 -8.006412039263304905e+04
-3.885188543786621449e+04 3.614554735393063311e+04 -1.928431437533532517e+04 -1.280410324934098298e+02 3.362278403425074430e+03 1.755579447067759975e+04 -2.080799369136946098e+03 1.022364857648575708e+04 -6.862281947477857466e+04 -2.563567161726558334e+04 -1.514341436542061820e+04 -5.569973965455727011e+03 1.649428191045172753e+03 -1.870035693211021862e+04 -2.507868034628783062e+04 7.861500935109967259e+02 1.263293472028774886e+03 -7.942321736600965778e+02 3.267838858233412793e+03 -7.707681745238853637e+02
-8.270169799804800277e+03 1.212581092014420574e+04 1.945170716741680735e+04 6.787621947510168638e+02 -9.824618111571876398e+02 -4.177214800174797915e+02 1.470067272137281407e+03 2.025481705193299831e+03 -4.757603257360111115e+02 -5.675217494062478181e+03 1.121822423114868070e+04 2.790229427057460271e+03 1.469394539187410089e+02 -4.457414479524791204e+02 6.344111212172724379e+01 -4.132625713464422574e+02 -1.351391432776815918e+03 -2.583375546829189489e+02 5.576062899420788881e+02 -1.060655074324513635e+03
-2.443166923366604533e+04 2.608771228623114075e+04 1.613150960295272489e+04 2.773704619716450179e+04 4.015963651985818433e+04 1.668528277865305427e+05 -1.566606370718793187e+04 4.664127928649932437e+04 -3.802824911001723376e+05 9.792438796767604072e+04 8.995241697526984353e+03 -5.813300473149523168e+04 9.522674616061452980e+03 -8.423907765248793294e+04 -2.132098550831737812e+05 -3.693415054217197758e+04 4.819360050351703831e+04 8.628121650936923106e+04 6.915107675004622433e+05 2.323641467607781306e+04
-2.188720638574317491e+04 1.059241400413203337e+04 2.038235173054235929e+04 1.070193685679010059e+03 2.980372296831243375e+02 5.426398347164042207e+03 9.807530587024210718e+02 1.513648240063977028e+04 -3.310712545823998516e+04 6.404356264205570369e+03 6.070649570346965447e+03 2.212927586896738649e+04 2.720696677117901345e+03 -7.061930946635433065e+04 -1.077249770298189105e+04 -2.974411617955129259e+04 3.031431920450131292e+04 8.639082772654805740e+04 2.669608991490132175e+05 4.358330732482956478e+02
-4.172608777330074372e+04 3.592787108181338408e+04 -2.631589073096553693e+04 -5.182943896914643119e+03 9.935539003638663189e+02 5.530777588356271508e+02 1.339592739222815908e+03 -4.163366728071254101e+02 4.274584175089832456e+02 1.217086125787295003e+02 1.725473623612460415e+03 -2.391533168208337088e+02 -6.293232401133772100e+02 -2.574458202210207673e+02 -6.068518586755962474e+01 -2.473325640224668405e+02 -2.793589445456336762e+01 -8.409503479282905118e+02 1.169198094499063814e+02 2.120647983586489499e+04
-6.118336392702911326e+03 1.452206687512630378e+04 2.340050961585958066e+04 1.199350341036895998e+03 -1.123241511912966871e+03 2.269370024592397385e+04 5.795489780464055002e+03 3.888810507206580951e+03 -1.023432068559430627e+04 6.493218951238087357e+03 1.208137926587759466e+04 -1.161099909373802802e+03 -9.477187574415287941e+01 8.841339043272517301e+03 3.430627229176386209e+03 2.299591145979504290e+03 -5.724401449383264662e+03 5.060910923070791796e+03 -2.027118132546699781e+04 -2.315717861225049091e+03
3.568686805441789147e+03 8.226186184538997622e+03 1.027001831616522759e+04 -7.128402453973484398e+01 -1.799509007368614220e+03 -4.889053268559789558e+02 -3.562269532211385376e+04 3.643899400598029388e+02 9.313926319640718248e+02 2.163153768362820301e+03 -3.757401147190210850e+03 -8.895335749003706951e+02 1.637573472001225241e+02 7.712445142146626722e+02 2.031103742567457289e+02 4.360658520475205478e+03 3.407995083767823871e+03 8.442012785967469881e+02 -9.393537117838571930e+02 -1.318884266819133245e+03
-4.143194439734111074e+04 4.484228981908001879e+04 -2.858539044520583775e+04 7.259260333068377804e+04 -7.064001523544519841e+03 2.771969462974639100e+02 7.208525684075864319e+02 3.906729044659725332e+04 -5.385709631857901513e+03 1.048470285050104212e+04 -1.759744032777686880e+04 5.207129716938638740e+04 6.499521134707255442e+03 8.182937939878567022e+02 4.915421920691188461e+03 2.402189762005840294e+03 -5.040236734664472351e+03 1.307832762866300436e+04 -4.256148820583467568e+03 9.697312495868145561e+02
-2.426091936731514943e+04 2.694714427095974315e+04 3.667572126514651700e+03 1.044606899719618741e+04 2.913220854107990817e+04 5.306778203106479486e+04 -4.594949134260181381e+03 1.867452406596786750e+04 -1.378775680242416274e+05 1.558192104766846023e+04 -6.290820204573907176e+03 -1.329812095294551364e+04 3.729025513047743516e+03 -4.820284070918577345e+04 -8.729026335838045634e+04 -1.137769096384951627e+04 1.580632494886757195e+04 2.600998357425364884e+04 2.095865324660608021e+05 6.383567378700518930e+03
-2.526453035560741046e+04 4.444472669138550555e+04 7.377008612880375586e+04 1.667412331157379376e+05 1.493705606932060800e+04 1.466414314343673410e+06 -2.802717923809582771e+03 -2.346521660321276795e+04 -9.237804425527285275e+03 3.232638898700807113e+04 2.991672128163318848e+04 -1.749737816649088927e+04 4.957015334456363576e+02 9.101359860904086963e+04 5.358278815693398064e+04 5.187350187974319851e+03 -1.797233859911886975e+04 1.889587042832405132e+04 -4.458338193041580962e+04 -5.903833228715079713e+03
-1.395439103052678547e+04 9.251228678554505677e+03 -8.708046063619643746e+02 5.208985785447825765e+04 -5.877245320318664199e+03 -3.423184236729448457e+03 -4.494245343341065677e+02 7.196188101524079684e+03 7.163657944097194559e+02 2.129877911891859185e+03 -3.879301753783056938e+03 1.541716854817947024e+03 5.659734659742839824e+01 1.482913310382964937e+03 -2.211755542089659684e+03 2.728813252448871026e+03 -3.185175730063134779e+03 -3.086133150773665648e+02 -1.573400021417529615e+03 3.529972655723901767e+02
-4.589368464421355748e+04 -1.203300022316408831e+04 6.078931012906598880e+03 6.449570804826876156e+03 6.258107180087364395e+04 -1.690336489392045905e+03 -2.466131763986879832e+03 -5.761857160954552910e+02 2.130652173283454331e+01 -9.065215702016051864e+02 -4.412910171075057519e+02 3.337734950169693775e+02 -1.240196484897655580e+02 5.811739553175121955e+02 -3.358678130788852627e+02 1.142204032571900001e+02 8.788563715340114868e+01 3.897369094780199106e+01 5.515875041685843598e+02 4.181866744270756726e+02
-3.965156719879746379e+04 3.576614579749217228e+04 -2.193313380705346935e+04 -1.802622659447858950e+03 8.855008052642306211e+03 1.086648905965062113e+03 7.783776887631887575e+02 2.283699215877210463e+03 -3.135938269954235147e+04 -4.032950169511275453e+04 -1.615878756404743763e+04 -4.216769438684330453e+03 2.034216691151729492e+03 3.087814015502743587e+03 1.942263137176265673e+03 -1.086929719989518617e+03 -2.743131086165540637e+03 -3.379873005685267344e+02 -9.957954475506762719e+02 -1.750608469457811907e+03
-3.698201325673684096e+03 1.500792096208651856e+04 2.184729469659626920e+04 -2.972159080029546658e+03 -9.460941531626305050e+02 -2.775606327170465306e+02 1.829231064538696046e+03 2.011620589571676192e+03 8.570134127515057116e+02 1.119582999655865024e+03 -2.798840268679080054e+03 -7.284505081021749220e+02 -7.241511683792772658e+00 7.800054124715222770e+02 -7.196156128669165355e+02 5.174758301618592782e+01 2.088179329594713352e+02 1.866791421295697750e+00 9.821075589173932485e+01 8.059676461528535185e+01
-2.355501195781554270e+04 2.426984973255989462e+04 3.045530167303907729e+04 5.912451571240434714e+04 8.350890648660182705e+03 8.631646067246637540e+04 -1.990197281742230189e+03 7.837111987679243612e+04 -2.531767388323282066e+05 1.347787085001167434e+05 5.998019736836874654e+04 4.462488080936217739e+04 -7.427769283151555101e+03 -2.174164048649182951e+05 -2.326986299964478821e+05 3.998201027050674747e+04 -6.119156957917978434e+04 7.300509332303369592e+04 -1.949312601985632209e+05 -7.287238835909098270e+03
-4.604627741940411943e+04 -1.259906075228155714e+04 4.576054832466073094e+03 1.937791861520115390e+03 4.289908033490660273e+02 1.602205318481283211e+04 -3.010843108189032137e+03 8.336419234093516934e+03 -3.707189018879443756e+04 1.345619431214451470e+04 2.521004675497531935e+03 -1.771540826357301285e+03 -5.522307809826711491e+02 -2.169653438903723509e+04 -2.672028257042165205e+04 -1.423384993807663477e+03 1.885098753698848668e+03 -5.605461733229212768e+02 4.342865661380818892e+03 9.581481931211825440e+02
-2.637712611841231774e+04 2.065625059015233273e+04 3.664486018374177365e+04 7.097488150192667672e+04 1.086010801310856550e+04 5.824391011195352767e+05 -4.207841628757556464e+03 2.804286897510346535e+04 -2.356633194334594882e+05 1.816823048237577023e+05 7.691725598730356432e+04 -5.494390801185927558e+04 3.561546630937215468e+03 1.539390266527822823e+05 1.229623948299429903e+05 -1.730033431893338638e+04 1.970599217613479414e+04 -3.504527170932576701e+04 -5.970847548192472459e+03 4.142238663375154601e+02
-2.245463108896074482e+04 2.381924849497112882e+04 5.348096356406367704e+03 1.044882035644989628e+04 -4.696938765762066623e+02 1.937547822800152289e+03 3.157322968723488884e+03 3.041703536390243244e+04 -2.421846800173755400e+04 -4.182577910966293530e+03 -3.095372010130532362e+04 1.150970225758258312e+05 2.605902145428789663e+04 -1.530298377846563199e+04 5.192732222716709657e+04 -5.673299321837218304e+04 7.425853468310000608e+04 7.097665162038294511e+03 1.944492302146079965e+03 -4.789072812554433767e+03
-6.003060599834055756e+04 7.920107752354290824e+03 -1.877893342544205370e+04 3.456375900502569857e+04 -3.035189540630520696e+03 -3.078344049417168208e+03 -1.443138796540164094e+03 1.421473667044808462e+04 5.413939378154536826e+03 -3.857049258127855410e+03 5.385784304005992453e+03 -1.182239006211333435e+04 -8.016252110081550200e+02 3.364808525158544853e+03 -2.946367942436537760e+03 -1.383411530036955355e+03 3.342267695841800105e+03 -1.621594982677679127e+03 5.883523211463267444e+02 9.953194366048511483e+02
-4.230074632648596162e+04 3.173283367173568331e+04 -1.181595865101451818e+04 7.022798172212296049e+04 3.528531896716216579e+03 7.898680008489934153e+03 -5.763680276387690355e+03 7.020235113786105649e+04 -8.040181862613800331e+04 -3.238103336256204420e+04 -8.247568561438926554e+04 2.313521132912283356e+05 -1.214324406624735100e+06 3.285774123662659258e+04 3.262960412621330761e+04 7.592509437942585464e+03 -2.003601040810386849e+03 -9.984261045926943552e+03 1.619860374059043897e+04 -3.105760709461279839e+04
-6.594321141381519737e+03 6.614029866764153667e+03 9.156429777225501311e+03 1.646593704587992761e+04 -2.816247103283445085e+03 -2.425641334989882580e+03 5.457533935122502271e+02 -2.038733160217687328e+04 -3.234568490593111619e+03 2.444000317455417644e+03 -6.068966716850020021e+03 -3.807048668770900349e+03 -5.475473246488179484e+02 -7.511808943312527845e+03 6.021063213926542630e+03 -3.623326168733881332e+03 1.945284243035717509e+03 3.585151929566196941e+03 1.020473508691353345e+03 -1.181581981328175971e+04
-1.856322907942482925e+04 6.691534732076925138e+03 1.664796848153669998e+03 1.947082240607295898e+04 -2.526256409198131223e+03 -2.276221712551110613e+03 3.884629446533367059e+02 -4.602359303902808279e+03 9.003374336013500852e+02 -7.684786046456033546e+02 1.415230019121985833e+03 -5.497851293794014055e+03 -8.363531782126161715e+02 1.088274847887083467e+02 -4.929959838309994780e+02 -1.522433778981085197e+03 2.687042814720387469e+03 -4.058183915112040552e+01 -3.443485342543784355e+01 -1.013986212420050208e+02
-4.602943147526719258e+04 -1.264689863789240735e+04 3.977983541881246310e+03 -4.699698354103414744e+01 -4.530022228453654520e+02 -1.513452401315360021e+02 -8.306502588745566754e+03 2.768450996686508006e+03 -2.053515310426852011e+03 -3.485854513877725822e+03 -5.982718044148910849e+03 -6.529510876289482439e+03 -1.815652155286429206e+03 -4.565033017427120285e+03 5.397040189435899265e+03 -3.505207940036319633e+04 -2.350753317250121108e+04 -1.858441280671967775e+02 -7.520672148716734000e+02 2.543486747477951155e+02
-1.922576716677934019e+04 1.250271784137017858e+04 1.312498257389374521e+04 5.004878674870650684e+03 -1.298836436319422774e+03 -8.139901323080899829e+02 -1.338698803297465747e+04 6.972828662785643246e+03 2.623962795282948719e+03 -1.156687090694436392e+03 -8.389347850206194153e+02 -1.418388106480055831e+04 -1.688192694754775630e+03 -2.762780601670011492e+03 1.097200477940292103e+03 -8.088484470670708106e+03 1.278240298848832390e+04 4.930386841778235976e+03 1.467890855423526546e+03 -5.540576912265637475e+02
-5.460898993612458980e+03 1.169279089484371798e+04 1.589405413237106950e+04 1.566695687210188044e+04 -4.052915480146458776e+03 -2.748302820140801032e+03 -4.604125979248154181e+03 -2.484193809049995252e+04 -3.938303974783055764e+03 -1.547210905562019434e+03 3.330113855720734591e+03 3.895583034017265163e+03 7.797331017496618699e+01 -7.275462666050905227e+02 1.202535328718718119e+03 -8.137063461484287927e+02 1.192214526562250512e+03 4.949830236849967235e+01 4.113666454976852265e+02 3.359196495884858450e+03
3.746973160122689023e+03 2.652317954581521553e+04 2.346029159606683243e+04 -6.646511466511172330e+03 -4.183702214710055159e+03 -1.169805102144090228e+02 -7.641903516135503014e+04 4.097604150077601844e+03 1.974543662456343782e+03 7.117420238977971167e+03 -1.312492838026995014e+04 -3.537538239449903358e+03 1.718887399583472870e+02 1.194608219258948111e+03 -1.170364369711317778e+02 5.174013177668915887e+03 3.447529355432905959e+03 8.582267939536390031e+02 -1.714933119850373942e+03 -9.714949353375645842e+02
-2.118143648534647582e+04 1.468013747898888141e+04 1.543997076926681621e+04 1.052862899935375754e+04 -1.937421450607120278e+03 -1.396007181250541180e+03 -6.669100041004062405e+02 5.428362445594425481e+03 1.349623296444169227e+03 -8.742663131080455059e+03 1.689902465166190450e+04 -2.126718442424812565e+03 -6.024423655924997547e+02 6.097241417822555150e+02 -9.567719808922071252e+02 -2.025050918190996754e+03 1.561528385750111966e+03 -3.101481188647473459e+02 7.972793074903244133e+02 -7.030879524831341314e+02
-2.678646548036685272e+04 5.325459802930610022e+04 -3.309611326599417680e+03 -9.388276188028557954e+03 -1.357689182340997604e+03 2.042107816644085858e+02 -1.145482873182128787e+04 -1.803932522095837157e+03 5.866714549124961877e+02 3.260524709535864076e+02 1.622628707084737698e+03 2.153699607498671867e+03 1.707315815520500735e+02 1.522858745088144360e+03 -1.237698187708878095e+03 8.905084127231605180e+02 -6.387155287542470887e+02 -6.315582203236290297e+02 1.155611427707548415e+02 7.060479213044695825e+02
-2.252052263917601886e+04 8.376649170352777219e+03 -4.435645929738863742e+03 4.571793747335133958e+04 -4.940142866001006041e+03 -4.214177027344388989e+03 -7.600968797405414534e+02 5.371856071304878242e+03 3.357786988943465985e+03 -1.481447346300281652e+03 1.524876281273391442e+03 -8.553040311482374818e+03 -6.045398163147646073e+02 2.076922013400594551e+03 -2.155378862461218432e+03 -3.051613479785033860e+02 1.500856617453185208e+03 -1.070504899297938664e+03 -6.442901282828505316e+01 4.355375653418851698e+02
-3.974917303996800911e+04 2.992474114119260776e+04 7.071599825384917494e+04 2.119786576615697704e+05 2.921329843516815163e+04 2.260459814969441388e+06 -1.914860276708381571e+04 -1.197141876558182703e+05 3.777748173153723474e+05 -2.296517968083749874e+05 -1.297108764629842626e+05 6.304044928217919369e+04 5.534690031535938942e+03 -1.422523746465898002e+05 -6.509183787714028585e+04 -5.075145329514676996e+04 9.022648044844013930e+04 -1.260102463768135494e+05 5.543411406090674427e+04 7.031130045779574175e+03
-1.653489664895274473e+04 1.131203367109998362e+04 -2.135497221131991409e+03 6.943391744744175230e+04 -7.693369723191721278e+03 -3.093183058576857547e+03 -7.126229844642716671e+02 1.423920531579682029e+04 -6.286314919688848022e+02 4.658388548532638197e+03 -6.984539652365067013e+03 7.340858547071506109e+03 -4.232160265093452836e+02 1.703930058956349058e+03 -3.958598858582655794e+03 4.131150163297205836e+03 -4.840953118397599610e+03 1.448009696339897800e+03 -3.961015341255112162e+03 6.742473596598356380e+02
-1.431691044546064404e+04 1.421222872768401794e+04 1.408464778946852493e+04 -7.145047248470764316e+02 -2.412620786701668862e+02 1.663609668890099158e+02 -6.207709278968935905e+03 4.343367677360522976e+03 -1.361781679257647011e+04 -1.855406510217452887e+04 -1.216755364130944326e+04 -6.319558214307196977e+03 7.705316398512970864e+02 2.879658016694585058e+03 4.890912655517148778e+03 1.513872768062173691e+03 1.713516724670871099e+03 -7.351099238722538303e+02 -3.667486056908771275e+02 -3.915719898145372099e+03
