-3.171719691483977840e+03 1.105185257362235097e+04 1.767241369675324677e+04 -2.064363145897445065e+03 -7.227967729059604380e+02 -2.644141692036332643e+02 4.575801088317502945e+03 1.185883385965441676e+03 6.429968311697859917e+02 8.407967419726030585e+02 -2.283038870545311511e+03 -6.045021164244108149e+02 -3.950078388261077045e+00 9.891584918721628128e+02 -8.268912507249309556e+02 -1.861481623272835151e+01 2.275263250227493188e+02 9.982182735136181861e+01 -5.297692079607430315e+01 9.202108718947522448e+01
2.099517394811726626e+04 -3.093366769540251880e+03 -3.395693392426635910e+03 -4.312916249354374258e+02 1.632687687260352902e+02 9.576814627226919185e+01 -9.449529352907620705e+01 2.137856019083781405e+02 5.141689378489677331e+00 -4.420223554544165978e+01 1.123769634230067425e+02 4.006637736802429828e+01 4.025084048595378938e+00 8.526059302202281032e+00 -8.427538919123406913e+00 8.718431117010496223e+00 -3.282686362111639511e+01 -2.476360615469408799e+01 5.119266751845112928e+00 1.808612494910539548e+00
-4.938295971006243781e+04 -1.553378623005803274e+04 1.328300571420050176e+02 -1.208723280191114554e+03 -5.533834120866983852e+01 7.447502776299809568e+01 -3.973750271105014917e+02 -1.127103231596582944e+01 2.795811460998919529e+02 3.856788597725028467e+02 -8.266074562754029742e+00 2.695218538616990145e+02 5.680121374005409507e+01 1.203307056576848026e+02 -8.589012310812168494e+01 1.017854609124687215e+02 6.744725093560100859e+00 9.161540570147728602e+01 -1.383981665417984885e+01 -6.551367778733488194e+02
-4.260884381515413406e+04 3.583845711061851762e+04 -2.622703044880230300e+04 -5.116348881367162903e+03 9.131492355990176293e+02 4.989466028610786452e+02 1.728089062074048570e+03 -2.218063471564303200e+03 3.045087967766472730e+02 8.542231698176959753e+02 1.106506829984626620e+03 -7.827905321874136746e+01 -1.471079355235327739e+02 -5.321541472760484339e+02 1.064920354321590956e+01 1.449723910768411770e+02 -3.402877323967563257e+02 -7.182566159146961127e+01 -1.418890796186600198e+02 -7.905733886993588158e+02
-1.300621177409721895e+04 8.450070804029332066e+03 -5.322626734377188313e+02 4.528264685505480156e+04 -5.151413739337486732e+03 -3.644840101726005742e+03 -3.675635530412808976e+02 4.376020985688869587e+03 1.397680608341945344e+03 9.776629050926392210e+02 -2.475031826511059990e+03 -1.023154349516084039e+03 3.139491674915194608e+02 1.434884212487816740e+03 -1.426294992697414273e+03 2.186247862379542767e+03 -2.568913400060420372e+03 -1.194772748547468609e+03 -4.417460487305825723e+02 1.982480466667773555e+02
-2.513172833758084016e+04 4.158923623152429354e+04 7.086563419907116622e+04 1.576653559096350218e+05 1.389716719696030123e+04 1.377481160151125398e+06 2.393258177391587367e+02 -1.804550057368410853e+04 -3.132929162535205251e+04 4.875585642604477471e+04 3.845717364731525595e+04 -2.155563062016835829e+04 5.080595127435495897e+02 1.033848042244566313e+05 6.552611041583951010e+04 5.078318729755618733e+03 -1.813558055512013016e+04 1.591269361030215805e+04 -5.786693624768972222e+04 -6.404337931711838792e+03
-1.636851717304193699e+04 1.728942415423864804e+04 3.224792621828879419e+04 2.771376774574426963e+04 2.276027846861450525e+05 -6.255865905553476296e+03 -4.610109421843748351e+03 -3.952452618400744996e+03 3.079693138582954816e+03 1.882323596433156354e+03 5.896456073421541078e+02 1.000477920767474188e+03 5.906599660826658464e+02 1.041626326162026771e+03 2.292670610692280206e+02 3.540969348057055868e+02 -4.171918047586398757e+02 6.189766868102037023e+01 -1.515398091157969475e+03 1.104779161043364581e+02
-4.516193001921455107e+03 3.748532834671370892e+03 5.968997561805179430e+03 8.861015269539288056e+03 -1.819029937690629367e+03 -1.348321623410954999e+03 1.754726594151801464e+03 -8.783214816739298840e+03 -6.737842317292499956e+02 1.473086257183120551e+03 -2.024136345639725960e+03 -1.064845430741601433e+02 -2.919364482608233402e+01 -2.484531493333199421e+02 1.296402040865145295e+02 -3.101492419872836237e+01 7.522257928433802476e+01 1.676116764445732485e+02 -8.287932095452168824e+01 -1.140111652938976022e+03
-8.937474657470515012e+03 1.674797621576786696e+04 2.577298123153386041e+04 6.197836558554004114e+02 -2.041107986003555197e+03 -7.525948698247659649e+02 -3.325633952964962646e+03 -5.016375360634638128e+02 -9.421429812160968140e+02 -8.868688866436557873e+03 1.807439187881713224e+04 5.865390464221148250e+03 3.454012559468538939e+02 5.018374703403795820e+02 -3.393889550425420794e+02 -7.477426628452560919e+01 -1.591478834380832268e+03 -5.303031128221267636e+02 8.303930371550214886e+02 -7.083263901548898502e+02
-3.390361032988087391e+04 7.461490853905177210e+04 1.565464070198635163e+05 6.688038500037605409e+05 9.269461209923577553e+04 7.429178814210163429e+06 -7.226347487304396054e+04 -6.452495208701075753e+05 2.697222315995696001e+06 -1.839428319571936736e+06 -9.099011106334049255e+05 4.952719504703676794e+05 -1.449154183666315657e+04 -1.352397542225514771e+06 -1.006791201424730825e+06 1.677897437323605482e+04 5.029670213864884863e+04 3.157114726211919697e+04 3.748489633779013529e+05 3.634773474928404903e+04
-2.468316921570923660e+04 4.788375842525257031e+04 -9.074390690492127760e+03 -9.724038326561380018e+03 -2.419551046062142348e+02 5.247085726016319995e+02 -4.069700295896717762e+03 -7.748918319191290038e+01 8.835004372820795879e+02 2.848768762090310247e+03 -3.910029456965391091e+03 -3.075563036994660706e+02 -1.092674979182710437e+01 7.383037335482069921e+02 -9.284291612318473881e+02 5.239245826306473646e+02 -3.638387145725610026e+02 -3.388367486978881971e+02 -1.177996178038870880e+02 3.486344429797344446e+02
-5.569963073253937182e+04 4.000524081454399857e+04 -3.540128080195653456e+04 3.386319163456542447e+04 -2.646326352393198704e+03 -2.978421476435594286e+03 -1.702351305725791235e+02 1.327873263919393503e+04 5.935383108813371109e+03 -3.183994423268694391e+03 6.244542103277306524e+03 -1.249485013510049248e+04 -9.808736907070554025e+02 3.113819815720319184e+03 -3.199804087729558887e+03 -1.210436065684011282e+03 2.932243729220827390e+03 -1.852565111011800127e+03 4.739180552032482296e+02 9.570104494953681069e+02
3.418717086674853931e+02 6.681807178934939657e+03 1.033245021645283305e+04 1.439800207961515844e+04 -3.182901663303641726e+03 -2.379612040218401944e+03 4.955107481942820300e+02 -2.369945322817120177e+04 -3.740169805357722908e+03 1.058664742961000456e+03 -2.193585406967166364e+03 1.786819875315948366e+03 -5.384820720852240328e+01 -1.531999182606102522e+03 1.614931691901584600e+03 -1.143072927568777914e+03 1.304431810980262981e+03 5.173760272650152956e+02 1.663410277383043478e+02 2.035973494232440999e+03
-4.142454675950141245e+04 3.523850570149484702e+04 -2.515506530893176750e+04 -4.466433699781152427e+03 3.209028064838177670e+03 1.699567357136365217e+03 1.763476369302904459e+03 4.092785316881571816e+03 -4.750326482840349490e+04 -6.440203181907714315e+04 -2.928720186911208657e+04 -7.725173647918448296e+03 3.226093495274218185e+03 8.890972319773056370e+03 5.042511881140102560e+03 6.726269444693120931e+03 6.023368736693601022e+02 -1.096511664455956407e+03 -5.759330611979779860e+03 -1.424599122030882199e+03
-2.081303823523509709e+04 1.817157416201245360e+04 2.201060758109213202e+04 4.077177566681605094e+04 8.554490850500491433e+03 4.733763754826345394e+04 -3.403484791888218751e+03 4.652069384642329533e+04 -1.432079830899474910e+05 7.464975937167488155e+04 2.615881343345425194e+04 2.465849558045706362e+04 -3.992497341237765340e+03 -1.201239800959516870e+05 -1.277858689853067335e+05 1.798070703808469625e+04 -2.675841434647992719e+04 3.179403125142636418e+04 -8.951835829721749178e+04 -2.500594444517755619e+03
-7.192981951820222093e+03 1.670060329714207546e+04 2.599551046109497111e+04 1.336464522392806612e+04 7.382401571526009320e+03 1.386778536377016280e+05 1.149157479296770134e+03 1.056141953714920055e+04 -8.393689252980597666e+04 7.074216967113058490e+04 2.840228422645918545e+04 -3.021597797392802022e+04 8.200907059194507838e+02 7.427057635411132651e+04 7.274134804802971485e+04 8.900125531926868234e+02 1.079366809850047957e+03 -5.918550775528116901e+03 -9.420769621569517767e+03 9.106193435830131193e+02
-2.934984718489591251e+04 3.529005710724370147e+04 -3.879417226382004174e+03 2.623539799578598104e+04 -2.117943156101464410e+03 1.142999349611210846e+03 3.379084131779644395e+03 4.211164994506249059e+04 -2.047671812007623157e+04 1.973260644185449564e+03 -3.474730530785872543e+04 1.360140843644625857e+05 2.927954929274404640e+04 -1.380848875477679212e+04 5.531747340678846376e+04 -5.499332642076654884e+04 6.981986002754280344e+04 2.113884719025416416e+04 3.440113136621357626e+03 -4.255554858777675690e+03
-4.332376167140884354e+04 4.873417784566304908e+04 -1.491819379816078981e+04 1.183625997982947010e+05 3.774330498322490166e+04 3.272267325405126940e+03 -6.657788197464812583e+03 1.238686921783806029e+05 -1.073264803249460820e+05 -3.239254324847713360e+04 -1.485637644755731453e+05 4.946661070626931614e+05 -2.562450987102032639e+06 7.993945496745551645e+04 8.424003479697836156e+04 3.541244295918357238e+04 9.498511284400306977e+03 -2.362886442389662261e+04 3.937337699184878875e+04 -6.968172246985540551e+04
-3.697050941582287123e+03 1.500442231368938519e+04 2.186003096663439646e+04 -2.966421771219606399e+03 -9.505123179501632649e+02 -2.794082562244924475e+02 1.822137020004411170e+03 1.993033321983735277e+03 8.534950772129975576e+02 1.101096927985586262e+03 -2.759353785008185696e+03 -7.114771584202826489e+02 -5.009574173503356320e+00 7.863144575333510602e+02 -7.231308251015557289e+02 5.392149606438913167e+01 2.064698416256345581e+02 3.807611555721837959e+00 9.910906432083245932e+01 8.325006146366214921e+01
2.473558838181009378e+03 8.136477544210946689e+03 9.793241618567648402e+03 4.642793970876014100e+02 -1.811636358508779949e+03 -5.362418099190058456e+02 -3.553971170976448775e+04 5.679580288614250776e+02 1.047991058436750791e+03 1.995590308494978217e+03 -3.468144044903435315e+03 -1.362681606098401062e+03 8.598097691395281572e+01 8.188717568491866814e+02 1.238780983608444757e+02 4.189279625803577801e+03 3.689640805741906661e+03 8.916410616572020444e+02 -9.611185253054243276e+02 -1.271500488651007117e+03
-1.565431860897010120e+04 1.021999815884061718e+04 1.179740651223026907e+04 2.346213713229607038e+03 -1.086107606658901432e+03 -5.599716063191060584e+02 -1.399614024867305307e+04 2.952116945742137887e+03 -1.992692129882280824e+03 -2.888164469709503919e+03 -7.301874075604537211e+03 -7.402089494802118679e+03 -1.869880277507741766e+03 -5.547891574685119849e+03 6.114283808092419349e+03 -3.519455290090428025e+04 -2.378787923844265606e+04 -1.162953781752269578e+02 -6.242019605014401122e+02 -2.981934544794704038e+02
-9.891932072859381151e+03 1.050730387416049234e+04 1.604161595802894226e+04 1.817878602438808002e+03 -6.668269876787194335e+02 8.379616650493389329e+01 8.073992661787475527e+02 4.022427288672471605e+03 1.978562957465110514e+02 -4.339693105581451960e+02 5.208675099355821203e+02 -5.063725180679445657e+03 -8.858247281390982835e+02 -1.469358085245320217e+04 1.225959875141338307e+04 3.643698913794215969e+03 -9.251844113157991387e+02 1.188117505393718858e+02 1.049868189147550083e+03 2.924738711348275046e+02
-9.045574359854301292e+03 2.509472781560665226e+03 6.052602049672834710e+02 8.564211321167174901e+03 -5.749691222825024397e+02 -1.042737895624301245e+03 -5.479558260491886585e+02 2.337874444150977524e+03 2.716819043223620156e+03 -5.838273971440328751e+03 9.895888114277093337e+03 -2.375673958914054310e+04 -4.361648984331934116e+03 -3.282483414749741769e+03 -9.360360308197105041e+02 -2.595746211705441601e+04 3.979367801747011254e+04 2.336766508746085674e+04 -3.981866910769650531e+03 -2.856470254596074483e+03
-3.944722855745194829e+04 3.949057815269814455e+04 -2.751584939375888280e+04 2.537130505707610428e+04 -1.977060222222823541e+03 -1.578765070622643407e+03 1.113907617288458596e+03 1.982669873931122493e+04 5.230558831019271793e+02 1.366443184082577545e+03 -5.838951429462974374e+03 2.995224028985812765e+04 7.759955779943866219e+03 9.122381238684863547e+02 9.842730254144882565e+03 -2.757542650418111407e+03 1.490380326887102001e+03 6.770219299980237338e+03 3.635288881312675585e+03 -1.254277811087819146e+02
-4.652826525879964174e+04 1.213875997741946594e+04 -1.497227857815345851e+04 1.345709557168084029e+04 4.471887188175832080e+02 -1.185010782554809055e+02 -7.630248442538734253e+02 1.633801164408109616e+04 -9.797532356457284550e+03 -1.053902465531744929e+04 -9.656823082100312604e+03 4.630159880680537754e+04 -3.338072353093387792e+05 1.376737695154908943e+04 9.763020230155527315e+03 -2.857343737577645015e+02 1.230069856274206904e+04 -3.988842011714605633e+03 1.011427503527930457e+04 8.122767063450439764e+02
-4.845906946254374634e+04 -1.541523263928261986e+04 9.509609509153958129e+01 -1.432757177856062754e+03 3.801053285195168741e+01 1.423862760549635880e+02 -7.656179131558950530e+02 1.711450747720085701e+03 3.726066103708631090e+02 -3.168971511066503126e+02 5.590461326870284893e+02 1.677205320035806722e+02 -4.113583385921820081e+02 3.642000702848860669e+02 -1.300889499116714489e+02 -2.734173624433973373e+02 2.944068136175727659e+02 -6.729576158142326676e+02 2.386357765459665359e+02 2.133452778161314200e+04
-2.617125789919243471e+04 2.062378275882057642e+04 3.615848713062081515e+04 7.167423039456657716e+04 1.061970872899959613e+04 5.794183813590628561e+05 -4.166955374738936371e+03 2.722461496750301012e+04 -2.244624934113366471e+05 1.723944406682403642e+05 7.251744960541112232e+04 -5.004662630113588239e+04 3.240224236095893502e+03 1.398017619231048448e+05 1.107231858133768692e+05 -1.585459314831480333e+04 1.813953844995580221e+04 -3.407641586108361662e+04 -1.711251515533374914e+04 -2.848491319312905716e+02
-3.937153958005669847e+04 9.400567375560967776e+03 2.847170868239002084e+04 -7.704187854615644937e+03 -4.774978464673319650e+03 6.019810164568499431e+02 -9.283654984462929133e+04 9.804378563949623640e+03 -1.180067871268931231e+04 -9.444628457886306933e+03 -3.087097540681488681e+04 -2.959314100704528755e+04 -1.036357618702884065e+04 -4.091347559392800031e+04 4.181658393500300735e+04 -5.402395853004804812e+05 -4.130519698641552241e+05 -2.224136468164364123e+04 -2.088010960122931283e+04 2.494672799212529208e+04
-2.014504633504052981e+04 1.062716118458732126e+04 2.187704603092172329e+04 -4.004992194874647993e+01 3.034039012240793909e+03 1.463018706878956800e+04 6.418620641592956417e+02 1.249289990751800906e+04 -3.150278965936684108e+04 1.978632355256641313e+04 6.865371924112108672e+02 1.736591445204674164e+04 5.441890239574638144e+03 -2.966854747822355421e+04 8.864651243631262332e+03 -4.525492308549598965e+04 7.173357789663576114e+04 -1.147044286590801639e+05 -2.054939385332365782e+04 -1.202087136806821263e+03
-1.564355983570645731e+04 1.496367155917337004e+04 2.631165070204524818e+04 1.987639072310277697e+04 1.561801382140241913e+05 -4.760896366825928453e+03 -2.814447542370116935e+03 -2.035990779051772506e+03 2.210698847589648722e+03 7.355419693436570583e+01 1.551070557085980397e+02 2.806271999756807531e+02 2.147695056928539543e+02 5.361499959696119504e+02 3.263696444539818344e+02 6.141728302079204127e+01 -7.513263839520796239e+01 -6.962685523155779777e+01 -2.316930357851312294e+02 -9.199806952990886799e+00
-2.350976583237195155e+04 2.226916161946999637e+04 8.411353690924654074e+03 6.470516706718424757e+03 2.071034047545847716e+04 3.283452217700107576e+04 -2.664413576940541134e+03 1.662610389883826065e+04 -9.920544676210649777e+04 1.000227463286396051e+04 -2.899444601145475190e+03 -1.736973100723746711e+03 3.314264399398713067e+03 -5.279203449130927038e+04 -5.864613728447736503e+04 -1.658158563038968350e+04 1.970294668038515738e+04 4.338474664821530314e+04 2.168173810952140484e+05 4.118196535660276822e+03
-8.269061650977564568e+03 1.212633760814946800e+04 1.945322998392018417e+04 6.771362979904361055e+02 -9.822125708808611080e+02 -4.176756448822736161e+02 1.469580023295925912e+03 2.025038909764150731e+03 -4.760903031419319404e+02 -5.675609134297527817e+03 1.121689091662905412e+04 2.790213498340024216e+03 1.469146503895463525e+02 -4.452154981214928284e+02 6.347339699725220896e+01 -4.128767303579302848e+02 -1.351234781051032314e+03 -2.586721088632737064e+02 5.586297301643588753e+02 -1.060086415656849340e+03
-1.613696341572943129e+04 1.159679297387171755e+04 1.571213912910665567e+04 5.867580087913620446e+03 2.452083605961810520e+01 1.651291556981730901e+04 -4.063758493970164182e+03 1.038270316225082752e+04 -3.738622704429885198e+04 1.400634308430287820e+04 1.682779568253376056e+03 -1.454747188269087701e+03 -5.580605998848176341e+02 -2.285624376524893523e+04 -2.649285460034570860e+04 -1.264600276162996806e+03 1.298897233310070078e+03 -5.197463577703718585e+01 3.839048396433591734e+03 4.140116951926571005e+02
-4.170324232268446212e+04 3.592800288983647624e+04 -2.631111025582168440e+04 -5.215194680268989032e+03 9.961860748760464048e+02 5.561228440108310451e+02 1.341938083209331353e+03 -4.304916567621631884e+02 4.213094467389594797e+02 1.276632886864748002e+02 1.716021576201648713e+03 -2.214880664581806684e+02 -6.278360627224361679e+02 -2.600806059232396592e+02 -5.757933517513069432e+01 -2.423856012809914091e+02 -3.644378215321172121e+01 -8.380023343760741454e+02 1.149647840141556401e+02 2.120631091592619487e+04
-4.836992240389405197e+04 -1.510038515937217926e+04 6.485582796995744275e+02 -1.243647397775505851e+03 2.187948515308064827e+02 2.793060807963040588e+02 -9.233008222146580692e+02 2.888137910220156300e+03 -1.590919429186531306e+04 -2.505953811081290769e+04 -1.208718186791594781e+04 -3.707236286982931233e+03 1.059805377214528562e+03 5.789321719150727404e+03 3.361671386563539727e+03 4.698213506425849118e+03 9.623084738250083774e+02 -8.872133592910867037e+02 -4.759487787931085222e+03 2.746193540742823416e+02
-4.673913713979131717e+04 -8.853704084947181400e+03 -1.324565717245835685e+03 2.174307085133191140e+04 -2.102600165915474463e+03 -2.011175907480983142e+03 -3.624408771151230667e+03 1.541652334835160400e+04 5.487938217911870197e+03 -2.391375712818432476e+03 2.051586932961602542e+03 -2.509506597473141483e+03 3.774468334439976388e+03 5.162799853388232805e+03 1.707006349575900913e+03 1.643605523803813412e+04 -2.328701136595157368e+04 -5.592925736830999813e+04 4.844322060885660903e+04 -1.025449494974027948e+04
-3.770983126473466837e+04 5.487385780222576614e+03 1.397230955163091676e+04 2.078126879706950422e+04 7.888132223667610560e+03 5.041418500662119914e+04 -7.442846384545428009e+02 4.519229222614926402e+04 -1.758634299516984902e+05 8.380269460526382318e+04 2.220801421463676525e+04 2.007865925857896218e+04 1.205491776937907707e+04 -3.255078927226952510e+05 -2.339856602635043964e+05 -4.201601559623531066e+05 7.102285857723297086e+05 -2.104463607909047045e+06 -2.177633794808288221e+05 5.090580878107423814e+03
-6.118336392702911326e+03 1.452206687512630197e+04 2.340050961585958430e+04 1.199350341036895770e+03 -1.123241511912966871e+03 2.269370024592397021e+04 5.795489780464055002e+03 3.888810507206579132e+03 -1.023432068559430627e+04 6.493218951238086447e+03 1.208137926587759284e+04 -1.161099909373802802e+03 -9.477187574415287941e+01 8.841339043272519120e+03 3.430627229176386209e+03 2.299591145979504290e+03 -5.724401449383264662e+03 5.060910923070789977e+03 -2.027118132546699417e+04 -2.315717861225049546e+03
-1.335784412477532715e+04 5.392653224570922248e+03 2.971616937562581825e+03 1.905387220489508400e+04 -2.967550780421677700e+03 -2.583561633666754460e+03 7.440411009900009276e+02 -2.025390919334139471e+04 -1.802770929451634174e+03 4.385586316204738068e+03 -5.493329614280697569e+03 -1.757388606066574084e+03 4.256477700449543704e+02 -5.472627718535205531e+03 5.260608814052414345e+03 2.075946158333256335e+03 -5.314070374452279793e+03 -3.959156515725744157e+03 6.026868224275362081e+03 -8.006412039263304905e+04
-4.143194439734111074e+04 4.484228981908001879e+04 -2.858539044520583775e+04 7.259260333068377804e+04 -7.064001523544519841e+03 2.771969462974639100e+02 7.208525684075864319e+02 3.906729044659725332e+04 -5.385709631857901513e+03 1.048470285050104212e+04 -1.759744032777686880e+04 5.207129716938638740e+04 6.499521134707255442e+03 8.182937939878567022e+02 4.915421920691188461e+03 2.402189762005840294e+03 -5.040236734664472351e+03 1.307832762866300436e+04 -4.256148820583467568e+03 9.697312495868145561e+02
-4.589368464421356475e+04 -1.203300022316408649e+04 6.078931012906598880e+03 6.449570804826877065e+03 6.258107180087365123e+04 -1.690336489392046133e+03 -2.466131763986879832e+03 -5.761857160954551773e+02 2.130652173283455753e+01 -9.065215702016051864e+02 -4.412910171075057519e+02 3.337734950169694912e+02 -1.240196484897655438e+02 5.811739553175121955e+02 -3.358678130788852059e+02 1.142204032571900001e+02 8.788563715340114868e+01 3.897369094780199816e+01 5.515875041685845872e+02 4.181866744270756158e+02
-2.355501195781554634e+04 2.426984973255989826e+04 3.045530167303908092e+04 5.912451571240433987e+04 8.350890648660182705e+03 8.631646067246637540e+04 -1.990197281742229734e+03 7.837111987679245067e+04 -2.531767388323282648e+05 1.347787085001167434e+05 5.998019736836874654e+04 4.462488080936218466e+04 -7.427769283151555101e+03 -2.174164048649183242e+05 -2.326986299964479113e+05 3.998201027050674747e+04 -6.119156957917979162e+04 7.300509332303369592e+04 -1.949312601985632209e+05 -7.287238835909100089e+03
5.249956771692256552e+03 2.287797575088395752e+04 2.368938401389081264e+04 -4.409141745530623666e+03 -4.001970958729998074e+03 -5.103129204774123764e+02 -6.260242357856532908e+04 7.053011468862889615e+02 1.185811129425070703e+03 2.641483722710454458e+03 -4.134826210068876208e+03 4.365457903657117100e+01 3.434509210056550614e+02 1.816962313306946498e+03 -3.349646845984919423e+02 5.154072229950235851e+03 3.258567967227002100e+03 6.184004894859677961e+02 -1.171285273117933230e+03 -6.106415514284717574e+02
-4.230074632648596162e+04 3.173283367173568331e+04 -1.181595865101451818e+04 7.022798172212296049e+04 3.528531896716216579e+03 7.898680008489934153e+03 -5.763680276387690355e+03 7.020235113786105649e+04 -8.040181862613800331e+04 -3.238103336256204420e+04 -8.247568561438926554e+04 2.313521132912283356e+05 -1.214324406624735100e+06 3.285774123662659258e+04 3.262960412621330761e+04 7.592509437942585464e+03 -2.003601040810386849e+03 -9.984261045926943552e+03 1.619860374059043897e+04 -3.105760709461279839e+04
-2.498077186318732129e+04 2.631406486892719113e+04 1.344071925778906370e+04 2.127311319339059992e+04 4.416544705451138725e+04 1.061912859416343563e+05 -1.723220074456119255e+04 4.577454139849750209e+04 -3.619698877772307605e+05 6.661055775790553889e+04 -7.400150531655300256e+03 -4.627292921978038066e+04 9.580569618015855667e+03 -1.375425073673045263e+05 -2.645146302816238021e+05 -3.758171222240931093e+04 5.122431712113192771e+04 8.928945180183403136e+04 7.115093977176988265e+05 2.303182656337289154e+04
-1.088619993337642154e+04 1.317526386142097181e+04 2.117236603755645046e+04 4.041711014244254329e+03 -5.259441840792405856e+02 6.075108892591435506e+03 3.246665308080390787e+03 1.386471470263609990e+04 -1.657775357397400148e+04 1.271832615328547035e+04 8.999109552614088898e+03 -3.711002903894227347e+04 -5.679937055062570835e+03 -1.089361498368092143e+05 1.247252232001722878e+05 5.592142791276630305e+04 -1.657627994533283345e+04 7.314047632459643864e+03 -4.732871350326957327e+03 1.832988135824754499e+04
-4.604627741940412670e+04 -1.259906075228156078e+04 4.576054832466073094e+03 1.937791861520115390e+03 4.289908033490660273e+02 1.602205318481283030e+04 -3.010843108189032137e+03 8.336419234093516934e+03 -3.707189018879443029e+04 1.345619431214451288e+04 2.521004675497531935e+03 -1.771540826357301512e+03 -5.522307809826711491e+02 -2.169653438903723509e+04 -2.672028257042165205e+04 -1.423384993807663477e+03 1.885098753698848668e+03 -5.605461733229213905e+02 4.342865661380818892e+03 9.581481931211824303e+02
-1.955320169173197064e+04 1.182337338520203048e+04 1.120196380102516014e+04 1.003590926270880664e+04 -1.203648249893627963e+03 -4.637111527868361236e+02 9.335458833576558391e+02 7.288281548124818983e+03 1.636974371295782703e+03 -1.860783019147756022e+03 2.847581692265883248e+03 -8.598126741331720041e+03 -2.344058328031479505e+03 -1.344155319422270804e+04 1.163039980906822711e+04 1.711438481177691529e+03 1.912198692264618330e+03 -2.410130313883476902e+03 9.967645342312857792e+02 -1.546567122372112522e+02
-2.254165801727252983e+04 8.433658260631305893e+03 -4.394434674666700630e+03 4.596378512278726703e+04 -4.966321212533703147e+03 -4.194103510675688995e+03 -7.567673176527817986e+02 5.528132926011122436e+03 3.317364777306505403e+03 -1.419835558164058057e+03 1.449774627075393255e+03 -8.386238508622556765e+03 -6.107857943463448009e+02 2.074304056776970356e+03 -2.187461924649026969e+03 -2.668943817528431168e+02 1.448693139397860477e+03 -1.030486431471550304e+03 -1.167423578843627610e+02 4.405517742923199194e+02
-2.079872154026664066e+04 2.301262177311371488e+04 2.781233708410477993e+04 5.280752192131114862e+04 1.898121831730266422e+04 3.945801167727387510e+05 -8.629316190962386827e+03 4.870682226124389854e+04 -4.489198651543679298e+05 2.664641288210290950e+05 1.004053454014450544e+05 -1.278585670325097308e+05 8.105133357099221939e+03 2.505880785946081160e+05 1.227242857358850306e+05 -2.785124923055542240e+04 2.327273734393592531e+04 6.953022560114209773e+04 5.475016851465109503e+05 2.539773012891562030e+04
-3.673610148645767913e+04 3.449085402365287882e+04 -1.834100149620079901e+04 -2.631202447910110095e+03 2.551073969312461031e+03 2.879198097431575206e+03 9.721461797269496401e+02 3.316209756346489939e+03 -3.507027634923468577e+04 -3.869310721913798625e+04 -1.623717083841578096e+04 -4.319683049538421074e+03 2.033581137122451992e+03 9.940679518704629345e+02 -8.991639934546305994e+02 -8.287154472599769406e+02 -2.277845155037331551e+03 -3.898818764356179258e+02 -5.903865101028764002e+02 -1.710878846787603834e+03
-2.643763552898166745e+04 3.733526593055090052e+04 6.763889405942482699e+04 1.420863090887261205e+05 4.313969502724552149e+04 1.271015833814267302e+06 -1.308669935687625548e+04 9.499174306960003742e+04 -1.141569845409028232e+06 9.370813689726606244e+05 4.408323173746695393e+05 -4.719446091059840401e+05 1.800154699702349899e+04 1.400029016413799254e+06 1.067892005748613970e+06 -4.399176234783912514e+04 -1.709472291622325429e+04 1.811669281306827033e+05 1.144675960023254156e+06 7.039145206546309055e+04
-6.002216086055300548e+04 7.922782188536139984e+03 -1.878471515291480318e+04 3.455730840697464009e+04 -3.028962515134355272e+03 -3.077565973305929674e+03 -1.443012912931939809e+03 1.421338512218225333e+04 5.394270786493088963e+03 -3.884015916726435989e+03 5.365718217310939508e+03 -1.182731749158636740e+04 -7.985617736916964304e+02 3.370316395676028151e+03 -2.942482937431504070e+03 -1.377189749316553389e+03 3.342883555431663353e+03 -1.623262396810572909e+03 5.813299274142332251e+02 9.978439509956597249e+02
-4.602943147526719258e+04 -1.264689863789240917e+04 3.977983541881245401e+03 -4.699698354103414744e+01 -4.530022228453654520e+02 -1.513452401315360021e+02 -8.306502588745566754e+03 2.768450996686508006e+03 -2.053515310426852011e+03 -3.485854513877725822e+03 -5.982718044148910849e+03 -6.529510876289482439e+03 -1.815652155286428751e+03 -4.565033017427119375e+03 5.397040189435900174e+03 -3.505207940036319633e+04 -2.350753317250120745e+04 -1.858441280671968059e+02 -7.520672148716735137e+02 2.543486747477951155e+02
-1.584460400888263393e+04 1.072919282984504025e+04 -1.777718522781686261e+03 6.455313043158812070e+04 -7.182964546261888245e+03 -3.175025527681555104e+03 -6.386496052636812237e+02 1.226895182887062947e+04 -2.632527991525687412e+02 3.957615661762109539e+03 -6.116750954191832534e+03 5.712630256948149508e+03 -3.036132100153338342e+02 1.639015485228088437e+03 -3.485704255941517204e+03 3.721831504634266366e+03 -4.347722370716039222e+03 9.841946302830548348e+02 -3.316453679812214887e+03 5.897651186526279616e+02
-2.552152493767725900e+04 5.266136688640695502e+04 -2.797496914394047508e+03 -9.948895444239115022e+03 -1.280620384755854957e+03 2.184690540582180063e+02 -9.426596383286008859e+03 -2.448991795700039347e+03 4.331587754302055373e+02 -1.270867525925409325e+02 2.521457216510386388e+03 2.613452958333646166e+03 1.798567130233166722e+02 1.626981027041533480e+03 -1.318575709039789672e+03 8.569612695203346675e+02 -5.951587284375243598e+02 -5.900102149501757367e+02 1.224082432123081077e+02 6.810557140301945083e+02
-1.869602010028141376e+04 1.306086306862574747e+04 1.494760921858703296e+04 3.514628360019920819e+03 -1.130959762428295107e+03 -5.369903373379579534e+02 -1.149016410706430361e+04 6.909521166006877138e+03 -2.763387166945951208e+02 -3.779902257985813776e+03 -3.482919674140163806e+03 -1.334528843803007840e+04 -1.001661555153231575e+03 -1.612244042856817487e+03 2.786855909802931819e+03 -6.737001151273185314e+03 1.085656061800958923e+04 3.767704683316720548e+03 -3.178312422712785406e+02 -2.180476368050506153e+03
-4.497560914768552902e+04 -1.201604209123886176e+04 5.309826484159040774e+03 1.043054283205260333e+02 -3.748424338867728238e+02 1.119628517855333882e+02 -1.248291171715571579e+02 3.567363206870639260e+03 2.175775992060211195e+02 -4.081280349976337902e+02 6.180110491064101552e+02 -4.960572751337494083e+03 -8.285484604035053735e+02 -1.363918249631086110e+04 1.185007122673222511e+04 3.586646625777939335e+03 -5.047427174203558025e+02 8.135508620338129049e+01 9.193478737572452246e+02 8.169647232449574403e+02
-4.624992090750896023e+04 6.031144958106731792e+04 -8.439925480606309065e+03 2.080862865799608699e+03 -3.075119882778499232e+03 -3.832902653843644316e+02 -4.236018833156790788e+04 7.337889544707501955e+03 2.253465912638389909e+03 4.574479426088740183e+03 -8.631084994203974929e+03 -3.525601343794339755e+03 1.461308531584735420e+02 5.400201305612492888e+02 -7.752594593299367887e+01 1.556027002344280618e+03 -1.512018550089996779e+03 -1.543161638777948383e+03 4.043528621942036807e+02 1.924594863147491196e+03
-5.544346794224952464e+04 3.803269153584744345e+04 -3.272867569336590168e+04 1.623547572062590007e+04 -7.969540456910528974e+02 -1.413480206342758038e+03 9.749600149428833618e+01 7.097313305748971288e+03 4.030322996990197680e+03 -2.362479143582420420e+03 6.250422469908011408e+03 -9.278691069319535018e+03 -1.174130564628837192e+03 1.065136610139266168e+03 -1.476500209154728282e+03 -2.091648494375418977e+03 3.680872520480019375e+03 -7.781991134163131392e+02 5.896979580839433766e+02 9.059706055588254969e+01
-2.126676640879133265e+04 1.441811905343549552e+04 1.498217986021092474e+04 1.100558529616302076e+04 -1.935423407988098461e+03 -1.428004719162497167e+03 -5.149332339170275645e+02 5.563462707865057382e+03 1.402238259848138568e+03 -8.357986915452940593e+03 1.609845426871268683e+04 -2.324884243623600923e+03 -5.862323462144079258e+02 7.185622881189414102e+02 -1.099511373978751180e+03 -1.958627140498256040e+03 1.524509041829567650e+03 -2.950998153217344111e+02 7.284559318449875036e+02 -6.026497367335455237e+02
-2.474884888193643565e+04 3.089323763105865146e+04 5.104846423445526307e+04 1.166894377812487801e+05 1.000449724967075781e+04 9.501044358454911271e+05 1.019338329466345613e+03 6.140088962679801625e+03 -1.316312183155166858e+05 1.160649527881853865e+05 5.785075881192580709e+04 -3.968451300729904324e+04 1.472092310325085691e+03 1.448861489337896346e+05 1.084394430966401414e+05 -2.222089792798575672e+03 -5.020427439743504692e+03 -6.136990165536471068e+03 -5.122593504105100146e+04 -3.827981834769204397e+03
-4.414645122622145209e+03 1.805665156032639061e+04 2.470370705860290400e+04 -3.130018391677996078e+03 -1.437896064987767431e+03 -4.288875942803790053e+02 -1.165754245881213137e+03 7.960040145883701825e+02 6.245079265301974374e+02 -4.091142496721317912e+02 5.121087486212555859e+02 8.015094231476391542e+02 9.729983808702213821e+01 1.247723095544476791e+03 -9.216464235169586345e+02 2.498206491386079904e+02 7.408839987174503960e+01 -1.408940838848711792e+02 2.386393999587714347e+02 2.695680505904854840e+02
-5.151662611776753693e+03 1.137090488273610754e+04 1.546115458684216901e+04 1.570675027141516694e+04 -4.017750942181539358e+03 -2.742377367532534663e+03 -4.219039028716671965e+03 -2.476051721673180873e+04 -3.885994175976887163e+03 -1.460096487058557614e+03 3.130553535394695700e+03 3.616941771269438959e+03 4.113604765825947140e+01 -7.315965462696133272e+02 1.178183715588241284e+03 -8.998412303633634792e+02 1.310969571475274506e+03 1.006061801097854413e+02 3.872123205837323212e+02 3.268420584130739371e+03
1.021667123591590098e+04 1.824587288010075554e+03 2.573581054609674084e+03 6.067214790622913370e+02 -1.553456804141442547e+02 -1.440906450896553110e+02 -1.094582501333755317e+03 7.001768938394694430e+01 -5.772017903085894908e+00 1.009943922427669172e+01 -1.607624081576941819e+02 -1.483036543216234975e+02 -1.095244730158384883e+01 -5.160159247302221956e+02 3.793392965476031691e+02 -1.070620829678201460e+02 6.495041580376009449e+01 1.013926163394541220e+02 1.845430913141715905e+02 -4.426029793286343192e+02
-3.885754238286244072e+04 3.844015346544401837e+04 -1.820402894868576914e+04 3.710542575426932672e+03 6.524432475835753576e+04 -3.876395604497004115e+02 -1.671777369203816988e+03 1.056917082525432761e+03 -3.129947152805522273e+04 -4.010621162932412699e+04 -1.809691994047061235e+04 -3.857216842723536047e+03 2.063647862063735374e+03 3.857529202163734226e+03 1.467494285133613175e+03 2.206912003982021815e+03 -3.207175426645682705e+02 -2.984997100814320561e+02 -3.287676974585270955e+02 -1.296538244802725330e+03
-3.974917303996800911e+04 2.992474114119260776e+04 7.071599825384917494e+04 2.119786576615697704e+05 2.921329843516815163e+04 2.260459814969441388e+06 -1.914860276708381571e+04 -1.197141876558182703e+05 3.777748173153723474e+05 -2.296517968083749874e+05 -1.297108764629842626e+05 6.304044928217919369e+04 5.534690031535938942e+03 -1.422523746465898002e+05 -6.509183787714028585e+04 -5.075145329514676996e+04 9.022648044844013930e+04 -1.260102463768135494e+05 5.543411406090674427e+04 7.031130045779574175e+03
-2.389702878176045851e+04 1.697870573585020247e+04 1.441326872010038642e+04 2.413756432792848136e+04 1.417279009955708898e+04 1.231238997909068858e+05 -6.232041748538032152e+03 3.206442241280433154e+04 -2.045842183828602720e+05 5.430654983076779899e+04 3.409747641111900066e+03 -1.312109430889881696e+04 5.009630921726976339e+03 -8.920563088745939604e+04 -1.420151027554741595e+05 -2.331475452268573645e+04 2.844617082870909871e+04 6.125467381107143592e+04 3.822581997752292664e+05 1.122023192758826372e+04
-1.248729370764250962e+04 7.567358838285177626e+03 3.853424418697335341e+02 3.616835505903686135e+04 -4.221616832435125616e+03 -3.500890392090580463e+03 -1.665666754024736065e+02 8.824190515786234528e+02 1.612476932710737856e+03 1.297389116534911864e+02 -1.309472019558069178e+03 -3.224592571922074967e+03 2.975776944581378984e+02 1.133933383090091183e+03 -8.095895841822873535e+02 1.308260926026994639e+03 -1.442966646559925039e+03 -1.417044745305470087e+03 1.967237752202826471e+02 9.562290509370843239e+00
