-4.937436794480635581e+04 -1.552693004182296863e+04 1.429171102151694868e+02 -1.206170257226665854e+03 -5.596121932834567048e+01 7.454765285873762082e+01 -3.968483065668937115e+02 -4.309849629902061885e+00 2.794592319419160162e+02 3.841268738092000490e+02 -7.032768072979256324e+00 2.593541786995670577e+02 5.507947543916947097e+01 9.356699419327880207e+01 -6.267319030214885345e+01 1.085637538256378036e+02 5.747928943941861490e+00 9.159481776473558057e+01 -1.202387676127346516e+01 -6.522732150103696540e+02
2.097418770440158551e+04 -3.083695386332402450e+03 -3.383872813866881643e+03 -4.293202332197028568e+02 1.626585724315295636e+02 9.530557809351341803e+01 -9.629664714415693538e+01 2.136151984969259274e+02 5.136020607184462072e+00 -4.407693632108911430e+01 1.117861253633320615e+02 3.971865978329764602e+01 3.996269229105645859e+00 7.562296945988385310e+00 -7.726659568040120440e+00 8.521090376864608018e+00 -3.264050706425869919e+01 -2.454483334674975836e+01 5.388046362596594641e+00 1.564528312415061295e+00
-4.210967814102632474e+03 1.803786013082032514e+04 2.560793152683997323e+04 -3.001700542859343841e+03 -1.565469451121088014e+03 -4.837241571391083426e+02 -1.441148501234494688e+03 4.207356297888494510e+02 5.534228557789022034e+02 -8.779415877655319491e+02 1.508316059235877674e+03 1.227235644974041634e+03 1.232682387637445345e+02 1.380055190525191165e+03 -9.803219795072160423e+02 2.883892705715478542e+02 4.555221516528155234e+01 -1.751279040719093416e+02 2.769448708109875383e+02 3.191049324887539456e+02
-4.260886782801831578e+04 3.583846070121286175e+04 -2.622705834739513739e+04 -5.116292441518176929e+03 9.131450870268054132e+02 4.989418012674915417e+02 1.728082558591771203e+03 -2.218037409005853988e+03 3.045188589352403028e+02 8.542148589730441017e+02 1.106520730042738251e+03 -7.830245850897928506e+01 -1.471103529638531029e+02 -5.321498259599048879e+02 1.064526643458166610e+01 1.449673674909902275e+02 -3.402780217800124092e+02 -7.182769634648653323e+01 -1.418870112040549998e+02 -7.905726848944207177e+02
-2.254406772432542493e+04 8.430575710195063948e+03 -4.394968192808052663e+03 4.594276894517967594e+04 -4.964066689128464532e+03 -4.194431146455570342e+03 -7.564047659428829320e+02 5.520074567703304638e+03 3.319894732987676889e+03 -1.423602172341021060e+03 1.453914059988852614e+03 -8.394422431767814487e+03 -6.107549392080911730e+02 2.072623898861609632e+03 -2.182375653340071949e+03 -2.688938666440244560e+02 1.451950226794720493e+03 -1.032223232120119519e+03 -1.131411087406525553e+02 4.402617518611057221e+02
-5.940453411362038423e+03 1.163178126530081681e+04 1.555002011905908330e+04 1.597214154132407020e+04 -4.042694206265830871e+03 -2.769577794280190574e+03 -4.500602241819706251e+03 -2.461649363159987479e+04 -3.841499415101994600e+03 -1.554831220112597293e+03 3.308759811701843773e+03 3.519596239195466296e+03 2.519291506731648767e+01 -7.207332407458670787e+02 1.161325768305724978e+03 -9.239970911089480978e+02 1.368370231750570156e+03 7.731791427080595724e+01 4.006939412134508416e+02 3.363020723029278997e+03
-1.563360480309106424e+04 1.496085156551233740e+04 2.630129647140495581e+04 1.984905078287511060e+04 1.560511772892936715e+05 -4.772554956539533123e+03 -2.810459811534921300e+03 -2.046563993186940934e+03 2.250597081058774165e+03 4.850003028675900651e+01 1.465705627972967875e+02 2.751122740204709771e+02 2.155494045568246975e+02 5.696760930554859215e+02 3.653821015610342329e+02 5.708977152275089395e+01 -6.906811676006017819e+01 -7.912500867548281747e+01 -2.077771860339607599e+02 -9.281570467278571712e+00
-3.124485157757346769e+03 1.093101227759698122e+04 1.754542023868925753e+04 -2.044773458654909291e+03 -7.158398597635670058e+02 -2.624858630432173072e+02 4.678452385330791003e+03 1.179436885586145308e+03 6.650444851012367735e+02 8.894142654834419091e+02 -2.291871328861417169e+03 -6.139977457596522754e+02 -3.793310569902656582e+00 9.885602266252113850e+02 -8.367082058377434350e+02 -2.798410133214104789e+01 2.304093044623653839e+02 1.046178097292171287e+02 -7.747467422914205315e+01 9.267568543231301703e+01
-2.468316921570923296e+04 4.788375842525257031e+04 -9.074390690492125941e+03 -9.724038326561383656e+03 -2.419551046062142632e+02 5.247085726016321132e+02 -4.069700295896718217e+03 -7.748918319191290038e+01 8.835004372820795879e+02 2.848768762090311611e+03 -3.910029456965391091e+03 -3.075563036994660706e+02 -1.092674979182710437e+01 7.383037335482072194e+02 -9.284291612318471607e+02 5.239245826306473646e+02 -3.638387145725609457e+02 -3.388367486978881402e+02 -1.177996178038871022e+02 3.486344429797344446e+02
3.746973160122688114e+03 2.652317954581521553e+04 2.346029159606683606e+04 -6.646511466511172330e+03 -4.183702214710055159e+03 -1.169805102144090512e+02 -7.641903516135503014e+04 4.097604150077601844e+03 1.974543662456344236e+03 7.117420238977972986e+03 -1.312492838026995014e+04 -3.537538239449903813e+03 1.718887399583472870e+02 1.194608219258948338e+03 -1.170364369711317778e+02 5.174013177668914977e+03 3.447529355432905959e+03 8.582267939536390031e+02 -1.714933119850374169e+03 -9.714949353375645842e+02
-2.135976713057977031e+04 1.440464235719533281e+04 1.489637571207861765e+04 1.111449388599310259e+04 -1.937945996591240601e+03 -1.419031597664015180e+03 -5.255741105476616895e+02 5.625280444263155005e+03 1.435437254640352876e+03 -8.291483489376976650e+03 1.596096757454508042e+04 -2.488300627019627427e+03 -6.232212319764176982e+02 5.411992678022839982e+02 -9.509925437193057860e+02 -1.931001205787875733e+03 1.575159933877007461e+03 -3.179541010852050817e+02 7.294484383747015954e+02 -5.826554540477732189e+02
-2.408353520905942787e+04 2.579935649114631451e+04 1.720750631250813240e+04 3.007831917064302615e+04 3.844381309111721202e+04 1.772545793926037150e+05 -1.497249808001800739e+04 4.701581304711107077e+04 -3.750193786442371784e+05 1.005736153573317715e+05 1.134389659765551005e+04 -5.551949107928518788e+04 9.012998884525477479e+03 -8.348932941851795476e+04 -2.088926535841066798e+05 -3.495527787190514937e+04 4.522400412553703791e+04 8.404869804075999127e+04 6.602044144220042508e+05 2.213392217059195900e+04
-4.652826525879964174e+04 1.213875997741946594e+04 -1.497227857815345851e+04 1.345709557168084029e+04 4.471887188175831511e+02 -1.185010782554809055e+02 -7.630248442538734253e+02 1.633801164408109616e+04 -9.797532356457282731e+03 -1.053902465531745111e+04 -9.656823082100312604e+03 4.630159880680537754e+04 -3.338072353093387792e+05 1.376737695154908943e+04 9.763020230155527315e+03 -2.857343737577645015e+02 1.230069856274206904e+04 -3.988842011714606087e+03 1.011427503527930457e+04 8.122767063450439764e+02
-3.390361032988087391e+04 7.461490853905177210e+04 1.565464070198635163e+05 6.688038500037605409e+05 9.269461209923577553e+04 7.429178814210163429e+06 -7.226347487304396054e+04 -6.452495208701075753e+05 2.697222315995696001e+06 -1.839428319571936736e+06 -9.099011106334049255e+05 4.952719504703676794e+05 -1.449154183666315657e+04 -1.352397542225514771e+06 -1.006791201424730825e+06 1.677897437323605482e+04 5.029670213864884863e+04 3.157114726211919697e+04 3.748489633779013529e+05 3.634773474928404903e+04
-2.572492274859163444e+04 2.325388719248695270e+04 4.001664117772554891e+04 8.200699162569141481e+04 1.059094913600616383e+04 6.666301649364249315e+05 -3.383042574800510920e+03 2.358932082519509640e+04 -2.161405550294337154e+05 1.711284701467357809e+05 7.386980384584928106e+04 -5.336996622906235280e+04 3.287133002249615402e+03 1.596145089487663936e+05 1.263807101158847072e+05 -1.509401849087448863e+04 1.568896845440872676e+04 -3.041161543986927791e+04 -1.140859943549422496e+04 -2.782786735252361154e+02
-9.045574359854301292e+03 2.509472781560665226e+03 6.052602049672834710e+02 8.564211321167173082e+03 -5.749691222825023260e+02 -1.042737895624301473e+03 -5.479558260491886585e+02 2.337874444150976615e+03 2.716819043223619701e+03 -5.838273971440328751e+03 9.895888114277091518e+03 -2.375673958914054674e+04 -4.361648984331934116e+03 -3.282483414749741769e+03 -9.360360308197105041e+02 -2.595746211705441965e+04 3.979367801747012709e+04 2.336766508746086038e+04 -3.981866910769650531e+03 -2.856470254596074483e+03
-5.569963073253937182e+04 4.000524081454399857e+04 -3.540128080195652728e+04 3.386319163456542447e+04 -2.646326352393198704e+03 -2.978421476435593831e+03 -1.702351305725791235e+02 1.327873263919393503e+04 5.935383108813371109e+03 -3.183994423268694391e+03 6.244542103277305614e+03 -1.249485013510049248e+04 -9.808736907070554025e+02 3.113819815720319639e+03 -3.199804087729558887e+03 -1.210436065684011055e+03 2.932243729220827390e+03 -1.852565111011800127e+03 4.739180552032481160e+02 9.570104494953679932e+02
-4.477676075544546620e+03 3.744799623086336851e+03 5.963370333248714815e+03 8.824683144661892584e+03 -1.813031643731072336e+03 -1.343410192455682136e+03 1.741572518201650155e+03 -8.748764275770832683e+03 -6.712241377785960594e+02 1.467817877671607448e+03 -2.014350543514400442e+03 -9.789826077368363144e+01 -2.768454484648008318e+01 -2.459480276556003560e+02 1.284982960946395281e+02 -2.706557281338725929e+01 7.028443817836173935e+01 1.649110018602840739e+02 -7.955219573971832858e+01 -1.149329142334565176e+03
-2.546015880880209806e+04 3.840999624604670680e+04 6.424569521739189076e+04 1.455202618400785141e+05 1.261742472226338577e+04 1.245502651442236034e+06 7.145544138623640720e+02 -1.048966185180542016e+04 -6.204123835825626884e+04 6.858742783971157041e+04 4.421913603790636262e+04 -2.711161394884805850e+04 7.377498108602670754e+02 1.167680837699208641e+05 7.889859887321027054e+04 3.659955277078601739e+03 -1.534642634331452427e+04 1.060171534130545660e+04 -5.770133565452131006e+04 -5.714484699672711940e+03
-3.944722855745194829e+04 3.949057815269814455e+04 -2.751584939375888280e+04 2.537130505707610428e+04 -1.977060222222823313e+03 -1.578765070622643407e+03 1.113907617288458368e+03 1.982669873931122129e+04 5.230558831019271793e+02 1.366443184082577318e+03 -5.838951429462974374e+03 2.995224028985813129e+04 7.759955779943867128e+03 9.122381238684863547e+02 9.842730254144880746e+03 -2.757542650418111862e+03 1.490380326887102456e+03 6.770219299980237338e+03 3.635288881312675585e+03 -1.254277811087819003e+02
-1.047374452850211492e+04 1.058469992935554910e+04 1.574507510606147480e+04 2.315792306611039294e+03 -6.993282031613100571e+02 4.962782958907871489e+01 8.135174182122469801e+02 4.217873384830878422e+03 2.921913165022553471e+02 -5.223261612853933684e+02 6.568813150799410323e+02 -5.294355180841998845e+03 -9.121176033331815916e+02 -1.465043615781971675e+04 1.222289583960526579e+04 3.582668039975149441e+03 -8.216980097588678973e+02 1.062129262212085905e+02 1.069602634091535947e+03 3.012367155199657418e+02
-4.142454675950141245e+04 3.523850570149484702e+04 -2.515506530893176750e+04 -4.466433699781152427e+03 3.209028064838178125e+03 1.699567357136365217e+03 1.763476369302904004e+03 4.092785316881572271e+03 -4.750326482840349490e+04 -6.440203181907714315e+04 -2.928720186911208657e+04 -7.725173647918447386e+03 3.226093495274218640e+03 8.890972319773056370e+03 5.042511881140103469e+03 6.726269444693120931e+03 6.023368736693599885e+02 -1.096511664455956407e+03 -5.759330611979780770e+03 -1.424599122030882427e+03
-7.390367560573906303e+03 1.666381432624372610e+04 2.603068909526059724e+04 1.397076019505868499e+04 7.381269240129716309e+03 1.424286669910020137e+05 1.128218878994382294e+03 1.075477051275472149e+04 -8.509487801778095309e+04 7.142973307006925461e+04 2.870800541630275620e+04 -3.017305830538623559e+04 8.022616470851531858e+02 7.395029978255111200e+04 7.213731153022375656e+04 9.247868787468125902e+02 9.519593974712712452e+02 -5.775620825524160864e+03 -9.898078799871276715e+03 8.864249539256164780e+02
-1.611011649114116517e+04 1.156344744671072476e+04 1.573883681674665422e+04 5.844089188313692830e+03 2.323359685998671509e+01 1.650917267783829448e+04 -4.069901790475802500e+03 1.036528042166967680e+04 -3.732503453397876729e+04 1.406149692587713798e+04 1.716117464456627204e+03 -1.463227672067159119e+03 -5.607394662528333811e+02 -2.285596015304124376e+04 -2.648471317864620141e+04 -1.272839499655935697e+03 1.305152916366321051e+03 -5.648928353904715749e+01 3.850664711297870781e+03 4.157000003773740104e+02
-4.839840400668755319e+04 -1.513266195375624011e+04 6.408219579032252113e+02 -1.251725647349976043e+03 2.194166035563472121e+02 2.805219713514504747e+02 -9.250126502410315652e+02 2.884512938997518631e+03 -1.591349281771031565e+04 -2.506059589159485040e+04 -1.209161766511730821e+04 -3.701931948012017074e+03 1.061754268853506119e+03 5.791281251600207725e+03 3.362955267375227777e+03 4.700431689336659474e+03 9.601660253329037005e+02 -8.868034281148367199e+02 -4.769510833595016265e+03 2.737195772562338334e+02
-2.245463108896074846e+04 2.381924849497112882e+04 5.348096356406367704e+03 1.044882035644989628e+04 -4.696938765762066623e+02 1.937547822800152062e+03 3.157322968723488884e+03 3.041703536390243244e+04 -2.421846800173755400e+04 -4.182577910966295349e+03 -3.095372010130532362e+04 1.150970225758258457e+05 2.605902145428789299e+04 -1.530298377846563017e+04 5.192732222716709657e+04 -5.673299321837218304e+04 7.425853468310000608e+04 7.097665162038290873e+03 1.944492302146079510e+03 -4.789072812554433767e+03
-4.332376167140884354e+04 4.873417784566304908e+04 -1.491819379816078981e+04 1.183625997982947010e+05 3.774330498322490166e+04 3.272267325405126940e+03 -6.657788197464812583e+03 1.238686921783806029e+05 -1.073264803249460820e+05 -3.239254324847713360e+04 -1.485637644755731453e+05 4.946661070626931614e+05 -2.562450987102032639e+06 7.993945496745551645e+04 8.424003479697836156e+04 3.541244295918357238e+04 9.498511284400306977e+03 -2.362886442389662261e+04 3.937337699184878875e+04 -6.968172246985540551e+04
-3.937153958005670574e+04 9.400567375560969595e+03 2.847170868239001720e+04 -7.704187854615644937e+03 -4.774978464673319650e+03 6.019810164568499431e+02 -9.283654984462929133e+04 9.804378563949621821e+03 -1.180067871268931231e+04 -9.444628457886306933e+03 -3.087097540681488681e+04 -2.959314100704528391e+04 -1.036357618702884065e+04 -4.091347559392800031e+04 4.181658393500300735e+04 -5.402395853004804812e+05 -4.130519698641552241e+05 -2.224136468164363396e+04 -2.088010960122930919e+04 2.494672799212529208e+04
-2.188720638574317491e+04 1.059241400413203337e+04 2.038235173054235929e+04 1.070193685679010059e+03 2.980372296831242807e+02 5.426398347164041297e+03 9.807530587024210718e+02 1.513648240063977391e+04 -3.310712545823997789e+04 6.404356264205570369e+03 6.070649570346966357e+03 2.212927586896738649e+04 2.720696677117901345e+03 -7.061930946635433065e+04 -1.077249770298189287e+04 -2.974411617955129259e+04 3.031431920450130565e+04 8.639082772654802829e+04 2.669608991490132175e+05 4.358330732482956478e+02
-1.088619993337641972e+04 1.317526386142097181e+04 2.117236603755645046e+04 4.041711014244255693e+03 -5.259441840792405856e+02 6.075108892591435506e+03 3.246665308080390787e+03 1.386471470263610536e+04 -1.657775357397400512e+04 1.271832615328547035e+04 8.999109552614087079e+03 -3.711002903894228075e+04 -5.679937055062570835e+03 -1.089361498368092143e+05 1.247252232001722878e+05 5.592142791276628850e+04 -1.657627994533283345e+04 7.314047632459643864e+03 -4.732871350326958236e+03 1.832988135824754863e+04
-1.565431860897010483e+04 1.021999815884061718e+04 1.179740651223026725e+04 2.346213713229607038e+03 -1.086107606658901886e+03 -5.599716063191060584e+02 -1.399614024867305307e+04 2.952116945742138796e+03 -1.992692129882281279e+03 -2.888164469709503464e+03 -7.301874075604535392e+03 -7.402089494802118679e+03 -1.869880277507742676e+03 -5.547891574685118940e+03 6.114283808092419349e+03 -3.519455290090428753e+04 -2.378787923844265606e+04 -1.162953781752269435e+02 -6.242019605014401122e+02 -2.981934544794704038e+02
-2.014504633504052981e+04 1.062716118458732308e+04 2.187704603092172692e+04 -4.004992194874649414e+01 3.034039012240794364e+03 1.463018706878956618e+04 6.418620641592956417e+02 1.249289990751801088e+04 -3.150278965936684108e+04 1.978632355256641313e+04 6.865371924112107536e+02 1.736591445204674164e+04 5.441890239574638144e+03 -2.966854747822355057e+04 8.864651243631262332e+03 -4.525492308549598965e+04 7.173357789663574658e+04 -1.147044286590801639e+05 -2.054939385332366146e+04 -1.202087136806821718e+03
-8.938285959439757789e+03 1.674834471593533817e+04 2.577256879433455106e+04 6.205474460244760166e+02 -2.041179032655154060e+03 -7.526487738911955603e+02 -3.326225146060839961e+03 -5.012272071662874282e+02 -9.420294627301210539e+02 -8.868599063658610248e+03 1.807416564857801859e+04 5.865204207003901502e+03 3.454172469404489902e+02 5.018548809443458936e+02 -3.393644288914928211e+02 -7.473977363768752014e+01 -1.591528623244852270e+03 -5.303695334965406118e+02 8.304304811741048979e+02 -7.083495426348446244e+02
-1.641608874086480137e+04 1.781503969921320459e+04 3.391932557508655009e+04 3.004647648016687526e+04 2.499917312753506121e+05 -6.692097632385707584e+03 -5.099177230338958907e+03 -4.633045393007048915e+03 3.300533643941049377e+03 2.482476980786642343e+03 7.369656543700308475e+02 1.217177745181498494e+03 7.091833332843809785e+02 1.185158462462909256e+03 1.749086552626279172e+02 3.980901744452095841e+02 -4.526640136990729388e+02 5.478677905212874322e+01 -1.976800365014091767e+03 1.416439360140808787e+02
-2.081303823523509709e+04 1.817157416201244632e+04 2.201060758109214294e+04 4.077177566681604367e+04 8.554490850500491433e+03 4.733763754826345394e+04 -3.403484791888219661e+03 4.652069384642329533e+04 -1.432079830899474327e+05 7.464975937167488155e+04 2.615881343345425557e+04 2.465849558045705999e+04 -3.992497341237764431e+03 -1.201239800959516870e+05 -1.277858689853067481e+05 1.798070703808469625e+04 -2.675841434647992355e+04 3.179403125142637145e+04 -8.951835829721747723e+04 -2.500594444517756074e+03
-4.845906946254375362e+04 -1.541523263928262168e+04 9.509609509153960971e+01 -1.432757177856062754e+03 3.801053285195167319e+01 1.423862760549635880e+02 -7.656179131558952804e+02 1.711450747720085701e+03 3.726066103708630521e+02 -3.168971511066501989e+02 5.590461326870283756e+02 1.677205320035806437e+02 -4.113583385921819513e+02 3.642000702848861238e+02 -1.300889499116714489e+02 -2.734173624433973941e+02 2.944068136175727091e+02 -6.729576158142326676e+02 2.386357765459665075e+02 2.133452778161314927e+04
-3.770983126473466837e+04 5.487385780222576614e+03 1.397230955163091676e+04 2.078126879706950422e+04 7.888132223667610560e+03 5.041418500662119914e+04 -7.442846384545428009e+02 4.519229222614926402e+04 -1.758634299516984902e+05 8.380269460526382318e+04 2.220801421463676525e+04 2.007865925857896218e+04 1.205491776937907707e+04 -3.255078927226952510e+05 -2.339856602635043964e+05 -4.201601559623531066e+05 7.102285857723297086e+05 -2.104463607909047045e+06 -2.177633794808288221e+05 5.090580878107423814e+03
-1.241701995569031351e+04 7.564195239446757114e+03 3.623068318384950999e+02 3.628058963955617946e+04 -4.232119477516067491e+03 -3.503311159423140907e+03 -1.683811432906627203e+02 1.000788136331222063e+03 1.625282805830949428e+03 1.375867273773223474e+02 -1.317758728156905136e+03 -3.150221679684281298e+03 3.115285797876683205e+02 1.183800367719215274e+03 -8.438317465545775349e+02 1.364569178446107571e+03 -1.504889460639860999e+03 -1.457414798383967309e+03 1.891403548691629908e+02 8.293957948615758369e+01
2.476179148435865045e+03 8.106585181479596940e+03 9.767627293328145242e+03 4.738160406556909265e+02 -1.807969167864695919e+03 -5.366745267209676058e+02 -3.548415593386689579e+04 5.615047675361898882e+02 1.048215498936882568e+03 1.992304516850686468e+03 -3.455146326962021249e+03 -1.357745651836364459e+03 8.572814912785862873e+01 8.168211421672851884e+02 1.233403003046451403e+02 4.187932111131322017e+03 3.688486166945812329e+03 8.919642038370957380e+02 -9.587514334538763023e+02 -1.271344724801383336e+03
-4.671644323815371172e+04 -8.833421144162351993e+03 -1.316056677328759406e+03 2.173438275559758767e+04 -2.098462895800227670e+03 -2.010084638459700500e+03 -3.622622482187003243e+03 1.541245215691823978e+04 5.479739826316340441e+03 -2.392003593591393837e+03 2.052666039841050406e+03 -2.516322868954957357e+03 3.772502049914236977e+03 5.133511418345481616e+03 1.713029432046041165e+03 1.643663608952853610e+04 -2.328164593565207542e+04 -5.591206601450366725e+04 4.843004162574758084e+04 -1.023217144902201107e+04
-6.118336392702912235e+03 1.452206687512630378e+04 2.340050961585958794e+04 1.199350341036895998e+03 -1.123241511912966871e+03 2.269370024592397021e+04 5.795489780464055002e+03 3.888810507206579132e+03 -1.023432068559430445e+04 6.493218951238087357e+03 1.208137926587759466e+04 -1.161099909373802802e+03 -9.477187574415289362e+01 8.841339043272519120e+03 3.430627229176386209e+03 2.299591145979503835e+03 -5.724401449383262843e+03 5.060910923070789977e+03 -2.027118132546699781e+04 -2.315717861225050001e+03
-2.643763552898166745e+04 3.733526593055090052e+04 6.763889405942482699e+04 1.420863090887261205e+05 4.313969502724552149e+04 1.271015833814267302e+06 -1.308669935687625548e+04 9.499174306960003742e+04 -1.141569845409028232e+06 9.370813689726606244e+05 4.408323173746695393e+05 -4.719446091059840401e+05 1.800154699702349899e+04 1.400029016413799254e+06 1.067892005748613970e+06 -4.399176234783912514e+04 -1.709472291622325429e+04 1.811669281306827033e+05 1.144675960023254156e+06 7.039145206546309055e+04
-3.822330523359615654e+03 1.599406057894103833e+04 2.256156580434051648e+04 -3.163524301335007294e+03 -1.040606938420107099e+03 -2.860866424813043523e+02 9.090674112625935095e+02 2.045037639033794676e+03 8.688789957370698858e+02 1.066431627639372437e+03 -2.671174778378563587e+03 -6.377236886810890155e+02 2.775976979115343912e+00 7.970378922022288180e+02 -7.246269552134264131e+02 8.688072052360013231e+01 1.916359997282390850e+02 -2.014707662183478476e+01 1.240979628893676363e+02 9.404080967854451956e+01
-1.335784412477532715e+04 5.392653224570921338e+03 2.971616937562581825e+03 1.905387220489508400e+04 -2.967550780421677246e+03 -2.583561633666754460e+03 7.440411009900009276e+02 -2.025390919334140199e+04 -1.802770929451634402e+03 4.385586316204738068e+03 -5.493329614280697569e+03 -1.757388606066574539e+03 4.256477700449544841e+02 -5.472627718535205531e+03 5.260608814052413436e+03 2.075946158333256335e+03 -5.314070374452279793e+03 -3.959156515725744612e+03 6.026868224275362081e+03 -8.006412039263304905e+04
8.873165404894492667e+02 6.793487919780088305e+03 1.058238310040698525e+04 1.422394191976595539e+04 -3.238252845927160706e+03 -2.383730340594564495e+03 3.904765641134027874e+02 -2.403733047542234272e+04 -3.793358427235398267e+03 8.718062431590333290e+02 -1.717181148550522494e+03 2.319089081898813674e+03 -8.657809531667851388e+00 -1.015545677033837705e+03 1.240702103610156882e+03 -9.313546394078886124e+02 1.247259711733955328e+03 2.593367713069510501e+02 1.012386397620557688e+02 3.181434385575153556e+03
5.656151207927687210e+03 2.187679825241013168e+04 2.374030268035074550e+04 -3.797823165853043520e+03 -3.950467335141241165e+03 -6.170279708533768144e+02 -5.882004699740629439e+04 -2.147508670833534552e+02 9.716399879441013354e+02 1.425599073228448788e+03 -1.693495090959771005e+03 1.014099608384774115e+03 3.896697546140618442e+02 1.984759552187367262e+03 -3.938353595012091546e+02 5.146386216819851143e+03 3.206888985537213102e+03 5.533118126162091812e+02 -1.023207809094355753e+03 -5.125832745011157385e+02
-6.003203433259839221e+04 7.917131994928437962e+03 -1.878502820809181503e+04 3.456379635069724463e+04 -3.032367327510694395e+03 -3.078213297004032938e+03 -1.443785498841841445e+03 1.421470566046068234e+04 5.404637323758271123e+03 -3.868857165977401110e+03 5.372128453170230387e+03 -1.182613988248317764e+04 -8.000638938880006208e+02 3.368079121196974938e+03 -2.944796064669167208e+03 -1.379913159138867059e+03 3.342739506431720656e+03 -1.622596159085837144e+03 5.846525904119442885e+02 9.970510903070759241e+02
-1.585220570964781109e+04 1.072306514223333943e+04 -1.779150260859106311e+03 6.450025202941887255e+04 -7.177092112647232170e+03 -3.176798280885118402e+03 -6.386860647445788572e+02 1.224897165276678970e+04 -2.563068815965182807e+02 3.946340076751787365e+03 -6.101466939605237712e+03 5.683853403296346187e+03 -3.035668125448964361e+02 1.639245032105687869e+03 -3.481512526757886917e+03 3.713862613224655433e+03 -4.336584158721611857e+03 9.791279386703683940e+02 -3.308710574222885498e+03 5.891634840567396623e+02
-4.170324232268446940e+04 3.592800288983647624e+04 -2.631111025582168804e+04 -5.215194680268989032e+03 9.961860748760462911e+02 5.561228440108310451e+02 1.341938083209331353e+03 -4.304916567621630747e+02 4.213094467389594229e+02 1.276632886864748002e+02 1.716021576201648713e+03 -2.214880664581806684e+02 -6.278360627224361679e+02 -2.600806059232396592e+02 -5.757933517513070143e+01 -2.423856012809914660e+02 -3.644378215321172121e+01 -8.380023343760742591e+02 1.149647840141556259e+02 2.120631091592619487e+04
-8.268446814348288171e+03 1.212668474632962898e+04 1.945281679758963219e+04 6.779489507183300248e+02 -9.826713033106315152e+02 -4.177003724310675352e+02 1.469826313223471288e+03 2.025146638705135047e+03 -4.757514767061500720e+02 -5.675377798168546178e+03 1.121849194194407391e+04 2.790324228457295703e+03 1.469142406023031242e+02 -4.457692747640987250e+02 6.362176531208451991e+01 -4.134338459626503663e+02 -1.351302503826271504e+03 -2.581445453429843155e+02 5.573852979241631829e+02 -1.060889189197073392e+03
-2.552152493767725900e+04 5.266136688640695502e+04 -2.797496914394047963e+03 -9.948895444239115022e+03 -1.280620384755854730e+03 2.184690540582180347e+02 -9.426596383286008859e+03 -2.448991795700039802e+03 4.331587754302055373e+02 -1.270867525925409467e+02 2.521457216510386388e+03 2.613452958333646620e+03 1.798567130233167290e+02 1.626981027041533480e+03 -1.318575709039789672e+03 8.569612695203347812e+02 -5.951587284375242461e+02 -5.900102149501757367e+02 1.224082432123080935e+02 6.810557140301945083e+02
-4.143194439734111074e+04 4.484228981908001879e+04 -2.858539044520583775e+04 7.259260333068377804e+04 -7.064001523544519841e+03 2.771969462974639100e+02 7.208525684075864319e+02 3.906729044659725332e+04 -5.385709631857901513e+03 1.048470285050104212e+04 -1.759744032777686880e+04 5.207129716938638740e+04 6.499521134707255442e+03 8.182937939878567022e+02 4.915421920691188461e+03 2.402189762005840294e+03 -5.040236734664472351e+03 1.307832762866300436e+04 -4.256148820583467568e+03 9.697312495868145561e+02
-3.956191647377369372e+04 3.566008445930090966e+04 -2.193983174923398838e+04 -1.853931530050894935e+03 8.892177149499757434e+03 1.091753305600812610e+03 9.457281049629380050e+02 2.231584952535916273e+03 -3.138931788304423026e+04 -4.035464804999753687e+04 -1.613175154985182053e+04 -4.187877895391084166e+03 2.038507542457962472e+03 3.078221881834761007e+03 1.942232175681268245e+03 -1.104842628743248724e+03 -2.752975299614032792e+03 -3.279709446174872483e+02 -9.892947839728238932e+02 -1.830434727805727334e+03
-4.589368464421356475e+04 -1.203300022316408649e+04 6.078931012906598880e+03 6.449570804826877975e+03 6.258107180087364395e+04 -1.690336489392045905e+03 -2.466131763986879832e+03 -5.761857160954552910e+02 2.130652173283455042e+01 -9.065215702016051864e+02 -4.412910171075057519e+02 3.337734950169694912e+02 -1.240196484897655438e+02 5.811739553175121955e+02 -3.358678130788852627e+02 1.142204032571899859e+02 8.788563715340112026e+01 3.897369094780199816e+01 5.515875041685844735e+02 4.181866744270756158e+02
-2.355501195781554270e+04 2.426984973255989826e+04 3.045530167303908092e+04 5.912451571240433987e+04 8.350890648660182705e+03 8.631646067246637540e+04 -1.990197281742229734e+03 7.837111987679243612e+04 -2.531767388323282066e+05 1.347787085001167143e+05 5.998019736836874654e+04 4.462488080936217739e+04 -7.427769283151555101e+03 -2.174164048649183242e+05 -2.326986299964478821e+05 3.998201027050674747e+04 -6.119156957917978434e+04 7.300509332303371048e+04 -1.949312601985632791e+05 -7.287238835909098270e+03
-4.604627741940411943e+04 -1.259906075228156078e+04 4.576054832466074004e+03 1.937791861520115390e+03 4.289908033490660841e+02 1.602205318481282848e+04 -3.010843108189031682e+03 8.336419234093516934e+03 -3.707189018879443756e+04 1.345619431214451288e+04 2.521004675497531480e+03 -1.771540826357301512e+03 -5.522307809826711491e+02 -2.169653438903723509e+04 -2.672028257042165205e+04 -1.423384993807663477e+03 1.885098753698848668e+03 -5.605461733229212768e+02 4.342865661380818892e+03 9.581481931211824303e+02
-4.602943147526719986e+04 -1.264689863789240917e+04 3.977983541881246310e+03 -4.699698354103414744e+01 -4.530022228453654520e+02 -1.513452401315360021e+02 -8.306502588745566754e+03 2.768450996686508006e+03 -2.053515310426852011e+03 -3.485854513877725822e+03 -5.982718044148910849e+03 -6.529510876289482439e+03 -1.815652155286429206e+03 -4.565033017427120285e+03 5.397040189435899265e+03 -3.505207940036319633e+04 -2.350753317250120745e+04 -1.858441280671968059e+02 -7.520672148716735137e+02 2.543486747477951724e+02
-1.300887080491477354e+04 8.450406271913117962e+03 -5.347761748070190606e+02 4.528779937183141010e+04 -5.151801364129325520e+03 -3.645499195631485236e+03 -3.677886591162820196e+02 4.377802982009423431e+03 1.398711748978121477e+03 9.768363798713691040e+02 -2.473926614281501770e+03 -1.024769824042623895e+03 3.141641739247936016e+02 1.435350181975049964e+03 -1.426204693544412294e+03 2.186320483779997630e+03 -2.568990927789521720e+03 -1.195666856919033535e+03 -4.409825101676496502e+02 1.981700077987312909e+02
-1.634734480272500696e+04 1.689519701039140273e+04 3.100873103696448015e+04 2.601264623958627635e+04 2.110497511267175141e+05 -5.905270478579878727e+03 -4.248878554481486390e+03 -3.423451831658474021e+03 2.835954355154501172e+03 1.480972562610847035e+03 4.957891204323230454e+02 8.482351965876324584e+02 5.002372427578214911e+02 8.690897002965563161e+02 1.944527582295013133e+02 3.281772234728942976e+02 -4.003895635515269191e+02 8.425132268611480413e+01 -1.216642419325168703e+03 8.708482554572530887e+01
-3.974917303996800911e+04 2.992474114119260776e+04 7.071599825384917494e+04 2.119786576615697704e+05 2.921329843516815163e+04 2.260459814969441388e+06 -1.914860276708381571e+04 -1.197141876558182703e+05 3.777748173153723474e+05 -2.296517968083749874e+05 -1.297108764629842626e+05 6.304044928217919369e+04 5.534690031535938942e+03 -1.422523746465898002e+05 -6.509183787714028585e+04 -5.075145329514676996e+04 9.022648044844013930e+04 -1.260102463768135494e+05 5.543411406090674427e+04 7.031130045779574175e+03
-4.230074632648596162e+04 3.173283367173568331e+04 -1.181595865101451818e+04 7.022798172212296049e+04 3.528531896716216579e+03 7.898680008489934153e+03 -5.763680276387690355e+03 7.020235113786105649e+04 -8.040181862613800331e+04 -3.238103336256204420e+04 -8.247568561438926554e+04 2.313521132912283356e+05 -1.214324406624735100e+06 3.285774123662659258e+04 3.262960412621330761e+04 7.592509437942585464e+03 -2.003601040810386849e+03 -9.984261045926943552e+03 1.619860374059043897e+04 -3.105760709461279839e+04
-2.429418049826352944e+04 2.698379286851121651e+04 3.446663933046036163e+03 1.005475099803044395e+04 2.920354153869237780e+04 5.099319736358959926e+04 -4.563659200859648081e+03 1.838282746062913429e+04 -1.362001981509630277e+05 1.456843042761191100e+04 -6.664649893696766412e+03 -1.315188246563424764e+04 3.727323548901215872e+03 -4.795021337855275488e+04 -8.657725994715269189e+04 -1.134324678016417420e+04 1.580885480889602877e+04 2.568531512170443239e+04 2.083360383645029215e+05 6.340608926545673967e+03
-3.885188543786621449e+04 3.614554735393063311e+04 -1.928431437533532517e+04 -1.280410324934098867e+02 3.362278403425074430e+03 1.755579447067759611e+04 -2.080799369136945643e+03 1.022364857648575344e+04 -6.862281947477857466e+04 -2.563567161726557970e+04 -1.514341436542061638e+04 -5.569973965455727011e+03 1.649428191045172753e+03 -1.870035693211021498e+04 -2.507868034628783425e+04 7.861500935109968395e+02 1.263293472028774886e+03 -7.942321736600965778e+02 3.267838858233413248e+03 -7.707681745238854774e+02
-4.624992090750896023e+04 6.031144958106732520e+04 -8.439925480606307246e+03 2.080862865799608699e+03 -3.075119882778498777e+03 -3.832902653843643179e+02 -4.236018833156790060e+04 7.337889544707501955e+03 2.253465912638389455e+03 4.574479426088740183e+03 -8.631084994203974929e+03 -3.525601343794339755e+03 1.461308531584735704e+02 5.400201305612492888e+02 -7.752594593299367887e+01 1.556027002344281073e+03 -1.512018550089996779e+03 -1.543161638777948838e+03 4.043528621942037944e+02 1.924594863147491196e+03
-3.687507318215197301e+03 1.415859723492193552e+04 2.106579199026332572e+04 -2.762179941650113506e+03 -8.772437551248386853e+02 -2.786190300207990731e+02 2.582151771821824241e+03 1.819927105845830511e+03 8.129310358486719679e+02 1.033799107196536625e+03 -2.621785284205494008e+03 -6.802405310037054278e+02 -5.411450117642538693e+00 8.178578074214212847e+02 -7.411637070857373146e+02 3.221021051487637976e+01 2.123900761758597469e+02 2.321494809125326952e+01 7.270153308496752231e+01 8.593525467652142424e+01
-5.544694615448676632e+04 3.803544562803117879e+04 -3.273157473401235984e+04 1.624197272432399222e+04 -7.976791025262757557e+02 -1.414133146963484251e+03 9.706164526894464473e+01 7.098342673661281879e+03 4.040927274933425906e+03 -2.347650047220588931e+03 6.258473107174155302e+03 -9.278737117918321019e+03 -1.171944501479833662e+03 1.061920202291653823e+03 -1.478445973372469552e+03 -2.094784651697730624e+03 3.680691974509899410e+03 -7.787238627539455820e+02 5.936267906267521539e+02 9.040016389276227926e+01
-1.447159353731825831e+04 1.378457330102036212e+04 1.398616513330098314e+04 -2.450316065979440054e+02 -2.635480846094001777e+02 1.510656495281758680e+02 -5.408388774381881376e+03 4.512797230017838046e+03 -1.276405638139053917e+04 -1.726139433596273375e+04 -1.117907912428073541e+04 -6.125690983489403152e+03 -7.052645162231965514e+02 2.546236507596999672e+03 5.371756212170851541e+03 3.151401140446999989e+02 3.196234192438173068e+03 -3.759591207723659409e+03 -9.868502635799231939e+02 -4.550211809342200468e+03
-1.927012109316791248e+04 1.307720173890242040e+04 1.444937727945443658e+04 4.396782293286950335e+03 -1.221053865282558490e+03 -7.545258464320406802e+02 -1.127755798825075544e+04 7.207573239111956354e+03 2.677682885115481895e+03 -1.020820446510921784e+03 -1.045721232698416998e+03 -1.463722700396901746e+04 -1.753523021080102808e+03 -3.307273648598067211e+03 1.290515400888650674e+03 -9.151686644439872907e+03 1.332519098310769550e+04 5.332264710315642333e+03 1.853186143029103505e+03 -5.925434041043181423e+02
-3.440633898858170141e+04 4.370198342291024892e+04 -1.064626052042681113e+04 3.781222159796578489e+04 -3.326659294419986509e+03 5.603304692726538860e+02 3.541708984687490101e+03 5.068770063791319262e+04 -1.773276820685792336e+04 6.487542251296727954e+03 -3.752926779266454105e+04 1.513532630094628839e+05 3.164126970761188932e+04 -1.271252573740497246e+04 5.780358427184413449e+04 -5.371757076918907114e+04 6.656483194680088491e+04 3.143571401094579778e+04 4.536901748569896881e+03 -3.864308359341386677e+03
-6.743691000363694002e+03 6.622226090557699536e+03 9.090621857233851188e+03 1.655737255543889114e+04 -2.820849385761128360e+03 -2.434181614667528265e+03 5.426943506471094452e+02 -2.034061585814630962e+04 -3.210237947421941499e+03 2.418276832009571535e+03 -6.023618920844599415e+03 -3.890708116254077140e+03 -5.607669381616118471e+02 -7.501084500095665135e+03 6.005133077933372078e+03 -3.651092261068385142e+03 1.992200920820348074e+03 3.589926442423582557e+03 1.019163635163700746e+03 -1.181608489145227213e+04
