2.099516953713400653e+04 -3.093364704694577995e+03 -3.395692535204425894e+03 -4.312914836620519736e+02 1.632688026197752436e+02 9.576812257691351249e+01 -9.449600280651343098e+01 2.137859068282538431e+02 5.141685828031418382e+00 -4.420235061702754109e+01 1.123771369403965963e+02 4.006630320107286281e+01 4.025076644560063421e+00 8.525736949665251529e+00 -8.427321812719334559e+00 8.718392554902450797e+00 -3.282690032475997555e+01 -2.476360741192646842e+01 5.119356131717524683e+00 1.808562464475250708e+00
-4.937434768904578959e+04 -1.552745796505271210e+04 1.431711040974898879e+02 -1.206403844316081859e+03 -5.594843077994827496e+01 7.457027237113906892e+01 -3.968442640456599975e+02 -4.422112566603694894e+00 2.794097048051319234e+02 3.841808064651673362e+02 -7.118274722874779137e+00 2.594945974000002025e+02 5.509752255501311424e+01 9.353941258049206908e+01 -6.264427746483964654e+01 1.086036098689629910e+02 5.677993741959731722e+00 9.159675608769731525e+01 -1.202884756233937225e+01 -6.522849624037630747e+02
-3.168398763071782014e+03 1.105271515316326440e+04 1.767417906783040235e+04 -2.065103893091463760e+03 -7.228691937526008360e+02 -2.643886722095730306e+02 4.576239501876201757e+03 1.185525338746063653e+03 6.431684299557584836e+02 8.415202085446213687e+02 -2.283456965440079330e+03 -6.039681659767303472e+02 -3.704464865978684518e+00 9.892384483577141054e+02 -8.270355376403001628e+02 -1.846530805493221905e+01 2.272305828558100700e+02 9.986870440264333126e+01 -5.299795751116240439e+01 8.978618614181812063e+01
-4.260886782801830850e+04 3.583846070121286175e+04 -2.622705834739513739e+04 -5.116292441518177839e+03 9.131450870268050721e+02 4.989418012674915417e+02 1.728082558591771431e+03 -2.218037409005853988e+03 3.045188589352402460e+02 8.542148589730439880e+02 1.106520730042738251e+03 -7.830245850897928506e+01 -1.471103529638531029e+02 -5.321498259599050016e+02 1.064526643458166788e+01 1.449673674909902275e+02 -3.402780217800124092e+02 -7.182769634648653323e+01 -1.418870112040549714e+02 -7.905726848944204903e+02
-1.563880337839356980e+04 1.496201799177275097e+04 2.630321937833739867e+04 1.985721819108813361e+04 1.561054282103282167e+05 -4.773985141533918977e+03 -2.811650997978850683e+03 -2.046804056155405760e+03 2.252289246385410934e+03 4.891562651619209845e+01 1.487029486423932099e+02 2.720150136069458426e+02 2.152115574121421275e+02 5.704489673318254290e+02 3.646951985274384924e+02 5.599574072981513950e+01 -6.717159325581746998e+01 -7.852210714450801277e+01 -2.088720227343979161e+02 -9.038638729546018880e+00
-1.207753754492172447e+04 7.600744971462980175e+03 4.001652618617184203e+02 3.689297886742088303e+04 -4.304191947345600965e+03 -3.542841121349190416e+03 -1.856950872964121402e+02 1.118470815699497280e+03 1.626423442357699514e+03 1.815944729299691289e+02 -1.425009970164500601e+03 -3.056087989724429008e+03 3.358225994270512729e+02 1.214551519562011663e+03 -8.633258650251253812e+02 1.443747317261787202e+03 -1.613825753708053298e+03 -1.481462086454862401e+03 1.779950266710411313e+02 1.068805431038400116e+02
-2.436483802557143645e+04 3.267222865612317037e+04 5.467944334848033031e+04 1.238246704467445234e+05 1.038165300575338188e+04 1.018446762935484410e+06 2.280250249014074143e+03 2.519107005407495762e+03 -1.155913174114106514e+05 1.060326528952555673e+05 5.682785977506061317e+04 -3.723477255232878815e+04 1.025845527575876986e+03 1.409752744410783926e+05 1.026381412046951154e+05 1.205873104956819816e+03 -1.100631420144206277e+04 2.008147975374210091e+03 -5.913037358805485565e+04 -4.723609915800651834e+03
-3.390361032988087391e+04 7.461490853905177210e+04 1.565464070198635163e+05 6.688038500037605409e+05 9.269461209923577553e+04 7.429178814210163429e+06 -7.226347487304396054e+04 -6.452495208701075753e+05 2.697222315995696001e+06 -1.839428319571936736e+06 -9.099011106334049255e+05 4.952719504703676794e+05 -1.449154183666315657e+04 -1.352397542225514771e+06 -1.006791201424730825e+06 1.677897437323605482e+04 5.029670213864884863e+04 3.157114726211919697e+04 3.748489633779013529e+05 3.634773474928404903e+04
8.809424517797601766e+02 6.796677718891600307e+03 1.058556531384195114e+04 1.422502337237360007e+04 -3.238492359565432707e+03 -2.383902807871580990e+03 3.879723710026739241e+02 -2.403685088543210441e+04 -3.793332999802620634e+03 8.710876994793368340e+02 -1.715792619554362773e+03 2.319385453114499342e+03 -8.628301851151972457e+00 -1.015906186113090371e+03 1.241017416548262190e+03 -9.313129885572403737e+02 1.247144205764078833e+03 2.592317305872539350e+02 1.014798510830630960e+02 3.181403024118859321e+03
5.383052228731366995e+03 2.284601112244191609e+04 2.367404462587449598e+04 -4.422682531129356903e+03 -4.006927053765265555e+03 -5.133950205828089111e+02 -6.269529897998923843e+04 6.552335923251808936e+02 1.206203987015706389e+03 2.667556160986961913e+03 -4.079286678123075490e+03 1.164233468819041093e+02 3.455100982352909682e+02 1.826763810808322432e+03 -3.615455164925438680e+02 5.199444391343167808e+03 3.236573818794420276e+03 6.121887837828994634e+02 -1.161171006671590249e+03 -5.918399311311892461e+02
-5.569963073253937182e+04 4.000524081454399857e+04 -3.540128080195653456e+04 3.386319163456542447e+04 -2.646326352393198704e+03 -2.978421476435594286e+03 -1.702351305725791235e+02 1.327873263919393503e+04 5.935383108813371109e+03 -3.183994423268694391e+03 6.244542103277306524e+03 -1.249485013510049248e+04 -9.808736907070554025e+02 3.113819815720319184e+03 -3.199804087729558887e+03 -1.210436065684011282e+03 2.932243729220827390e+03 -1.852565111011800127e+03 4.739180552032482296e+02 9.570104494953681069e+02
-3.944722855745194829e+04 3.949057815269814455e+04 -2.751584939375888280e+04 2.537130505707610428e+04 -1.977060222222823768e+03 -1.578765070622643179e+03 1.113907617288458596e+03 1.982669873931122129e+04 5.230558831019271793e+02 1.366443184082577545e+03 -5.838951429462974374e+03 2.995224028985813129e+04 7.759955779943867128e+03 9.122381238684863547e+02 9.842730254144880746e+03 -2.757542650418111862e+03 1.490380326887102001e+03 6.770219299980239157e+03 3.635288881312676494e+03 -1.254277811087819003e+02
-9.045574359854301292e+03 2.509472781560665226e+03 6.052602049672834710e+02 8.564211321167174901e+03 -5.749691222825025534e+02 -1.042737895624301245e+03 -5.479558260491887722e+02 2.337874444150977070e+03 2.716819043223619701e+03 -5.838273971440328751e+03 9.895888114277093337e+03 -2.375673958914054310e+04 -4.361648984331934116e+03 -3.282483414749741769e+03 -9.360360308197105041e+02 -2.595746211705441965e+04 3.979367801747012709e+04 2.336766508746085674e+04 -3.981866910769650531e+03 -2.856470254596074483e+03
-2.552152493767725900e+04 5.266136688640695502e+04 -2.797496914394047508e+03 -9.948895444239115022e+03 -1.280620384755854957e+03 2.184690540582180347e+02 -9.426596383286008859e+03 -2.448991795700039802e+03 4.331587754302055373e+02 -1.270867525925409467e+02 2.521457216510386388e+03 2.613452958333646166e+03 1.798567130233167290e+02 1.626981027041533252e+03 -1.318575709039789444e+03 8.569612695203346675e+02 -5.951587284375244735e+02 -5.900102149501757367e+02 1.224082432123081077e+02 6.810557140301943946e+02
-4.412972238072523396e+03 1.805394110741467739e+04 2.470338616872939019e+04 -3.129323393414279508e+03 -1.437704179702850070e+03 -4.289478205272318405e+02 -1.160935236647389047e+03 7.955363642892920097e+02 6.244168522628539222e+02 -4.096203966515568595e+02 5.130532807110190561e+02 8.017827242976364914e+02 9.729712203998063558e+01 1.247765609394453577e+03 -9.216853997045105871e+02 2.497329204237939564e+02 7.411624699578656816e+01 -1.408894085542522987e+02 2.387055093429851524e+02 2.695908852084816658e+02
-4.333196310944721517e+03 3.731543475282279815e+03 6.047109930005423848e+03 8.744036040579660039e+03 -1.812527900324928851e+03 -1.337159240001764147e+03 1.766477783468695634e+03 -8.832196543880842000e+03 -7.011614177787323570e+02 1.505018785647157529e+03 -2.077070615046664898e+03 7.124546185725681990e-01 -1.222502970784344711e+01 -2.515864089690109893e+02 1.410752456906222676e+02 7.939447903158812103e+00 1.411098330002721468e+01 1.562171794606250046e+02 -8.346244746055961627e+01 -1.131485875547683463e+03
-8.928628713382120623e+03 1.674665901302654311e+04 2.577736683744611946e+04 6.102321687053598680e+02 -2.040679600883138846e+03 -7.518980930897861299e+02 -3.325280287823031813e+03 -5.049572418194419470e+02 -9.428342345223016991e+02 -8.867999516089566896e+03 1.807307056304747312e+04 5.866361750680210207e+03 3.452353995058368810e+02 5.017564726951801504e+02 -3.392016767650722500e+02 -7.505352183040329805e+01 -1.591004922325467078e+03 -5.296485687052359026e+02 8.300680884719341748e+02 -7.082173830847629006e+02
-1.025875603478133598e+04 1.058168723376798880e+04 1.586102344316739618e+04 2.167581674638584445e+03 -6.911790691150409884e+02 5.750767615784799602e+01 8.247482093715847213e+02 4.151592351098052859e+03 2.503176768694284249e+02 -4.813532620659361783e+02 5.927206998052284916e+02 -5.163994838262132362e+03 -8.906522343267471342e+02 -1.466715146329169693e+04 1.224436180068312933e+04 3.627396628782576499e+03 -8.959867751482398717e+02 9.825234571600327627e+01 1.069273706600318292e+03 2.954468912014325497e+02
-1.708123090276850417e+04 2.823088499526270607e+04 6.574038937358984185e+03 -4.844014597978443817e+03 1.820557200225977340e+03 1.038740091161193504e+03 1.509631051906481389e+03 3.531234880720931869e+03 -3.087965131766207196e+04 -4.021400563972676900e+04 -1.556689707062646266e+04 -2.694968123697388819e+03 2.368846156856040125e+03 4.395774721766386392e+03 7.703245214171936368e+02 2.244147886004178417e+03 -6.123833483429145872e+02 -4.973282257999338754e+02 -7.620118881382632026e+02 -1.546291587680771272e+03
-2.081303823523509709e+04 1.817157416201244996e+04 2.201060758109213566e+04 4.077177566681604367e+04 8.554490850500489614e+03 4.733763754826345394e+04 -3.403484791888219206e+03 4.652069384642329533e+04 -1.432079830899474327e+05 7.464975937167488155e+04 2.615881343345425194e+04 2.465849558045706362e+04 -3.992497341237764431e+03 -1.201239800959516724e+05 -1.277858689853067335e+05 1.798070703808469625e+04 -2.675841434647992355e+04 3.179403125142636418e+04 -8.951835829721749178e+04 -2.500594444517755619e+03
-1.565431860897010120e+04 1.021999815884061900e+04 1.179740651223026907e+04 2.346213713229607038e+03 -1.086107606658901659e+03 -5.599716063191060584e+02 -1.399614024867304943e+04 2.952116945742138341e+03 -1.992692129882281279e+03 -2.888164469709504374e+03 -7.301874075604535392e+03 -7.402089494802118679e+03 -1.869880277507742221e+03 -5.547891574685118940e+03 6.114283808092419349e+03 -3.519455290090428025e+04 -2.378787923844265606e+04 -1.162953781752269578e+02 -6.242019605014398849e+02 -2.981934544794703470e+02
-4.230074632648596162e+04 3.173283367173568331e+04 -1.181595865101451818e+04 7.022798172212296049e+04 3.528531896716216579e+03 7.898680008489934153e+03 -5.763680276387690355e+03 7.020235113786105649e+04 -8.040181862613800331e+04 -3.238103336256204420e+04 -8.247568561438926554e+04 2.313521132912283356e+05 -1.214324406624735100e+06 3.285774123662659258e+04 3.262960412621330761e+04 7.592509437942585464e+03 -2.003601040810386849e+03 -9.984261045926943552e+03 1.619860374059043897e+04 -3.105760709461279839e+04
-4.845963014898239635e+04 -1.541570544048269221e+04 9.484239234665999163e+01 -1.433326655135140527e+03 3.801555477882268264e+01 1.424529441474404337e+02 -7.656487647675451171e+02 1.711225375156304835e+03 3.725176719076168297e+02 -3.168186584693015106e+02 5.590535728672610958e+02 1.677176792397174836e+02 -4.114007897165317331e+02 3.639853548981849372e+02 -1.299490310205508763e+02 -2.736757961005950506e+02 2.945139405312567646e+02 -6.726279036900567689e+02 2.380974075089480948e+02 2.133488693548829906e+04
-1.614549241534326393e+04 1.160939225004448963e+04 1.570324608683648694e+04 5.877964717213340919e+03 2.459365029221368104e+01 1.651358958001930660e+04 -4.061748069383713300e+03 1.038890505005377963e+04 -3.740436319767526584e+04 1.398704859038012910e+04 1.670560367437673449e+03 -1.451413101274804376e+03 -5.570990384030284304e+02 -2.285396913282156311e+04 -2.649325183702276991e+04 -1.262033754031991066e+03 1.297066566577337426e+03 -5.107402461463595955e+01 3.837023227410165873e+03 4.135274193324427188e+02
-7.243859777403076805e+03 1.669080262827155093e+04 2.598541368485003841e+04 1.361298952021678997e+04 7.364666430159324591e+03 1.399129932407291781e+05 1.134473870154196447e+03 1.053197447510243728e+04 -8.365420321534339746e+04 7.050647850597910292e+04 2.825868233850336765e+04 -3.006308806274439121e+04 8.138264953502846311e+02 7.396074165451215231e+04 7.239677663193075568e+04 8.855395008302598399e+02 1.073180536385832511e+03 -5.892674291678176814e+03 -9.367446865460236950e+03 9.127502026492441018e+02
-2.245463108896074482e+04 2.381924849497113246e+04 5.348096356406367704e+03 1.044882035644989446e+04 -4.696938765762067192e+02 1.937547822800151835e+03 3.157322968723488884e+03 3.041703536390243244e+04 -2.421846800173755764e+04 -4.182577910966294439e+03 -3.095372010130532362e+04 1.150970225758258457e+05 2.605902145428788572e+04 -1.530298377846563017e+04 5.192732222716710385e+04 -5.673299321837220486e+04 7.425853468310002063e+04 7.097665162038292692e+03 1.944492302146079510e+03 -4.789072812554433767e+03
-3.770983126473466837e+04 5.487385780222576614e+03 1.397230955163091676e+04 2.078126879706950422e+04 7.888132223667610560e+03 5.041418500662119914e+04 -7.442846384545428009e+02 4.519229222614926402e+04 -1.758634299516984902e+05 8.380269460526382318e+04 2.220801421463676525e+04 2.007865925857896218e+04 1.205491776937907707e+04 -3.255078927226952510e+05 -2.339856602635043964e+05 -4.201601559623531066e+05 7.102285857723297086e+05 -2.104463607909047045e+06 -2.177633794808288221e+05 5.090580878107423814e+03
-4.652826525879964174e+04 1.213875997741946594e+04 -1.497227857815345851e+04 1.345709557168084029e+04 4.471887188175831511e+02 -1.185010782554809055e+02 -7.630248442538735389e+02 1.633801164408109616e+04 -9.797532356457284550e+03 -1.053902465531744929e+04 -9.656823082100312604e+03 4.630159880680538481e+04 -3.338072353093387792e+05 1.376737695154908943e+04 9.763020230155527315e+03 -2.857343737577645015e+02 1.230069856274206722e+04 -3.988842011714606087e+03 1.011427503527930457e+04 8.122767063450439764e+02
-3.697192059710733702e+03 1.500439963803176579e+04 2.185976509651360902e+04 -2.966419822492976891e+03 -9.505029817799560306e+02 -2.793851008138254315e+02 1.821974083576001476e+03 1.993198528275114995e+03 8.532827735722260059e+02 1.100904372769508200e+03 -2.759733810315147366e+03 -7.117221278471917003e+02 -4.985296880882206239e+00 7.863314473814077701e+02 -7.229284405054578428e+02 5.392935225623268281e+01 2.065405572180041247e+02 3.786914982297852728e+00 9.895800530191365851e+01 8.308421566767655975e+01
-3.937153958005669847e+04 9.400567375560969595e+03 2.847170868239002084e+04 -7.704187854615644937e+03 -4.774978464673319650e+03 6.019810164568499431e+02 -9.283654984462929133e+04 9.804378563949623640e+03 -1.180067871268931412e+04 -9.444628457886305114e+03 -3.087097540681488681e+04 -2.959314100704528755e+04 -1.036357618702884247e+04 -4.091347559392800031e+04 4.181658393500300735e+04 -5.402395853004804812e+05 -4.130519698641552241e+05 -2.224136468164364123e+04 -2.088010960122931283e+04 2.494672799212529571e+04
-1.088619993337642154e+04 1.317526386142097181e+04 2.117236603755645046e+04 4.041711014244255239e+03 -5.259441840792405856e+02 6.075108892591437325e+03 3.246665308080390787e+03 1.386471470263609990e+04 -1.657775357397400148e+04 1.271832615328546672e+04 8.999109552614088898e+03 -3.711002903894227347e+04 -5.679937055062570835e+03 -1.089361498368091852e+05 1.247252232001722587e+05 5.592142791276628850e+04 -1.657627994533283345e+04 7.314047632459645683e+03 -4.732871350326958236e+03 1.832988135824754863e+04
-1.618038646031573626e+04 1.786054183565922722e+04 3.434756825287893298e+04 3.065946711427194896e+04 2.564064080203492194e+05 -6.826301691690199732e+03 -5.191576703119842023e+03 -4.907672312125115241e+03 3.368259599152956071e+03 2.642670408754950131e+03 7.485958612369163347e+02 1.344000801592452945e+03 7.474131624353921097e+02 1.268421288116970800e+03 1.435111091525027689e+02 5.055913994151076736e+02 -6.117895667600618026e+02 2.114567217726134061e+02 -2.083527464022072309e+03 1.536533107106747877e+02
-4.838838990121497773e+04 -1.511786491858779300e+04 6.437741599662798535e+02 -1.247028046385879861e+03 2.192976623395577178e+02 2.798721007088643660e+02 -9.238029655941101055e+02 2.887226791666218105e+03 -1.591206399354608402e+04 -2.506259851132189578e+04 -1.208905382643835401e+04 -3.706032995893642692e+03 1.060421767072097737e+03 5.791422799309464608e+03 3.361657274913467063e+03 4.699706386233558078e+03 9.621003336606154335e+02 -8.871073458226356934e+02 -4.768129658469118112e+03 2.753207429300485956e+02
-2.426091936731514579e+04 2.694714427095974679e+04 3.667572126514650336e+03 1.044606899719618923e+04 2.913220854107989726e+04 5.306778203106480214e+04 -4.594949134260182291e+03 1.867452406596787114e+04 -1.378775680242416274e+05 1.558192104766846205e+04 -6.290820204573906267e+03 -1.329812095294551546e+04 3.729025513047743061e+03 -4.820284070918578800e+04 -8.729026335838045634e+04 -1.137769096384951081e+04 1.580632494886757013e+04 2.600998357425364884e+04 2.095865324660608312e+05 6.383567378700519839e+03
-2.014504633504052981e+04 1.062716118458732308e+04 2.187704603092172329e+04 -4.004992194874645151e+01 3.034039012240794364e+03 1.463018706878956436e+04 6.418620641592955280e+02 1.249289990751801452e+04 -3.150278965936684835e+04 1.978632355256642040e+04 6.865371924112107536e+02 1.736591445204673801e+04 5.441890239574639054e+03 -2.966854747822355421e+04 8.864651243631262332e+03 -4.525492308549599693e+04 7.173357789663576114e+04 -1.147044286590801494e+05 -2.054939385332365418e+04 -1.202087136806821718e+03
-4.671644323815371172e+04 -8.833421144162351993e+03 -1.316056677328759406e+03 2.173438275559758767e+04 -2.098462895800228125e+03 -2.010084638459700500e+03 -3.622622482187003243e+03 1.541245215691824160e+04 5.479739826316340441e+03 -2.392003593591393837e+03 2.052666039841050406e+03 -2.516322868954956903e+03 3.772502049914236977e+03 5.133511418345481616e+03 1.713029432046041165e+03 1.643663608952853610e+04 -2.328164593565207542e+04 -5.591206601450366725e+04 4.843004162574758084e+04 -1.023217144902201107e+04
-2.526453035560741046e+04 4.444472669138551282e+04 7.377008612880375586e+04 1.667412331157379376e+05 1.493705606932060800e+04 1.466414314343673410e+06 -2.802717923809582771e+03 -2.346521660321276795e+04 -9.237804425527285275e+03 3.232638898700807113e+04 2.991672128163318848e+04 -1.749737816649088927e+04 4.957015334456363576e+02 9.101359860904088418e+04 5.358278815693398064e+04 5.187350187974319851e+03 -1.797233859911886975e+04 1.889587042832405132e+04 -4.458338193041580962e+04 -5.903833228715079713e+03
-4.087769203068068600e+04 3.610411755570941750e+04 -2.332471438084149122e+04 -1.574862631734888510e+03 8.814850552085654272e+03 2.919383674266186517e+03 6.048325053161560163e+02 3.042239499659013745e+03 -3.549872359068266815e+04 -3.851287508810304280e+04 -1.654412432077623453e+04 -4.606769239798373746e+03 1.964346073722621441e+03 6.050506469969825503e+02 -9.857943269343204520e+02 -1.144464585339586165e+03 -2.413166116172370494e+03 -3.630834571056914797e+02 -5.425187772542719813e+02 -1.701869166607195893e+03
-1.584049133798867479e+04 1.073070666934805195e+04 -1.776323033267168967e+03 6.456525034846779454e+04 -7.184382643278062460e+03 -3.174583112461712517e+03 -6.385862558929176203e+02 1.227319907234363382e+04 -2.652486117037676649e+02 3.960779329918040730e+03 -6.121322834530256841e+03 5.721341750934182528e+03 -3.031943266038755382e+02 1.638821598417579480e+03 -3.486267797022406739e+03 3.724551889260640564e+03 -4.351750581733413128e+03 9.849778003423664359e+02 -3.318039100948305077e+03 5.897801960643788561e+02
-6.118336392702911326e+03 1.452206687512630197e+04 2.340050961585958066e+04 1.199350341036896225e+03 -1.123241511912966871e+03 2.269370024592397021e+04 5.795489780464055912e+03 3.888810507206580041e+03 -1.023432068559430263e+04 6.493218951238088266e+03 1.208137926587759284e+04 -1.161099909373803030e+03 -9.477187574415286520e+01 8.841339043272519120e+03 3.430627229176385754e+03 2.299591145979504290e+03 -5.724401449383265572e+03 5.060910923070789977e+03 -2.027118132546699781e+04 -2.315717861225049091e+03
-1.335784412477532533e+04 5.392653224570922248e+03 2.971616937562581825e+03 1.905387220489508400e+04 -2.967550780421677700e+03 -2.583561633666754460e+03 7.440411009900009276e+02 -2.025390919334139471e+04 -1.802770929451634174e+03 4.385586316204737159e+03 -5.493329614280697569e+03 -1.757388606066574312e+03 4.256477700449544841e+02 -5.472627718535205531e+03 5.260608814052413436e+03 2.075946158333255880e+03 -5.314070374452279793e+03 -3.959156515725744157e+03 6.026868224275362991e+03 -8.006412039263304905e+04
-2.468316921570924023e+04 4.788375842525256303e+04 -9.074390690492127760e+03 -9.724038326561380018e+03 -2.419551046062142348e+02 5.247085726016319995e+02 -4.069700295896718217e+03 -7.748918319191290038e+01 8.835004372820800427e+02 2.848768762090310702e+03 -3.910029456965392001e+03 -3.075563036994660706e+02 -1.092674979182710437e+01 7.383037335482071057e+02 -9.284291612318473881e+02 5.239245826306473646e+02 -3.638387145725610026e+02 -3.388367486978881402e+02 -1.177996178038870596e+02 3.486344429797343878e+02
-2.637712611841231774e+04 2.065625059015233273e+04 3.664486018374178093e+04 7.097488150192667672e+04 1.086010801310856550e+04 5.824391011195352767e+05 -4.207841628757557373e+03 2.804286897510346535e+04 -2.356633194334595173e+05 1.816823048237577023e+05 7.691725598730356432e+04 -5.494390801185927558e+04 3.561546630937215468e+03 1.539390266527822532e+05 1.229623948299429903e+05 -1.730033431893338638e+04 1.970599217613479414e+04 -3.504527170932577428e+04 -5.970847548192472459e+03 4.142238663375155738e+02
-2.643763552898166745e+04 3.733526593055090052e+04 6.763889405942482699e+04 1.420863090887261205e+05 4.313969502724552149e+04 1.271015833814267302e+06 -1.308669935687625548e+04 9.499174306960003742e+04 -1.141569845409028232e+06 9.370813689726606244e+05 4.408323173746695393e+05 -4.719446091059840401e+05 1.800154699702349899e+04 1.400029016413799254e+06 1.067892005748613970e+06 -4.399176234783912514e+04 -1.709472291622325429e+04 1.811669281306827033e+05 1.144675960023254156e+06 7.039145206546309055e+04
-8.272123997858405346e+03 1.212504156311943370e+04 1.945141067415044381e+04 6.783239696020249312e+02 -9.822375274674635648e+02 -4.176986229201732499e+02 1.469253069938736871e+03 2.025418935586678799e+03 -4.764900889927340586e+02 -5.675905297654533570e+03 1.121622561944797053e+04 2.789748998415384449e+03 1.469885973129542833e+02 -4.451260249623956042e+02 6.367282351684553277e+01 -4.127956724128632686e+02 -1.351143328866554612e+03 -2.587521791208405944e+02 5.582930069417515142e+02 -1.060317009614152312e+03
-1.302295445146942802e+04 8.458717746766389610e+03 -5.453490928525628760e+02 4.536064322416562936e+04 -5.159025139688139461e+03 -3.646648236806370278e+03 -3.693101422240629859e+02 4.405909943237926200e+03 1.397401662094641324e+03 9.828616440568853250e+02 -2.481496108042357264e+03 -1.009019090963466397e+03 3.139170038411825203e+02 1.437439116975926254e+03 -1.430956168633580774e+03 2.192167074134323229e+03 -2.576432888922724032e+03 -1.193577480538401232e+03 -4.457530007760362878e+02 1.987608347785322849e+02
3.700375918942086173e+03 8.257004349559474576e+03 1.034685319518666074e+04 -1.424417050274020085e+02 -1.801746238864271390e+03 -4.832179386526186704e+02 -3.569703516629610385e+04 3.353464966689609241e+02 9.166299159440815174e+02 2.190743200672126022e+03 -3.806571677424008158e+03 -8.325499890219467716e+02 1.736988588559120785e+02 7.656971642114466476e+02 2.135942712152817080e+02 4.385603236718834523e+03 3.375167216308311708e+03 8.390109535806308259e+02 -9.384115875797468789e+02 -1.324115082865060458e+03
-1.983407716415357572e+04 8.403879709530110631e+03 7.077376950930646672e+03 1.151567302670575009e+04 -1.400417952880779467e+03 -1.161093762440572391e+03 -8.880863961749226974e+02 3.509891372453182612e+03 9.110807659423654741e+02 -2.726865611374787932e+03 8.615198545004396919e+02 -9.795659464116934032e+03 -1.762003741454422880e+03 -2.626080853998649673e+03 2.670798501472187127e+03 -3.549681568690971744e+03 6.541608463898673108e+03 1.709004913360210764e+02 -1.480775836341678655e+02 -1.075283655087256875e+03
-2.250766801100433804e+04 8.421126152436005214e+03 -4.433695373349110923e+03 4.605855613371836807e+04 -4.978782076420849990e+03 -4.202106919632198696e+03 -7.668738337516595038e+02 5.487825619606029250e+03 3.310096230398425178e+03 -1.411236311134401376e+03 1.435128745148437019e+03 -8.366265927871820168e+03 -6.072239181605121985e+02 2.075377150264908323e+03 -2.184169469403082985e+03 -2.586845101118150865e+02 1.436598578086289081e+03 -1.034248004658093805e+03 -1.157774888536822431e+02 4.403022656332894940e+02
-4.604627741940411943e+04 -1.259906075228155714e+04 4.576054832466073094e+03 1.937791861520115390e+03 4.289908033490660273e+02 1.602205318481282848e+04 -3.010843108189032137e+03 8.336419234093516934e+03 -3.707189018879443756e+04 1.345619431214451470e+04 2.521004675497531480e+03 -1.771540826357301512e+03 -5.522307809826711491e+02 -2.169653438903723509e+04 -2.672028257042165205e+04 -1.423384993807663477e+03 1.885098753698848441e+03 -5.605461733229213905e+02 4.342865661380818892e+03 9.581481931211824303e+02
-2.443166923366604533e+04 2.608771228623114075e+04 1.613150960295272489e+04 2.773704619716450179e+04 4.015963651985817705e+04 1.668528277865305427e+05 -1.566606370718793187e+04 4.664127928649932437e+04 -3.802824911001722794e+05 9.792438796767604072e+04 8.995241697526984353e+03 -5.813300473149523168e+04 9.522674616061452980e+03 -8.423907765248793294e+04 -2.132098550831737812e+05 -3.693415054217198485e+04 4.819360050351703831e+04 8.628121650936923106e+04 6.915107675004622433e+05 2.323641467607781306e+04
-1.645088875616123187e+04 1.704819727580363542e+04 3.137438465052453830e+04 2.650163202453151098e+04 2.155912381405302731e+05 -5.994673772856851429e+03 -4.368367216336891943e+03 -3.534770514861028914e+03 2.891902352879016235e+03 1.601339258990943563e+03 5.326794161989337226e+02 8.699061824954995927e+02 5.239976712826306766e+02 8.921392047872393505e+02 2.044054693286300335e+02 2.991703484916633329e+02 -3.483368298310521141e+02 1.384741751926783770e+01 -1.312664990203306616e+03 9.199530766916603852e+01
-4.170324232268446940e+04 3.592800288983648352e+04 -2.631111025582168440e+04 -5.215194680268989032e+03 9.961860748760462911e+02 5.561228440108310451e+02 1.341938083209331353e+03 -4.304916567621630747e+02 4.213094467389594229e+02 1.276632886864747860e+02 1.716021576201648713e+03 -2.214880664581806400e+02 -6.278360627224361679e+02 -2.600806059232396592e+02 -5.757933517513070143e+01 -2.423856012809914660e+02 -3.644378215321172831e+01 -8.380023343760742591e+02 1.149647840141556259e+02 2.120631091592619850e+04
-4.332376167140884354e+04 4.873417784566304908e+04 -1.491819379816078981e+04 1.183625997982947010e+05 3.774330498322490166e+04 3.272267325405126940e+03 -6.657788197464812583e+03 1.238686921783806029e+05 -1.073264803249460820e+05 -3.239254324847713360e+04 -1.485637644755731453e+05 4.946661070626931614e+05 -2.562450987102032639e+06 7.993945496745551645e+04 8.424003479697836156e+04 3.541244295918357238e+04 9.498511284400306977e+03 -2.362886442389662261e+04 3.937337699184878875e+04 -6.968172246985540551e+04
-4.589368464421356475e+04 -1.203300022316408831e+04 6.078931012906599790e+03 6.449570804826877065e+03 6.258107180087365123e+04 -1.690336489392046133e+03 -2.466131763986879832e+03 -5.761857160954552910e+02 2.130652173283455042e+01 -9.065215702016053001e+02 -4.412910171075056951e+02 3.337734950169694343e+02 -1.240196484897655580e+02 5.811739553175121955e+02 -3.358678130788853196e+02 1.142204032571900001e+02 8.788563715340113447e+01 3.897369094780198395e+01 5.515875041685844735e+02 4.181866744270756726e+02
-4.602943147526719986e+04 -1.264689863789240917e+04 3.977983541881245856e+03 -4.699698354103416165e+01 -4.530022228453654520e+02 -1.513452401315360021e+02 -8.306502588745566754e+03 2.768450996686507551e+03 -2.053515310426852466e+03 -3.485854513877725822e+03 -5.982718044148910849e+03 -6.529510876289482439e+03 -1.815652155286429206e+03 -4.565033017427120285e+03 5.397040189435899265e+03 -3.505207940036319633e+04 -2.350753317250120745e+04 -1.858441280671967775e+02 -7.520672148716734000e+02 2.543486747477950871e+02
-4.142454675950141245e+04 3.523850570149485429e+04 -2.515506530893176750e+04 -4.466433699781152427e+03 3.209028064838177670e+03 1.699567357136365217e+03 1.763476369302904459e+03 4.092785316881571816e+03 -4.750326482840349490e+04 -6.440203181907714315e+04 -2.928720186911207929e+04 -7.725173647918448296e+03 3.226093495274218185e+03 8.890972319773056370e+03 5.042511881140102560e+03 6.726269444693120931e+03 6.023368736693599885e+02 -1.096511664455956407e+03 -5.759330611979780770e+03 -1.424599122030882427e+03
-2.117118093778884577e+04 1.469205377763044635e+04 1.549612195173767577e+04 1.052422507798636980e+04 -1.944062599389167417e+03 -1.401992384014551135e+03 -6.843805472822447200e+02 5.406645131265140662e+03 1.327116766819621944e+03 -8.811380780806164694e+03 1.704433896556993932e+04 -2.019295833885955517e+03 -5.806114021684516047e+02 6.754996755199415475e+02 -1.014280934473572870e+03 -2.027827071211287375e+03 1.513966892012358812e+03 -2.988870085388795701e+02 8.036469123024583041e+02 -7.147631352821505288e+02
-5.953088965300381460e+03 1.164353406358264692e+04 1.555986655054822404e+04 1.598047168698666064e+04 -4.045881667757646937e+03 -2.771120568986229955e+03 -4.514696303190985418e+03 -2.461899676091642323e+04 -3.840988262429838869e+03 -1.564166792845077680e+03 3.328165453910685301e+03 3.521865935650926076e+03 2.497331001778363557e+01 -7.177002962551586052e+02 1.159419245385435943e+03 -9.247006683394928359e+02 1.370383430673663725e+03 7.679218187851016353e+01 4.013169534506925515e+02 3.364052346440399560e+03
-5.877086446912511747e+04 6.693921239844678894e+03 -1.626016787077270783e+04 1.912300352880667197e+04 -1.339498149652553820e+03 -1.691002814962717366e+03 -9.435510723227640710e+02 9.070286327026184154e+03 2.809932062216634677e+03 -4.704127458102911987e+03 4.922784495627632168e+03 -9.286938239780061849e+03 -9.392901699586966515e+02 2.003280951647329857e+03 -1.275717770968368995e+03 -2.046737838748718332e+03 4.162924782452971158e+03 -1.069461897939727351e+03 3.835470088798010693e+02 5.822678209744691458e+02
-4.143194439734111074e+04 4.484228981908001879e+04 -2.858539044520583775e+04 7.259260333068377804e+04 -7.064001523544519841e+03 2.771969462974639100e+02 7.208525684075864319e+02 3.906729044659725332e+04 -5.385709631857901513e+03 1.048470285050104212e+04 -1.759744032777686880e+04 5.207129716938638740e+04 6.499521134707255442e+03 8.182937939878567022e+02 4.915421920691188461e+03 2.402189762005840294e+03 -5.040236734664472351e+03 1.307832762866300436e+04 -4.256148820583467568e+03 9.697312495868145561e+02
-1.910198137987389418e+04 1.584591956422707517e+04 1.553352014889783095e+04 3.587530036481661227e+03 -1.707641741012643251e+03 -6.301640791144399145e+02 -2.175605782961895602e+04 7.380269477191199258e+03 4.245556510207217684e+02 -2.616467043152831593e+03 -4.269960675059373898e+03 -1.337677260839968221e+04 -1.067520889682158213e+03 -1.131729812986880006e+03 2.183630182958914247e+03 -5.463232836119743297e+03 1.046867159625371278e+04 3.400358724831503878e+03 -5.064538201499227057e+02 -1.794848869293750568e+03
-2.355501195781554634e+04 2.426984973255989462e+04 3.045530167303907729e+04 5.912451571240433987e+04 8.350890648660182705e+03 8.631646067246637540e+04 -1.990197281742229734e+03 7.837111987679245067e+04 -2.531767388323281775e+05 1.347787085001167434e+05 5.998019736836873199e+04 4.462488080936217011e+04 -7.427769283151556010e+03 -2.174164048649183242e+05 -2.326986299964479113e+05 3.998201027050674747e+04 -6.119156957917978434e+04 7.300509332303369592e+04 -1.949312601985632791e+05 -7.287238835909100089e+03
-3.440633898858170141e+04 4.370198342291024892e+04 -1.064626052042681113e+04 3.781222159796579217e+04 -3.326659294419986054e+03 5.603304692726537724e+02 3.541708984687491011e+03 5.068770063791318535e+04 -1.773276820685792700e+04 6.487542251296727954e+03 -3.752926779266454105e+04 1.513532630094628839e+05 3.164126970761188932e+04 -1.271252573740497064e+04 5.780358427184413449e+04 -5.371757076918907114e+04 6.656483194680088491e+04 3.143571401094579778e+04 4.536901748569896881e+03 -3.864308359341386677e+03
-5.544694615448677359e+04 3.803544562803117151e+04 -3.273157473401235984e+04 1.624197272432399222e+04 -7.976791025262757557e+02 -1.414133146963484251e+03 9.706164526894464473e+01 7.098342673661281879e+03 4.040927274933426361e+03 -2.347650047220588931e+03 6.258473107174155302e+03 -9.278737117918321019e+03 -1.171944501479833662e+03 1.061920202291653823e+03 -1.478445973372469552e+03 -2.094784651697730624e+03 3.680691974509899410e+03 -7.787238627539458093e+02 5.936267906267521539e+02 9.040016389276227926e+01
-6.743691000363693092e+03 6.622226090557698626e+03 9.090621857233851188e+03 1.655737255543889114e+04 -2.820849385761128360e+03 -2.434181614667528265e+03 5.426943506471094452e+02 -2.034061585814630962e+04 -3.210237947421941499e+03 2.418276832009571535e+03 -6.023618920844598506e+03 -3.890708116254077595e+03 -5.607669381616117334e+02 -7.501084500095665135e+03 6.005133077933372988e+03 -3.651092261068386051e+03 1.992200920820348074e+03 3.589926442423582557e+03 1.019163635163700860e+03 -1.181608489145227941e+04
-3.974917303996800911e+04 2.992474114119260776e+04 7.071599825384917494e+04 2.119786576615697704e+05 2.921329843516815163e+04 2.260459814969441388e+06 -1.914860276708381571e+04 -1.197141876558182703e+05 3.777748173153723474e+05 -2.296517968083749874e+05 -1.297108764629842626e+05 6.304044928217919369e+04 5.534690031535938942e+03 -1.422523746465898002e+05 -6.509183787714028585e+04 -5.075145329514676996e+04 9.022648044844013930e+04 -1.260102463768135494e+05 5.543411406090674427e+04 7.031130045779574175e+03
-6.005034015372620343e+04 8.070957835167439043e+03 -1.902704071070110513e+04 3.653366154617021675e+04 -3.253211883411681811e+03 -3.256386661573021684e+03 -1.503810720768374722e+03 1.486027007020528072e+04 5.710326187900865989e+03 -3.779926947555591596e+03 5.390944562405255056e+03 -1.212232608237174099e+04 -7.688431442476951361e+02 3.555809184205414567e+03 -3.163505405636522482e+03 -1.265635059289773153e+03 3.206103953723849372e+03 -1.685960511494410184e+03 5.995939450668394102e+02 1.043139548058913078e+03
-2.188720638574317491e+04 1.059241400413203337e+04 2.038235173054235929e+04 1.070193685679010059e+03 2.980372296831242238e+02 5.426398347164041297e+03 9.807530587024209581e+02 1.513648240063977573e+04 -3.310712545823998516e+04 6.404356264205569460e+03 6.070649570346965447e+03 2.212927586896739012e+04 2.720696677117901345e+03 -7.061930946635431610e+04 -1.077249770298189287e+04 -2.974411617955128895e+04 3.031431920450131292e+04 8.639082772654805740e+04 2.669608991490132175e+05 4.358330732482955341e+02
1.020414119817597748e+04 1.827118255951868832e+03 2.578017258799264710e+03 6.099677361434806926e+02 -1.558317153534177351e+02 -1.446071068172855689e+02 -1.095712575517850610e+03 6.946127096710705473e+01 -5.538277160630134865e+00 9.279283576779508991e+00 -1.604496791496430319e+02 -1.540372208770763507e+02 -1.172426864024603788e+01 -5.217434830459890236e+02 3.836291105050476631e+02 -1.143506120665588099e+02 7.294047955611102907e+01 1.103911014445181706e+02 1.895223703066587859e+02 -4.540301203375191790e+02
-4.681026546952980425e+04 6.114596314016676479e+04 -9.145391220199666350e+03 1.866284186268175290e+03 -3.049362890336858982e+03 -3.614936175035515475e+02 -4.233025235827308643e+04 7.229061077555078555e+03 2.410464756263158961e+03 4.867312397170311669e+03 -8.497440460226531286e+03 -3.452167526277889465e+03 1.751842669574837430e+02 5.114175598547341224e+02 -1.361314474430553787e+02 1.527733284574159825e+03 -1.527093760090556088e+03 -1.530559555809028325e+03 2.664261503151228112e+02 1.666789245925692967e+03
