8.607968134835759884e+02 6.794600586633527200e+03 1.057793393480731174e+04 1.423097302635929555e+04 -3.237177341889811942e+03 -2.383922391935113410e+03 3.907105971659501620e+02 -2.402999715602511787e+04 -3.792000012058380889e+03 8.745023164545428926e+02 -1.723775957078489455e+03 2.312996610213223903e+03 -9.105550290726306173e+00 -1.018375956574148859e+03 1.242365764382283032e+03 -9.323158656398048834e+02 1.247909768223287756e+03 2.594925767509794241e+02 1.015565775042769872e+02 3.180695949833412215e+03
2.099516953713400653e+04 -3.093364704694577085e+03 -3.395692535204426349e+03 -4.312914836620520873e+02 1.632688026197752720e+02 9.576812257691351249e+01 -9.449600280651341677e+01 2.137859068282538146e+02 5.141685828031417493e+00 -4.420235061702754109e+01 1.123771369403965963e+02 4.006630320107286281e+01 4.025076644560063421e+00 8.525736949665251529e+00 -8.427321812719338112e+00 8.718392554902452574e+00 -3.282690032475998265e+01 -2.476360741192646842e+01 5.119356131717524683e+00 1.808562464475250264e+00
-4.883318165969828988e+04 -1.573552913275872015e+04 -6.226431534171432247e+01 -1.402193965327564001e+03 -2.938691871110414411e+01 9.911725788911853385e+01 -3.902597797902702155e+02 -2.132269504554889750e+01 2.603761331128887946e+02 3.969817259126755289e+02 -1.625063972776884924e+01 3.426243465694752217e+02 6.534311377368257467e+01 1.037560218245612447e+02 -6.613804973715545543e+01 1.433587834846949818e+02 -4.714618045344167285e+01 7.556598644096182227e+01 -1.657507866828321852e+01 -6.478249154968375478e+02
-4.262801097669264709e+04 3.583433048501730809e+04 -2.623190087243747257e+04 -5.083386526858253092e+03 9.105128947342543597e+02 4.958710069743393660e+02 1.724989244803396787e+03 -2.203016379186014547e+03 3.111020540911226249e+02 8.482544595946609434e+02 1.116572051442723705e+03 -9.716514366113617029e+01 -1.502149201160360974e+02 -5.296404295481522695e+02 7.830350147430357843e+00 1.389389307543159191e+02 -3.299904710476321270e+02 -7.303490463579811376e+01 -1.414091079719445361e+02 -7.901833610355614610e+02
-3.838360337475142842e+03 1.339364870164062268e+04 2.019405445771407540e+04 -2.523317605339783313e+03 -8.519009112177227507e+02 -2.888620591228652188e+02 2.979949701396350520e+03 1.468206511243716022e+03 7.341371875077869618e+02 8.212382648404958445e+02 -2.161341068767530942e+03 -5.014109608018554241e+02 5.385086516590731343e+00 9.151852190073633437e+02 -7.880976841170735270e+02 2.574877998081763408e+01 2.071367260130072907e+02 3.988455225422906381e+01 3.814996684584460951e+01 1.063963425747179912e+02
-1.621563402925637820e+04 1.671563674605774577e+04 3.061869901781621229e+04 2.550072979578250306e+04 2.063264607276915922e+05 -5.796250796879026893e+03 -4.125813466516583503e+03 -3.309473599514585658e+03 2.735053857057268942e+03 1.378037532165206358e+03 4.468311595059714136e+02 8.749198407539637401e+02 4.841205176252078104e+02 8.174247916209596951e+02 1.867582980756261009e+02 3.366489349512785907e+02 -4.196885287780968383e+02 6.850331459134952183e+01 -1.136859645562293736e+03 8.156310703055044087e+01
-1.262983106362370927e+04 8.145803701135801020e+03 -2.501911395926793773e+02 4.271451441148031881e+04 -4.889508355816364201e+03 -3.636287400248658741e+03 -3.131349043810932358e+02 3.369063905884825999e+03 1.504269608927781292e+03 6.969658731250398205e+02 -2.119233395455327354e+03 -1.725134637329720590e+03 3.350672799084597386e+02 1.379175763225674018e+03 -1.234940359170211423e+03 1.961401661069742659e+03 -2.283460519883822599e+03 -1.327388168023666594e+03 -2.132122659839696439e+02 1.703236855538946202e+02
-3.390361032988087391e+04 7.461490853905177210e+04 1.565464070198635163e+05 6.688038500037605409e+05 9.269461209923577553e+04 7.429178814210163429e+06 -7.226347487304396054e+04 -6.452495208701075753e+05 2.697222315995696001e+06 -1.839428319571936736e+06 -9.099011106334049255e+05 4.952719504703676794e+05 -1.449154183666315657e+04 -1.352397542225514771e+06 -1.006791201424730825e+06 1.677897437323605482e+04 5.029670213864884863e+04 3.157114726211919697e+04 3.748489633779013529e+05 3.634773474928404903e+04
-2.638073667210875283e+04 4.410202594248162495e+04 7.451037741943626315e+04 1.716968544771938177e+05 1.613006365046547035e+04 1.540447065559998620e+06 -4.208343943476636014e+03 -3.084697342964927884e+04 2.028246128656425935e+04 1.208213279461363709e+04 1.835299439252923912e+04 -1.119613591888847077e+04 8.804675350663736708e+02 7.329074299263776629e+04 4.357797925720009516e+04 1.204144756400086408e+03 -1.045811466661718623e+04 9.088490917065029862e+03 -3.731075034251374018e+04 -5.145806557578441243e+03
5.656151207927688120e+03 2.187679825241013168e+04 2.374030268035075278e+04 -3.797823165853043520e+03 -3.950467335141241165e+03 -6.170279708533768144e+02 -5.882004699740629439e+04 -2.147508670833534268e+02 9.716399879441011080e+02 1.425599073228449015e+03 -1.693495090959771233e+03 1.014099608384773887e+03 3.896697546140617874e+02 1.984759552187367717e+03 -3.938353595012092114e+02 5.146386216819851143e+03 3.206888985537212648e+03 5.533118126162090675e+02 -1.023207809094355980e+03 -5.125832745011157385e+02
-4.837808612932467076e+04 -1.512349607935465792e+04 6.536145408209262087e+02 -1.255559702395575187e+03 2.195300263435746047e+02 2.805060892832992749e+02 -9.247248262679484014e+02 2.883433960834269328e+03 -1.591099060361665761e+04 -2.505650730942354130e+04 -1.209086338295945097e+04 -3.700707103554684636e+03 1.060916876235696463e+03 5.788848856770030579e+03 3.362602610607427778e+03 4.700237715586127706e+03 9.589474832412658998e+02 -8.866041198483449080e+02 -4.760274654547905811e+03 2.746548904932052437e+02
-1.046992367400851799e+04 1.058515008787556144e+04 1.574804112342401095e+04 2.312022839020601168e+03 -6.995046934370022882e+02 5.000789628067267500e+01 8.140971707745812864e+02 4.216690553029060538e+03 2.916748195722274772e+02 -5.218928783250775041e+02 6.561531762443382831e+02 -5.292847118977691025e+03 -9.115898429493094000e+02 -1.465076701483024226e+04 1.222312990074065056e+04 3.583118688712718722e+03 -8.224240837352609788e+02 1.062145116042855335e+02 1.069582263642001180e+03 3.011915215230380340e+02
-2.468316921570924023e+04 4.788375842525256303e+04 -9.074390690492127760e+03 -9.724038326561380018e+03 -2.419551046062141779e+02 5.247085726016319995e+02 -4.069700295896718217e+03 -7.748918319191291459e+01 8.835004372820798153e+02 2.848768762090310702e+03 -3.910029456965392001e+03 -3.075563036994660706e+02 -1.092674979182710615e+01 7.383037335482071057e+02 -9.284291612318471607e+02 5.239245826306473646e+02 -3.638387145725609457e+02 -3.388367486978881971e+02 -1.177996178038871022e+02 3.486344429797344446e+02
-3.674677253875747556e+04 3.460030769389602938e+04 -1.819682734147519295e+04 -2.192959526352865396e+03 8.041927945134588299e+03 1.074470126768935643e+03 1.048189044555701457e+03 2.460786734251910730e+03 -3.121431999379811532e+04 -4.009356954540008155e+04 -1.646626038254244486e+04 -4.189105481738428352e+03 2.061963370023787775e+03 3.279383620919223631e+03 1.775747465009703092e+03 -7.003065549199227462e+02 -2.426891861231940311e+03 -3.427918395746613101e+02 -9.953870662944500509e+02 -1.755055110886379680e+03
-8.929255961964638118e+03 1.674696498974768474e+04 2.577716765092849164e+04 6.107804177297597334e+02 -2.040737490921533208e+03 -7.519366135428862208e+02 -3.325883478678203574e+03 -5.046058793257359980e+02 -9.427395287300641940e+02 -8.867894614859304056e+03 1.807282217533385847e+04 5.866187584571944171e+03 3.452456851619309646e+02 5.017575949802636615e+02 -3.391764540845119882e+02 -7.502872224310779359e+01 -1.591039150685669256e+03 -5.296972043520527222e+02 8.300953277907323127e+02 -7.082382801179633134e+02
-4.215351508922253743e+03 3.742701768529154833e+03 6.106035278633226881e+03 8.706761401848569221e+03 -1.813101490433991557e+03 -1.334583946794064786e+03 1.771602815030684496e+03 -8.850026135039530345e+03 -7.095432290213352644e+02 1.517476893755424271e+03 -2.101291402502309666e+03 3.108786411758570623e+01 -7.211737597271401512e+00 -2.523026285444307462e+02 1.437724276631524276e+02 1.842899339874706754e+01 -2.958328490335500494e+00 1.549124884844883354e+02 -8.342929957603627145e+01 -1.131790051345784150e+03
-5.584597234423497866e+04 3.971218082757548109e+04 -3.498620526657503797e+04 3.029196228650032208e+04 -2.263786443086051349e+03 -2.659878850834938021e+03 -1.272950371229961348e+02 1.204214522716968349e+04 5.563604449710977860e+03 -3.027645689979105100e+03 6.295876260732351511e+03 -1.185376181392798389e+04 -1.016841807559728750e+03 2.682427307248196939e+03 -2.834374039321523469e+03 -1.402613224006634937e+03 3.098521990487379298e+03 -1.622663264325983391e+03 5.212694106265341816e+02 7.721538205894676139e+02
-2.546321305102575570e+04 2.748212019725026039e+04 4.652734578219143441e+04 9.610378725463822775e+04 9.830332722251419909e+03 7.862454640528832097e+05 -4.464701206217534491e+03 1.658079214534048879e+04 -1.784619949583820999e+05 1.492962435087313934e+05 6.705096627426263876e+04 -4.676285304038471077e+04 2.719388404171352704e+03 1.532548747973955760e+05 1.217654228163497755e+05 -1.212212440484260696e+04 1.099655000177226430e+04 -2.920874227296278332e+04 -3.964063321740466927e+04 -2.417376668642346431e+03
-9.045574359854299473e+03 2.509472781560665226e+03 6.052602049672834710e+02 8.564211321167173082e+03 -5.749691222825025534e+02 -1.042737895624301473e+03 -5.479558260491886585e+02 2.337874444150976615e+03 2.716819043223619246e+03 -5.838273971440327841e+03 9.895888114277091518e+03 -2.375673958914053947e+04 -4.361648984331933207e+03 -3.282483414749742224e+03 -9.360360308197106178e+02 -2.595746211705441965e+04 3.979367801747012709e+04 2.336766508746085674e+04 -3.981866910769649621e+03 -2.856470254596074483e+03
-2.355501195781553906e+04 2.426984973255989462e+04 3.045530167303907001e+04 5.912451571240433987e+04 8.350890648660184524e+03 8.631646067246637540e+04 -1.990197281742230189e+03 7.837111987679245067e+04 -2.531767388323282066e+05 1.347787085001167434e+05 5.998019736836873199e+04 4.462488080936217739e+04 -7.427769283151553282e+03 -2.174164048649183242e+05 -2.326986299964479113e+05 3.998201027050674747e+04 -6.119156957917978434e+04 7.300509332303369592e+04 -1.949312601985632791e+05 -7.287238835909100089e+03
-1.565431860897010483e+04 1.021999815884061718e+04 1.179740651223026907e+04 2.346213713229607038e+03 -1.086107606658901659e+03 -5.599716063191061721e+02 -1.399614024867304943e+04 2.952116945742138796e+03 -1.992692129882281279e+03 -2.888164469709503919e+03 -7.301874075604535392e+03 -7.402089494802120498e+03 -1.869880277507742221e+03 -5.547891574685118030e+03 6.114283808092419349e+03 -3.519455290090428753e+04 -2.378787923844265242e+04 -1.162953781752269578e+02 -6.242019605014401122e+02 -2.981934544794703470e+02
-2.775905561318986656e+04 3.232459257413965679e+04 -7.895900456297543997e+02 9.381387964420840945e+03 1.276719402305762014e+04 6.419011313204667385e+04 -4.527634743027964760e+03 2.232191983368687215e+04 -1.564652470959529455e+05 1.534176452180953311e+04 -7.887456710683128222e+03 -1.364715904909758319e+04 4.185222845786443941e+03 -5.416944182913091208e+04 -9.542466689481475623e+04 -1.170101381163257247e+04 1.648490088433078199e+04 2.657176218565996896e+04 2.142462844197476516e+05 6.417476760820067284e+03
-7.243859777403077715e+03 1.669080262827155093e+04 2.598541368485004568e+04 1.361298952021678997e+04 7.364666430159324591e+03 1.399129932407291781e+05 1.134473870154196675e+03 1.053197447510243546e+04 -8.365420321534338291e+04 7.050647850597908837e+04 2.825868233850337128e+04 -3.006308806274438757e+04 8.138264953502846311e+02 7.396074165451213776e+04 7.239677663193075568e+04 8.855395008302598399e+02 1.073180536385832738e+03 -5.892674291678177724e+03 -9.367446865460236950e+03 9.127502026492442155e+02
-2.014504633504053345e+04 1.062716118458732308e+04 2.187704603092172329e+04 -4.004992194874638045e+01 3.034039012240794364e+03 1.463018706878956800e+04 6.418620641592956417e+02 1.249289990751801270e+04 -3.150278965936683744e+04 1.978632355256641677e+04 6.865371924112106399e+02 1.736591445204674528e+04 5.441890239574638144e+03 -2.966854747822355421e+04 8.864651243631264151e+03 -4.525492308549599693e+04 7.173357789663574658e+04 -1.147044286590801348e+05 -2.054939385332366146e+04 -1.202087136806821263e+03
-2.905214177714181278e+04 3.647711192644031689e+04 -4.805401589503968353e+03 2.708769169249828701e+04 -2.255816110445148297e+03 5.418684417173906240e+02 3.418634036052369993e+03 4.230362476878251618e+04 -1.941224405224734437e+04 1.105918002719767856e+03 -3.515214185267611174e+04 1.362442687539173930e+05 2.920770436698220874e+04 -1.260042549086100553e+04 5.499840379461688281e+04 -5.283860204324863298e+04 6.635433276267275505e+04 2.698383581453350052e+04 4.413932260018876150e+03 -4.189794890513889186e+03
-4.652826525879964174e+04 1.213875997741946594e+04 -1.497227857815345851e+04 1.345709557168084029e+04 4.471887188175832080e+02 -1.185010782554809055e+02 -7.630248442538734253e+02 1.633801164408109616e+04 -9.797532356457284550e+03 -1.053902465531744929e+04 -9.656823082100312604e+03 4.630159880680537754e+04 -3.338072353093387792e+05 1.376737695154908943e+04 9.763020230155527315e+03 -2.857343737577645015e+02 1.230069856274206904e+04 -3.988842011714605633e+03 1.011427503527930457e+04 8.122767063450439764e+02
-3.944722855745194829e+04 3.949057815269814455e+04 -2.751584939375888644e+04 2.537130505707610428e+04 -1.977060222222823768e+03 -1.578765070622643179e+03 1.113907617288458368e+03 1.982669873931122129e+04 5.230558831019270656e+02 1.366443184082577545e+03 -5.838951429462974374e+03 2.995224028985813857e+04 7.759955779943866219e+03 9.122381238684863547e+02 9.842730254144880746e+03 -2.757542650418111407e+03 1.490380326887102001e+03 6.770219299980237338e+03 3.635288881312675130e+03 -1.254277811087819003e+02
-8.270424542997359822e+03 1.212609785105678748e+04 1.945115492627915592e+04 6.794543045880110412e+02 -9.821815850123878135e+02 -4.177288301044102354e+02 1.470342327331904471e+03 2.026180121399155723e+03 -4.762605291714975806e+02 -5.676210711797128170e+03 1.121818841601813801e+04 2.790743900551929073e+03 1.470667600506465931e+02 -4.457694835154989050e+02 6.386084711466404684e+01 -4.131552553542446731e+02 -1.351466969857449385e+03 -2.583842191507700932e+02 5.583891770820536067e+02 -1.060599409354268118e+03
-3.937153958005669847e+04 9.400567375560969595e+03 2.847170868239001720e+04 -7.704187854615644937e+03 -4.774978464673319650e+03 6.019810164568499431e+02 -9.283654984462929133e+04 9.804378563949623640e+03 -1.180067871268931231e+04 -9.444628457886306933e+03 -3.087097540681488681e+04 -2.959314100704528028e+04 -1.036357618702884065e+04 -4.091347559392799303e+04 4.181658393500300735e+04 -5.402395853004804812e+05 -4.130519698641551659e+05 -2.224136468164364123e+04 -2.088010960122931283e+04 2.494672799212529571e+04
-4.230074632648596162e+04 3.173283367173568331e+04 -1.181595865101451818e+04 7.022798172212296049e+04 3.528531896716216579e+03 7.898680008489934153e+03 -5.763680276387690355e+03 7.020235113786105649e+04 -8.040181862613800331e+04 -3.238103336256204420e+04 -8.247568561438926554e+04 2.313521132912283356e+05 -1.214324406624735100e+06 3.285774123662659258e+04 3.262960412621330761e+04 7.592509437942585464e+03 -2.003601040810386849e+03 -9.984261045926943552e+03 1.619860374059043897e+04 -3.105760709461279839e+04
-3.104991998327986948e+03 1.080978065143619460e+04 1.740237473956629037e+04 -2.027578308522969337e+03 -6.988784545521061773e+02 -2.583660937136219218e+02 4.765737844053280241e+03 1.197712624824624072e+03 6.404484837588485107e+02 8.791469705699881843e+02 -2.379247356087409571e+03 -6.520959010223358518e+02 -7.351400153989350983e+00 9.821906861451581108e+02 -8.235766334018055659e+02 -2.610588014926891987e+01 2.319284281652175252e+02 1.077018249261310530e+02 -6.194119121867485234e+01 8.527608405512147272e+01
-1.611011649114116335e+04 1.156344744671072476e+04 1.573883681674665422e+04 5.844089188313693739e+03 2.323359685998670088e+01 1.650917267783829448e+04 -4.069901790475802954e+03 1.036528042166967134e+04 -3.732503453397876729e+04 1.406149692587713616e+04 1.716117464456626976e+03 -1.463227672067159119e+03 -5.607394662528333811e+02 -2.285596015304124012e+04 -2.648471317864619778e+04 -1.272839499655935697e+03 1.305152916366320596e+03 -5.648928353904715749e+01 3.850664711297870781e+03 4.157000003773738968e+02
-1.088619993337642154e+04 1.317526386142097545e+04 2.117236603755645410e+04 4.041711014244255239e+03 -5.259441840792405856e+02 6.075108892591435506e+03 3.246665308080390787e+03 1.386471470263610536e+04 -1.657775357397400148e+04 1.271832615328546672e+04 8.999109552614090717e+03 -3.711002903894227347e+04 -5.679937055062570835e+03 -1.089361498368091707e+05 1.247252232001722587e+05 5.592142791276628850e+04 -1.657627994533282981e+04 7.314047632459645683e+03 -4.732871350326958236e+03 1.832988135824754863e+04
-4.845963014898239635e+04 -1.541570544048269039e+04 9.484239234666000584e+01 -1.433326655135140300e+03 3.801555477882268264e+01 1.424529441474404337e+02 -7.656487647675451171e+02 1.711225375156304608e+03 3.725176719076168297e+02 -3.168186584693015106e+02 5.590535728672609821e+02 1.677176792397174552e+02 -4.114007897165317331e+02 3.639853548981849940e+02 -1.299490310205508479e+02 -2.736757961005951074e+02 2.945139405312567646e+02 -6.726279036900566553e+02 2.380974075089480948e+02 2.133488693548830270e+04
-2.643763552898166745e+04 3.733526593055090052e+04 6.763889405942482699e+04 1.420863090887261205e+05 4.313969502724552149e+04 1.271015833814267302e+06 -1.308669935687625548e+04 9.499174306960003742e+04 -1.141569845409028232e+06 9.370813689726606244e+05 4.408323173746695393e+05 -4.719446091059840401e+05 1.800154699702349899e+04 1.400029016413799254e+06 1.067892005748613970e+06 -4.399176234783912514e+04 -1.709472291622325429e+04 1.811669281306827033e+05 1.144675960023254156e+06 7.039145206546309055e+04
-6.004281504875511018e+04 7.923347157326383240e+03 -1.879120509221711836e+04 3.457797174632221868e+04 -3.036652550739243452e+03 -3.079587033386754229e+03 -1.444965336586433750e+03 1.421846548807890031e+04 5.425089276885013533e+03 -3.842891257099954601e+03 5.393534267993801222e+03 -1.182267857763973370e+04 -8.030784767338747088e+02 3.363095116768002299e+03 -2.948817595326734136e+03 -1.386051810237270956e+03 3.341982281378049265e+03 -1.621733274995313423e+03 5.920546960450566303e+02 9.944588347467414451e+02
2.467664661602119395e+03 8.111194142137595009e+03 9.773590002750539497e+03 4.737422309108164882e+02 -1.808862837929755187e+03 -5.368098909647696928e+02 -3.550092478929193749e+04 5.635803466616177957e+02 1.047165989362105847e+03 1.990545868222387298e+03 -3.458891688360945409e+03 -1.362553515998311696e+03 8.571856013528774554e+01 8.177057447177078302e+02 1.248125138195161838e+02 4.188033750417547708e+03 3.693432096480218206e+03 8.932044501270609089e+02 -9.602751306204111188e+02 -1.273268069200420086e+03
-3.770983126473466837e+04 5.487385780222576614e+03 1.397230955163091676e+04 2.078126879706950422e+04 7.888132223667610560e+03 5.041418500662119914e+04 -7.442846384545428009e+02 4.519229222614926402e+04 -1.758634299516984902e+05 8.380269460526382318e+04 2.220801421463676525e+04 2.007865925857896218e+04 1.205491776937907707e+04 -3.255078927226952510e+05 -2.339856602635043964e+05 -4.201601559623531066e+05 7.102285857723297086e+05 -2.104463607909047045e+06 -2.177633794808288221e+05 5.090580878107423814e+03
-4.589368464421355020e+04 -1.203300022316408831e+04 6.078931012906598880e+03 6.449570804826876156e+03 6.258107180087364395e+04 -1.690336489392045905e+03 -2.466131763986879832e+03 -5.761857160954551773e+02 2.130652173283455042e+01 -9.065215702016053001e+02 -4.412910171075056951e+02 3.337734950169694343e+02 -1.240196484897655154e+02 5.811739553175121955e+02 -3.358678130788852627e+02 1.142204032571900001e+02 8.788563715340114868e+01 3.897369094780198395e+01 5.515875041685845872e+02 4.181866744270756158e+02
-4.671644323815371172e+04 -8.833421144162351993e+03 -1.316056677328759406e+03 2.173438275559758767e+04 -2.098462895800227670e+03 -2.010084638459700500e+03 -3.622622482187003243e+03 1.541245215691823978e+04 5.479739826316340441e+03 -2.392003593591393837e+03 2.052666039841050406e+03 -2.516322868954957357e+03 3.772502049914236977e+03 5.133511418345481616e+03 1.713029432046041165e+03 1.643663608952853610e+04 -2.328164593565207542e+04 -5.591206601450366725e+04 4.843004162574758084e+04 -1.023217144902201107e+04
-1.563360480309106424e+04 1.496085156551234104e+04 2.630129647140495581e+04 1.984905078287511060e+04 1.560511772892937006e+05 -4.772554956539534032e+03 -2.810459811534921755e+03 -2.046563993186940934e+03 2.250597081058774165e+03 4.850003028675901362e+01 1.465705627972968159e+02 2.751122740204708634e+02 2.155494045568246975e+02 5.696760930554860352e+02 3.653821015610341760e+02 5.708977152275088685e+01 -6.906811676006019241e+01 -7.912500867548278904e+01 -2.077771860339607599e+02 -9.281570467278573489e+00
-1.335784412477532533e+04 5.392653224570922248e+03 2.971616937562581370e+03 1.905387220489508400e+04 -2.967550780421677700e+03 -2.583561633666754005e+03 7.440411009900009276e+02 -2.025390919334139471e+04 -1.802770929451634174e+03 4.385586316204737159e+03 -5.493329614280696660e+03 -1.757388606066574312e+03 4.256477700449543704e+02 -5.472627718535204622e+03 5.260608814052413436e+03 2.075946158333255880e+03 -5.314070374452279793e+03 -3.959156515725744157e+03 6.026868224275362991e+03 -8.006412039263304905e+04
-2.081303823523509709e+04 1.817157416201244996e+04 2.201060758109213566e+04 4.077177566681604367e+04 8.554490850500491433e+03 4.733763754826345394e+04 -3.403484791888218751e+03 4.652069384642330260e+04 -1.432079830899474327e+05 7.464975937167488155e+04 2.615881343345425557e+04 2.465849558045705999e+04 -3.992497341237764886e+03 -1.201239800959516724e+05 -1.277858689853067481e+05 1.798070703808469625e+04 -2.675841434647992719e+04 3.179403125142636418e+04 -8.951835829721747723e+04 -2.500594444517755619e+03
-4.332376167140884354e+04 4.873417784566304908e+04 -1.491819379816078981e+04 1.183625997982947010e+05 3.774330498322490166e+04 3.272267325405126940e+03 -6.657788197464812583e+03 1.238686921783806029e+05 -1.073264803249460820e+05 -3.239254324847713360e+04 -1.485637644755731453e+05 4.946661070626931614e+05 -2.562450987102032639e+06 7.993945496745551645e+04 8.424003479697836156e+04 3.541244295918357238e+04 9.498511284400306977e+03 -2.362886442389662261e+04 3.937337699184878875e+04 -6.968172246985540551e+04
-5.457352266546005012e+03 1.169290851993029537e+04 1.589584325123666349e+04 1.566445597078121500e+04 -4.052823631909620872e+03 -2.748098037490788101e+03 -4.604200122790117348e+03 -2.484306939585541841e+04 -3.938794269868750234e+03 -1.546786478778029732e+03 3.329431897397505963e+03 3.897214337512046313e+03 7.819384761917136473e+01 -7.276765247417439468e+02 1.202751629050479551e+03 -8.132178068060587748e+02 1.191431753851965368e+03 4.944492658998305501e+01 4.113587398272921973e+02 3.359162185432994647e+03
-2.246233365980957024e+04 8.398401188620213361e+03 -4.409821929909885512e+03 4.593899748830377939e+04 -4.966614189661149794e+03 -4.198029283373255566e+03 -7.575668632967953044e+02 5.454533417672617361e+03 3.310385772666571484e+03 -1.413689191317731002e+03 1.432926340920657594e+03 -8.385084903960072552e+03 -6.067747461661516581e+02 2.072416327219360028e+03 -2.179361934400975770e+03 -2.637859292873384902e+02 1.442780930597347833e+03 -1.034994552833917396e+03 -1.131603391325307513e+02 4.395159090034038059e+02
-4.172608777330075100e+04 3.592787108181338408e+04 -2.631589073096553693e+04 -5.182943896914642210e+03 9.935539003638662052e+02 5.530777588356271508e+02 1.339592739222815908e+03 -4.163366728071254101e+02 4.274584175089832456e+02 1.217086125787295003e+02 1.725473623612460415e+03 -2.391533168208337088e+02 -6.293232401133772100e+02 -2.574458202210207673e+02 -6.068518586755962474e+01 -2.473325640224668973e+02 -2.793589445456337117e+01 -8.409503479282905118e+02 1.169198094499063814e+02 2.120647983586489499e+04
-4.604627741940412670e+04 -1.259906075228155714e+04 4.576054832466072185e+03 1.937791861520115162e+03 4.289908033490660273e+02 1.602205318481283211e+04 -3.010843108189032137e+03 8.336419234093518753e+03 -3.707189018879443756e+04 1.345619431214451470e+04 2.521004675497531480e+03 -1.771540826357301285e+03 -5.522307809826711491e+02 -2.169653438903723509e+04 -2.672028257042164842e+04 -1.423384993807663477e+03 1.885098753698848668e+03 -5.605461733229212768e+02 4.342865661380818892e+03 9.581481931211822030e+02
-4.325896915493164670e+03 1.808804040980357240e+04 2.521301387086367322e+04 -3.073246090735221514e+03 -1.514366835982501016e+03 -4.576917327681342726e+02 -1.365202446329693430e+03 6.084908662896676788e+02 5.889917813941668783e+02 -6.506060808454433300e+02 1.025110677308266077e+03 1.021300369969899634e+03 1.108929784306001949e+02 1.316046936309077182e+03 -9.517417707546092061e+02 2.720293878965871386e+02 5.863815778651245125e+01 -1.610218606467951759e+02 2.620809635756772877e+02 2.971307441399080744e+02
-4.602943147526719986e+04 -1.264689863789240735e+04 3.977983541881245856e+03 -4.699698354103416875e+01 -4.530022228453654520e+02 -1.513452401315360305e+02 -8.306502588745566754e+03 2.768450996686508006e+03 -2.053515310426852011e+03 -3.485854513877725822e+03 -5.982718044148910849e+03 -6.529510876289481530e+03 -1.815652155286429206e+03 -4.565033017427119375e+03 5.397040189435899265e+03 -3.505207940036319633e+04 -2.350753317250120745e+04 -1.858441280671967775e+02 -7.520672148716734000e+02 2.543486747477951155e+02
-4.624992090750896023e+04 6.031144958106731792e+04 -8.439925480606309065e+03 2.080862865799608699e+03 -3.075119882778498777e+03 -3.832902653843643179e+02 -4.236018833156790788e+04 7.337889544707503774e+03 2.253465912638389909e+03 4.574479426088740183e+03 -8.631084994203974929e+03 -3.525601343794339755e+03 1.461308531584735704e+02 5.400201305612492888e+02 -7.752594593299366466e+01 1.556027002344280618e+03 -1.512018550089996552e+03 -1.543161638777948383e+03 4.043528621942038512e+02 1.924594863147491196e+03
-4.139254975734923937e+04 4.481058145175516984e+04 -2.854226595469416134e+04 7.265649193703857600e+04 -7.073855572616131212e+03 2.771791647340889426e+02 7.187977792358436773e+02 3.904259759137638321e+04 -5.396441798498382013e+03 1.049476324803692660e+04 -1.760507837311280309e+04 5.206110705263497948e+04 6.487869914161293309e+03 8.171958282758363339e+02 4.896995088240258156e+03 2.410814208178956505e+03 -5.048168551221263442e+03 1.307679159983052523e+04 -4.270657836264222169e+03 9.750236956541780273e+02
-1.856424867287258530e+04 1.299619384875409742e+04 1.486661327266858279e+04 3.602947610720808825e+03 -1.110411515617208352e+03 -5.188271403579799426e+02 -1.086846407451225423e+04 6.893127805841651025e+03 -3.050555471606242008e+02 -3.603734616180458033e+03 -3.287134058108121280e+03 -1.287210630845939704e+04 -1.758285344578567901e+03 -1.654436240314694714e+03 3.082717107235150252e+03 -7.033815432151771347e+03 1.124265396856479674e+04 1.902810641841710094e+03 -5.602519150660052674e+02 -2.527057107832015390e+03
-6.118336392702913145e+03 1.452206687512630015e+04 2.340050961585958430e+04 1.199350341036895998e+03 -1.123241511912967098e+03 2.269370024592397021e+04 5.795489780464055912e+03 3.888810507206580951e+03 -1.023432068559430263e+04 6.493218951238086447e+03 1.208137926587759284e+04 -1.161099909373802802e+03 -9.477187574415289362e+01 8.841339043272519120e+03 3.430627229176386663e+03 2.299591145979504290e+03 -5.724401449383263753e+03 5.060910923070790886e+03 -2.027118132546699781e+04 -2.315717861225049546e+03
-2.119658929687174168e+04 1.469052223028128174e+04 1.546456942413528304e+04 1.054422141409285723e+04 -1.944495638871158008e+03 -1.398262031797886266e+03 -6.900685696828298887e+02 5.423299508764528582e+03 1.341669128510928431e+03 -8.779979314022701146e+03 1.697524334267273662e+04 -2.091410605984068752e+03 -5.904213329819834826e+02 6.079866057730622515e+02 -9.578484060744422095e+02 -2.015288589498096599e+03 1.535654011271650006e+03 -2.940734305783624905e+02 8.050761832451021291e+02 -7.034837313999076969e+02
-4.142454675950141245e+04 3.523850570149484702e+04 -2.515506530893176750e+04 -4.466433699781153337e+03 3.209028064838177670e+03 1.699567357136364990e+03 1.763476369302904459e+03 4.092785316881571816e+03 -4.750326482840349490e+04 -6.440203181907714315e+04 -2.928720186911208657e+04 -7.725173647918447386e+03 3.226093495274218640e+03 8.890972319773058189e+03 5.042511881140104379e+03 6.726269444693120931e+03 6.023368736693598748e+02 -1.096511664455956407e+03 -5.759330611979780770e+03 -1.424599122030882199e+03
-2.443166923366604169e+04 2.608771228623114075e+04 1.613150960295272489e+04 2.773704619716450179e+04 4.015963651985817705e+04 1.668528277865305427e+05 -1.566606370718793187e+04 4.664127928649932437e+04 -3.802824911001723376e+05 9.792438796767604072e+04 8.995241697526984353e+03 -5.813300473149523168e+04 9.522674616061452980e+03 -8.423907765248794749e+04 -2.132098550831737812e+05 -3.693415054217197758e+04 4.819360050351704558e+04 8.628121650936923106e+04 6.915107675004622433e+05 2.323641467607781306e+04
-1.553783058338458250e+04 1.052213751151914767e+04 -1.627935971516644940e+03 6.277274945927222143e+04 -6.997582054359644644e+03 -3.207655317550982545e+03 -6.111222722238107963e+02 1.154537206640609656e+04 -1.313188419860896659e+02 3.707704026402350792e+03 -5.815082451078814302e+03 5.148404482573804671e+03 -2.488759098204398015e+02 1.613952993741925411e+03 -3.301699721169309214e+03 3.590404611850833589e+03 -4.198369473072387336e+03 8.000830565640669647e+02 -3.070186046174370858e+03 5.546210303174647152e+02
-6.594321141381520647e+03 6.614029866764154576e+03 9.156429777225499492e+03 1.646593704587992761e+04 -2.816247103283445085e+03 -2.425641334989883035e+03 5.457533935122502271e+02 -2.038733160217687328e+04 -3.234568490593111619e+03 2.444000317455417189e+03 -6.068966716850020021e+03 -3.807048668770899894e+03 -5.475473246488179484e+02 -7.511808943312526935e+03 6.021063213926543540e+03 -3.623326168733881332e+03 1.945284243035717282e+03 3.585151929566196031e+03 1.020473508691353231e+03 -1.181581981328175971e+04
-2.516649050645691023e+04 3.368249446777018602e+04 5.687681958317393583e+04 1.304240711182720552e+05 1.107133938339919587e+04 1.089220830357696395e+06 2.585481015797042801e+03 -2.311714347872401049e+03 -9.533957936671962671e+04 9.178551882951841981e+04 5.174142648247900797e+04 -3.336446950667688361e+04 9.084338709866948420e+02 1.322423503414256847e+05 9.535630404988273222e+04 2.050751481644527757e+03 -1.221724602610154579e+04 3.730395634864075419e+03 -6.183727721964909142e+04 -5.062385466268444361e+03
-1.481595150345340153e+04 1.242803385237396469e+04 1.570190999130454293e+04 1.332070778568963942e+04 7.331774773974005075e+04 2.303748805841373542e+04 -4.776697990587164895e+03 8.826555493126554211e+03 -8.769083453062108310e+04 1.623034366748756656e+04 -1.979901638079014219e+03 -1.235571809333492820e+04 2.497292714653250187e+03 -3.209301768533386712e+04 -6.532737381000786263e+04 -1.050471927483525360e+04 1.397416992311689864e+04 2.449318132345656340e+04 1.970052021911061893e+05 6.292012046977737555e+03
-1.650666982890503277e+04 1.774149940408444309e+04 3.354194217966894939e+04 2.950019933723992654e+04 2.445404479301905958e+05 -6.592987705253838612e+03 -4.996337265476838184e+03 -4.437134037346884725e+03 3.271684621877502195e+03 2.327225036297278621e+03 7.192095948217832984e+02 1.107512370020260732e+03 6.724402912618126038e+02 1.151739383039563563e+03 1.858193690529452056e+02 3.745353200078664599e+02 -4.245219336441815017e+02 7.460463922584185070e+01 -1.860304572619632836e+03 1.331164923114179430e+02
1.020414119817597748e+04 1.827118255951869514e+03 2.578017258799264255e+03 6.099677361434808063e+02 -1.558317153534177635e+02 -1.446071068172855689e+02 -1.095712575517850382e+03 6.946127096710702631e+01 -5.538277160630136642e+00 9.279283576779508991e+00 -1.604496791496430603e+02 -1.540372208770763223e+02 -1.172426864024603788e+01 -5.217434830459891373e+02 3.836291105050475494e+02 -1.143506120665588099e+02 7.294047955611101486e+01 1.103911014445181848e+02 1.895223703066588712e+02 -4.540301203375191790e+02
-2.573143202916299197e+04 1.840283710504783085e+04 3.308569059671058494e+04 6.363709804356484528e+04 1.102208872284889731e+04 5.132015261914957664e+05 -2.253080155246675531e+03 3.194274305270910918e+04 -2.549210154902798822e+05 1.921433789821409446e+05 8.118540517925919266e+04 -5.830034781062752882e+04 3.470102481333598007e+03 1.559633046393092663e+05 1.222407862164790422e+05 -1.601280552949052435e+04 1.762138109122405149e+04 -2.891521383548804079e+04 6.280063964200865485e+03 1.333023668612823258e+03
-2.552152493767725900e+04 5.266136688640695502e+04 -2.797496914394047963e+03 -9.948895444239113203e+03 -1.280620384755854957e+03 2.184690540582179494e+02 -9.426596383286008859e+03 -2.448991795700039802e+03 4.331587754302055941e+02 -1.270867525925409467e+02 2.521457216510386388e+03 2.613452958333646620e+03 1.798567130233166722e+02 1.626981027041533480e+03 -1.318575709039789672e+03 8.569612695203347812e+02 -5.951587284375243598e+02 -5.900102149501757367e+02 1.224082432123080935e+02 6.810557140301945083e+02
-3.524441425842699391e+04 1.178637168715062398e+04 1.445507316343285493e+04 9.359982800882295123e+03 6.119413399034775694e+02 1.304539132590885492e+04 2.595996027179665816e+03 3.831054843540570437e+04 -4.155330466308815085e+04 1.914664494520594235e+04 -2.673154172047446264e+04 1.314564334532577195e+05 3.070207882282851642e+04 -3.772814138030936738e+04 6.163505172778567066e+04 -9.765686909562136861e+04 1.384372998719698226e+05 -9.459192757047677878e+04 -1.584150550664951152e+04 -5.557602230400664666e+03
-3.654850444028286347e+03 1.550964052887900289e+04 2.228608986975993685e+04 -3.087661928719622210e+03 -9.934764837480338429e+02 -2.799902362043375774e+02 1.423531110460484115e+03 2.082278446432615510e+03 8.753766994384745885e+02 1.130899875095396283e+03 -2.819165784727329537e+03 -7.192239405227952602e+02 -4.228805574493448738e+00 7.730191539666737981e+02 -7.158110917362575947e+02 6.815055495853829370e+01 2.019392845376852677e+02 -8.787620136782447133e+00 1.146926991689743005e+02 8.295713341538760233e+01
3.746973160122688114e+03 2.652317954581521553e+04 2.346029159606683606e+04 -6.646511466511172330e+03 -4.183702214710055159e+03 -1.169805102144090512e+02 -7.641903516135503014e+04 4.097604150077601844e+03 1.974543662456344236e+03 7.117420238977972986e+03 -1.312492838026995014e+04 -3.537538239449903813e+03 1.718887399583472870e+02 1.194608219258948338e+03 -1.170364369711317778e+02 5.174013177668914977e+03 3.447529355432905959e+03 8.582267939536390031e+02 -1.714933119850374169e+03 -9.714949353375645842e+02
-2.188720638574317491e+04 1.059241400413203337e+04 2.038235173054236657e+04 1.070193685679009832e+03 2.980372296831242807e+02 5.426398347164041297e+03 9.807530587024210718e+02 1.513648240063977391e+04 -3.310712545823998516e+04 6.404356264205570369e+03 6.070649570346965447e+03 2.212927586896738649e+04 2.720696677117901345e+03 -7.061930946635430155e+04 -1.077249770298189105e+04 -2.974411617955129623e+04 3.031431920450131292e+04 8.639082772654804285e+04 2.669608991490132175e+05 4.358330732482956478e+02
-1.849195924208604993e+04 6.689501116999520491e+03 1.632862941658951058e+03 1.964423813143948792e+04 -2.547653201233365508e+03 -2.297430027929457538e+03 3.787569992801495005e+02 -4.628271674103533769e+03 9.161671104202455354e+02 -7.674111596170625944e+02 1.394390923829060284e+03 -5.494512215818836012e+03 -7.417549059615516853e+02 1.205569075896663520e+02 -5.429137833013252248e+02 -1.440960305325515947e+03 2.570500813362359168e+03 1.343157513452386524e+02 1.248083441626881296e+01 -5.193353206044890413e+01
-3.885188543786621449e+04 3.614554735393064038e+04 -1.928431437533532880e+04 -1.280410324934097730e+02 3.362278403425074885e+03 1.755579447067759611e+04 -2.080799369136946098e+03 1.022364857648575344e+04 -6.862281947477858921e+04 -2.563567161726557606e+04 -1.514341436542061638e+04 -5.569973965455727921e+03 1.649428191045172753e+03 -1.870035693211021862e+04 -2.507868034628783062e+04 7.861500935109967259e+02 1.263293472028775113e+03 -7.942321736600965778e+02 3.267838858233412793e+03 -7.707681745238852500e+02
-4.998000956170435529e+04 -1.529347753023396035e+04 3.725225098702454716e+02 -9.867463184142538921e+02 -8.570568965728168109e+01 4.704687684858497931e+01 -4.042233012464315038e+02 1.475062563312920538e+01 3.008231776610781480e+02 3.697350616025041177e+02 3.289476007853793682e+00 1.661457103083408526e+02 4.359156677440193306e+01 8.217079771317335712e+01 -5.880211926391681487e+01 6.962220704597632448e+01 6.494775613823100002e+01 1.095310296010858195e+02 -6.931467062801210943e+00 -6.572470132544196986e+02
