-3.595578182110792568e+03 1.527372745951744037e+04 2.228956112741129255e+04 -3.043555097448827382e+03 -9.859766470902637820e+02 -2.819681922402371015e+02 1.551718245023691452e+03 2.074023172736234301e+03 8.738052852113283961e+02 1.128741069119476379e+03 -2.818603359050902782e+03 -7.281337396191787548e+02 -5.606984255394285910e+00 7.724711521179523288e+02 -7.162981111919351633e+02 6.271302288749314613e+01 2.051324761767289431e+02 -5.987144873050779026e+00 1.130689494438209266e+02 8.215239084934712821e+01
2.099518909563399575e+04 -3.093373532719618197e+03 -3.395702755643836099e+03 -4.312936456169637722e+02 1.632695044502540611e+02 9.576860982999725991e+01 -9.449589157804365414e+01 2.137870707419394023e+02 5.141781702444057522e+00 -4.420265758200270767e+01 1.123780275096808623e+02 4.006656490660611780e+01 4.025091011940801877e+00 8.526267120758237894e+00 -8.427738452251656298e+00 8.718592843505570400e+00 -3.282717506418595832e+01 -2.476391588493837048e+01 5.119271332312506750e+00 1.808777678644031717e+00
-4.938294080645091162e+04 -1.553377250762709991e+04 1.328471788468371528e+02 -1.208724279226717726e+03 -5.533974298478005949e+01 7.447473335153176777e+01 -3.973784522245460948e+02 -1.127078119383691757e+01 2.795798347529026273e+02 3.856709211265655313e+02 -8.250933108529714843e+00 2.695274374368413532e+02 5.680160215459968498e+01 1.203311262613261334e+02 -8.589026457346390941e+01 1.017852227388433448e+02 6.742838163559025766e+00 9.161477425837432520e+01 -1.383905270637925611e+01 -6.551366531183790585e+02
-4.262801097669264709e+04 3.583433048501730809e+04 -2.623190087243747257e+04 -5.083386526858254001e+03 9.105128947342540187e+02 4.958710069743394797e+02 1.724989244803396559e+03 -2.203016379186015001e+03 3.111020540911226249e+02 8.482544595946608297e+02 1.116572051442723705e+03 -9.716514366113617029e+01 -1.502149201160361258e+02 -5.296404295481522695e+02 7.830350147430358732e+00 1.389389307543159191e+02 -3.299904710476321270e+02 -7.303490463579811376e+01 -1.414091079719444792e+02 -7.901833610355615747e+02
-4.549049222791737520e+03 3.764250417782932800e+03 5.950658499048335216e+03 8.909257324589747441e+03 -1.822596788065338615e+03 -1.351855278329530620e+03 1.746663564664763499e+03 -8.748556931349128718e+03 -6.659116405722054424e+02 1.468351312823451281e+03 -2.017131262624541023e+03 -1.092915914402443889e+02 -2.762771996243134964e+01 -2.392234978340758005e+02 1.228594853903708639e+02 -2.371014943173106815e+01 6.893354780438447449e+01 1.597902439252097508e+02 -8.262875372721599376e+01 -1.124607449052910852e+03
-1.266173909818251923e+04 8.141082338512411297e+03 -2.445987602670610954e+02 4.251280160882779455e+04 -4.868843881807805701e+03 -3.628576660320513383e+03 -3.059334739679468953e+02 3.291547582285727003e+03 1.501060072755008832e+03 6.861593502304497179e+02 -2.100426767047829344e+03 -1.750854960602933261e+03 3.337068899121044865e+02 1.370519979974546231e+03 -1.223333770196165460e+03 1.944562770318909998e+03 -2.262477937487250074e+03 -1.326532089385872951e+03 -2.049010565489644478e+02 1.662237866946289842e+02
-4.602075363729160017e+04 6.036450668562670035e+04 -8.441070539763752095e+03 1.833599997207520573e+03 -3.049639679648224046e+03 -3.635964341626285545e+02 -4.217607790411984752e+04 7.255505315853173670e+03 2.272698275833525713e+03 4.644089335855040190e+03 -8.614731272738194093e+03 -3.494530102161388641e+03 1.444340923295777941e+02 5.355117279120714784e+02 -9.863588252509678966e+01 1.539225711768572637e+03 -1.495737828399617683e+03 -1.523538869047598382e+03 3.634914406413756183e+02 1.906919767014559966e+03
-1.634734480272500696e+04 1.689519701039140637e+04 3.100873103696448015e+04 2.601264623958627999e+04 2.110497511267174559e+05 -5.905270478579878727e+03 -4.248878554481485480e+03 -3.423451831658473566e+03 2.835954355154501172e+03 1.480972562610847262e+03 4.957891204323231591e+02 8.482351965876323447e+02 5.002372427578214911e+02 8.690897002965564297e+02 1.944527582295013417e+02 3.281772234728943545e+02 -4.003895635515268623e+02 8.425132268611480413e+01 -1.216642419325168930e+03 8.708482554572533729e+01
-3.390361032988087391e+04 7.461490853905177210e+04 1.565464070198635163e+05 6.688038500037605409e+05 9.269461209923577553e+04 7.429178814210163429e+06 -7.226347487304396054e+04 -6.452495208701075753e+05 2.697222315995696001e+06 -1.839428319571936736e+06 -9.099011106334049255e+05 4.952719504703676794e+05 -1.449154183666315657e+04 -1.352397542225514771e+06 -1.006791201424730825e+06 1.677897437323605482e+04 5.029670213864884863e+04 3.157114726211919697e+04 3.748489633779013529e+05 3.634773474928404903e+04
-2.436483802557143645e+04 3.267222865612317037e+04 5.467944334848032304e+04 1.238246704467445379e+05 1.038165300575338188e+04 1.018446762935484410e+06 2.280250249014074598e+03 2.519107005407495308e+03 -1.155913174114106514e+05 1.060326528952555527e+05 5.682785977506062045e+04 -3.723477255232879543e+04 1.025845527575877213e+03 1.409752744410783635e+05 1.026381412046951154e+05 1.205873104956819816e+03 -1.100631420144206277e+04 2.008147975374210318e+03 -5.913037358805485565e+04 -4.723609915800651834e+03
-8.265576842875809234e+03 1.212369168563964922e+04 1.945578198430448538e+04 6.769465090136477556e+02 -9.838448619110066602e+02 -4.177025083104008445e+02 1.469972758174213595e+03 2.022480165594826076e+03 -4.758301245656645051e+02 -5.677694745371459248e+03 1.122366500988005282e+04 2.783144998224460778e+03 1.451286614079570256e+02 -4.465478372312041984e+02 6.160534583102433004e+01 -4.127329331128768217e+02 -1.352515976385365320e+03 -2.601966424939765830e+02 5.568596399004726436e+02 -1.061382626661591530e+03
5.656151207927689029e+03 2.187679825241013168e+04 2.374030268035074914e+04 -3.797823165853044429e+03 -3.950467335141241165e+03 -6.170279708533769281e+02 -5.882004699740629439e+04 -2.147508670833534552e+02 9.716399879441011080e+02 1.425599073228448788e+03 -1.693495090959771233e+03 1.014099608384774115e+03 3.896697546140618442e+02 1.984759552187367717e+03 -3.938353595012091546e+02 5.146386216819851143e+03 3.206888985537212193e+03 5.533118126162089538e+02 -1.023207809094355980e+03 -5.125832745011158522e+02
-5.584597234423497866e+04 3.971218082757548109e+04 -3.498620526657503069e+04 3.029196228650032208e+04 -2.263786443086051349e+03 -2.659878850834938021e+03 -1.272950371229961348e+02 1.204214522716968349e+04 5.563604449710977860e+03 -3.027645689979104645e+03 6.295876260732351511e+03 -1.185376181392798389e+04 -1.016841807559728750e+03 2.682427307248196485e+03 -2.834374039321523469e+03 -1.402613224006634709e+03 3.098521990487379298e+03 -1.622663264325983391e+03 5.212694106265340679e+02 7.721538205894675002e+02
-3.946213952321841498e+04 3.949767642248556513e+04 -2.754007323842793267e+04 2.538477278393082452e+04 -1.981102937056800329e+03 -1.579587047522346893e+03 1.111933737294311186e+03 1.982954028583516265e+04 5.235978884157957509e+02 1.365341142118590824e+03 -5.837106292827176730e+03 2.995156464341636820e+04 7.760264943329968446e+03 9.121220536331700259e+02 9.843191480237750511e+03 -2.756857677219148172e+03 1.489244919892201324e+03 6.769260729482978604e+03 3.635799977851758740e+03 -1.255526260240383465e+02
8.812531831037626944e+02 6.796702756412078998e+03 1.058575856112677866e+04 1.422497173651953563e+04 -3.238514388713553217e+03 -2.383908810370648553e+03 3.880128257775167526e+02 -2.403694567947153701e+04 -3.793347469359004663e+03 8.710037553604428240e+02 -1.715610773563091470e+03 2.319481826981553695e+03 -8.623371491524711274e+00 -1.015866792307965511e+03 1.240994498545007218e+03 -9.313036329932272110e+02 1.247142886793968501e+03 2.592250042040771518e+02 1.014868470454030671e+02 3.181416900225676727e+03
-7.243859777403077715e+03 1.669080262827155457e+04 2.598541368485004568e+04 1.361298952021678997e+04 7.364666430159325500e+03 1.399129932407291781e+05 1.134473870154196675e+03 1.053197447510243364e+04 -8.365420321534341201e+04 7.050647850597910292e+04 2.825868233850336401e+04 -3.006308806274438757e+04 8.138264953502846311e+02 7.396074165451213776e+04 7.239677663193075568e+04 8.855395008302598399e+02 1.073180536385832738e+03 -5.892674291678178633e+03 -9.367446865460236950e+03 9.127502026492442155e+02
-9.045574359854303111e+03 2.509472781560665226e+03 6.052602049672833573e+02 8.564211321167174901e+03 -5.749691222825025534e+02 -1.042737895624301245e+03 -5.479558260491886585e+02 2.337874444150977070e+03 2.716819043223619701e+03 -5.838273971440328751e+03 9.895888114277091518e+03 -2.375673958914054310e+04 -4.361648984331933207e+03 -3.282483414749741769e+03 -9.360360308197102768e+02 -2.595746211705441601e+04 3.979367801747011254e+04 2.336766508746085674e+04 -3.981866910769650531e+03 -2.856470254596074483e+03
-2.081303823523510073e+04 1.817157416201244996e+04 2.201060758109213566e+04 4.077177566681605094e+04 8.554490850500491433e+03 4.733763754826345394e+04 -3.403484791888219206e+03 4.652069384642330260e+04 -1.432079830899474618e+05 7.464975937167488155e+04 2.615881343345425194e+04 2.465849558045705635e+04 -3.992497341237764886e+03 -1.201239800959516724e+05 -1.277858689853067481e+05 1.798070703808469625e+04 -2.675841434647992719e+04 3.179403125142636782e+04 -8.951835829721749178e+04 -2.500594444517755619e+03
-1.047914918507809307e+04 1.058290066413843306e+04 1.574048447538844266e+04 2.318062073301626242e+03 -6.989196971300387986e+02 4.981218974258544563e+01 8.181233719190319107e+02 4.219661441311345698e+03 2.884514016963205449e+02 -5.195780731417022480e+02 6.575371880005325238e+02 -5.285727346315163231e+03 -9.473439436672539387e+02 -1.463268304995815924e+04 1.222310995372723846e+04 3.551214095259689202e+03 -7.838068088763753849e+02 2.650964871422071667e+01 1.055960410885561714e+03 2.800729793688331029e+02
-4.652826525879964174e+04 1.213875997741946594e+04 -1.497227857815345851e+04 1.345709557168084029e+04 4.471887188175831511e+02 -1.185010782554809055e+02 -7.630248442538734253e+02 1.633801164408109616e+04 -9.797532356457284550e+03 -1.053902465531744929e+04 -9.656823082100312604e+03 4.630159880680537754e+04 -3.338072353093387792e+05 1.376737695154908943e+04 9.763020230155527315e+03 -2.857343737577645015e+02 1.230069856274206904e+04 -3.988842011714605633e+03 1.011427503527930457e+04 8.122767063450439764e+02
-4.142454675950141245e+04 3.523850570149484702e+04 -2.515506530893176750e+04 -4.466433699781152427e+03 3.209028064838178125e+03 1.699567357136365217e+03 1.763476369302904004e+03 4.092785316881572271e+03 -4.750326482840348763e+04 -6.440203181907712860e+04 -2.928720186911208657e+04 -7.725173647918447386e+03 3.226093495274218185e+03 8.890972319773056370e+03 5.042511881140103469e+03 6.726269444693120931e+03 6.023368736693601022e+02 -1.096511664455956179e+03 -5.759330611979780770e+03 -1.424599122030882199e+03
-4.808924780977145565e+04 -1.485255339997633928e+04 1.097939012517722404e+03 -1.211440992755141679e+03 1.691299157556543378e+02 2.377129467718925184e+02 -6.421762430617189921e+02 2.526668170557678877e+03 -1.452422168334199159e+04 -2.241012966620113366e+04 -1.107028648815332599e+04 -3.394622673410633979e+03 1.212876792445413457e+03 5.162537559607187177e+03 3.986827433081690288e+03 4.181197391549849272e+03 1.095566880804817913e+02 5.078094399224243034e+02 5.703794441827375522e+03 2.107324693156188289e+02
-4.845906946254374634e+04 -1.541523263928261804e+04 9.509609509153958129e+01 -1.432757177856062754e+03 3.801053285195167319e+01 1.423862760549635880e+02 -7.656179131558952804e+02 1.711450747720085474e+03 3.726066103708630521e+02 -3.168971511066503126e+02 5.590461326870284893e+02 1.677205320035806153e+02 -4.113583385921819513e+02 3.642000702848860101e+02 -1.300889499116714489e+02 -2.734173624433973373e+02 2.944068136175727091e+02 -6.729576158142328950e+02 2.386357765459665075e+02 2.133452778161314200e+04
-1.565431860897010120e+04 1.021999815884061718e+04 1.179740651223026907e+04 2.346213713229607038e+03 -1.086107606658901659e+03 -5.599716063191059447e+02 -1.399614024867305307e+04 2.952116945742138341e+03 -1.992692129882280824e+03 -2.888164469709503919e+03 -7.301874075604537211e+03 -7.402089494802117770e+03 -1.869880277507741766e+03 -5.547891574685118030e+03 6.114283808092419349e+03 -3.519455290090429480e+04 -2.378787923844264878e+04 -1.162953781752269578e+02 -6.242019605014401122e+02 -2.981934544794704038e+02
-3.937153958005669847e+04 9.400567375560969595e+03 2.847170868239001720e+04 -7.704187854615644937e+03 -4.774978464673319650e+03 6.019810164568499431e+02 -9.283654984462926222e+04 9.804378563949623640e+03 -1.180067871268931049e+04 -9.444628457886305114e+03 -3.087097540681489045e+04 -2.959314100704528391e+04 -1.036357618702884065e+04 -4.091347559392800031e+04 4.181658393500300735e+04 -5.402395853004804812e+05 -4.130519698641552241e+05 -2.224136468164364123e+04 -2.088010960122931283e+04 2.494672799212529208e+04
-4.671644323815371172e+04 -8.833421144162351993e+03 -1.316056677328759406e+03 2.173438275559758767e+04 -2.098462895800227670e+03 -2.010084638459700500e+03 -3.622622482187003243e+03 1.541245215691823978e+04 5.479739826316340441e+03 -2.392003593591393837e+03 2.052666039841050406e+03 -2.516322868954957357e+03 3.772502049914236977e+03 5.133511418345481616e+03 1.713029432046041165e+03 1.643663608952853610e+04 -2.328164593565207542e+04 -5.591206601450366725e+04 4.843004162574758084e+04 -1.023217144902201107e+04
-2.088088297848041839e+04 1.068365292447832144e+04 2.151535144673610557e+04 4.180413413471131321e+02 2.916003063296480832e+03 1.455295530744060306e+04 7.370927641115551978e+02 1.375106991375035250e+04 -3.199258083888542023e+04 1.975515013115507827e+04 -6.496264973005665979e+02 2.292588126497125268e+04 6.672893581838472528e+03 -3.006131521224333119e+04 1.143630818730350438e+04 -4.780862415811419487e+04 7.498424660888400103e+04 -1.137242872804932267e+05 -2.031996459666311785e+04 -1.414344207644727703e+03
-2.426091936731514943e+04 2.694714427095975407e+04 3.667572126514651245e+03 1.044606899719619105e+04 2.913220854107990090e+04 5.306778203106480214e+04 -4.594949134260181381e+03 1.867452406596787114e+04 -1.378775680242415983e+05 1.558192104766846023e+04 -6.290820204573906267e+03 -1.329812095294551364e+04 3.729025513047743971e+03 -4.820284070918576617e+04 -8.729026335838045634e+04 -1.137769096384951263e+04 1.580632494886757195e+04 2.600998357425364884e+04 2.095865324660607730e+05 6.383567378700518930e+03
-4.604627741940412670e+04 -1.259906075228155714e+04 4.576054832466074004e+03 1.937791861520115162e+03 4.289908033490660841e+02 1.602205318481283030e+04 -3.010843108189032591e+03 8.336419234093516934e+03 -3.707189018879443756e+04 1.345619431214451288e+04 2.521004675497531480e+03 -1.771540826357301285e+03 -5.522307809826711491e+02 -2.169653438903723509e+04 -2.672028257042164842e+04 -1.423384993807663477e+03 1.885098753698848668e+03 -5.605461733229215042e+02 4.342865661380818892e+03 9.581481931211824303e+02
-2.637712611841231774e+04 2.065625059015233273e+04 3.664486018374177365e+04 7.097488150192669127e+04 1.086010801310856550e+04 5.824391011195352767e+05 -4.207841628757557373e+03 2.804286897510346535e+04 -2.356633194334595464e+05 1.816823048237577314e+05 7.691725598730354977e+04 -5.494390801185927558e+04 3.561546630937215923e+03 1.539390266527822532e+05 1.229623948299429903e+05 -1.730033431893338638e+04 1.970599217613479414e+04 -3.504527170932577428e+04 -5.970847548192471550e+03 4.142238663375156875e+02
-2.643763552898166745e+04 3.733526593055090052e+04 6.763889405942482699e+04 1.420863090887261205e+05 4.313969502724552149e+04 1.271015833814267302e+06 -1.308669935687625548e+04 9.499174306960003742e+04 -1.141569845409028232e+06 9.370813689726606244e+05 4.408323173746695393e+05 -4.719446091059840401e+05 1.800154699702349899e+04 1.400029016413799254e+06 1.067892005748613970e+06 -4.399176234783912514e+04 -1.709472291622325429e+04 1.811669281306827033e+05 1.144675960023254156e+06 7.039145206546309055e+04
-3.077595082433044809e+03 1.077156976916729764e+04 1.736755883031805934e+04 -2.027376942544002304e+03 -6.928796873662806775e+02 -2.567412569669838263e+02 4.814610175236324721e+03 1.203342769581088987e+03 6.696723266604623177e+02 9.354667796675042837e+02 -2.390439724027008651e+03 -6.659935935546678820e+02 -8.334729025732693586e+00 9.777114448454772173e+02 -8.340632803998627196e+02 -3.435242974634824265e+01 2.342577086814799543e+02 1.088347084522199708e+02 -8.580947430143415033e+01 8.724456885795230221e+01
-4.332376167140884354e+04 4.873417784566304908e+04 -1.491819379816078981e+04 1.183625997982947010e+05 3.774330498322490166e+04 3.272267325405126940e+03 -6.657788197464812583e+03 1.238686921783806029e+05 -1.073264803249460820e+05 -3.239254324847713360e+04 -1.485637644755731453e+05 4.946661070626931614e+05 -2.562450987102032639e+06 7.993945496745551645e+04 8.424003479697836156e+04 3.541244295918357238e+04 9.498511284400306977e+03 -2.362886442389662261e+04 3.937337699184878875e+04 -6.968172246985540551e+04
-1.088619993337642154e+04 1.317526386142097545e+04 2.117236603755645046e+04 4.041711014244254329e+03 -5.259441840792405856e+02 6.075108892591434596e+03 3.246665308080391696e+03 1.386471470263610172e+04 -1.657775357397400148e+04 1.271832615328547035e+04 8.999109552614090717e+03 -3.711002903894227347e+04 -5.679937055062569925e+03 -1.089361498368091707e+05 1.247252232001722878e+05 5.592142791276628850e+04 -1.657627994533282981e+04 7.314047632459645683e+03 -4.732871350326958236e+03 1.832988135824754499e+04
-4.172608777330074372e+04 3.592787108181338408e+04 -2.631589073096554057e+04 -5.182943896914643119e+03 9.935539003638662052e+02 5.530777588356271508e+02 1.339592739222816135e+03 -4.163366728071254101e+02 4.274584175089833593e+02 1.217086125787295003e+02 1.725473623612460415e+03 -2.391533168208337088e+02 -6.293232401133772100e+02 -2.574458202210207673e+02 -6.068518586755962474e+01 -2.473325640224668973e+02 -2.793589445456337117e+01 -8.409503479282906255e+02 1.169198094499063814e+02 2.120647983586489499e+04
-2.905214177714181642e+04 3.647711192644031689e+04 -4.805401589503968353e+03 2.708769169249828701e+04 -2.255816110445148297e+03 5.418684417173905103e+02 3.418634036052369993e+03 4.230362476878252346e+04 -1.941224405224734073e+04 1.105918002719767856e+03 -3.515214185267611174e+04 1.362442687539173930e+05 2.920770436698220146e+04 -1.260042549086100371e+04 5.499840379461688281e+04 -5.283860204324863298e+04 6.635433276267275505e+04 2.698383581453350416e+04 4.413932260018876150e+03 -4.189794890513888276e+03
-2.629914769020458698e+04 4.340758486637174065e+04 7.355193699487842969e+04 1.699724777261544368e+05 1.595678766688114592e+04 1.523131850102656754e+06 -3.970281126900599702e+03 -3.034014310697030669e+04 1.840595427025126628e+04 1.361366143019499032e+04 1.851475001416050873e+04 -1.174467620587159581e+04 8.556292833092293222e+02 7.435174337649581139e+04 4.510602915450010187e+04 1.191721367751384150e+03 -1.024385152429322625e+04 8.545433513671361652e+03 -3.743927507389276434e+04 -4.979907280536889630e+03
-1.335784412477532533e+04 5.392653224570921338e+03 2.971616937562581370e+03 1.905387220489508400e+04 -2.967550780421677700e+03 -2.583561633666754005e+03 7.440411009900007002e+02 -2.025390919334140199e+04 -1.802770929451634402e+03 4.385586316204738068e+03 -5.493329614280697569e+03 -1.757388606066574539e+03 4.256477700449544841e+02 -5.472627718535205531e+03 5.260608814052413436e+03 2.075946158333256335e+03 -5.314070374452279793e+03 -3.959156515725744612e+03 6.026868224275362081e+03 -8.006412039263304905e+04
-8.940864051690823544e+03 1.674837624810423586e+04 2.577130811112903393e+04 6.241541663475476298e+02 -2.041324603164674954e+03 -7.529447718229561133e+02 -3.325795005414677689e+03 -5.000970776005154335e+02 -9.416401837985858947e+02 -8.869082575638440176e+03 1.807494465355519424e+04 5.864858656994856574e+03 3.454684395685267759e+02 5.020565047415561821e+02 -3.393656193811675053e+02 -7.468702036382431686e+01 -1.591607293820664154e+03 -5.306514339967258138e+02 8.306715941059884472e+02 -7.083595469061018548e+02
-4.140985007607439184e+04 3.578637604821207788e+04 -2.446633808414151645e+04 -2.333260933340389329e+03 2.607783802910890699e+03 1.273529798957117009e+03 1.263595057168875201e+03 2.326372915013752845e+03 -3.135038504411277245e+04 -4.008934316372132162e+04 -1.652964872025600198e+04 -4.561929286535963911e+03 1.994875311066967697e+03 2.909601560404515567e+03 2.071226853358359222e+03 -1.808932389963789547e+03 -3.177503663770178719e+03 -3.070629019740777039e+02 -1.124444537913430850e+03 -1.874979410894962257e+03
-4.589368464421356475e+04 -1.203300022316408649e+04 6.078931012906598880e+03 6.449570804826877065e+03 6.258107180087364395e+04 -1.690336489392045905e+03 -2.466131763986879832e+03 -5.761857160954552910e+02 2.130652173283455397e+01 -9.065215702016053001e+02 -4.412910171075057519e+02 3.337734950169694343e+02 -1.240196484897655154e+02 5.811739553175123092e+02 -3.358678130788852059e+02 1.142204032571900143e+02 8.788563715340113447e+01 3.897369094780199106e+01 5.515875041685845872e+02 4.181866744270756158e+02
-6.118336392702912235e+03 1.452206687512630197e+04 2.340050961585958066e+04 1.199350341036895998e+03 -1.123241511912966871e+03 2.269370024592397021e+04 5.795489780464055912e+03 3.888810507206579132e+03 -1.023432068559430081e+04 6.493218951238087357e+03 1.208137926587759284e+04 -1.161099909373802802e+03 -9.477187574415289362e+01 8.841339043272519120e+03 3.430627229176387118e+03 2.299591145979504290e+03 -5.724401449383263753e+03 5.060910923070791796e+03 -2.027118132546699781e+04 -2.315717861225050001e+03
2.479180609792249470e+03 8.092827026570276757e+03 9.755691841053829194e+03 4.799563501611053198e+02 -1.808183117297393437e+03 -5.374153251542575163e+02 -3.550523182467023435e+04 5.575254559618267649e+02 1.048446239835922370e+03 1.990892256165293020e+03 -3.451365060166643161e+03 -1.356755796396096230e+03 8.591772869752274744e+01 8.182697297552277860e+02 1.234885241384299945e+02 4.193803990687368241e+03 3.693827712137091112e+03 8.931724249944693383e+02 -9.598941001522512124e+02 -1.272934370411390319e+03
-1.563360480309106424e+04 1.496085156551234286e+04 2.630129647140495581e+04 1.984905078287511060e+04 1.560511772892936715e+05 -4.772554956539533123e+03 -2.810459811534921300e+03 -2.046563993186940934e+03 2.250597081058773711e+03 4.850003028675902073e+01 1.465705627972968159e+02 2.751122740204709203e+02 2.155494045568246690e+02 5.696760930554859215e+02 3.653821015610342329e+02 5.708977152275088685e+01 -6.906811676006019241e+01 -7.912500867548280326e+01 -2.077771860339607599e+02 -9.281570467278569936e+00
-1.554437196360774215e+04 1.049225359721745554e+04 -1.628257524137135988e+03 6.253462511444235861e+04 -6.971502947351578769e+03 -3.214628150015635583e+03 -6.087568477829945550e+02 1.145194274952141859e+04 -1.043478894755962614e+02 3.662136214071756967e+03 -5.754857712032667223e+03 5.035663600295953984e+03 -2.462559571826740239e+02 1.613732641996831262e+03 -3.280795828735192117e+03 3.560188059482172321e+03 -4.157797104414769819e+03 7.764482184514371284e+02 -3.035682536560890640e+03 5.512231086566866907e+02
-1.611011649114116517e+04 1.156344744671072658e+04 1.573883681674665422e+04 5.844089188313693739e+03 2.323359685998670798e+01 1.650917267783829448e+04 -4.069901790475802500e+03 1.036528042166967134e+04 -3.732503453397876729e+04 1.406149692587713616e+04 1.716117464456626976e+03 -1.463227672067159119e+03 -5.607394662528333811e+02 -2.285596015304124012e+04 -2.648471317864619778e+04 -1.272839499655935697e+03 1.305152916366320596e+03 -5.648928353904715038e+01 3.850664711297870326e+03 4.157000003773738968e+02
-3.770983126473466837e+04 5.487385780222576614e+03 1.397230955163091676e+04 2.078126879706950422e+04 7.888132223667610560e+03 5.041418500662119914e+04 -7.442846384545428009e+02 4.519229222614926402e+04 -1.758634299516984902e+05 8.380269460526382318e+04 2.220801421463676525e+04 2.007865925857896218e+04 1.205491776937907707e+04 -3.255078927226952510e+05 -2.339856602635043964e+05 -4.201601559623531066e+05 7.102285857723297086e+05 -2.104463607909047045e+06 -2.177633794808288221e+05 5.090580878107423814e+03
-2.443166923366604169e+04 2.608771228623114075e+04 1.613150960295272489e+04 2.773704619716450179e+04 4.015963651985817705e+04 1.668528277865305427e+05 -1.566606370718793187e+04 4.664127928649932437e+04 -3.802824911001723376e+05 9.792438796767604072e+04 8.995241697526984353e+03 -5.813300473149523168e+04 9.522674616061452980e+03 -8.423907765248794749e+04 -2.132098550831737812e+05 -3.693415054217197758e+04 4.819360050351704558e+04 8.628121650936923106e+04 6.915107675004622433e+05 2.323641467607781306e+04
-6.743691000363694911e+03 6.622226090557698626e+03 9.090621857233853007e+03 1.655737255543889114e+04 -2.820849385761128360e+03 -2.434181614667528720e+03 5.426943506471095588e+02 -2.034061585814630962e+04 -3.210237947421941499e+03 2.418276832009571990e+03 -6.023618920844598506e+03 -3.890708116254077595e+03 -5.607669381616119608e+02 -7.501084500095665135e+03 6.005133077933371169e+03 -3.651092261068386051e+03 1.992200920820348301e+03 3.589926442423581648e+03 1.019163635163700746e+03 -1.181608489145227577e+04
-2.469449102644063896e+04 4.790578765443611337e+04 -9.084720608988287495e+03 -9.728928617330493580e+03 -2.421258868614461051e+02 5.253225559809226297e+02 -4.085649335551818695e+03 -7.486177360146363924e+01 8.839785429989684644e+02 2.852313201521134488e+03 -3.916758774126828939e+03 -3.097036189508469306e+02 -1.098350416984342637e+01 7.375589834553095443e+02 -9.280215615176839492e+02 5.242357288705577503e+02 -3.640142710517200157e+02 -3.388065371657230571e+02 -1.181456888635259332e+02 3.484019611232943703e+02
-2.259636400769342436e+04 8.404594273088590853e+03 -4.338825329375912588e+03 4.530177273331337346e+04 -4.898485838673414037e+03 -4.155430201406257765e+03 -7.310881004563567558e+02 5.299915074564495626e+03 3.280916040464543585e+03 -1.425277875465906845e+03 1.474339517832113870e+03 -8.359245395235102478e+03 -6.065012633053138416e+02 2.030190140471844416e+03 -2.136416087857262028e+03 -2.928924610915414064e+02 1.468826485807901918e+03 -1.022997037641305496e+03 -9.536279918164767366e+01 4.156697352744621412e+02
-1.641608874086479773e+04 1.781503969921319731e+04 3.391932557508655736e+04 3.004647648016687526e+04 2.499917312753506412e+05 -6.692097632385708494e+03 -5.099177230338959816e+03 -4.633045393007049825e+03 3.300533643941050286e+03 2.482476980786641889e+03 7.369656543700307338e+02 1.217177745181498267e+03 7.091833332843809785e+02 1.185158462462908801e+03 1.749086552626278603e+02 3.980901744452095841e+02 -4.526640136990729957e+02 5.478677905212877874e+01 -1.976800365014091767e+03 1.416439360140808787e+02
-4.602943147526719258e+04 -1.264689863789240917e+04 3.977983541881245856e+03 -4.699698354103414744e+01 -4.530022228453654520e+02 -1.513452401315360305e+02 -8.306502588745566754e+03 2.768450996686508006e+03 -2.053515310426852011e+03 -3.485854513877725822e+03 -5.982718044148910849e+03 -6.529510876289483349e+03 -1.815652155286429206e+03 -4.565033017427119375e+03 5.397040189435899265e+03 -3.505207940036319633e+04 -2.350753317250121108e+04 -1.858441280671967775e+02 -7.520672148716734000e+02 2.543486747477951724e+02
-4.230074632648596162e+04 3.173283367173568331e+04 -1.181595865101451818e+04 7.022798172212296049e+04 3.528531896716216579e+03 7.898680008489934153e+03 -5.763680276387690355e+03 7.020235113786105649e+04 -8.040181862613800331e+04 -3.238103336256204420e+04 -8.247568561438926554e+04 2.313521132912283356e+05 -1.214324406624735100e+06 3.285774123662659258e+04 3.262960412621330761e+04 7.592509437942585464e+03 -2.003601040810386849e+03 -9.984261045926943552e+03 1.619860374059043897e+04 -3.105760709461279839e+04
-5.963395146690713773e+03 1.164368238384883625e+04 1.555329156988770592e+04 1.598959636438260350e+04 -4.046058880876632429e+03 -2.771705680289822794e+03 -4.513804051500506830e+03 -2.461329289594245347e+04 -3.839006477228916538e+03 -1.564248605079221534e+03 3.327670260126440098e+03 3.515245279060132816e+03 2.408605453989412482e+01 -7.175144442529331172e+02 1.158642591752666704e+03 -9.264143722337917097e+02 1.373203957156364140e+03 7.710107148979584224e+01 4.012083211042596531e+02 3.364098343994975494e+03
-3.787524385902661379e+03 1.309449110310907781e+04 1.991898651512823926e+04 -2.437928990562487343e+03 -8.553284678134871228e+02 -2.929724368944346793e+02 3.125965632644586094e+03 1.357971163075400909e+03 7.100588113830596058e+02 7.533259058073410870e+02 -2.009624718850764566e+03 -4.513961372637768932e+02 -2.314125935903120490e-01 9.458990799612814726e+02 -8.019353123027433412e+02 2.043127925778199483e+01 2.115164135203592082e+02 2.630339449778083605e+01 2.253453200695825132e+01 1.076426206839700512e+02
-1.898798966047031354e+04 1.301055915491899395e+04 1.452481080465217201e+04 4.360552295565932582e+03 -1.211262766724112907e+03 -7.589424391421698601e+02 -1.120680715295080518e+04 7.164472194096809289e+03 2.825621398636425511e+03 -8.439350013192088227e+02 -9.417861344974903659e+02 -1.467493898921434811e+04 -1.761493858843260796e+03 -3.457628938593880321e+03 1.226712843501906491e+03 -9.309119348046338928e+03 1.347102652696461882e+04 5.538971358760977637e+03 2.015895939013930047e+03 -4.980204446117551811e+02
-2.135989570215138519e+04 1.432464611600703211e+04 1.476416764442163367e+04 1.120775272226414199e+04 -1.936702086028695703e+03 -1.421087359789121820e+03 -4.946238148202909315e+02 5.644490449631355659e+03 1.439085603568900524e+03 -8.185602896453193352e+03 1.575693504392374234e+04 -2.539008571078053137e+03 -6.893690334627483480e+02 5.328754873932975897e+02 -9.227861522785992747e+02 -1.961469391544977498e+03 1.641436732422284422e+03 -4.589601115342008484e+02 6.920626969124732568e+02 -6.100009300242129484e+02
-2.188720638574317491e+04 1.059241400413203155e+04 2.038235173054236293e+04 1.070193685679010059e+03 2.980372296831242807e+02 5.426398347164041297e+03 9.807530587024210718e+02 1.513648240063977573e+04 -3.310712545823998516e+04 6.404356264205570369e+03 6.070649570346965447e+03 2.212927586896738649e+04 2.720696677117902254e+03 -7.061930946635433065e+04 -1.077249770298189105e+04 -2.974411617955129623e+04 3.031431920450130565e+04 8.639082772654804285e+04 2.669608991490132175e+05 4.358330732482956478e+02
-6.003203433259839221e+04 7.917131994928437962e+03 -1.878502820809181503e+04 3.456379635069724463e+04 -3.032367327510694395e+03 -3.078213297004032938e+03 -1.443785498841841218e+03 1.421470566046068234e+04 5.404637323758271123e+03 -3.868857165977401110e+03 5.372128453170230387e+03 -1.182613988248317764e+04 -8.000638938880006208e+02 3.368079121196974938e+03 -2.944796064669166753e+03 -1.379913159138867059e+03 3.342739506431720656e+03 -1.622596159085837144e+03 5.846525904119442885e+02 9.970510903070759241e+02
-4.093519250213719715e+03 1.763024369025278065e+04 2.541664525789310210e+04 -2.977334903689479233e+03 -1.514349159173810222e+03 -4.688885364284271873e+02 -1.078134617465596875e+03 5.751079762686221102e+02 5.841028188400258614e+02 -7.025111409297361433e+02 1.123892202490672389e+03 1.047011432056812964e+03 1.106971681271547396e+02 1.322527643726801898e+03 -9.555407365476762607e+02 2.656145164291515925e+02 6.207019984825073067e+01 -1.613982271095558190e+02 2.682244206022713797e+02 2.992683920409031089e+02
-4.845635633763160149e+04 -1.517744665936930141e+04 5.482867297146399324e+02 -1.254498220368919874e+03 2.291597227947155773e+02 2.885173901060620665e+02 -9.804953076337999391e+02 2.958339768227963759e+03 -1.618993976419652608e+04 -2.559128778476580192e+04 -1.229357707155196113e+04 -3.766424884896559888e+03 1.030141217675221696e+03 5.917099388275911224e+03 3.237889462031782386e+03 4.803257820518469089e+03 1.131454310792813885e+03 -1.164849395414431910e+03 -6.859592423627473181e+03 2.866122836218475527e+02
-4.139254975734923937e+04 4.481058145175516984e+04 -2.854226595469416134e+04 7.265649193703857600e+04 -7.073855572616131212e+03 2.771791647340889426e+02 7.187977792358436773e+02 3.904259759137638321e+04 -5.396441798498382013e+03 1.049476324803692660e+04 -1.760507837311280309e+04 5.206110705263497948e+04 6.487869914161293309e+03 8.171958282758363339e+02 4.896995088240258156e+03 2.410814208178956505e+03 -5.048168551221263442e+03 1.307679159983052523e+04 -4.270657836264222169e+03 9.750236956541780273e+02
-3.885754238286244072e+04 3.844015346544401837e+04 -1.820402894868576914e+04 3.710542575426932672e+03 6.524432475835753576e+04 -3.876395604497004115e+02 -1.671777369203817216e+03 1.056917082525432761e+03 -3.129947152805522273e+04 -4.010621162932412699e+04 -1.809691994047061235e+04 -3.857216842723536047e+03 2.063647862063735374e+03 3.857529202163734226e+03 1.467494285133613175e+03 2.206912003982021815e+03 -3.207175426645682705e+02 -2.984997100814319992e+02 -3.287676974585271523e+02 -1.296538244802725330e+03
-2.550521659519815148e+04 5.264275799053936498e+04 -2.783570879696912471e+03 -9.939332720658792823e+03 -1.281766228598224188e+03 2.161739934812116246e+02 -9.370233275064190821e+03 -2.469207751221961189e+03 4.293292513807718933e+02 -1.498579324532476278e+02 2.568487898672619394e+03 2.632874056050039599e+03 1.808121027255432693e+02 1.632434459661079245e+03 -1.321360477802980540e+03 8.572795024384876115e+02 -5.959523441480871497e+02 -5.912822070006080821e+02 1.246948881677877239e+02 6.833318876799544341e+02
-1.499625402490952001e+04 1.138932048016479894e+04 1.454171722263726406e+04 7.942841962794574329e+02 -6.807049004953128133e+02 -5.665231500504659579e+01 -7.991817188742773396e+03 4.688275085446640333e+03 -9.699967398979137215e+03 -1.414832406396373881e+04 -1.026567813985903194e+04 -7.435885653939845724e+03 4.019269454073353245e+02 2.555224981299151750e+03 5.874163995265765152e+03 1.089549413691725931e+03 2.485341421254317083e+03 -7.798137485335222436e+02 -6.330034969276184711e+02 -4.626929779632523605e+03
3.746973160122688114e+03 2.652317954581521553e+04 2.346029159606683606e+04 -6.646511466511172330e+03 -4.183702214710055159e+03 -1.169805102144090512e+02 -7.641903516135504469e+04 4.097604150077601844e+03 1.974543662456343782e+03 7.117420238977971167e+03 -1.312492838026995014e+04 -3.537538239449903358e+03 1.718887399583472586e+02 1.194608219258948338e+03 -1.170364369711317778e+02 5.174013177668914977e+03 3.447529355432905049e+03 8.582267939536390031e+02 -1.714933119850374169e+03 -9.714949353375645842e+02
-3.885188543786621449e+04 3.614554735393063311e+04 -1.928431437533532517e+04 -1.280410324934097446e+02 3.362278403425074430e+03 1.755579447067759611e+04 -2.080799369136945643e+03 1.022364857648575708e+04 -6.862281947477857466e+04 -2.563567161726557606e+04 -1.514341436542061638e+04 -5.569973965455727011e+03 1.649428191045172753e+03 -1.870035693211021862e+04 -2.507868034628783789e+04 7.861500935109969532e+02 1.263293472028774659e+03 -7.942321736600965778e+02 3.267838858233413248e+03 -7.707681745238853637e+02
-2.355501195781554634e+04 2.426984973255989826e+04 3.045530167303907001e+04 5.912451571240432531e+04 8.350890648660182705e+03 8.631646067246637540e+04 -1.990197281742230189e+03 7.837111987679243612e+04 -2.531767388323281775e+05 1.347787085001167434e+05 5.998019736836872471e+04 4.462488080936217011e+04 -7.427769283151555101e+03 -2.174164048649183242e+05 -2.326986299964479113e+05 3.998201027050674020e+04 -6.119156957917979162e+04 7.300509332303369592e+04 -1.949312601985632209e+05 -7.287238835909098270e+03
1.022223320461702679e+04 1.821496569393560776e+03 2.570477049569647079e+03 6.067821029847779073e+02 -1.553238424279911669e+02 -1.440629351569450307e+02 -1.093102722329942935e+03 6.947207681775920207e+01 -5.758429204657415035e+00 1.006973084653949435e+01 -1.608039196122754504e+02 -1.490839411045463123e+02 -1.106318956644308926e+01 -5.163609489006695412e+02 3.796238062205711685e+02 -1.081906701448789079e+02 6.628601810280115103e+01 1.028562837221410575e+02 1.851318512431080308e+02 -4.439636704362118280e+02
-1.708636728398345076e+04 2.835189174431263746e+04 6.586308687313713563e+03 -4.901950806097448549e+03 1.834501097847515211e+03 1.047673046542375914e+03 1.521118082522547866e+03 3.529827770442487235e+03 -3.096794889893596701e+04 -4.028766569875828282e+04 -1.560307267959708588e+04 -2.689018817350478457e+03 2.364681543432398030e+03 4.393882550741890554e+03 7.508663857060431610e+02 2.230344054615501136e+03 -6.242688887996139329e+02 -4.744686105552485742e+02 -7.202272152496885838e+02 -1.552508230545669221e+03
-4.497560914768552902e+04 -1.201604209123886358e+04 5.309826484159038955e+03 1.043054283205260191e+02 -3.748424338867728238e+02 1.119628517855334167e+02 -1.248291171715571721e+02 3.567363206870639260e+03 2.175775992060211763e+02 -4.081280349976338471e+02 6.180110491064102689e+02 -4.960572751337494083e+03 -8.285484604035053735e+02 -1.363918249631086110e+04 1.185007122673222511e+04 3.586646625777939335e+03 -5.047427174203557456e+02 8.135508620338129049e+01 9.193478737572452246e+02 8.169647232449574403e+02
-8.207793997289058098e+03 2.406390294444650499e+04 1.729227312365105900e+04 -4.545511682084566928e+03 -8.414996682552831544e+02 -1.083303675506778205e+02 -2.015600908156704008e+03 2.165852159460648636e+03 8.148949876000123140e+02 1.497464265441678435e+03 -3.406239913882598103e+03 -2.285565712790338182e+02 1.177110737346216069e+02 8.353803336643616149e+02 -6.143884054622185431e+02 1.426308813583999324e+02 1.489132524027657212e+02 7.404018395021240906e+01 5.249024928036889293e+01 9.913321578854210259e+01
