2.099516953713400289e+04 -3.093364704694577995e+03 -3.395692535204427259e+03 -4.312914836620520873e+02 1.632688026197753288e+02 9.576812257691351249e+01 -9.449600280651343098e+01 2.137859068282538146e+02 5.141685828031418382e+00 -4.420235061702753399e+01 1.123771369403965963e+02 4.006630320107286281e+01 4.025076644560062533e+00 8.525736949665251529e+00 -8.427321812719334559e+00 8.718392554902450797e+00 -3.282690032475997555e+01 -2.476360741192646842e+01 5.119356131717525571e+00 1.808562464475249598e+00
-4.937430915514867957e+04 -1.552741992213764570e+04 1.431883187733823206e+02 -1.206398537131565035e+03 -5.594525357073941763e+01 7.456904947476834877e+01 -3.968373451718646834e+02 -4.413690086029729898e+00 2.794133063663210805e+02 3.841801370429797089e+02 -7.120256794016390778e+00 2.594848354052829791e+02 5.509628318895556021e+01 9.354369485170582266e+01 -6.264830718326265213e+01 1.086010385052315428e+02 5.683243452229468140e+00 9.159692707280332513e+01 -1.202935260677223894e+01 -6.522819903485436726e+02
-3.170484583371400277e+03 1.105129360638444996e+04 1.767326731353144351e+04 -2.064830783109846834e+03 -7.230608253167122257e+02 -2.644251544195732322e+02 4.575798334105296817e+03 1.184941946894394050e+03 6.430066329009920310e+02 8.405680835329288811e+02 -2.282426103809998040e+03 -6.057704582711266994e+02 -4.221408115548511475e+00 9.892673560253865617e+02 -8.274371649960455670e+02 -1.840032818869268283e+01 2.273577796363466916e+02 9.944415484329546473e+01 -5.311569380976219890e+01 9.135448415965927893e+01
-4.262836049996327347e+04 3.583448257512860437e+04 -2.623279305355166071e+04 -5.084036944164054148e+03 9.105805542134868347e+02 4.958838628005630653e+02 1.724907736755587393e+03 -2.203637662516106047e+03 3.111842556444449883e+02 8.482557917339414644e+02 1.116333254462508648e+03 -9.682869907896831307e+01 -1.484464045601954751e+02 -5.294682281994919322e+02 6.913107723034352503e+00 1.404391447427927915e+02 -3.321544095809954911e+02 -6.880267140687986682e+01 -1.407609140316095591e+02 -7.891952553461967454e+02
-1.645088875616123187e+04 1.704819727580363542e+04 3.137438465052453103e+04 2.650163202453151098e+04 2.155912381405302731e+05 -5.994673772856852338e+03 -4.368367216336891943e+03 -3.534770514861030279e+03 2.891902352879015780e+03 1.601339258990943790e+03 5.326794161989338363e+02 8.699061824954995927e+02 5.239976712826307903e+02 8.921392047872394642e+02 2.044054693286300335e+02 2.991703484916633329e+02 -3.483368298310521709e+02 1.384741751926783948e+01 -1.312664990203306616e+03 9.199530766916602431e+01
-2.513172833758084016e+04 4.158923623152429354e+04 7.086563419907116622e+04 1.576653559096350509e+05 1.389716719696029759e+04 1.377481160151125398e+06 2.393258177391589356e+02 -1.804550057368411217e+04 -3.132929162535205251e+04 4.875585642604477471e+04 3.845717364731525595e+04 -2.155563062016835829e+04 5.080595127435495897e+02 1.033848042244566313e+05 6.552611041583951737e+04 5.078318729755618733e+03 -1.813558055512012652e+04 1.591269361030215987e+04 -5.786693624768974405e+04 -6.404337931711839701e+03
-2.552152493767725900e+04 5.266136688640696229e+04 -2.797496914394047963e+03 -9.948895444239113203e+03 -1.280620384755854957e+03 2.184690540582180347e+02 -9.426596383286010678e+03 -2.448991795700039802e+03 4.331587754302055941e+02 -1.270867525925409467e+02 2.521457216510386388e+03 2.613452958333646166e+03 1.798567130233166722e+02 1.626981027041533480e+03 -1.318575709039789672e+03 8.569612695203346675e+02 -5.951587284375242461e+02 -5.900102149501757367e+02 1.224082432123080935e+02 6.810557140301943946e+02
-1.256258065271477062e+04 8.023566870400250082e+03 -2.092486724708199404e+02 4.169471273047765135e+04 -4.780477211031726256e+03 -3.660708452377417416e+03 -3.002404013499826760e+02 2.960191833354275332e+03 1.600111645393292974e+03 5.268131609832566937e+02 -1.902084376875494854e+03 -2.131101018471272255e+03 3.562651802507008938e+02 1.371695224650079354e+03 -1.138282343740704164e+03 1.857941256609396078e+03 -2.151978744462089253e+03 -1.428715805301375667e+03 -6.884319825730354125e+01 1.538333481582837976e+02
-4.214052746240499800e+03 3.742577278482536713e+03 6.106622189878344216e+03 8.706345072045580309e+03 -1.813089371290857571e+03 -1.334549249243330905e+03 1.771647334883719168e+03 -8.850103992665885016e+03 -7.096104789453318062e+02 1.517566077763072826e+03 -2.101477308041834476e+03 3.132165825470802289e+01 -7.171796230126928684e+00 -2.523804631214389076e+02 1.438606601872703834e+02 1.842700959538727901e+01 -3.014002190436044337e+00 1.550109835426418101e+02 -8.335249987407063088e+01 -1.131946895473399081e+03
-5.584629789679184614e+04 3.971526125368929934e+04 -3.498890685163791204e+04 3.029448970594930142e+04 -2.264006722018180881e+03 -2.660149386401239553e+03 -1.273546947267778933e+02 1.204220177316285481e+04 5.564050328023621660e+03 -3.027481913487245492e+03 6.295875239646643422e+03 -1.185341093878579522e+04 -1.016687807577383410e+03 2.685700026883599548e+03 -2.837297582409080860e+03 -1.403260885561235227e+03 3.098563631537127094e+03 -1.622890603047350851e+03 5.210336094660958679e+02 7.721028823787133888e+02
-3.390361032988087391e+04 7.461490853905177210e+04 1.565464070198635163e+05 6.688038500037605409e+05 9.269461209923577553e+04 7.429178814210163429e+06 -7.226347487304396054e+04 -6.452495208701075753e+05 2.697222315995696001e+06 -1.839428319571936736e+06 -9.099011106334049255e+05 4.952719504703676794e+05 -1.449154183666315657e+04 -1.352397542225514771e+06 -1.006791201424730825e+06 1.677897437323605482e+04 5.029670213864884863e+04 3.157114726211919697e+04 3.748489633779013529e+05 3.634773474928404903e+04
-4.142454675950141973e+04 3.523850570149485429e+04 -2.515506530893177114e+04 -4.466433699781152427e+03 3.209028064838178580e+03 1.699567357136364990e+03 1.763476369302904004e+03 4.092785316881571816e+03 -4.750326482840349490e+04 -6.440203181907714315e+04 -2.928720186911208657e+04 -7.725173647918445567e+03 3.226093495274218640e+03 8.890972319773056370e+03 5.042511881140104379e+03 6.726269444693120931e+03 6.023368736693598748e+02 -1.096511664455956407e+03 -5.759330611979780770e+03 -1.424599122030882427e+03
-8.269011545915924216e+03 1.212329457565314078e+04 1.945355983905693574e+04 6.767393737482950655e+02 -9.826821885462757109e+02 -4.176462553595097233e+02 1.469848143879529971e+03 2.023771000095984391e+03 -4.761231996360696712e+02 -5.676635231868664960e+03 1.121918341164157755e+04 2.786517640943693550e+03 1.460210369299391573e+02 -4.456460408593497391e+02 6.250829002348941543e+01 -4.125516865706130716e+02 -1.351851630201260150e+03 -2.596882041371878813e+02 5.583532859378445892e+02 -1.060349317814646611e+03
-4.695973981114256458e+04 1.194445065011804581e+04 -1.530432689224885326e+04 1.289080514983710782e+04 5.020060061264113642e+02 -1.438480374085845597e+02 -7.944221470569218582e+02 1.602393209574427965e+04 -9.609168178236479434e+03 -1.064874809285066294e+04 -9.441530507993722495e+03 4.551974128100641974e+04 -3.319040827033228124e+05 1.377586973633221169e+04 9.635841226988772178e+03 -2.728524605081826166e+02 1.229318858023507164e+04 -3.615267632284096635e+03 1.027524570695252623e+04 1.083159678998608342e+03
5.656151207927687210e+03 2.187679825241013168e+04 2.374030268035074914e+04 -3.797823165853042610e+03 -3.950467335141240255e+03 -6.170279708533768144e+02 -5.882004699740629439e+04 -2.147508670833534268e+02 9.716399879441013354e+02 1.425599073228448788e+03 -1.693495090959771233e+03 1.014099608384774115e+03 3.896697546140618442e+02 1.984759552187367262e+03 -3.938353595012091546e+02 5.146386216819852052e+03 3.206888985537212193e+03 5.533118126162091812e+02 -1.023207809094355980e+03 -5.125832745011157385e+02
-3.771315434967391047e+04 4.238908057711128640e+04 -2.853801297099386284e+04 3.704656502632443880e+04 -3.314501203949099818e+03 -2.502345855454220327e+03 9.126710452516171017e+02 2.366173676923341918e+04 1.533847844150578567e+03 1.434145722859728266e+03 -6.376811645720796150e+03 2.880700884749126271e+04 7.910478501275012604e+03 1.935974947744938163e+03 8.840564354322053987e+03 -1.975183679708217596e+03 7.030829980414177953e+02 6.221176710683871534e+03 3.433523332272582593e+03 2.010680806103792690e+02
-9.045574359854301292e+03 2.509472781560664771e+03 6.052602049672834710e+02 8.564211321167173082e+03 -5.749691222825025534e+02 -1.042737895624301245e+03 -5.479558260491886585e+02 2.337874444150976615e+03 2.716819043223620156e+03 -5.838273971440330570e+03 9.895888114277089699e+03 -2.375673958914054310e+04 -4.361648984331933207e+03 -3.282483414749741769e+03 -9.360360308197102768e+02 -2.595746211705441601e+04 3.979367801747011981e+04 2.336766508746085674e+04 -3.981866910769650531e+03 -2.856470254596074483e+03
8.620534732498207404e+02 6.792787560593195849e+03 1.057553676697285482e+04 1.423082699697984026e+04 -3.236842186737129850e+03 -2.383799535331900188e+03 3.923648877799178649e+02 -2.402934791316763949e+04 -3.791870895755463152e+03 8.754531533257971887e+02 -1.725798438480405821e+03 2.312097048477693988e+03 -9.169364645443538464e+00 -1.018576001461862575e+03 1.242424949257186881e+03 -9.324234690932918284e+02 1.248000973808400659e+03 2.595809222803771945e+02 1.014457598228672595e+02 3.180607581020177349e+03
-2.470915960475549946e+04 2.058451913683158637e+04 3.538207244495242048e+04 7.008194400746373867e+04 1.072189313076584585e+04 5.575612767451426480e+05 -4.147808841992030466e+03 2.943956258054002319e+04 -2.407058852253280638e+05 1.844648401776152314e+05 7.798196857248712331e+04 -5.692427906620933209e+04 2.995582337558979361e+03 1.561288535356204084e+05 1.211868833017888828e+05 -1.291996752678676785e+04 1.284810797719366565e+04 -2.331558224200870609e+04 -5.806650157271008084e+02 8.703583825753396468e+02
-9.888972914533849689e+03 1.050644989220788193e+04 1.604362227404946134e+04 1.814511457259176495e+03 -6.666069584302850899e+02 8.403260998739774834e+01 8.069434163470442627e+02 4.021134252362828192e+03 1.982129940616491979e+02 -4.342094280024867885e+02 5.204334203114750608e+02 -5.063085593565650925e+03 -8.858280179202740783e+02 -1.469295546666452356e+04 1.226021939370718610e+04 3.643765683648854520e+03 -9.250683406196795886e+02 1.185602993940002960e+02 1.050721062361021495e+03 2.928337474758582744e+02
-1.611011649114116335e+04 1.156344744671072294e+04 1.573883681674665786e+04 5.844089188313693739e+03 2.323359685998670798e+01 1.650917267783829448e+04 -4.069901790475802500e+03 1.036528042166967680e+04 -3.732503453397876729e+04 1.406149692587713798e+04 1.716117464456627204e+03 -1.463227672067159119e+03 -5.607394662528334948e+02 -2.285596015304124376e+04 -2.648471317864619050e+04 -1.272839499655935924e+03 1.305152916366321051e+03 -5.648928353904715038e+01 3.850664711297870781e+03 4.157000003773740104e+02
-4.332376167140884354e+04 4.873417784566304908e+04 -1.491819379816078981e+04 1.183625997982947010e+05 3.774330498322490166e+04 3.272267325405126940e+03 -6.657788197464812583e+03 1.238686921783806029e+05 -1.073264803249460820e+05 -3.239254324847713360e+04 -1.485637644755731453e+05 4.946661070626931614e+05 -2.562450987102032639e+06 7.993945496745551645e+04 8.424003479697836156e+04 3.541244295918357238e+04 9.498511284400306977e+03 -2.362886442389662261e+04 3.937337699184878875e+04 -6.968172246985540551e+04
-2.081303823523509345e+04 1.817157416201244996e+04 2.201060758109213566e+04 4.077177566681605094e+04 8.554490850500491433e+03 4.733763754826346121e+04 -3.403484791888219206e+03 4.652069384642329533e+04 -1.432079830899474618e+05 7.464975937167488155e+04 2.615881343345425194e+04 2.465849558045705635e+04 -3.992497341237764886e+03 -1.201239800959516724e+05 -1.277858689853067335e+05 1.798070703808469261e+04 -2.675841434647992719e+04 3.179403125142636782e+04 -8.951835829721747723e+04 -2.500594444517755619e+03
-4.837487743818083254e+04 -1.511900275080384017e+04 6.533518493105491416e+02 -1.253905107729978681e+03 2.193851503942518946e+02 2.803086205396882065e+02 -9.246389709801527488e+02 2.883945515514202725e+03 -1.591037357603430428e+04 -2.505632278673524706e+04 -1.209023275491870845e+04 -3.701530265277957369e+03 1.060822367551108300e+03 5.788519038399920646e+03 3.362467605151926364e+03 4.699779612890341923e+03 9.593532435273443753e+02 -8.868376317430788731e+02 -4.759156484140567045e+03 2.745354407469383204e+02
-2.088088297848041475e+04 1.068365292447831962e+04 2.151535144673610193e+04 4.180413413471130184e+02 2.916003063296479922e+03 1.455295530744060670e+04 7.370927641115551978e+02 1.375106991375035614e+04 -3.199258083888542023e+04 1.975515013115507827e+04 -6.496264973005665979e+02 2.292588126497125268e+04 6.672893581838472528e+03 -3.006131521224333119e+04 1.143630818730350256e+04 -4.780862415811418759e+04 7.498424660888400103e+04 -1.137242872804932267e+05 -2.031996459666311785e+04 -1.414344207644727931e+03
-1.565431860897010483e+04 1.021999815884061718e+04 1.179740651223026907e+04 2.346213713229607038e+03 -1.086107606658901659e+03 -5.599716063191061721e+02 -1.399614024867305307e+04 2.952116945742138796e+03 -1.992692129882281279e+03 -2.888164469709503464e+03 -7.301874075604535392e+03 -7.402089494802118679e+03 -1.869880277507742676e+03 -5.547891574685118030e+03 6.114283808092419349e+03 -3.519455290090429480e+04 -2.378787923844265970e+04 -1.162953781752269435e+02 -6.242019605014399986e+02 -2.981934544794704038e+02
-4.365681483439007934e+03 1.784162404531534048e+04 2.459305700808204347e+04 -3.087519143263914430e+03 -1.430104048693631512e+03 -4.291251610199105357e+02 -1.013504064736449095e+03 7.755142915351326565e+02 6.198759894137956508e+02 -4.110152980448398239e+02 5.142373824406084850e+02 7.955781390977788305e+02 9.640307988570435782e+01 1.251070643622432726e+03 -9.242572706609628312e+02 2.443411006656202460e+02 7.669083708583784187e+01 -1.365626609073600548e+02 2.331276889827263972e+02 2.684379699376506210e+02
-2.142296379749858534e+04 1.041763452194973070e+04 2.081903354883680731e+04 9.463889251301741297e+02 -2.021471384070288195e+02 3.780841407464974964e+03 1.269368186513014962e+03 1.459802745676940685e+04 -2.806640317478587167e+04 5.089625832834614812e+03 6.098118569305655001e+03 2.280313857896738409e+04 2.641740493399207480e+03 -6.858081959790144174e+04 -6.816523213534759634e+03 -2.935391458730933664e+04 2.976369592426181407e+04 8.545975715258410492e+04 2.587739757612833346e+05 1.352833369631474625e+02
-1.088619993337642154e+04 1.317526386142097181e+04 2.117236603755645774e+04 4.041711014244255239e+03 -5.259441840792405856e+02 6.075108892591435506e+03 3.246665308080391696e+03 1.386471470263610172e+04 -1.657775357397400512e+04 1.271832615328546672e+04 8.999109552614088898e+03 -3.711002903894228075e+04 -5.679937055062570835e+03 -1.089361498368091852e+05 1.247252232001722878e+05 5.592142791276628122e+04 -1.657627994533283345e+04 7.314047632459643864e+03 -4.732871350326958236e+03 1.832988135824754499e+04
-3.937153958005669847e+04 9.400567375560969595e+03 2.847170868239002084e+04 -7.704187854615644028e+03 -4.774978464673319650e+03 6.019810164568498294e+02 -9.283654984462929133e+04 9.804378563949621821e+03 -1.180067871268931231e+04 -9.444628457886305114e+03 -3.087097540681489045e+04 -2.959314100704528391e+04 -1.036357618702884065e+04 -4.091347559392800031e+04 4.181658393500300735e+04 -5.402395853004804812e+05 -4.130519698641552241e+05 -2.224136468164364487e+04 -2.088010960122931283e+04 2.494672799212529208e+04
-3.770983126473466837e+04 5.487385780222576614e+03 1.397230955163091676e+04 2.078126879706950422e+04 7.888132223667610560e+03 5.041418500662119914e+04 -7.442846384545428009e+02 4.519229222614926402e+04 -1.758634299516984902e+05 8.380269460526382318e+04 2.220801421463676525e+04 2.007865925857896218e+04 1.205491776937907707e+04 -3.255078927226952510e+05 -2.339856602635043964e+05 -4.201601559623531066e+05 7.102285857723297086e+05 -2.104463607909047045e+06 -2.177633794808288221e+05 5.090580878107423814e+03
-4.845963014898239635e+04 -1.541570544048269221e+04 9.484239234665999163e+01 -1.433326655135140527e+03 3.801555477882268264e+01 1.424529441474404337e+02 -7.656487647675452308e+02 1.711225375156304608e+03 3.725176719076167160e+02 -3.168186584693015106e+02 5.590535728672609821e+02 1.677176792397174836e+02 -4.114007897165316763e+02 3.639853548981849372e+02 -1.299490310205508479e+02 -2.736757961005951074e+02 2.945139405312567646e+02 -6.726279036900567689e+02 2.380974075089480948e+02 2.133488693548829906e+04
-2.905214177714181278e+04 3.647711192644031689e+04 -4.805401589503967443e+03 2.708769169249829065e+04 -2.255816110445148297e+03 5.418684417173906240e+02 3.418634036052369993e+03 4.230362476878252346e+04 -1.941224405224734801e+04 1.105918002719767628e+03 -3.515214185267611174e+04 1.362442687539173930e+05 2.920770436698220510e+04 -1.260042549086100371e+04 5.499840379461688281e+04 -5.283860204324863298e+04 6.635433276267275505e+04 2.698383581453350052e+04 4.413932260018876150e+03 -4.189794890513888276e+03
-2.468316921570924387e+04 4.788375842525257031e+04 -9.074390690492127760e+03 -9.724038326561381837e+03 -2.419551046062142348e+02 5.247085726016319995e+02 -4.069700295896718217e+03 -7.748918319191291459e+01 8.835004372820798153e+02 2.848768762090310702e+03 -3.910029456965392455e+03 -3.075563036994660706e+02 -1.092674979182710437e+01 7.383037335482071057e+02 -9.284291612318471607e+02 5.239245826306473646e+02 -3.638387145725610594e+02 -3.388367486978881402e+02 -1.177996178038870880e+02 3.486344429797344446e+02
-4.673913713979131717e+04 -8.853704084947181400e+03 -1.324565717245835685e+03 2.174307085133191140e+04 -2.102600165915474463e+03 -2.011175907480983142e+03 -3.624408771151230667e+03 1.541652334835160400e+04 5.487938217911870197e+03 -2.391375712818432476e+03 2.051586932961602542e+03 -2.509506597473141483e+03 3.774468334439976388e+03 5.162799853388232805e+03 1.707006349575900913e+03 1.643605523803813412e+04 -2.328701136595157368e+04 -5.592925736830999813e+04 4.844322060885660903e+04 -1.025449494974027948e+04
-2.643763552898166745e+04 3.733526593055090052e+04 6.763889405942482699e+04 1.420863090887261205e+05 4.313969502724552149e+04 1.271015833814267302e+06 -1.308669935687625548e+04 9.499174306960003742e+04 -1.141569845409028232e+06 9.370813689726606244e+05 4.408323173746695393e+05 -4.719446091059840401e+05 1.800154699702349899e+04 1.400029016413799254e+06 1.067892005748613970e+06 -4.399176234783912514e+04 -1.709472291622325429e+04 1.811669281306827033e+05 1.144675960023254156e+06 7.039145206546309055e+04
-7.243859777403076805e+03 1.669080262827155457e+04 2.598541368485004205e+04 1.361298952021679361e+04 7.364666430159324591e+03 1.399129932407291781e+05 1.134473870154196447e+03 1.053197447510243546e+04 -8.365420321534339746e+04 7.050647850597908837e+04 2.825868233850336765e+04 -3.006308806274438757e+04 8.138264953502846311e+02 7.396074165451213776e+04 7.239677663193075568e+04 8.855395008302596125e+02 1.073180536385832738e+03 -5.892674291678176814e+03 -9.367446865460236950e+03 9.127502026492442155e+02
-2.252030892076397140e+04 8.377774898290990677e+03 -4.434145019621801111e+03 4.571636514678016829e+04 -4.939980768290211017e+03 -4.214095989659308543e+03 -7.599742595588076028e+02 5.372328084514459988e+03 3.357970629224436834e+03 -1.481547807252338998e+03 1.524974922883397994e+03 -8.553128297720655610e+03 -6.045508350021190154e+02 2.078209075604330792e+03 -2.156595677249132677e+03 -3.056275477252079895e+02 1.501192082515438187e+03 -1.070411838917047589e+03 -6.458822471617088468e+01 4.355438527284984502e+02
-1.335784412477532715e+04 5.392653224570921338e+03 2.971616937562581825e+03 1.905387220489508400e+04 -2.967550780421677700e+03 -2.583561633666754005e+03 7.440411009900007002e+02 -2.025390919334139107e+04 -1.802770929451634402e+03 4.385586316204738068e+03 -5.493329614280697569e+03 -1.757388606066574539e+03 4.256477700449544841e+02 -5.472627718535206441e+03 5.260608814052413436e+03 2.075946158333256335e+03 -5.314070374452279793e+03 -3.959156515725744157e+03 6.026868224275361172e+03 -8.006412039263303450e+04
-2.331483613486807371e+04 2.497024063742109865e+04 2.220421741255640518e+04 3.524136617479502456e+04 5.154073200691397506e+04 2.163357222519734933e+05 -1.994786554046232413e+04 5.095821031510776811e+04 -4.223847906726296642e+05 1.325098080408106616e+05 2.256558961669171913e+04 -7.142867585889284965e+04 1.013246648449586064e+04 -6.275458536691146583e+04 -2.067016827297058771e+05 -4.095655099907643307e+04 5.187370475554417499e+04 9.514556795024964958e+04 7.579031604197019478e+05 2.613604431975805346e+04
-1.563880337839356980e+04 1.496201799177275461e+04 2.630321937833740230e+04 1.985721819108813725e+04 1.561054282103282167e+05 -4.773985141533918977e+03 -2.811650997978850228e+03 -2.046804056155405988e+03 2.252289246385410934e+03 4.891562651619211266e+01 1.487029486423932667e+02 2.720150136069458426e+02 2.152115574121421275e+02 5.704489673318254290e+02 3.646951985274384924e+02 5.599574072981513950e+01 -6.717159325581745577e+01 -7.852210714450801277e+01 -2.088720227343979161e+02 -9.038638729546017103e+00
-2.443590508729572684e+04 2.764562726016921442e+04 2.953061650322810692e+03 9.597311744516850013e+03 3.004366270549217006e+04 4.931213160487252753e+04 -4.474619833935869792e+03 1.760546573858970442e+04 -1.317436623304991808e+05 1.264038194269636188e+04 -6.904044458360223871e+03 -1.290499164065212244e+04 3.606470608988413460e+03 -4.535831515630902140e+04 -8.219663332260421885e+04 -1.075803447216089080e+04 1.508936140102590252e+04 2.418885408591650776e+04 1.976546505590379238e+05 5.946790384541275671e+03
-6.118336392702912235e+03 1.452206687512630015e+04 2.340050961585958430e+04 1.199350341036896225e+03 -1.123241511912967326e+03 2.269370024592397021e+04 5.795489780464055002e+03 3.888810507206580041e+03 -1.023432068559430445e+04 6.493218951238087357e+03 1.208137926587759466e+04 -1.161099909373802802e+03 -9.477187574415286520e+01 8.841339043272517301e+03 3.430627229176386663e+03 2.299591145979503835e+03 -5.724401449383263753e+03 5.060910923070790886e+03 -2.027118132546699781e+04 -2.315717861225050001e+03
-4.161313609180256753e+04 4.485833937187746051e+04 -2.857399822060958104e+04 7.342522059856487613e+04 -7.147547635326703130e+03 3.787462652981036513e+02 7.165916196461229219e+02 3.945571135009588761e+04 -5.615497919158733566e+03 1.074772644658362333e+04 -1.791488276287733970e+04 5.279061122559754585e+04 6.456094998618345016e+03 7.608573222836162131e+02 4.821134528279585538e+03 2.517853316918646669e+03 -5.197553683742189605e+03 1.329530895538381446e+04 -4.473857509560350991e+03 9.885516550589499047e+02
2.469882792584544404e+03 8.108446901988628269e+03 9.771372846725740601e+03 4.744466628194068676e+02 -1.808738290451490911e+03 -5.368695310320248382e+02 -3.550109417742671940e+04 5.621954899014135663e+02 1.046815692661819185e+03 1.990345463752457590e+03 -3.457992574698906083e+03 -1.359905966615859825e+03 8.604551908127906756e+01 8.186311835245670636e+02 1.245391352756132193e+02 4.190690925299263654e+03 3.691582077558464334e+03 8.922279478620686177e+02 -9.608477342013944735e+02 -1.273429356961449912e+03
-4.172608777330074372e+04 3.592787108181337680e+04 -2.631589073096553693e+04 -5.182943896914642210e+03 9.935539003638662052e+02 5.530777588356271508e+02 1.339592739222815908e+03 -4.163366728071253533e+02 4.274584175089832456e+02 1.217086125787295003e+02 1.725473623612460415e+03 -2.391533168208337088e+02 -6.293232401133772100e+02 -2.574458202210208242e+02 -6.068518586755962474e+01 -2.473325640224668973e+02 -2.793589445456337117e+01 -8.409503479282903982e+02 1.169198094499063814e+02 2.120647983586490227e+04
-4.589368464421356475e+04 -1.203300022316408831e+04 6.078931012906598880e+03 6.449570804826876156e+03 6.258107180087365123e+04 -1.690336489392045678e+03 -2.466131763986879832e+03 -5.761857160954552910e+02 2.130652173283454331e+01 -9.065215702016053001e+02 -4.412910171075056951e+02 3.337734950169694343e+02 -1.240196484897655154e+02 5.811739553175123092e+02 -3.358678130788852627e+02 1.142204032571900143e+02 8.788563715340113447e+01 3.897369094780198395e+01 5.515875041685844735e+02 4.181866744270756158e+02
-5.862028151326667285e+04 6.965151366517432507e+03 -1.630044219360588068e+04 1.906007840560722616e+04 -1.332738687492185591e+03 -1.689010338051769850e+03 -9.317717692019625702e+02 9.054671589383178798e+03 2.779146954145584004e+03 -4.782763503269867215e+03 4.885353305594760059e+03 -9.349037291855278454e+03 -7.831345580260148154e+02 1.852424910890656975e+03 -1.209593304324206883e+03 -1.857261746936432473e+03 3.956774842264252129e+03 -6.395678616565894572e+02 4.965276607922797893e+02 6.888600067677617744e+02
-3.868561255314465234e+04 3.287639700443525362e+04 -9.732993637808676795e+03 7.193125068376815761e+04 1.378783827118318641e+03 6.429548388281088592e+03 -4.912569955537302121e+03 6.611435765563252789e+04 -6.829972993396531092e+04 -2.652339914827760731e+04 -7.053969008508218394e+04 2.108620045659361931e+05 -1.088900561385466950e+06 3.093990988999097317e+04 2.885400965542808262e+04 8.634417348819602921e+03 -8.229624858936269902e+02 -7.977515890958977252e+03 1.418766926801020782e+04 -2.635228179999850909e+04
-2.355501195781554634e+04 2.426984973255989462e+04 3.045530167303907001e+04 5.912451571240433987e+04 8.350890648660182705e+03 8.631646067246637540e+04 -1.990197281742229734e+03 7.837111987679245067e+04 -2.531767388323282066e+05 1.347787085001167434e+05 5.998019736836873199e+04 4.462488080936217739e+04 -7.427769283151555101e+03 -2.174164048649183242e+05 -2.326986299964479113e+05 3.998201027050674747e+04 -6.119156957917978434e+04 7.300509332303369592e+04 -1.949312601985632791e+05 -7.287238835909100089e+03
-3.673256228544587066e+04 3.464678645487168251e+04 -1.821241365092576234e+04 -2.254617231431217078e+03 8.063444854987171311e+03 1.082108939177094044e+03 1.048218564662386143e+03 2.435833198086565062e+03 -3.126322667993377036e+04 -4.011919135164056206e+04 -1.649411375775085617e+04 -4.162079634479341621e+03 2.062785740164598792e+03 3.268162742074455309e+03 1.776302334340336984e+03 -7.096631522785572770e+02 -2.446649460854254357e+03 -3.371305323903441717e+02 -9.850706998900776625e+02 -1.764263525879425970e+03
-8.929048020983113020e+03 1.674665142567621660e+04 2.577719245288385719e+04 6.106456794372955983e+02 -2.040703489948970855e+03 -7.519307466800216844e+02 -3.325275077359710394e+03 -5.048284382923006888e+02 -9.427973019476261243e+02 -8.868039238719438799e+03 1.807312739636528568e+04 5.866331509188389646e+03 3.452446228958815482e+02 5.017657828447661359e+02 -3.391873741643109383e+02 -7.504238932577450782e+01 -1.591029371104986012e+03 -5.296801461821532939e+02 8.300947927413129719e+02 -7.082235341158677784e+02
-1.653653570289048002e+04 1.131271712266899158e+04 -2.136135034663481747e+03 6.943944673095428152e+04 -7.693932035723532863e+03 -3.093107059951588781e+03 -7.127485787791016492e+02 1.424152907290889380e+04 -6.289302814216125626e+02 4.659022804163428191e+03 -6.985238318567383430e+03 7.342145880074324850e+03 -4.234560936837524991e+02 1.704039258665016177e+03 -3.959227802693706053e+03 4.131391126351860294e+03 -4.841142610977570257e+03 1.448615306238030371e+03 -3.961778063940314496e+03 6.743741808311468731e+02
-1.841961680366775545e+04 6.654040421537443763e+03 1.620523385905562691e+03 1.951975861564812294e+04 -2.552433490522758348e+03 -2.303771523827745114e+03 3.610269374108561919e+02 -4.896003749877261725e+03 8.733276948221961220e+02 -7.426737577427201131e+02 1.388743693810443574e+03 -5.403056931449882541e+03 -7.331254841071465762e+02 2.457424848128082147e+02 -6.526087382897900397e+02 -1.492028852288320195e+03 2.596800246994936970e+03 1.472797724892757572e+02 -4.241784624485635646e+00 -5.438556795143124845e+01
-4.604627741940411943e+04 -1.259906075228155714e+04 4.576054832466073094e+03 1.937791861520115390e+03 4.289908033490660273e+02 1.602205318481282848e+04 -3.010843108189032137e+03 8.336419234093516934e+03 -3.707189018879443756e+04 1.345619431214451470e+04 2.521004675497531480e+03 -1.771540826357301057e+03 -5.522307809826711491e+02 -2.169653438903723509e+04 -2.672028257042165205e+04 -1.423384993807663705e+03 1.885098753698848668e+03 -5.605461733229213905e+02 4.342865661380818892e+03 9.581481931211824303e+02
-2.652308065422545405e+04 2.993615503071732746e+04 5.050492897832278686e+04 1.121855747539823496e+05 1.019351598207186726e+04 9.288341526407157071e+05 2.389624981668794987e+02 7.607318189254394383e+03 -1.396918295439090289e+05 1.215593648306949617e+05 5.932479888462336385e+04 -3.979022450542826846e+04 2.223981907619112008e+03 1.442936588254930393e+05 1.119019449750792119e+05 -7.852046536152970475e+03 3.896402936298138684e+03 -1.992972021831194797e+04 -5.107712011132302723e+04 -3.774270593665410615e+03
-4.602943147526718531e+04 -1.264689863789240735e+04 3.977983541881246310e+03 -4.699698354103416165e+01 -4.530022228453655089e+02 -1.513452401315360305e+02 -8.306502588745566754e+03 2.768450996686507551e+03 -2.053515310426852466e+03 -3.485854513877725822e+03 -5.982718044148910849e+03 -6.529510876289483349e+03 -1.815652155286428751e+03 -4.565033017427119375e+03 5.397040189435899265e+03 -3.505207940036319633e+04 -2.350753317250121108e+04 -1.858441280671967775e+02 -7.520672148716734000e+02 2.543486747477951155e+02
-1.395454032971932975e+04 9.251542357356240245e+03 -8.709140188062917787e+02 5.209247343799209193e+04 -5.877524568324431129e+03 -3.423128813775620074e+03 -4.494545027814197056e+02 7.197225517713793124e+03 7.161279091286652374e+02 2.130307822316626243e+03 -3.879855814329952864e+03 1.542757870796903489e+03 5.655490293280353598e+01 1.482935392162991093e+03 -2.211992596990306083e+03 2.729090021398953922e+03 -3.185533470516719262e+03 -3.083700046272466579e+02 -1.573752220202942453e+03 3.530369155003398873e+02
-5.433946920707619029e+03 1.168643988556311524e+04 1.589679047903620631e+04 1.565405847769993488e+04 -4.051636968324026839e+03 -2.746933745501641624e+03 -4.597620267112767579e+03 -2.484699985053983983e+04 -3.940856051131211188e+03 -1.541964345286274465e+03 3.320255084290328796e+03 3.903523747399564400e+03 7.934085551472139741e+01 -7.284747235187053320e+02 1.203903903960133221e+03 -8.107003676159545194e+02 1.187192621393362060e+03 4.912708801859290730e+01 4.111273069703754572e+02 3.358718400899324479e+03
-2.112920717266830979e+04 1.467220216679306941e+04 1.545949768887907157e+04 1.049529888056632808e+04 -1.934799057411972399e+03 -1.401608752066099669e+03 -6.388284588920515716e+02 5.404430803443942750e+03 1.332177279923201695e+03 -8.766627853059713743e+03 1.695520151416486260e+04 -2.036872077562000186e+03 -5.808365380352772718e+02 7.183660829116723789e+02 -1.054544947574097478e+03 -2.041125456127354482e+03 1.527380217452275474e+03 -2.925478270241684982e+02 7.913139950250292713e+02 -7.145088429323469654e+02
-6.005034015372620343e+04 8.070957835167439043e+03 -1.902704071070110513e+04 3.653366154617021675e+04 -3.253211883411681811e+03 -3.256386661573021684e+03 -1.503810720768374722e+03 1.486027007020528072e+04 5.710326187900865989e+03 -3.779926947555591596e+03 5.390944562405255056e+03 -1.212232608237174099e+04 -7.688431442476951361e+02 3.555809184205414567e+03 -3.163505405636522482e+03 -1.265635059289773153e+03 3.206103953723849372e+03 -1.685960511494410184e+03 5.995939450668394102e+02 1.043139548058913078e+03
-6.590779916431461061e+03 6.614137698002751677e+03 9.158483927634566498e+03 1.646361062012261755e+04 -2.816141118056958476e+03 -2.425423981137369992e+03 5.457053584566787094e+02 -2.038842861450740020e+04 -3.235205230669380398e+03 2.444704539193362507e+03 -6.070202600591824194e+03 -3.804680637561153617e+03 -5.471593869261357668e+02 -7.512098922467745069e+03 6.021510406545687147e+03 -3.622493894049004666e+03 1.943897882410014745e+03 3.584948257398009900e+03 1.020554776040481897e+03 -1.181593545244229426e+04
-4.028966885115834884e+04 3.784570064413148793e+04 -2.678836944899255104e+04 1.900547755608441366e+04 -1.228432722300998876e+03 -1.057404354079680388e+03 1.231473512007913996e+03 1.775502879020472028e+04 -5.810226600592868351e+01 1.367700496829141457e+03 -5.597345283011400170e+03 3.066409577804114451e+04 7.674496130185097172e+03 3.498465647447138736e+02 1.037231609660160211e+04 -3.179969791813930442e+03 1.899437629703785205e+03 7.112784770592689711e+03 3.715521009369528201e+03 -2.981401183154321188e+02
-4.626626362548102043e+04 6.033382098093997774e+04 -8.441916915681109458e+03 2.067157340005032438e+03 -3.075088947982618720e+03 -3.827903563581846811e+02 -4.237120901186922129e+04 7.318620495857082460e+03 2.259676083755676245e+03 4.578681138900414226e+03 -8.617194651472351325e+03 -3.562757342286131916e+03 1.382007669226277358e+02 5.473390181470748530e+02 -1.000840840293095937e+02 1.612224613246495664e+03 -1.483544413327761049e+03 -1.555783174972453935e+03 4.018023181411580822e+02 1.927964926353582769e+03
-3.697833803750551851e+03 1.500898281369331016e+04 2.184753546769814420e+04 -2.972772260389349867e+03 -9.462999579174253313e+02 -2.775837165253632293e+02 1.828604850019332162e+03 2.010978036069072004e+03 8.571211006593327966e+02 1.119411140421348136e+03 -2.798620564107915470e+03 -7.288142457766639382e+02 -6.164476866483118656e+00 7.802331421840259509e+02 -7.204676652936058190e+02 5.268093335932197618e+01 2.075068532877549501e+02 4.576018756478108962e+00 9.845883359251099876e+01 8.125027281541980528e+01
3.746973160122689023e+03 2.652317954581521553e+04 2.346029159606683606e+04 -6.646511466511172330e+03 -4.183702214710055159e+03 -1.169805102144090228e+02 -7.641903516135503014e+04 4.097604150077600934e+03 1.974543662456343782e+03 7.117420238977972986e+03 -1.312492838026995014e+04 -3.537538239449903358e+03 1.718887399583472870e+02 1.194608219258948338e+03 -1.170364369711317778e+02 5.174013177668914977e+03 3.447529355432905959e+03 8.582267939536392305e+02 -1.714933119850373942e+03 -9.714949353375648116e+02
1.020414119817597748e+04 1.827118255951869514e+03 2.578017258799264255e+03 6.099677361434809200e+02 -1.558317153534177635e+02 -1.446071068172855121e+02 -1.095712575517850382e+03 6.946127096710706894e+01 -5.538277160630136642e+00 9.279283576779508991e+00 -1.604496791496430603e+02 -1.540372208770763223e+02 -1.172426864024603432e+01 -5.217434830459889099e+02 3.836291105050475494e+02 -1.143506120665588099e+02 7.294047955611102907e+01 1.103911014445181848e+02 1.895223703066588712e+02 -4.540301203375191790e+02
-1.796564183407655582e+04 1.416536463670041485e+04 9.573164648238634982e+03 5.271567534849915319e+03 -5.911500651686018273e+02 1.008822259990533894e+02 3.239996251780797593e+03 6.674103169258969501e+03 -1.769927287507920482e+03 1.205961761533652634e+03 1.323473009105641040e+03 1.499482221025775743e+02 -2.443610763422934178e+04 -2.893628392368377718e+03 1.219406926536243736e+04 -1.700304116570880797e+04 2.419280560340997908e+04 -5.141848025089805742e+04 -7.727279143571267923e+03 -1.330974776082315657e+04
-1.618038646031573990e+04 1.786054183565922722e+04 3.434756825287894026e+04 3.065946711427194896e+04 2.564064080203492776e+05 -6.826301691690199732e+03 -5.191576703119841113e+03 -4.907672312125115241e+03 3.368259599152955616e+03 2.642670408754950131e+03 7.485958612369164484e+02 1.344000801592453172e+03 7.474131624353921097e+02 1.268421288116971027e+03 1.435111091525027689e+02 5.055913994151076167e+02 -6.117895667600614615e+02 2.114567217726134061e+02 -2.083527464022072763e+03 1.536533107106747877e+02
-2.474226235689696841e+04 1.972637859442705667e+04 1.140865722807603197e+04 1.809805486915793153e+04 1.735314920041424193e+04 9.390538736577681266e+04 -7.173518453257550391e+03 3.524212404974136734e+04 -2.442087333479748049e+05 5.182919911427076295e+04 -1.142406428729654635e+03 -2.108794484175318212e+04 6.341013065858332993e+03 -1.027816499643760035e+05 -1.723179706225288683e+05 -2.657830911571532488e+04 3.403155328459777229e+04 6.768831397141799971e+04 4.611090273538885522e+05 1.389655104904563632e+04
-1.975268056386866010e+04 1.185553974823210592e+04 1.111273286133342663e+04 1.024002548124810346e+04 -1.228557576850114629e+03 -4.874460459832473020e+02 8.184442736953086523e+02 7.317136724712265277e+03 1.794678790199331161e+03 -1.978237972417741503e+03 2.930983193902994572e+03 -8.999538017157787181e+03 -1.340347187665991896e+03 -1.396638370565845435e+04 1.160844185875208859e+04 2.592229530098598389e+03 8.634425432721193374e+02 -9.513007310508288583e+01 1.384252706867384177e+03 4.531476203434187369e+02
-3.974917303996800911e+04 2.992474114119260776e+04 7.071599825384917494e+04 2.119786576615697704e+05 2.921329843516815163e+04 2.260459814969441388e+06 -1.914860276708381571e+04 -1.197141876558182703e+05 3.777748173153723474e+05 -2.296517968083749874e+05 -1.297108764629842626e+05 6.304044928217919369e+04 5.534690031535938942e+03 -1.422523746465898002e+05 -6.509183787714028585e+04 -5.075145329514676996e+04 9.022648044844013930e+04 -1.260102463768135494e+05 5.543411406090674427e+04 7.031130045779574175e+03
-3.885188543786621449e+04 3.614554735393063311e+04 -1.928431437533532517e+04 -1.280410324934099435e+02 3.362278403425074430e+03 1.755579447067759611e+04 -2.080799369136946098e+03 1.022364857648575162e+04 -6.862281947477858921e+04 -2.563567161726557606e+04 -1.514341436542061820e+04 -5.569973965455727011e+03 1.649428191045172980e+03 -1.870035693211021135e+04 -2.507868034628783425e+04 7.861500935109967259e+02 1.263293472028774886e+03 -7.942321736600965778e+02 3.267838858233412793e+03 -7.707681745238853637e+02
-1.869699436985640568e+04 1.306382406413537865e+04 1.495300932532794468e+04 3.511644424951209203e+03 -1.131014160214232788e+03 -5.366954921471811986e+02 -1.149313233874121397e+04 6.910387357797572804e+03 -2.772788837610229962e+02 -3.779897286868731953e+03 -3.485719898647626906e+03 -1.334478682378924168e+04 -1.001264627181686365e+03 -1.611167323936708272e+03 2.786824581894783023e+03 -6.735820386337212767e+03 1.085580479572398872e+04 3.765851852662984584e+03 -3.194415009045042098e+02 -2.177660759649858846e+03
