2.099516953713400653e+04 -3.093364704694578450e+03 -3.395692535204426349e+03 -4.312914836620520873e+02 1.632688026197752720e+02 9.576812257691354091e+01 -9.449600280651341677e+01 2.137859068282537578e+02 5.141685828031417493e+00 -4.420235061702754109e+01 1.123771369403965963e+02 4.006630320107286281e+01 4.025076644560063421e+00 8.525736949665246200e+00 -8.427321812719334559e+00 8.718392554902452574e+00 -3.282690032475998265e+01 -2.476360741192646842e+01 5.119356131717525571e+00 1.808562464475250264e+00
-4.938295977273533936e+04 -1.553379334910369835e+04 1.328352333637492393e+02 -1.208726829172978796e+03 -5.534391415468249420e+01 7.447538381051255385e+01 -3.973827627100833411e+02 -1.127571746777418760e+01 2.795778777071921581e+02 3.856712837851291624e+02 -8.250084493474794556e+00 2.695324102374999029e+02 5.680221265584348345e+01 1.203289747025850005e+02 -8.588821959578893939e+01 1.017864303906753918e+02 6.740196654647657049e+00 9.161470168432626338e+01 -1.383876250337899627e+01 -6.551381194960828225e+02
-8.149802887326199198e+03 2.406864324302544992e+04 1.727125599419855644e+04 -4.538314545777176136e+03 -8.360977191214990398e+02 -1.090478531343950976e+02 -1.904400287801789545e+03 2.153818657141327549e+03 8.104879956011461672e+02 1.483359888642457008e+03 -3.389434564387381670e+03 -2.256827694152725883e+02 1.204223708009781575e+02 8.362309150743764121e+02 -6.167749654747902923e+02 1.434554143524443930e+02 1.458488213662946009e+02 8.395181144447580834e+01 5.395560901436627432e+01 9.970923488342602070e+01
-4.260915290977136465e+04 3.583847558707615826e+04 -2.622743645776656922e+04 -5.116409141767064284e+03 9.131674603346294816e+02 4.989506683640898359e+02 1.728209995826398654e+03 -2.218214770536600554e+03 3.044996429822114123e+02 8.542231734866686566e+02 1.106533335706677917e+03 -7.805536006657666803e+01 -1.468662663993223703e+02 -5.320596999524492503e+02 1.049780656716868243e+01 1.453228801006296180e+02 -3.407853409607558319e+02 -7.140236127904857710e+01 -1.418528474822121268e+02 -7.904609612066502677e+02
-4.214875061399900915e+03 3.742222178479724334e+03 6.106178528955141701e+03 8.706189394111164802e+03 -1.813096378317263543e+03 -1.334549217140967357e+03 1.772050034974316077e+03 -8.850889978965051341e+03 -7.096957892539180648e+02 1.517675915922089871e+03 -2.101473112287482763e+03 3.157914159089153117e+01 -7.170248612856620518e+00 -2.519870291763185435e+02 1.435424589627099010e+02 1.875727461845559318e+01 -3.329509252988731571e+00 1.545230776510435078e+02 -8.378356201064066511e+01 -1.131281282391095147e+03
-1.564355983570645731e+04 1.496367155917337186e+04 2.631165070204525182e+04 1.987639072310277697e+04 1.561801382140241622e+05 -4.760896366825929363e+03 -2.814447542370116935e+03 -2.035990779051772506e+03 2.210698847589649176e+03 7.355419693436569162e+01 1.551070557085980397e+02 2.806271999756807531e+02 2.147695056928539259e+02 5.361499959696120641e+02 3.263696444539818344e+02 6.141728302079204127e+01 -7.513263839520796239e+01 -6.962685523155779777e+01 -2.316930357851312010e+02 -9.199806952990886799e+00
-1.262981291770555072e+04 8.145851602970758904e+03 -2.501947345666895330e+02 4.271502061356124614e+04 -4.889564301796615837e+03 -3.636261046840658764e+03 -3.131347053044642621e+02 3.369269980150947958e+03 1.504195604916558523e+03 6.970785045140056582e+02 -2.119376592000942310e+03 -1.724873451198019893e+03 3.350502609336547835e+02 1.379173080637507155e+03 -1.235000239142232886e+03 1.961459041488100638e+03 -2.283532468692656039e+03 -1.327310644198483715e+03 -2.133116721342101130e+02 1.703354015882824513e+02
5.832388038342611253e+03 2.182943163768183513e+04 2.372285429478684819e+04 -3.811643706043075326e+03 -3.956729156202809008e+03 -6.217363498787797198e+02 -5.891538094990120590e+04 -2.866277318148320319e+02 9.956354962630134651e+02 1.449464573716779569e+03 -1.603803362227668686e+03 1.115707424514597506e+03 3.928714412788808659e+02 1.998694174922397906e+03 -4.279912533771325798e+02 5.204997484093079947e+03 3.178238429307645674e+03 5.448549381302794927e+02 -1.009260794983351957e+03 -4.879593338248157579e+02
-3.390361032988087391e+04 7.461490853905177210e+04 1.565464070198635163e+05 6.688038500037605409e+05 9.269461209923577553e+04 7.429178814210163429e+06 -7.226347487304396054e+04 -6.452495208701075753e+05 2.697222315995696001e+06 -1.839428319571936736e+06 -9.099011106334049255e+05 4.952719504703676794e+05 -1.449154183666315657e+04 -1.352397542225514771e+06 -1.006791201424730825e+06 1.677897437323605482e+04 5.029670213864884863e+04 3.157114726211919697e+04 3.748489633779013529e+05 3.634773474928404903e+04
-4.139254975734923937e+04 4.481058145175516984e+04 -2.854226595469416134e+04 7.265649193703857600e+04 -7.073855572616131212e+03 2.771791647340889426e+02 7.187977792358436773e+02 3.904259759137638321e+04 -5.396441798498382013e+03 1.049476324803692660e+04 -1.760507837311280309e+04 5.206110705263497948e+04 6.487869914161293309e+03 8.171958282758363339e+02 4.896995088240258156e+03 2.410814208178956505e+03 -5.048168551221263442e+03 1.307679159983052523e+04 -4.270657836264222169e+03 9.750236956541780273e+02
-2.470522043973839754e+04 3.283739241754169052e+04 5.558900316151864536e+04 1.268321872470199742e+05 1.066302078756356786e+04 1.048712256214575144e+06 2.702077869640603240e+03 5.991992878111713026e+02 -1.075327645476260077e+05 1.003048615728087752e+05 5.498494112533993030e+04 -3.555043031958723441e+04 9.688907690782065174e+02 1.376059011106220423e+05 9.968154624499475176e+04 1.644520210839216361e+03 -1.170453853197854005e+04 2.920703277692667598e+03 -6.092982677334735490e+04 -4.926589912930886385e+03
-4.653899545251395466e+04 6.113715733584875125e+04 -9.110364087577834653e+03 1.627574726593062678e+03 -3.024233651032531270e+03 -3.425262461330257224e+02 -4.214788453097006277e+04 7.150560610211419771e+03 2.394291089606589139e+03 4.880793367657789531e+03 -8.507601329065138998e+03 -3.429367790027573847e+03 1.716743212903169535e+02 5.112253506265911938e+02 -1.456197216116929098e+02 1.518998746991516100e+03 -1.510768384985095736e+03 -1.511660047555409392e+03 2.531523606538941635e+02 1.645636555706914123e+03
-8.928628713382120623e+03 1.674665901302653583e+04 2.577736683744611582e+04 6.102321687053599817e+02 -2.040679600883138392e+03 -7.518980930897861299e+02 -3.325280287823032722e+03 -5.049572418194421743e+02 -9.428342345223013581e+02 -8.867999516089566896e+03 1.807307056304746948e+04 5.866361750680210207e+03 3.452353995058367673e+02 5.017564726951801504e+02 -3.392016767650722500e+02 -7.505352183040328384e+01 -1.591004922325466850e+03 -5.296485687052361300e+02 8.300680884719344022e+02 -7.082173830847629006e+02
8.620534732498207404e+02 6.792787560593195849e+03 1.057553676697285482e+04 1.423082699697983662e+04 -3.236842186737130305e+03 -2.383799535331900643e+03 3.923648877799178081e+02 -2.402934791316763585e+04 -3.791870895755464062e+03 8.754531533257971887e+02 -1.725798438480405821e+03 2.312097048477693988e+03 -9.169364645443540240e+00 -1.018576001461862461e+03 1.242424949257186881e+03 -9.324234690932918284e+02 1.248000973808400659e+03 2.595809222803772514e+02 1.014457598228672879e+02 3.180607581020177349e+03
-9.045574359854303111e+03 2.509472781560665226e+03 6.052602049672834710e+02 8.564211321167174901e+03 -5.749691222825024397e+02 -1.042737895624301245e+03 -5.479558260491886585e+02 2.337874444150977070e+03 2.716819043223619246e+03 -5.838273971440328751e+03 9.895888114277091518e+03 -2.375673958914053947e+04 -4.361648984331933207e+03 -3.282483414749742224e+03 -9.360360308197105041e+02 -2.595746211705441601e+04 3.979367801747012709e+04 2.336766508746085674e+04 -3.981866910769650531e+03 -2.856470254596074483e+03
-7.111197277660262444e+03 1.671613074717771451e+04 2.602109262061930349e+04 1.310054089593108802e+04 7.365534336439305662e+03 1.370746437451006495e+05 1.172620556274542423e+03 1.061552744165450349e+04 -8.422719176823232556e+04 7.104301355158184015e+04 2.854730283107776631e+04 -3.038438444722905479e+04 8.256222786621428895e+02 7.471807996751840983e+04 7.327942644449393265e+04 9.231895531006850888e+02 1.069634190199608156e+03 -5.937606871569457326e+03 -9.532356437714999629e+03 9.137684147351308184e+02
-1.028572271629106399e+04 1.057301396015778846e+04 1.583646414119127985e+04 2.187741318042100374e+03 -6.921713263472062181e+02 5.498432306693685945e+01 8.246577430393384702e+02 4.156662479089107364e+03 2.538739563765642515e+02 -4.854926175402742388e+02 5.998147135742178762e+02 -5.176813099932400291e+03 -8.933651442991844078e+02 -1.466492050286047925e+04 1.224266432113491646e+04 3.622791790780026531e+03 -8.888750256039874102e+02 9.884695197226402286e+01 1.069424192571829735e+03 2.960385333253203726e+02
-5.569963073253937182e+04 4.000524081454399857e+04 -3.540128080195653456e+04 3.386319163456542447e+04 -2.646326352393198704e+03 -2.978421476435594741e+03 -1.702351305725791235e+02 1.327873263919393503e+04 5.935383108813371109e+03 -3.183994423268694391e+03 6.244542103277306524e+03 -1.249485013510049248e+04 -9.808736907070554025e+02 3.113819815720318729e+03 -3.199804087729558887e+03 -1.210436065684011282e+03 2.932243729220827390e+03 -1.852565111011800127e+03 4.739180552032482296e+02 9.570104494953681069e+02
-3.100544521692985654e+03 1.079580150508605220e+04 1.739096873106067869e+04 -2.026832813822025173e+03 -6.978196699823794233e+02 -2.580453195394563295e+02 4.775543127390996233e+03 1.196167202586528902e+03 6.403848839695167499e+02 8.804049162909660708e+02 -2.382641908198283545e+03 -6.588927549313769987e+02 -8.630398529235323579e+00 9.817435180671983517e+02 -8.247846167710986265e+02 -2.591496647054857050e+01 2.317026084184328454e+02 1.068655640478854707e+02 -6.268331666081628839e+01 8.556833579109333243e+01
-4.837923698133268772e+04 -1.510667713547467611e+04 6.446736662818353807e+02 -1.243187546274296210e+03 2.189720417070965652e+02 2.794168994155803034e+02 -9.230883325327320108e+02 2.888494790949879189e+03 -1.591093630325269442e+04 -2.506244480953964739e+04 -1.208775171555830821e+04 -3.707850705198393825e+03 1.060418873212172912e+03 5.790940092396640466e+03 3.361555826705971867e+03 4.698825170678450377e+03 9.628633090865731674e+02 -8.873579757063092757e+02 -4.765136245264870922e+03 2.750880395805248213e+02
-4.332376167140884354e+04 4.873417784566304908e+04 -1.491819379816078981e+04 1.183625997982947010e+05 3.774330498322490166e+04 3.272267325405126940e+03 -6.657788197464812583e+03 1.238686921783806029e+05 -1.073264803249460820e+05 -3.239254324847713360e+04 -1.485637644755731453e+05 4.946661070626931614e+05 -2.562450987102032639e+06 7.993945496745551645e+04 8.424003479697836156e+04 3.541244295918357238e+04 9.498511284400306977e+03 -2.362886442389662261e+04 3.937337699184878875e+04 -6.968172246985540551e+04
-1.565431860897010483e+04 1.021999815884061718e+04 1.179740651223026725e+04 2.346213713229607038e+03 -1.086107606658901659e+03 -5.599716063191061721e+02 -1.399614024867304943e+04 2.952116945742137887e+03 -1.992692129882280824e+03 -2.888164469709504374e+03 -7.301874075604535392e+03 -7.402089494802118679e+03 -1.869880277507742221e+03 -5.547891574685117121e+03 6.114283808092419349e+03 -3.519455290090429480e+04 -2.378787923844265606e+04 -1.162953781752269578e+02 -6.242019605014399986e+02 -2.981934544794703470e+02
-4.845963014898239635e+04 -1.541570544048269221e+04 9.484239234665997742e+01 -1.433326655135140300e+03 3.801555477882268264e+01 1.424529441474404337e+02 -7.656487647675452308e+02 1.711225375156304608e+03 3.725176719076167160e+02 -3.168186584693015106e+02 5.590535728672609821e+02 1.677176792397174552e+02 -4.114007897165317331e+02 3.639853548981849372e+02 -1.299490310205508763e+02 -2.736757961005950506e+02 2.945139405312567646e+02 -6.726279036900567689e+02 2.380974075089480664e+02 2.133488693548829906e+04
-1.613696341572943493e+04 1.159679297387172119e+04 1.571213912910665204e+04 5.867580087913620446e+03 2.452083605961810875e+01 1.651291556981731264e+04 -4.063758493970165091e+03 1.038270316225082752e+04 -3.738622704429885198e+04 1.400634308430287820e+04 1.682779568253375828e+03 -1.454747188269087701e+03 -5.580605998848176341e+02 -2.285624376524893160e+04 -2.649285460034570860e+04 -1.264600276162997034e+03 1.298897233310070078e+03 -5.197463577703717164e+01 3.839048396433591279e+03 4.140116951926571573e+02
-4.142454675950141973e+04 3.523850570149485429e+04 -2.515506530893176750e+04 -4.466433699781151518e+03 3.209028064838178125e+03 1.699567357136365445e+03 1.763476369302904004e+03 4.092785316881571816e+03 -4.750326482840348763e+04 -6.440203181907712860e+04 -2.928720186911208657e+04 -7.725173647918447386e+03 3.226093495274218640e+03 8.890972319773056370e+03 5.042511881140102560e+03 6.726269444693120931e+03 6.023368736693599885e+02 -1.096511664455956407e+03 -5.759330611979779860e+03 -1.424599122030882199e+03
-4.652826525879964174e+04 1.213875997741946594e+04 -1.497227857815345851e+04 1.345709557168084211e+04 4.471887188175832080e+02 -1.185010782554809339e+02 -7.630248442538735389e+02 1.633801164408109616e+04 -9.797532356457282731e+03 -1.053902465531744929e+04 -9.656823082100312604e+03 4.630159880680538481e+04 -3.338072353093388374e+05 1.376737695154908943e+04 9.763020230155527315e+03 -2.857343737577644447e+02 1.230069856274206904e+04 -3.988842011714605633e+03 1.011427503527930457e+04 8.122767063450439764e+02
-2.441916114927985473e+04 2.788419671664615089e+04 2.262275501637662728e+03 8.488682644348427857e+03 3.063835576325114380e+04 4.190243069915546948e+04 -4.484240988419034693e+03 1.721976299867574198e+04 -1.298792794820962008e+05 1.041130392045187546e+04 -7.849459597239047071e+03 -1.281178244620928308e+04 3.586244970339741940e+03 -4.613874958234928636e+04 -8.280195195178272843e+04 -1.030296190615244996e+04 1.452220914260553582e+04 2.524750418524984707e+04 1.984022727637327334e+05 5.976188785448664930e+03
-2.014504633504053345e+04 1.062716118458732490e+04 2.187704603092172692e+04 -4.004992194874650124e+01 3.034039012240794818e+03 1.463018706878956618e+04 6.418620641592956417e+02 1.249289990751800906e+04 -3.150278965936683744e+04 1.978632355256641677e+04 6.865371924112105262e+02 1.736591445204674164e+04 5.441890239574639054e+03 -2.966854747822355785e+04 8.864651243631262332e+03 -4.525492308549598238e+04 7.173357789663574658e+04 -1.147044286590801348e+05 -2.054939385332365782e+04 -1.202087136806821036e+03
-2.081303823523509345e+04 1.817157416201244996e+04 2.201060758109213566e+04 4.077177566681605094e+04 8.554490850500491433e+03 4.733763754826344666e+04 -3.403484791888219206e+03 4.652069384642330260e+04 -1.432079830899474618e+05 7.464975937167486700e+04 2.615881343345425194e+04 2.465849558045705999e+04 -3.992497341237764886e+03 -1.201239800959517161e+05 -1.277858689853067481e+05 1.798070703808469625e+04 -2.675841434647993083e+04 3.179403125142637145e+04 -8.951835829721749178e+04 -2.500594444517755619e+03
-2.934984718489591614e+04 3.529005710724369419e+04 -3.879417226382004628e+03 2.623539799578598104e+04 -2.117943156101464865e+03 1.142999349611210846e+03 3.379084131779643940e+03 4.211164994506249059e+04 -2.047671812007623157e+04 1.973260644185449337e+03 -3.474730530785872543e+04 1.360140843644625857e+05 2.927954929274403912e+04 -1.380848875477679212e+04 5.531747340678846376e+04 -5.499332642076655611e+04 6.981986002754280344e+04 2.113884719025416780e+04 3.440113136621357626e+03 -4.255554858777675690e+03
-3.937153958005670574e+04 9.400567375560969595e+03 2.847170868239001720e+04 -7.704187854615644937e+03 -4.774978464673319650e+03 6.019810164568498294e+02 -9.283654984462926222e+04 9.804378563949621821e+03 -1.180067871268931231e+04 -9.444628457886306933e+03 -3.087097540681488681e+04 -2.959314100704528391e+04 -1.036357618702884247e+04 -4.091347559392799303e+04 4.181658393500301463e+04 -5.402395853004804812e+05 -4.130519698641552241e+05 -2.224136468164364123e+04 -2.088010960122931283e+04 2.494672799212529571e+04
-8.268279834370987373e+03 1.212185275139929763e+04 1.945396981970678098e+04 6.773130824993411352e+02 -9.835056446864674626e+02 -4.176693848143276000e+02 1.470176454880100437e+03 2.022761667490124864e+03 -4.763282282901516282e+02 -5.678087207056561965e+03 1.122256032500432048e+04 2.782918993348152526e+03 1.451280659565204871e+02 -4.463891319546162890e+02 6.153593327639875099e+01 -4.123351574125911725e+02 -1.352602600349522390e+03 -2.605466635980088768e+02 5.577305171714315293e+02 -1.060943380514345790e+03
-3.770983126473466837e+04 5.487385780222576614e+03 1.397230955163091676e+04 2.078126879706950422e+04 7.888132223667610560e+03 5.041418500662119914e+04 -7.442846384545428009e+02 4.519229222614926402e+04 -1.758634299516984902e+05 8.380269460526382318e+04 2.220801421463676525e+04 2.007865925857896218e+04 1.205491776937907707e+04 -3.255078927226952510e+05 -2.339856602635043964e+05 -4.201601559623531066e+05 7.102285857723297086e+05 -2.104463607909047045e+06 -2.177633794808288221e+05 5.090580878107423814e+03
-2.643763552898166745e+04 3.733526593055090052e+04 6.763889405942482699e+04 1.420863090887261205e+05 4.313969502724552149e+04 1.271015833814267302e+06 -1.308669935687625548e+04 9.499174306960003742e+04 -1.141569845409028232e+06 9.370813689726606244e+05 4.408323173746695393e+05 -4.719446091059840401e+05 1.800154699702349899e+04 1.400029016413799254e+06 1.067892005748613970e+06 -4.399176234783912514e+04 -1.709472291622325429e+04 1.811669281306827033e+05 1.144675960023254156e+06 7.039145206546309055e+04
-1.088619993337642154e+04 1.317526386142097181e+04 2.117236603755645046e+04 4.041711014244255239e+03 -5.259441840792405856e+02 6.075108892591435506e+03 3.246665308080390787e+03 1.386471470263610718e+04 -1.657775357397400148e+04 1.271832615328547035e+04 8.999109552614088898e+03 -3.711002903894227347e+04 -5.679937055062569925e+03 -1.089361498368091707e+05 1.247252232001722878e+05 5.592142791276628122e+04 -1.657627994533283345e+04 7.314047632459645683e+03 -4.732871350326958236e+03 1.832988135824754499e+04
-1.636851717304193517e+04 1.728942415423864804e+04 3.224792621828879419e+04 2.771376774574427327e+04 2.276027846861450817e+05 -6.255865905553476296e+03 -4.610109421843750170e+03 -3.952452618400744996e+03 3.079693138582955726e+03 1.882323596433156126e+03 5.896456073421541078e+02 1.000477920767474075e+03 5.906599660826658464e+02 1.041626326162026771e+03 2.292670610692279922e+02 3.540969348057054162e+02 -4.171918047586398188e+02 6.189766868102036312e+01 -1.515398091157969247e+03 1.104779161043364581e+02
-3.946483602412619803e+04 3.949714569017873873e+04 -2.754492207592719569e+04 2.538780938836564383e+04 -1.982314426855492457e+03 -1.579736758714883763e+03 1.112469481401087478e+03 1.983022018782147643e+04 5.237215047116912956e+02 1.365191601725222881e+03 -5.836955484229918511e+03 2.995123367395029709e+04 7.760299352385522070e+03 9.120074237745753862e+02 9.843328406130522126e+03 -2.756770224701700499e+03 1.489042585618721432e+03 6.769093193009395691e+03 3.635901860901219152e+03 -1.256102320655182467e+02
-4.671644323815371899e+04 -8.833421144162351993e+03 -1.316056677328759179e+03 2.173438275559758767e+04 -2.098462895800227670e+03 -2.010084638459700500e+03 -3.622622482187003243e+03 1.541245215691823796e+04 5.479739826316340441e+03 -2.392003593591393837e+03 2.052666039841050861e+03 -2.516322868954957357e+03 3.772502049914236977e+03 5.133511418345481616e+03 1.713029432046041165e+03 1.643663608952853610e+04 -2.328164593565207906e+04 -5.591206601450366725e+04 4.843004162574758084e+04 -1.023217144902201289e+04
-4.589368464421356475e+04 -1.203300022316409013e+04 6.078931012906598880e+03 6.449570804826877065e+03 6.258107180087364395e+04 -1.690336489392045905e+03 -2.466131763986879832e+03 -5.761857160954552910e+02 2.130652173283455042e+01 -9.065215702016049590e+02 -4.412910171075057519e+02 3.337734950169694343e+02 -1.240196484897655154e+02 5.811739553175121955e+02 -3.358678130788852627e+02 1.142204032571900285e+02 8.788563715340113447e+01 3.897369094780199106e+01 5.515875041685845872e+02 4.181866744270756158e+02
-1.335784412477532533e+04 5.392653224570922248e+03 2.971616937562581370e+03 1.905387220489508763e+04 -2.967550780421677700e+03 -2.583561633666754460e+03 7.440411009900009276e+02 -2.025390919334139471e+04 -1.802770929451634629e+03 4.385586316204737159e+03 -5.493329614280697569e+03 -1.757388606066574539e+03 4.256477700449544841e+02 -5.472627718535204622e+03 5.260608814052413436e+03 2.075946158333255880e+03 -5.314070374452280703e+03 -3.959156515725744612e+03 6.026868224275362991e+03 -8.006412039263304905e+04
-6.118336392702911326e+03 1.452206687512630197e+04 2.340050961585958794e+04 1.199350341036896225e+03 -1.123241511912966871e+03 2.269370024592397021e+04 5.795489780464055912e+03 3.888810507206580041e+03 -1.023432068559430445e+04 6.493218951238088266e+03 1.208137926587759284e+04 -1.161099909373802802e+03 -9.477187574415287941e+01 8.841339043272519120e+03 3.430627229176387118e+03 2.299591145979504290e+03 -5.724401449383263753e+03 5.060910923070789977e+03 -2.027118132546699781e+04 -2.315717861225050001e+03
-1.799922922261579515e+04 1.651919597311563120e+04 1.586922854115449991e+04 2.864301208937841238e+03 -1.874506909349032867e+03 -5.134941677443875960e+02 -2.608796146706635045e+04 6.997058724124761284e+03 -8.568263391070214539e+02 -3.238740253588617634e+03 -5.974019523403670064e+03 -1.188047897881543940e+04 -6.230397219668139996e+02 -1.035727355307239463e+02 2.715261684165439874e+03 -3.300851646923851604e+03 8.528639001179159095e+03 2.290548658137360690e+03 -1.652190804071192815e+03 -2.421830829610924411e+03
-2.696516015562861503e+04 2.894751966558534332e+04 1.195837982612678570e+04 2.107060194182688792e+04 5.174707519750155188e+04 1.109300356040638435e+05 -2.007033159428018189e+04 4.736566570034220786e+04 -3.820551462341442239e+05 6.680166177239731769e+04 -8.861535348923142010e+03 -4.996218874146461894e+04 1.031935559464466678e+04 -1.439398753825854510e+05 -2.780244467520566541e+05 -3.954688010126327572e+04 5.415229679102391674e+04 9.452896496047706751e+04 7.513918041840322549e+05 2.418385804091750106e+04
-2.629914769020458698e+04 4.340758486637173337e+04 7.355193699487842969e+04 1.699724777261544368e+05 1.595678766688114592e+04 1.523131850102656288e+06 -3.970281126900599702e+03 -3.034014310697030669e+04 1.840595427025126628e+04 1.361366143019499214e+04 1.851475001416050873e+04 -1.174467620587159581e+04 8.556292833092293222e+02 7.435174337649581139e+04 4.510602915450010187e+04 1.191721367751383923e+03 -1.024385152429322807e+04 8.545433513671361652e+03 -3.743927507389276434e+04 -4.979907280536889630e+03
-2.156150672561567626e+04 1.652027283528181215e+04 2.805932731126727958e+04 5.337661461212039285e+04 9.323071579689325517e+03 3.830168979245321825e+05 -2.104438775322078527e+03 2.445872217443867703e+04 -1.688180180125853803e+05 1.062431652777861891e+05 3.965185425442537235e+04 -2.332009715671662343e+04 1.438164428644232885e+03 2.955869774307124680e+04 4.661444491619208748e+03 -8.814259155794605249e+03 1.028595404009742015e+04 -8.203279464086568623e+03 2.739988599293706648e+04 1.293431814749771547e+03
-3.587096880900514861e+03 1.533081543070265616e+04 2.235373708290631475e+04 -3.053855968126524203e+03 -9.939302908216112655e+02 -2.831067745973490446e+02 1.495231659693052052e+03 2.077958059703180879e+03 8.749793646213594229e+02 1.123257856275976110e+03 -2.806440607338573500e+03 -7.206998662154190924e+02 -4.929238441951003580e+00 7.732568724400817928e+02 -7.162285325926299038e+02 6.526179136915177992e+01 2.038969956933602816e+02 -8.058723298535893420e+00 1.155098346655064603e+02 8.294048642060562315e+01
-2.491320381277654087e+04 4.969361529643661197e+04 -8.799041477487005977e+03 -1.027003090462397631e+04 -3.505041061444156867e+02 5.650809822432956935e+02 -6.401492417536613175e+03 1.574680379789753317e+02 9.409069166971936511e+02 3.145483584991925909e+03 -4.464772094979130088e+03 -4.452030803750486143e+02 -9.535130660706563788e+00 7.446159862030082195e+02 -9.348885809143156393e+02 5.723550394987951222e+02 -3.728706098512727749e+02 -3.453299266699131067e+02 -1.516830264005424169e+02 3.370439195348434396e+02
-4.170324232268445485e+04 3.592800288983647624e+04 -2.631111025582168440e+04 -5.215194680268989941e+03 9.961860748760464048e+02 5.561228440108310451e+02 1.341938083209331353e+03 -4.304916567621631884e+02 4.213094467389594797e+02 1.276632886864748002e+02 1.716021576201648713e+03 -2.214880664581807252e+02 -6.278360627224361679e+02 -2.600806059232396592e+02 -5.757933517513069432e+01 -2.423856012809914660e+02 -3.644378215321172121e+01 -8.380023343760742591e+02 1.149647840141556401e+02 2.120631091592619850e+04
-4.604627741940411943e+04 -1.259906075228155714e+04 4.576054832466073094e+03 1.937791861520115845e+03 4.289908033490660273e+02 1.602205318481283030e+04 -3.010843108189032137e+03 8.336419234093516934e+03 -3.707189018879443756e+04 1.345619431214451288e+04 2.521004675497531480e+03 -1.771540826357301285e+03 -5.522307809826711491e+02 -2.169653438903723509e+04 -2.672028257042165205e+04 -1.423384993807663477e+03 1.885098753698848668e+03 -5.605461733229215042e+02 4.342865661380818892e+03 9.581481931211824303e+02
-1.553884013034318014e+04 1.052259694347150617e+04 -1.628343226423935221e+03 6.277603382671041618e+04 -6.997911236182431821e+03 -3.207675665014505739e+03 -6.112160468486931677e+02 1.154671243058481377e+04 -1.313959475787852966e+02 3.707983439686439851e+03 -5.815396687915455914e+03 5.149018798140750732e+03 -2.489582266599454954e+02 1.614041594542563189e+03 -3.301993138346173964e+03 3.590576539585717001e+03 -4.198545367629147222e+03 8.002925288332941136e+02 -3.070494735488849528e+03 5.546721984343337226e+02
-2.115792412699083070e+04 1.468822946563357800e+04 1.549419251576034367e+04 1.052571057086123255e+04 -1.943299642640630054e+03 -1.403904646884451950e+03 -6.725152001603729559e+02 5.405976838142905763e+03 1.324763154448847899e+03 -8.814232264417642000e+03 1.705089912856855517e+04 -2.001814634884821999e+03 -5.774502266933250212e+02 7.024990575787335274e+02 -1.037019257498333673e+03 -2.033373426560847292e+03 1.508474375353724099e+03 -3.005984181005770211e+02 8.027456018275202041e+02 -7.183298949731371295e+02
-4.602943147526719258e+04 -1.264689863789240917e+04 3.977983541881245856e+03 -4.699698354103414744e+01 -4.530022228453654520e+02 -1.513452401315360305e+02 -8.306502588745566754e+03 2.768450996686508006e+03 -2.053515310426852466e+03 -3.485854513877726276e+03 -5.982718044148910849e+03 -6.529510876289482439e+03 -1.815652155286428751e+03 -4.565033017427119375e+03 5.397040189435899265e+03 -3.505207940036319633e+04 -2.350753317250121108e+04 -1.858441280671967775e+02 -7.520672148716735137e+02 2.543486747477951155e+02
-4.230074632648596162e+04 3.173283367173568331e+04 -1.181595865101451818e+04 7.022798172212296049e+04 3.528531896716216579e+03 7.898680008489934153e+03 -5.763680276387690355e+03 7.020235113786105649e+04 -8.040181862613800331e+04 -3.238103336256204420e+04 -8.247568561438926554e+04 2.313521132912283356e+05 -1.214324406624735100e+06 3.285774123662659258e+04 3.262960412621330761e+04 7.592509437942585464e+03 -2.003601040810386849e+03 -9.984261045926943552e+03 1.619860374059043897e+04 -3.105760709461279839e+04
-3.673610148645767185e+04 3.449085402365287882e+04 -1.834100149620079537e+04 -2.631202447910110095e+03 2.551073969312461031e+03 2.879198097431575661e+03 9.721461797269494127e+02 3.316209756346489939e+03 -3.507027634923468577e+04 -3.869310721913797170e+04 -1.623717083841578278e+04 -4.319683049538421983e+03 2.033581137122450855e+03 9.940679518704629345e+02 -8.991639934546307131e+02 -8.287154472599770543e+02 -2.277845155037331551e+03 -3.898818764356178690e+02 -5.903865101028764002e+02 -1.710878846787603834e+03
-2.415840094773806049e+04 2.717564921963687812e+04 2.876166085627588109e+04 6.987669085340225138e+04 1.603559553088551002e+04 5.577956621974227019e+05 -4.820213928929049871e+03 4.403090590717517625e+04 -3.921839397004460916e+05 2.685039076424883096e+05 1.092381592049948522e+05 -1.060454418082441698e+05 7.010580220836317494e+03 2.615891272174580081e+05 1.704776709226836974e+05 -1.847383901178033193e+04 1.227722653893330789e+04 3.158751184799510520e+04 2.717346938430354348e+05 1.349213810573734190e+04
-2.246442608760877192e+04 8.398666195919737220e+03 -4.408581019364240092e+03 4.593565063588798512e+04 -4.966189852385257836e+03 -4.197744938250332780e+03 -7.573673306283467355e+02 5.455706401727584307e+03 3.310582250045307774e+03 -1.414086159822177024e+03 1.433645538915696989e+03 -8.386043216022473644e+03 -6.069528401448632167e+02 2.071120512617393615e+03 -2.178265223362674078e+03 -2.638482013579795762e+02 1.443214638953277927e+03 -1.034879366953929093e+03 -1.129837952381190007e+02 4.395514237550779058e+02
3.772551446559776650e+03 8.238569311515544541e+03 1.035668251869672349e+04 -1.619954596149726456e+02 -1.798662676421824244e+03 -4.813642490994883474e+02 -3.566512662307338178e+04 3.190794268409042616e+02 9.092745102532152259e+02 2.195042608069641119e+03 -3.813261489868548324e+03 -8.036023066374041264e+02 1.781424073469229654e+02 7.630788369052712596e+02 2.186238425112076129e+02 4.396697172986523583e+03 3.361644545151534203e+03 8.366604591718772781e+02 -9.366398809702661765e+02 -1.329268697079305866e+03
-4.104849941084474267e+03 1.768077112824946380e+04 2.548481954256961762e+04 -2.972845798206048130e+03 -1.526718180530473546e+03 -4.736819063977587803e+02 -1.135714651299482284e+03 5.340178100178518434e+02 5.760605363687679983e+02 -7.509155339204057782e+02 1.227987699122756339e+03 1.093500980678864380e+03 1.137205187411414755e+02 1.337278037941483035e+03 -9.620163593662349513e+02 2.706960734661476522e+02 5.837074952666498717e+01 -1.652807643639080197e+02 2.720465181062324405e+02 3.050572569097205928e+02
3.746973160122689023e+03 2.652317954581521553e+04 2.346029159606683606e+04 -6.646511466511172330e+03 -4.183702214710055159e+03 -1.169805102144090228e+02 -7.641903516135503014e+04 4.097604150077600934e+03 1.974543662456343782e+03 7.117420238977972986e+03 -1.312492838026994650e+04 -3.537538239449903358e+03 1.718887399583472870e+02 1.194608219258948338e+03 -1.170364369711317778e+02 5.174013177668914977e+03 3.447529355432905959e+03 8.582267939536392305e+02 -1.714933119850373942e+03 -9.714949353375648116e+02
-5.544346794224952464e+04 3.803269153584744345e+04 -3.272867569336589804e+04 1.623547572062590007e+04 -7.969540456910528974e+02 -1.413480206342757810e+03 9.749600149428833618e+01 7.097313305748971288e+03 4.030322996990197680e+03 -2.362479143582419965e+03 6.250422469908011408e+03 -9.278691069319533199e+03 -1.174130564628837419e+03 1.065136610139266168e+03 -1.476500209154728282e+03 -2.091648494375418522e+03 3.680872520480019375e+03 -7.781991134163131392e+02 5.896979580839434902e+02 9.059706055588256390e+01
-6.001100767632958741e+04 7.930885033170499810e+03 -1.877801583630892856e+04 3.455083179648155055e+04 -3.028392965065641420e+03 -3.077055457284326167e+03 -1.441616551702510151e+03 1.421211145048639810e+04 5.393213098694265682e+03 -3.887358317091865501e+03 5.372945116995349053e+03 -1.182474979524239643e+04 -7.986211245295919525e+02 3.369289845480629083e+03 -2.941745671769459932e+03 -1.377964525684288901e+03 3.342560672431875901e+03 -1.622927721179320088e+03 5.817078853836137569e+02 9.969082673701597059e+02
-2.442528235395206138e+04 4.521679780697975366e+04 -9.447831024366543716e+03 -8.904309033233837908e+03 -9.039130822974330215e+01 4.637580258481747251e+02 -7.671176115157708182e+02 -4.207163445252559200e+02 7.977716469724718991e+02 2.407494059827932688e+03 -3.081570560491264132e+03 -1.050860541188083346e+02 -1.520863667481827441e+01 7.257554152392227707e+02 -9.136274960988936300e+02 4.493398298075676394e+02 -3.456860097678377883e+02 -3.330386938667015784e+02 -7.011121409029792062e+01 3.633414802566255730e+02
-1.836806935606863408e+04 6.672041793491056524e+03 1.613121196090656895e+03 1.969801784700497228e+04 -2.571263793270895803e+03 -2.318593577189054486e+03 3.560178387434164051e+02 -4.842537903986527454e+03 8.845755344593580958e+02 -7.378302450909906156e+02 1.367244484270521298e+03 -5.408286406971656106e+03 -7.236761793544775401e+02 2.436127597451221902e+02 -6.473132814226003120e+02 -1.464106879661011135e+03 2.564116789034658268e+03 1.321788779623956316e+02 -5.213192110868339668e+00 -8.333070301316810458e+01
-2.355501195781554634e+04 2.426984973255989826e+04 3.045530167303907001e+04 5.912451571240432531e+04 8.350890648660182705e+03 8.631646067246637540e+04 -1.990197281742229734e+03 7.837111987679243612e+04 -2.531767388323282066e+05 1.347787085001167434e+05 5.998019736836872471e+04 4.462488080936217739e+04 -7.427769283151555101e+03 -2.174164048649183242e+05 -2.326986299964479113e+05 3.998201027050674747e+04 -6.119156957917979162e+04 7.300509332303369592e+04 -1.949312601985632209e+05 -7.287238835909098270e+03
-6.590779916431461061e+03 6.614137698002750767e+03 9.158483927634566498e+03 1.646361062012261391e+04 -2.816141118056958021e+03 -2.425423981137369992e+03 5.457053584566787094e+02 -2.038842861450740747e+04 -3.235205230669379944e+03 2.444704539193362507e+03 -6.070202600591824194e+03 -3.804680637561154072e+03 -5.471593869261357668e+02 -7.512098922467745979e+03 6.021510406545688056e+03 -3.622493894049004666e+03 1.943897882410014518e+03 3.584948257398009900e+03 1.020554776040481897e+03 -1.181593545244229608e+04
1.020414119817597748e+04 1.827118255951869287e+03 2.578017258799264710e+03 6.099677361434808063e+02 -1.558317153534177351e+02 -1.446071068172855689e+02 -1.095712575517850382e+03 6.946127096710705473e+01 -5.538277160630136642e+00 9.279283576779507214e+00 -1.604496791496430319e+02 -1.540372208770763223e+02 -1.172426864024603788e+01 -5.217434830459891373e+02 3.836291105050475494e+02 -1.143506120665588099e+02 7.294047955611100065e+01 1.103911014445181848e+02 1.895223703066588428e+02 -4.540301203375191790e+02
-4.497560914768552902e+04 -1.201604209123886176e+04 5.309826484159038955e+03 1.043054283205260191e+02 -3.748424338867728238e+02 1.119628517855334167e+02 -1.248291171715571721e+02 3.567363206870639715e+03 2.175775992060211195e+02 -4.081280349976337334e+02 6.180110491064101552e+02 -4.960572751337494083e+03 -8.285484604035052598e+02 -1.363918249631086110e+04 1.185007122673222511e+04 3.586646625777939789e+03 -5.047427174203558025e+02 8.135508620338127628e+01 9.193478737572451109e+02 8.169647232449573266e+02
-2.542813170292925861e+04 5.264018979236546875e+04 -2.684643253146652114e+03 -9.911907657220453984e+03 -1.291064361691763679e+03 2.047457121349256113e+02 -9.121852810924088772e+03 -2.570785223356514052e+03 4.101198027127091450e+02 -2.701488355824576502e+02 2.817228821868909108e+03 2.740472598578631278e+03 1.865226062682626491e+02 1.661482182563574497e+03 -1.335984560740017969e+03 8.615797151775138900e+02 -6.013537733767735745e+02 -5.997160140493638210e+02 1.386853127196532114e+02 6.960461073427655947e+02
-2.747068575507412606e+04 2.255693247702243025e+04 4.095369338649634301e+04 8.071823814139598107e+04 1.053801478842508732e+04 6.659060999750650954e+05 -4.487399568639983045e+03 2.340533860727528008e+04 -2.117577567454859382e+05 1.701690135206360719e+05 7.353584506700868951e+04 -5.111801137230329914e+04 3.538099118510979224e+03 1.567829106551326404e+05 1.290083074954183830e+05 -1.892304949854109873e+04 2.220570331943511337e+04 -4.551336147436685860e+04 -3.595662927966099960e+04 -1.685868516247511934e+03
-5.433946920707619029e+03 1.168643988556311342e+04 1.589679047903620631e+04 1.565405847769993488e+04 -4.051636968324026384e+03 -2.746933745501641624e+03 -4.597620267112768488e+03 -2.484699985053984346e+04 -3.940856051131212553e+03 -1.541964345286274920e+03 3.320255084290328796e+03 3.903523747399563945e+03 7.934085551472142583e+01 -7.284747235187051047e+02 1.203903903960133448e+03 -8.107003676159545194e+02 1.187192621393361605e+03 4.912708801859288599e+01 4.111273069703755141e+02 3.358718400899324024e+03
-2.142296379749858534e+04 1.041763452194973070e+04 2.081903354883681095e+04 9.463889251301741297e+02 -2.021471384070287627e+02 3.780841407464974054e+03 1.269368186513014962e+03 1.459802745676941049e+04 -2.806640317478588258e+04 5.089625832834615721e+03 6.098118569305655910e+03 2.280313857896737682e+04 2.641740493399207480e+03 -6.858081959790144174e+04 -6.816523213534759634e+03 -2.935391458730933664e+04 2.976369592426181771e+04 8.545975715258410492e+04 2.587739757612833346e+05 1.352833369631474909e+02
-3.817053866790944994e+03 1.327421081516939194e+04 2.011095520683304130e+04 -2.493174138614365347e+03 -8.525028969120868396e+02 -2.903326105085447466e+02 3.029153657682310040e+03 1.430865308666194323e+03 7.259428744248853036e+02 7.982698583234400758e+02 -2.113728751743330577e+03 -4.921504445327846042e+02 4.753762698883404525e+00 9.250658967472883205e+02 -7.945022804290526892e+02 2.610853423152121167e+01 2.060199997456472545e+02 3.967330427587116048e+01 3.315672978373729052e+01 1.076192952676297239e+02
-2.291426344638217051e+04 1.681626251937508641e+04 1.498257671526211379e+04 2.034825533956571235e+04 1.620235021434587543e+04 1.034661048409009381e+05 -6.974276258964281624e+03 3.550980793517662823e+04 -2.433597478129468218e+05 6.935960443121675053e+04 8.201904552249652625e+03 -2.516453393486749337e+04 5.893787414867359075e+03 -7.829773071047724807e+04 -1.467616046473399620e+05 -2.623347572876491904e+04 3.181369045076903421e+04 6.881061379663881962e+04 4.549792589303281275e+05 1.444196233051833951e+04
-3.885754238286244072e+04 3.844015346544401837e+04 -1.820402894868576914e+04 3.710542575426932217e+03 6.524432475835753576e+04 -3.876395604497004115e+02 -1.671777369203817216e+03 1.056917082525432761e+03 -3.129947152805522273e+04 -4.010621162932413426e+04 -1.809691994047061235e+04 -3.857216842723535137e+03 2.063647862063735829e+03 3.857529202163734226e+03 1.467494285133613175e+03 2.206912003982021361e+03 -3.207175426645682705e+02 -2.984997100814320561e+02 -3.287676974585270955e+02 -1.296538244802725330e+03
-1.981827198588717147e+04 1.092348671913691396e+04 1.220211768639381262e+04 6.196554196920111281e+03 -9.396006264023349104e+02 -5.731669484610223435e+02 -4.733497812292802337e+03 7.006317505182171772e+03 9.514993010973753371e+02 -3.412673925368276286e+03 -7.714790950792496460e+01 -1.309170602862062151e+04 -2.310346536101122183e+03 -4.364210591249443496e+03 4.322278461483510910e+03 -6.281861214838262640e+03 1.061154737707984168e+04 1.408829640931586027e+03 2.541441675067324013e+02 -1.646434453138253048e+03
