2.018509488754466656e+04 -2.740787844650198167e+03 -2.911152828017439333e+03 -3.222114886797081681e+02 1.253894745981907590e+02 7.146503727126460603e+01 -6.475268715767440142e+01 1.389783860338096133e+02 3.108461512500320101e-01 -2.336291366237140821e+01 5.901474828980876453e+01 2.953900346399748500e+01 4.344828859314476155e+00 -3.601177138962656787e+00 2.854069022196273231e+00 -6.003674819551714503e-02 -1.692014290564832990e+01 -8.679754868965719794e+00 5.129195354394286532e+00 -7.004444972912906131e+00
-4.937436794480635581e+04 -1.552693004182296681e+04 1.429171102151694868e+02 -1.206170257226665854e+03 -5.596121932834569179e+01 7.454765285873762082e+01 -3.968483065668937115e+02 -4.309849629902061885e+00 2.794592319419160162e+02 3.841268738091999353e+02 -7.032768072979256324e+00 2.593541786995671146e+02 5.507947543916947097e+01 9.356699419327881628e+01 -6.267319030214885345e+01 1.085637538256378036e+02 5.747928943941862379e+00 9.159481776473556636e+01 -1.202387676127346516e+01 -6.522732150103699951e+02
-4.260948431411076308e+04 3.583855509581115621e+04 -2.622797651666525417e+04 -5.116649880567123546e+03 9.131961599864264372e+02 4.989456331225946428e+02 1.728144262842204625e+03 -2.218498231378158380e+03 3.045779122336502951e+02 8.541935419314213505e+02 1.106450894734567100e+03 -7.796438708707576382e+01 -1.458836760046524148e+02 -5.319505716565829516e+02 9.963067892269386050e+00 1.461385001137608413e+02 -3.419524236107096726e+02 -6.901205402121807708e+01 -1.414862374861591547e+02 -7.898995258054789019e+02
-3.080404270495956553e+03 1.078474960512827965e+04 1.738461375627424786e+04 -2.028599389976041039e+03 -6.957118942666760404e+02 -2.574428159217889061e+02 4.802211617858674799e+03 1.198864078489355506e+03 6.688667464727386687e+02 9.293875913943962814e+02 -2.377403603004033812e+03 -6.599737035406552650e+02 -7.735656655562446637e+00 9.794085293874884428e+02 -8.348834412728822372e+02 -3.346536822370588737e+01 2.335559639559817811e+02 1.087510329428660043e+02 -8.507674664798783226e+01 8.800212875450057481e+01
-3.390361032988087391e+04 7.461490853905177210e+04 1.565464070198635163e+05 6.688038500037605409e+05 9.269461209923577553e+04 7.429178814210163429e+06 -7.226347487304396054e+04 -6.452495208701075753e+05 2.697222315995696001e+06 -1.839428319571936736e+06 -9.099011106334049255e+05 4.952719504703676794e+05 -1.449154183666315657e+04 -1.352397542225514771e+06 -1.006791201424730825e+06 1.677897437323605482e+04 5.029670213864884863e+04 3.157114726211919697e+04 3.748489633779013529e+05 3.634773474928404903e+04
-5.935823437268220914e+03 1.162960121078939846e+04 1.554828541930303982e+04 1.597062053556387036e+04 -4.042247418736494637e+03 -2.769336344043429108e+03 -4.497651061383167871e+03 -2.461637185455187864e+04 -3.841561702256165972e+03 -1.553353922673973784e+03 3.305726202599101725e+03 3.519348040747672712e+03 2.524063674608523655e+01 -7.209360513307890415e+02 1.161433450325194144e+03 -9.238565312616880192e+02 1.368085860020562905e+03 7.737300978645023974e+01 4.005722033603001364e+02 3.362908917157357337e+03
-1.636851717304193517e+04 1.728942415423864804e+04 3.224792621828879783e+04 2.771376774574427327e+04 2.276027846861450525e+05 -6.255865905553476296e+03 -4.610109421843749260e+03 -3.952452618400744996e+03 3.079693138582955271e+03 1.882323596433156354e+03 5.896456073421542214e+02 1.000477920767474188e+03 5.906599660826658464e+02 1.041626326162026999e+03 2.292670610692279922e+02 3.540969348057055299e+02 -4.171918047586398757e+02 6.189766868102036312e+01 -1.515398091157969247e+03 1.104779161043364581e+02
-1.241508579262900639e+04 7.564028000609751871e+03 3.594800110852532384e+02 3.629613460308174399e+04 -4.233773000739652161e+03 -3.504094029476488231e+03 -1.688244149282494675e+02 1.002793176957852666e+03 1.625092995163196747e+03 1.386243948073603747e+02 -1.319849128348871318e+03 -3.147750801418711944e+03 3.137631185910282170e+02 1.184429052956611258e+03 -8.453854477796752462e+02 1.367347528877883860e+03 -1.508775096031375369e+03 -1.453363364670892679e+03 1.890852997752278952e+02 8.427717274411625681e+01
-2.436483802557143645e+04 3.267222865612317037e+04 5.467944334848033031e+04 1.238246704467444943e+05 1.038165300575338370e+04 1.018446762935484410e+06 2.280250249014074143e+03 2.519107005407495308e+03 -1.155913174114106514e+05 1.060326528952555673e+05 5.682785977506061317e+04 -3.723477255232879543e+04 1.025845527575877213e+03 1.409752744410783635e+05 1.026381412046951009e+05 1.205873104956819589e+03 -1.100631420144206459e+04 2.008147975374209864e+03 -5.913037358805485565e+04 -4.723609915800651834e+03
-8.938078472590010279e+03 1.674803153443961492e+04 2.577259345514184315e+04 6.204130987086093683e+02 -2.041145080376940314e+03 -7.526429311378217335e+02 -3.325617429365990574e+03 -5.014494353312602470e+02 -9.420871542005223773e+02 -8.868743544180431854e+03 1.807447056356401663e+04 5.865347947373136776e+03 3.454161900922599102e+02 5.018630621115248118e+02 -3.393753414771874759e+02 -7.475341839410944544e+01 -1.591518866622346877e+03 -5.303525108905420211e+02 8.304299549969866803e+02 -7.083348157696163980e+02
5.250006965375462642e+03 2.287729631487779261e+04 2.368869534261490116e+04 -4.409008224769791013e+03 -4.001854625660123475e+03 -5.102982456900645047e+02 -6.260132839054434589e+04 7.053878667797857815e+02 1.185822064538569521e+03 2.641598459345841093e+03 -4.135088497568943239e+03 4.351556596718994285e+01 3.434387226906928845e+02 1.816892525501368937e+03 -3.349317592289160643e+02 5.154042077690735823e+03 3.258580632584057639e+03 6.184182827935836713e+02 -1.171288110179552405e+03 -6.106601317681544288e+02
-2.542824873926889268e+04 5.264041157906039734e+04 -2.684496499681485602e+03 -9.911713269468196813e+03 -1.291142054770335790e+03 2.046894386377296655e+02 -9.121282368784019127e+03 -2.571337831550979445e+03 4.099903394175418043e+02 -2.708258186013585487e+02 2.818636672521115088e+03 2.741095534073119325e+03 1.865553763887060654e+02 1.661632164347806111e+03 -1.336039119188407312e+03 8.616156098399619623e+02 -6.013949130757688408e+02 -5.997501153025808662e+02 1.387412879279760318e+02 6.961154035191188996e+02
-1.611011649114116517e+04 1.156344744671072476e+04 1.573883681674665422e+04 5.844089188313694649e+03 2.323359685998669377e+01 1.650917267783829811e+04 -4.069901790475802954e+03 1.036528042166967680e+04 -3.732503453397876729e+04 1.406149692587714162e+04 1.716117464456626976e+03 -1.463227672067158210e+03 -5.607394662528333811e+02 -2.285596015304124376e+04 -2.648471317864618686e+04 -1.272839499655935924e+03 1.305152916366320824e+03 -5.648928353904715038e+01 3.850664711297870781e+03 4.157000003773740673e+02
-4.506457331328795590e+03 3.745903484528865192e+03 5.970757256995319949e+03 8.851444161293866273e+03 -1.818502352038005029e+03 -1.347239855168894110e+03 1.757936911702362067e+03 -8.778284652679814826e+03 -6.731823343456869679e+02 1.474806676200787024e+03 -2.023968916652276221e+03 -9.445981133308067967e+01 -2.738622821443470912e+01 -2.388876364444780620e+02 1.225919094881811731e+02 -2.226148032933406995e+01 6.655564596618619078e+01 1.599009510588331864e+02 -8.652292613706563884e+01 -1.122767339925051374e+03
-2.081303823523509709e+04 1.817157416201244996e+04 2.201060758109213566e+04 4.077177566681604367e+04 8.554490850500489614e+03 4.733763754826344666e+04 -3.403484791888219206e+03 4.652069384642330260e+04 -1.432079830899474618e+05 7.464975937167488155e+04 2.615881343345424830e+04 2.465849558045705635e+04 -3.992497341237764886e+03 -1.201239800959516870e+05 -1.277858689853067481e+05 1.798070703808469625e+04 -2.675841434647992719e+04 3.179403125142636418e+04 -8.951835829721749178e+04 -2.500594444517756074e+03
-3.592355178004559548e+03 1.529998271058857972e+04 2.231962436911688201e+04 -3.048198542269911741e+03 -9.897680656486010093e+02 -2.825673786376011094e+02 1.526239573520892918e+03 2.074912802458822625e+03 8.741706117322584078e+02 1.125379379193112982e+03 -2.811243650481637360e+03 -7.239333815361320603e+02 -5.247508405244566632e+00 7.731538292765822007e+02 -7.164399751565272254e+02 6.394185334965828105e+01 2.045263834689919236e+02 -7.017206391795425269e+00 1.143087958550622858e+02 8.267915648817388785e+01
-4.839840400668755319e+04 -1.513266195375624011e+04 6.408219579032250977e+02 -1.251725647349975816e+03 2.194166035563472121e+02 2.805219713514505315e+02 -9.250126502410317926e+02 2.884512938997518631e+03 -1.591349281771031929e+04 -2.506059589159484676e+04 -1.209161766511730639e+04 -3.701931948012017983e+03 1.061754268853506119e+03 5.791281251600209544e+03 3.362955267375227777e+03 4.700431689336658565e+03 9.601660253329037005e+02 -8.868034281148368336e+02 -4.769510833595015356e+03 2.737195772562338334e+02
-5.569963073253937182e+04 4.000524081454399857e+04 -3.540128080195652728e+04 3.386319163456542447e+04 -2.646326352393198704e+03 -2.978421476435594741e+03 -1.702351305725791235e+02 1.327873263919393503e+04 5.935383108813371109e+03 -3.183994423268693481e+03 6.244542103277305614e+03 -1.249485013510049248e+04 -9.808736907070555162e+02 3.113819815720318729e+03 -3.199804087729557978e+03 -1.210436065684011510e+03 2.932243729220827390e+03 -1.852565111011800127e+03 4.739180552032482865e+02 9.570104494953679932e+02
-1.137287743196547854e+04 8.725642301037241850e+03 1.254950096009080517e+04 3.280983164416996715e+03 -6.732929937941738672e+02 -1.530553271429256199e+02 1.306454436646103204e+03 3.909779376139203578e+03 3.648328797427641348e+02 -6.137022802428145951e+02 7.555470281063967377e+02 -5.699539986202381442e+03 -9.564527956062546536e+02 -1.447453189517880674e+04 1.230525743924795825e+04 3.378438196190033977e+03 -6.039616894676989887e+02 1.300188190761546991e+02 1.109210117136883582e+03 3.178879278386712599e+02
-9.045574359854303111e+03 2.509472781560665226e+03 6.052602049672834710e+02 8.564211321167176720e+03 -5.749691222825025534e+02 -1.042737895624301018e+03 -5.479558260491886585e+02 2.337874444150976615e+03 2.716819043223619701e+03 -5.838273971440329660e+03 9.895888114277093337e+03 -2.375673958914053947e+04 -4.361648984331932297e+03 -3.282483414749741769e+03 -9.360360308197105041e+02 -2.595746211705441965e+04 3.979367801747012709e+04 2.336766508746086038e+04 -3.981866910769649621e+03 -2.856470254596074483e+03
-3.946409018572933564e+04 3.949741316991805797e+04 -2.754339239703434214e+04 2.538682528310251655e+04 -1.981214928112541202e+03 -1.579879325588532765e+03 1.111556930067442636e+03 1.982929025236217785e+04 5.241547381557618337e+02 1.364912843446103125e+03 -5.836993887596543573e+03 2.995110252320278232e+04 7.763406553653136143e+03 9.126438047001533960e+02 9.841476789194621233e+03 -2.754377177569463129e+03 1.485678187706826748e+03 6.776513123649197951e+03 3.637086599462177219e+03 -1.236596644628231445e+02
-4.679770990793898818e+04 1.215091367005377469e+04 -1.520415546602802351e+04 1.343445135677665530e+04 4.547817147043622867e+02 -1.254920919419478338e+02 -8.076833067681865259e+02 1.634449518992396224e+04 -9.798865599246739293e+03 -1.063435613024535269e+04 -9.655854007901918521e+03 4.640001193447296828e+04 -3.351305652708171983e+05 1.387256927966909097e+04 9.702717371192869905e+03 -1.708779389661585810e+02 1.221205099208779575e+04 -3.601216893248256838e+03 1.025727638613317686e+04 9.702828519210299874e+02
-3.971708240823974484e+04 3.533652917567465192e+04 -2.242828961438010447e+04 -2.428646214063066054e+03 2.563585233510204034e+03 1.252662672263085369e+03 1.240140545929093150e+03 2.375429533712052034e+03 -3.136533762149155154e+04 -4.036546456543909881e+04 -1.588857407859168779e+04 -4.246445413232467217e+03 2.034225586482170002e+03 2.995402991846553050e+03 1.997082639995963518e+03 -1.477031149695435488e+03 -3.017593343290410303e+03 -3.330635728958187656e+02 -1.074014797539953861e+03 -1.884813603049393350e+03
-4.845906946254375362e+04 -1.541523263928261986e+04 9.509609509153960971e+01 -1.432757177856062754e+03 3.801053285195168741e+01 1.423862760549635880e+02 -7.656179131558952804e+02 1.711450747720085474e+03 3.726066103708630521e+02 -3.168971511066503695e+02 5.590461326870284893e+02 1.677205320035806437e+02 -4.113583385921820081e+02 3.642000702848860101e+02 -1.300889499116714489e+02 -2.734173624433973373e+02 2.944068136175727091e+02 -6.729576158142328950e+02 2.386357765459665075e+02 2.133452778161313836e+04
-3.937153958005670574e+04 9.400567375560969595e+03 2.847170868239002084e+04 -7.704187854615644937e+03 -4.774978464673319650e+03 6.019810164568498294e+02 -9.283654984462929133e+04 9.804378563949621821e+03 -1.180067871268931412e+04 -9.444628457886306933e+03 -3.087097540681488681e+04 -2.959314100704528391e+04 -1.036357618702884065e+04 -4.091347559392800031e+04 4.181658393500300735e+04 -5.402395853004804812e+05 -4.130519698641552241e+05 -2.224136468164363396e+04 -2.088010960122930919e+04 2.494672799212529208e+04
-2.905214177714181278e+04 3.647711192644031689e+04 -4.805401589503967443e+03 2.708769169249828337e+04 -2.255816110445147842e+03 5.418684417173906240e+02 3.418634036052370448e+03 4.230362476878252346e+04 -1.941224405224734801e+04 1.105918002719767856e+03 -3.515214185267611174e+04 1.362442687539173930e+05 2.920770436698220510e+04 -1.260042549086100553e+04 5.499840379461689008e+04 -5.283860204324864026e+04 6.635433276267275505e+04 2.698383581453350416e+04 4.413932260018877059e+03 -4.189794890513888276e+03
-1.565431860897010483e+04 1.021999815884061536e+04 1.179740651223026907e+04 2.346213713229607038e+03 -1.086107606658901659e+03 -5.599716063191061721e+02 -1.399614024867305307e+04 2.952116945742137432e+03 -1.992692129882280824e+03 -2.888164469709504374e+03 -7.301874075604535392e+03 -7.402089494802118679e+03 -1.869880277507742221e+03 -5.547891574685119849e+03 6.114283808092417530e+03 -3.519455290090428753e+04 -2.378787923844265970e+04 -1.162953781752269862e+02 -6.242019605014401122e+02 -2.981934544794703470e+02
-2.088088297848041111e+04 1.068365292447832144e+04 2.151535144673610193e+04 4.180413413471129616e+02 2.916003063296480832e+03 1.455295530744060488e+04 7.370927641115551978e+02 1.375106991375035432e+04 -3.199258083888542023e+04 1.975515013115508555e+04 -6.496264973005667116e+02 2.292588126497124904e+04 6.672893581838472528e+03 -3.006131521224333119e+04 1.143630818730350620e+04 -4.780862415811418032e+04 7.498424660888401559e+04 -1.137242872804932267e+05 -2.031996459666311785e+04 -1.414344207644727931e+03
-1.564355983570646094e+04 1.496367155917337186e+04 2.631165070204525182e+04 1.987639072310278061e+04 1.561801382140241330e+05 -4.760896366825928453e+03 -2.814447542370116480e+03 -2.035990779051772506e+03 2.210698847589649176e+03 7.355419693436567741e+01 1.551070557085980113e+02 2.806271999756808100e+02 2.147695056928539543e+02 5.361499959696120641e+02 3.263696444539818344e+02 6.141728302079204127e+01 -7.513263839520793397e+01 -6.962685523155779777e+01 -2.316930357851312579e+02 -9.199806952990886799e+00
-4.332376167140884354e+04 4.873417784566304908e+04 -1.491819379816078981e+04 1.183625997982947010e+05 3.774330498322490166e+04 3.272267325405126940e+03 -6.657788197464812583e+03 1.238686921783806029e+05 -1.073264803249460820e+05 -3.239254324847713360e+04 -1.485637644755731453e+05 4.946661070626931614e+05 -2.562450987102032639e+06 7.993945496745551645e+04 8.424003479697836156e+04 3.541244295918357238e+04 9.498511284400306977e+03 -2.362886442389662261e+04 3.937337699184878875e+04 -6.968172246985540551e+04
-2.442675588001432334e+04 4.538162831723940326e+04 -9.441352260245490470e+03 -8.959899583040736616e+03 -9.610629512834506727e+01 4.676006529239751899e+02 -8.945141278783580674e+02 -4.090741034031444769e+02 8.020537433015813349e+02 2.428640952822995587e+03 -3.121438428723150992e+03 -1.134534515108813082e+02 -1.286445729676400163e+01 7.283955555800004049e+02 -9.179829003106054870e+02 4.551260875465929416e+02 -3.493761060612666824e+02 -3.283080323774014460e+02 -7.082766724146560477e+01 3.647952992630847007e+02
-1.301009190191174821e+04 8.451922938373227225e+03 -5.350559842276790050e+02 4.529801647223306645e+04 -5.152896312861047591e+03 -3.645299184182052159e+03 -3.680514609242043207e+02 4.381996349898340668e+03 1.397875119371650271e+03 9.784164610495924990e+02 -2.475921394711220728e+03 -1.021071426563557679e+03 3.139305824236516287e+02 1.435444424943746526e+03 -1.427183092408542734e+03 2.187263194243178532e+03 -2.570152575511448049e+03 -1.194674860817571926e+03 -4.423624086101003741e+02 1.983443629431358204e+02
-7.192981951820223003e+03 1.670060329714207546e+04 2.599551046109496019e+04 1.336464522392806612e+04 7.382401571526008411e+03 1.386778536377016280e+05 1.149157479296770134e+03 1.056141953714920055e+04 -8.393689252980599122e+04 7.074216967113057035e+04 2.840228422645918545e+04 -3.021597797392802750e+04 8.200907059194507838e+02 7.427057635411131196e+04 7.274134804802970029e+04 8.900125531926868234e+02 1.079366809850047730e+03 -5.918550775528115992e+03 -9.420769621569517767e+03 9.106193435830131193e+02
-8.265620171630458572e+03 1.212327105238336662e+04 1.945563552167483431e+04 6.766479024646455400e+02 -9.838074006835528280e+02 -4.176705536503575900e+02 1.470027520585494585e+03 2.022381869840215359e+03 -4.758601676828647555e+02 -5.677623550700778651e+03 1.122353430495769499e+04 2.783140815337715594e+03 1.451205994498194798e+02 -4.465627521548491927e+02 6.160212781461899567e+01 -4.127487523521542130e+02 -1.352494748086470054e+03 -2.601663297387647162e+02 5.568318310493780245e+02 -1.061378238209934580e+03
-2.079872154026664066e+04 2.301262177311371488e+04 2.781233708410477993e+04 5.280752192131114862e+04 1.898121831730266422e+04 3.945801167727387510e+05 -8.629316190962386827e+03 4.870682226124389854e+04 -4.489198651543679298e+05 2.664641288210290950e+05 1.004053454014450544e+05 -1.278585670325097308e+05 8.105133357099221939e+03 2.505880785946081160e+05 1.227242857358850306e+05 -2.785124923055542240e+04 2.327273734393592531e+04 6.953022560114209773e+04 5.475016851465109503e+05 2.539773012891562030e+04
-4.671644323815371172e+04 -8.833421144162351993e+03 -1.316056677328759406e+03 2.173438275559758767e+04 -2.098462895800227670e+03 -2.010084638459700500e+03 -3.622622482187003243e+03 1.541245215691823978e+04 5.479739826316340441e+03 -2.392003593591393837e+03 2.052666039841050861e+03 -2.516322868954957357e+03 3.772502049914236977e+03 5.133511418345481616e+03 1.713029432046041165e+03 1.643663608952853610e+04 -2.328164593565207906e+04 -5.591206601450366725e+04 4.843004162574758084e+04 -1.023217144902201107e+04
-3.770983126473466837e+04 5.487385780222576614e+03 1.397230955163091676e+04 2.078126879706950422e+04 7.888132223667610560e+03 5.041418500662119914e+04 -7.442846384545428009e+02 4.519229222614926402e+04 -1.758634299516984902e+05 8.380269460526382318e+04 2.220801421463676525e+04 2.007865925857896218e+04 1.205491776937907707e+04 -3.255078927226952510e+05 -2.339856602635043964e+05 -4.201601559623531066e+05 7.102285857723297086e+05 -2.104463607909047045e+06 -2.177633794808288221e+05 5.090580878107423814e+03
-1.088619993337641972e+04 1.317526386142096999e+04 2.117236603755645046e+04 4.041711014244255693e+03 -5.259441840792404719e+02 6.075108892591435506e+03 3.246665308080390787e+03 1.386471470263610718e+04 -1.657775357397400512e+04 1.271832615328547217e+04 8.999109552614088898e+03 -3.711002903894226620e+04 -5.679937055062569925e+03 -1.089361498368091707e+05 1.247252232001722878e+05 5.592142791276628850e+04 -1.657627994533283345e+04 7.314047632459643864e+03 -4.732871350326958236e+03 1.832988135824754863e+04
-2.142296379749858534e+04 1.041763452194973070e+04 2.081903354883680731e+04 9.463889251301741297e+02 -2.021471384070287627e+02 3.780841407464975418e+03 1.269368186513014962e+03 1.459802745676941049e+04 -2.806640317478587167e+04 5.089625832834615721e+03 6.098118569305655910e+03 2.280313857896737682e+04 2.641740493399207026e+03 -6.858081959790144174e+04 -6.816523213534759634e+03 -2.935391458730934028e+04 2.976369592426181043e+04 8.545975715258411947e+04 2.587739757612833346e+05 1.352833369631474909e+02
2.482112905521747962e+03 8.119498826715995165e+03 9.776400378202573847e+03 4.704665465013521839e+02 -1.810911769590054746e+03 -5.368280281228106787e+02 -3.554086161999400065e+04 5.630585668982705556e+02 1.049560719271682956e+03 1.995712395990923369e+03 -3.460740399385105320e+03 -1.359492217281868534e+03 8.582938456913468883e+01 8.184748732860402924e+02 1.228448122752767375e+02 4.192252486674053216e+03 3.691938064323314393e+03 8.925955811959512403e+02 -9.601159661084171830e+02 -1.271099412144727467e+03
-2.643763552898166745e+04 3.733526593055090052e+04 6.763889405942482699e+04 1.420863090887261205e+05 4.313969502724552149e+04 1.271015833814267302e+06 -1.308669935687625548e+04 9.499174306960003742e+04 -1.141569845409028232e+06 9.370813689726606244e+05 4.408323173746695393e+05 -4.719446091059840401e+05 1.800154699702349899e+04 1.400029016413799254e+06 1.067892005748613970e+06 -4.399176234783912514e+04 -1.709472291622325429e+04 1.811669281306827033e+05 1.144675960023254156e+06 7.039145206546309055e+04
-2.647604749269227977e+04 2.052176359797573969e+04 3.646002705813210923e+04 7.187247277475720330e+04 1.068192032570296396e+04 5.858259423451467883e+05 -4.089631686299951070e+03 2.679836160708583702e+04 -2.232453990653316141e+05 1.717380581307375396e+05 7.223939720190249500e+04 -4.966192530365566927e+04 3.371237062431846880e+03 1.394822192755158467e+05 1.113181536062293599e+05 -1.688582086198205798e+04 1.975389653463882860e+04 -3.672507564949153311e+04 -1.779988420086623955e+04 -3.451626225164970947e+02
-1.335784412477532533e+04 5.392653224570921338e+03 2.971616937562581370e+03 1.905387220489508400e+04 -2.967550780421678155e+03 -2.583561633666754460e+03 7.440411009900009276e+02 -2.025390919334139107e+04 -1.802770929451634174e+03 4.385586316204738068e+03 -5.493329614280697569e+03 -1.757388606066574766e+03 4.256477700449544841e+02 -5.472627718535205531e+03 5.260608814052413436e+03 2.075946158333256335e+03 -5.314070374452279793e+03 -3.959156515725744612e+03 6.026868224275362991e+03 -8.006412039263303450e+04
-4.589368464421357930e+04 -1.203300022316408649e+04 6.078931012906598880e+03 6.449570804826877975e+03 6.258107180087363668e+04 -1.690336489392045905e+03 -2.466131763986879832e+03 -5.761857160954552910e+02 2.130652173283454687e+01 -9.065215702016051864e+02 -4.412910171075057519e+02 3.337734950169694343e+02 -1.240196484897655580e+02 5.811739553175123092e+02 -3.358678130788852627e+02 1.142204032571900143e+02 8.788563715340114868e+01 3.897369094780199106e+01 5.515875041685843598e+02 4.181866744270756726e+02
-4.142454675950141245e+04 3.523850570149485429e+04 -2.515506530893176387e+04 -4.466433699781152427e+03 3.209028064838178125e+03 1.699567357136364990e+03 1.763476369302904004e+03 4.092785316881571816e+03 -4.750326482840349490e+04 -6.440203181907714315e+04 -2.928720186911207929e+04 -7.725173647918447386e+03 3.226093495274218640e+03 8.890972319773058189e+03 5.042511881140104379e+03 6.726269444693120931e+03 6.023368736693599885e+02 -1.096511664455956407e+03 -5.759330611979780770e+03 -1.424599122030882427e+03
-2.443590508729571957e+04 2.764562726016920715e+04 2.953061650322810692e+03 9.597311744516850013e+03 3.004366270549217370e+04 4.931213160487252026e+04 -4.474619833935869792e+03 1.760546573858970078e+04 -1.317436623304991808e+05 1.264038194269636188e+04 -6.904044458360222961e+03 -1.290499164065212608e+04 3.606470608988413915e+03 -4.535831515630902868e+04 -8.219663332260423340e+04 -1.075803447216089262e+04 1.508936140102590616e+04 2.418885408591650776e+04 1.976546505590378656e+05 5.946790384541275671e+03
-2.133098202691554980e+04 1.441117830427663284e+04 1.492007822981603567e+04 1.109394676046165478e+04 -1.938635113658920318e+03 -1.422242986885158643e+03 -5.281583737145670057e+02 5.607723289251113783e+03 1.429943508665571244e+03 -8.307765339798201239e+03 1.599508298963705056e+04 -2.453795545806619430e+03 -6.030514063239911593e+02 5.845940781905339918e+02 -9.930561137759384565e+02 -1.929878837678892069e+03 1.554203848249083421e+03 -2.905613989234965970e+02 7.319433562179521005e+02 -5.791799894655118806e+02
2.104609061620809371e+04 -3.115647441133295160e+03 -3.426349532366362837e+03 -4.381376549674557168e+02 1.656677823019897744e+02 9.730188365486613122e+01 -9.638663231053665470e+01 2.185290024726315323e+02 5.445381063419663548e+00 -4.553283564145320383e+01 1.157729594809808162e+02 4.072420388671960723e+01 4.003521773853732313e+00 9.277057831110242958e+00 -9.129484665743515137e+00 9.268289829782439426e+00 -3.383517166620483607e+01 -2.577970538882457063e+01 5.121006698204261909e+00 2.362578831289312120e+00
-4.143194439734111074e+04 4.484228981908001879e+04 -2.858539044520583775e+04 7.259260333068376349e+04 -7.064001523544519841e+03 2.771969462974639100e+02 7.208525684075864319e+02 3.906729044659725332e+04 -5.385709631857901513e+03 1.048470285050104212e+04 -1.759744032777686880e+04 5.207129716938638740e+04 6.499521134707255442e+03 8.182937939878567022e+02 4.915421920691188461e+03 2.402189762005840294e+03 -5.040236734664472351e+03 1.307832762866300436e+04 -4.256148820583466659e+03 9.697312495868145561e+02
-4.170324232268446212e+04 3.592800288983647624e+04 -2.631111025582168440e+04 -5.215194680268989032e+03 9.961860748760462911e+02 5.561228440108310451e+02 1.341938083209331353e+03 -4.304916567621631884e+02 4.213094467389594229e+02 1.276632886864747860e+02 1.716021576201648713e+03 -2.214880664581807252e+02 -6.278360627224361679e+02 -2.600806059232396592e+02 -5.757933517513070143e+01 -2.423856012809914944e+02 -3.644378215321172831e+01 -8.380023343760742591e+02 1.149647840141556259e+02 2.120631091592619850e+04
-2.355501195781554634e+04 2.426984973255989826e+04 3.045530167303907729e+04 5.912451571240432531e+04 8.350890648660182705e+03 8.631646067246637540e+04 -1.990197281742229734e+03 7.837111987679245067e+04 -2.531767388323281775e+05 1.347787085001167434e+05 5.998019736836874654e+04 4.462488080936217739e+04 -7.427769283151555101e+03 -2.174164048649182951e+05 -2.326986299964478821e+05 3.998201027050675475e+04 -6.119156957917978434e+04 7.300509332303369592e+04 -1.949312601985632209e+05 -7.287238835909098270e+03
-6.118336392702911326e+03 1.452206687512630197e+04 2.340050961585958430e+04 1.199350341036896225e+03 -1.123241511912966871e+03 2.269370024592396658e+04 5.795489780464055002e+03 3.888810507206580041e+03 -1.023432068559430445e+04 6.493218951238087357e+03 1.208137926587759466e+04 -1.161099909373803030e+03 -9.477187574415289362e+01 8.841339043272519120e+03 3.430627229176385754e+03 2.299591145979504290e+03 -5.724401449383263753e+03 5.060910923070790886e+03 -2.027118132546699781e+04 -2.315717861225050001e+03
-3.974917303996800911e+04 2.992474114119260776e+04 7.071599825384917494e+04 2.119786576615697704e+05 2.921329843516815163e+04 2.260459814969441388e+06 -1.914860276708381571e+04 -1.197141876558182703e+05 3.777748173153723474e+05 -2.296517968083749874e+05 -1.297108764629842626e+05 6.304044928217919369e+04 5.534690031535938942e+03 -1.422523746465898002e+05 -6.509183787714028585e+04 -5.075145329514676996e+04 9.022648044844013930e+04 -1.260102463768135494e+05 5.543411406090674427e+04 7.031130045779574175e+03
-4.602943147526719986e+04 -1.264689863789240735e+04 3.977983541881246310e+03 -4.699698354103414744e+01 -4.530022228453654520e+02 -1.513452401315360021e+02 -8.306502588745566754e+03 2.768450996686508006e+03 -2.053515310426852466e+03 -3.485854513877725822e+03 -5.982718044148910849e+03 -6.529510876289482439e+03 -1.815652155286429206e+03 -4.565033017427119375e+03 5.397040189435900174e+03 -3.505207940036319633e+04 -2.350753317250121108e+04 -1.858441280671967775e+02 -7.520672148716732863e+02 2.543486747477951724e+02
-4.627611053621041356e+04 6.034906654102262110e+04 -8.473186873001797721e+03 2.071027740327303036e+03 -3.073974527378353287e+03 -3.823010655410377581e+02 -4.235875991717353463e+04 7.332694958498138476e+03 2.269344298109327610e+03 4.600853766221660408e+03 -8.617511950694251937e+03 -3.520539561755171235e+03 1.466209005714715374e+02 5.374697118270024703e+02 -8.273402268689739003e+01 1.552184565449343154e+03 -1.512079431442526129e+03 -1.542763234967718745e+03 3.912456976431406588e+02 1.929522496039055795e+03
-2.453340647162983078e+04 2.093528009654025664e+04 1.339697096900659562e+04 1.997278552490017682e+04 2.862132605202224659e+04 9.998743405498290667e+04 -1.141999423645484239e+04 3.904002428589830379e+04 -2.824680275750337169e+05 6.014582465393339953e+04 -1.683021594226319621e+03 -2.891580732584936413e+04 7.332104679214459793e+03 -1.159198967148184311e+05 -2.037860121113154746e+05 -3.073938334448897149e+04 4.008887959805417631e+04 7.660734933240659302e+04 5.481649308738666587e+05 1.702128795896156953e+04
-2.526453035560741409e+04 4.444472669138551282e+04 7.377008612880375586e+04 1.667412331157379376e+05 1.493705606932060618e+04 1.466414314343673410e+06 -2.802717923809583226e+03 -2.346521660321276795e+04 -9.237804425527285275e+03 3.232638898700807113e+04 2.991672128163318848e+04 -1.749737816649088927e+04 4.957015334456363576e+02 9.101359860904086963e+04 5.358278815693397337e+04 5.187350187974319851e+03 -1.797233859911886975e+04 1.889587042832405132e+04 -4.458338193041580962e+04 -5.903833228715079713e+03
-4.230074632648596162e+04 3.173283367173568331e+04 -1.181595865101451818e+04 7.022798172212296049e+04 3.528531896716216579e+03 7.898680008489934153e+03 -5.763680276387690355e+03 7.020235113786105649e+04 -8.040181862613800331e+04 -3.238103336256204420e+04 -8.247568561438926554e+04 2.313521132912283356e+05 -1.214324406624735100e+06 3.285774123662659258e+04 3.262960412621330761e+04 7.592509437942585464e+03 -2.003601040810386849e+03 -9.984261045926943552e+03 1.619860374059043897e+04 -3.105760709461279839e+04
-8.189547113547307163e+03 2.405318443071909132e+04 1.731936649568187568e+04 -4.544676751040291492e+03 -8.421768585059858196e+02 -1.088743173468746335e+02 -2.017036036058770833e+03 2.165735613934851244e+03 8.152924684666502344e+02 1.495537229533295658e+03 -3.405519164670525697e+03 -2.333244130361742634e+02 1.201688076086859525e+02 8.361007615716220016e+02 -6.177730402142494768e+02 1.459065294470542540e+02 1.448842030298169732e+02 8.164644121713764946e+01 5.353661432341760218e+01 1.010968805192411963e+02
-4.604627741940413398e+04 -1.259906075228155714e+04 4.576054832466072185e+03 1.937791861520115162e+03 4.289908033490659705e+02 1.602205318481283030e+04 -3.010843108189031682e+03 8.336419234093518753e+03 -3.707189018879443756e+04 1.345619431214451288e+04 2.521004675497531935e+03 -1.771540826357301512e+03 -5.522307809826711491e+02 -2.169653438903723872e+04 -2.672028257042165205e+04 -1.423384993807663477e+03 1.885098753698848441e+03 -5.605461733229213905e+02 4.342865661380819802e+03 9.581481931211824303e+02
-1.917484449810871956e+04 1.307979155925400119e+04 1.449682393928639976e+04 4.445719352013353273e+03 -1.222014616481794292e+03 -7.600101101682918170e+02 -1.133660139282671844e+04 7.234721926200228154e+03 2.692718911223603300e+03 -1.041292809943103521e+03 -1.036274358962928318e+03 -1.474236904097243860e+04 -1.730694208563645589e+03 -3.331465907085364506e+03 1.281690740210417289e+03 -9.206069335435808171e+03 1.339589658024218625e+04 5.469544533805567880e+03 1.883051171994743981e+03 -5.795088930043441451e+02
-4.097237021177164024e+03 1.766022306313698937e+04 2.545681249957589171e+04 -2.974925441705372577e+03 -1.521196482765438759e+03 -4.716043809298116116e+02 -1.113128509484033657e+03 5.525926308131899987e+02 5.797285348414645796e+02 -7.295943751268432607e+02 1.182218582080655779e+03 1.073268383586702612e+03 1.124322937946042913e+02 1.331076751367748557e+03 -9.594040383800879681e+02 2.684597265436087810e+02 5.995579222412680309e+01 -1.635853311094409435e+02 2.702784999526080583e+02 3.023881955909349131e+02
-6.743691000363694002e+03 6.622226090557698626e+03 9.090621857233853007e+03 1.655737255543889114e+04 -2.820849385761128360e+03 -2.434181614667528265e+03 5.426943506471094452e+02 -2.034061585814630962e+04 -3.210237947421941499e+03 2.418276832009571990e+03 -6.023618920844598506e+03 -3.890708116254078050e+03 -5.607669381616118471e+02 -7.501084500095665135e+03 6.005133077933371169e+03 -3.651092261068386506e+03 1.992200920820348301e+03 3.589926442423582102e+03 1.019163635163700860e+03 -1.181608489145227213e+04
-1.584589566124097109e+04 1.072912999434850826e+04 -1.778350245185720723e+03 6.455225973527043243e+04 -7.182821314016578981e+03 -3.175201910511422739e+03 -6.387144345516878730e+02 1.226870602745269935e+04 -2.627376457090834947e+02 3.956946103676033999e+03 -6.115760972267869874e+03 5.710792737450844470e+03 -3.037102979374166125e+02 1.639136975629336121e+03 -3.485676371394476519e+03 3.721304788127593383e+03 -4.346917436538185939e+03 9.840060955622334404e+02 -3.316136719541544153e+03 5.897698840044970439e+02
-3.885754238286243344e+04 3.844015346544403292e+04 -1.820402894868576914e+04 3.710542575426932217e+03 6.524432475835753576e+04 -3.876395604497004115e+02 -1.671777369203817216e+03 1.056917082525432761e+03 -3.129947152805522637e+04 -4.010621162932413426e+04 -1.809691994047061235e+04 -3.857216842723535137e+03 2.063647862063735829e+03 3.857529202163734226e+03 1.467494285133613403e+03 2.206912003982021361e+03 -3.207175426645682705e+02 -2.984997100814320561e+02 -3.287676974585270955e+02 -1.296538244802725330e+03
-9.901165984692444908e+03 1.179700474990350449e+04 1.781997850491767531e+04 1.698604273396318604e+03 -7.171405281180557267e+02 1.810094031305948192e+02 4.900213014701352563e+02 4.422850103716416015e+03 2.475362861802327075e+02 -4.654451336178992165e+02 5.965662307120334162e+02 -5.037226701384686748e+03 -8.841251665602171670e+02 -1.476277897907814440e+04 1.216689425643342656e+04 3.712199202126349974e+03 -9.589214727401517848e+02 9.186913745879041926e+01 1.045543198702263453e+03 2.886488392185247562e+02
-6.005156837329992413e+04 7.906741850279370738e+03 -1.879367584223698941e+04 3.459020369646137988e+04 -3.038357051855656209e+03 -3.081522290540498034e+03 -1.448454864282333801e+03 1.421586333645407649e+04 5.429041732896128451e+03 -3.840472916284798885e+03 5.382827677047272118e+03 -1.182618718160866956e+04 -7.794495501660499031e+02 3.367924802843273483e+03 -2.963806241304830564e+03 -1.365570612016430459e+03 3.314603678862598827e+03 -1.564134691716316411e+03 5.999078271388387975e+02 1.010590089960020691e+03
-1.454978929363532188e+04 1.402198743563992321e+04 1.395521935019735247e+04 -5.374766813211513181e+02 -2.347621876936388503e+02 1.534180454946833834e+02 -5.972627377617016464e+03 4.414896652961585460e+03 -1.349676106027909555e+04 -1.851165414410600715e+04 -1.196194753778489576e+04 -6.552156375938877318e+03 7.520524289732288707e+02 2.909429358075277833e+03 4.912464267894796649e+03 1.403977284088186934e+03 1.882967318866007417e+03 -7.192909015055587361e+02 -5.532920823000041537e+02 -3.978719452271324371e+03
-2.254427895491369782e+04 8.431820940249210253e+03 -4.395356062060752265e+03 4.595550608295920392e+04 -4.965456395390635407e+03 -4.194085819298161368e+03 -7.564958850908348040e+02 5.524939987790990926e+03 3.318464778334285256e+03 -1.421177381611612873e+03 1.450673253433787522e+03 -8.388335038359269674e+03 -6.108360700039163476e+02 2.072666150501136144e+03 -2.183448033458536429e+03 -2.671794731483076362e+02 1.449636253615726218e+03 -1.031061844433304032e+03 -1.149235815102236842e+02 4.404304657493335640e+02
8.881493911691654830e+02 6.792593190558804054e+03 1.058132511779645756e+04 1.422382150289726633e+04 -3.238127410956012227e+03 -2.383677687451415750e+03 3.911742971822964137e+02 -2.403718486639268303e+04 -3.793326291363123801e+03 8.721487856434697505e+02 -1.717897828263032125e+03 2.318786090226135457e+03 -8.681491723244111114e+00 -1.015580837152365461e+03 1.240696886214833057e+03 -9.313958041048338146e+02 1.247300891412737428e+03 2.593778788210433390e+02 1.011796129180516886e+02 3.181409101300667771e+03
-5.546119298651985446e+04 3.804472669580615911e+04 -3.275563738231144453e+04 1.625516144212416111e+04 -7.987058034341428083e+02 -1.416083918428052584e+03 9.379621780746410309e+01 7.096371587050633934e+03 4.055630058253591869e+03 -2.334524437464613129e+03 6.265412748652393020e+03 -9.276827293513177210e+03 -1.143420311903015772e+03 1.063000791825436181e+03 -1.496643316399691685e+03 -2.072633125466175443e+03 3.644683421991551768e+03 -7.076062114956390587e+02 6.102212604987062150e+02 1.081607420375244999e+02
-3.802482532956184059e+03 1.317651049700118165e+04 2.000428171404898603e+04 -2.463364294674086523e+03 -8.537782972822022884e+02 -2.918055737767946312e+02 3.082245607241488415e+03 1.390593256912287416e+03 7.183228935055021793e+02 7.748841827689088859e+02 -2.057971926462894771e+03 -4.703999039625455225e+02 6.001585167860059578e+00 9.367055057924452512e+02 -8.009419270050437945e+02 2.564930858990340568e+01 2.049317071414101861e+02 4.154540814425201489e+01 2.839876443088742164e+01 1.099671725846398829e+02
9.709560466003180409e+03 2.106159432884660418e+03 2.902983894743330438e+03 6.397271197084322694e+02 -1.689093222939019654e+02 -1.548644135807156204e+02 -1.209578406546383576e+03 9.040632908715204508e+01 -1.763651772939270890e+00 4.705725822715049134e+00 -1.648373525462612292e+02 -1.892525062646262768e+02 -1.623689495292646967e+01 -5.843497662353231590e+02 4.289735954644795015e+02 -1.517656052597385781e+02 1.112976289018704961e+02 1.544333566434343368e+02 2.286998702750346695e+02 -5.422628669024165902e+02
-1.796564183407655582e+04 1.416536463670041485e+04 9.573164648238634982e+03 5.271567534849915319e+03 -5.911500651686018273e+02 1.008822259990533894e+02 3.239996251780797593e+03 6.674103169258970411e+03 -1.769927287507920482e+03 1.205961761533652862e+03 1.323473009105641268e+03 1.499482221025775175e+02 -2.443610763422934542e+04 -2.893628392368378172e+03 1.219406926536243554e+04 -1.700304116570880797e+04 2.419280560340997545e+04 -5.141848025089805742e+04 -7.727279143571267923e+03 -1.330974776082315657e+04
-2.493184232589157909e+04 4.975505041625932063e+04 -8.776578826172237314e+03 -1.028569379443139951e+04 -3.573822052487545307e+02 5.663762194550154163e+02 -6.540265540314622740e+03 1.717720822279858908e+02 9.439281811691680559e+02 3.160211494282156764e+03 -4.492408332434031763e+03 -4.545563011048602675e+02 -9.585306424159899308e+00 7.436963228673937465e+02 -9.340287510385322776e+02 5.747287354049576606e+02 -3.734037323589810171e+02 -3.452869259946052125e+02 -1.539979545909173169e+02 3.360055230688942061e+02
-3.885188543786622176e+04 3.614554735393063311e+04 -1.928431437533532517e+04 -1.280410324934097446e+02 3.362278403425074885e+03 1.755579447067759247e+04 -2.080799369136945643e+03 1.022364857648574980e+04 -6.862281947477857466e+04 -2.563567161726557606e+04 -1.514341436542061820e+04 -5.569973965455727011e+03 1.649428191045172753e+03 -1.870035693211021498e+04 -2.507868034628783062e+04 7.861500935109968395e+02 1.263293472028774886e+03 -7.942321736600965778e+02 3.267838858233412793e+03 -7.707681745238853637e+02
