-4.260917692178471043e+04 3.583847917768632033e+04 -2.622746435512907919e+04 -5.116352699861323345e+03 9.131633115401070881e+02 4.989458666009964531e+02 1.728203491519383306e+03 -2.218188706391759752e+03 3.045097054992895096e+02 8.542148623848898978e+02 1.106547236058142516e+03 -7.807876723426963395e+01 -1.468686851604936976e+02 -5.320553789895971022e+02 1.049387011734835795e+01 1.453178545522193303e+02 -3.407756274778932379e+02 -7.140439827958149976e+01 -1.418507791904333715e+02 -7.904602579596238456e+02
2.099516953713400653e+04 -3.093364704694577995e+03 -3.395692535204427259e+03 -4.312914836620520873e+02 1.632688026197753288e+02 9.576812257691354091e+01 -9.449600280651340256e+01 2.137859068282538146e+02 5.141685828031420158e+00 -4.420235061702754109e+01 1.123771369403966247e+02 4.006630320107284859e+01 4.025076644560062533e+00 8.525736949665251529e+00 -8.427321812719334559e+00 8.718392554902450797e+00 -3.282690032475997555e+01 -2.476360741192647552e+01 5.119356131717524683e+00 1.808562464475250264e+00
-4.937436794480635581e+04 -1.552693004182296863e+04 1.429171102151694868e+02 -1.206170257226665854e+03 -5.596121932834567048e+01 7.454765285873763503e+01 -3.968483065668937115e+02 -4.309849629902060997e+00 2.794592319419160162e+02 3.841268738092000490e+02 -7.032768072979257212e+00 2.593541786995670577e+02 5.507947543916946387e+01 9.356699419327881628e+01 -6.267319030214886055e+01 1.085637538256378036e+02 5.747928943941862379e+00 9.159481776473556636e+01 -1.202387676127346516e+01 -6.522732150103696540e+02
-8.265435540947186382e+03 1.212125472128994988e+04 1.945171371675012779e+04 6.767398919526476675e+02 -9.828183513749912663e+02 -4.173775553423939755e+02 1.473517627991481504e+03 2.026688724585070077e+03 -4.748936892131845866e+02 -5.672928776045979248e+03 1.121346502416026487e+04 2.779756420987272122e+03 1.450692758367972885e+02 -4.475259763565194930e+02 6.214854216202331116e+01 -4.130082950211711363e+02 -1.352097391484021273e+03 -2.599078946673873816e+02 5.567761789620952868e+02 -1.061626920596124819e+03
-2.252052263917602613e+04 8.376649170352773581e+03 -4.435645929738864652e+03 4.571793747335133958e+04 -4.940142866001006041e+03 -4.214177027344388989e+03 -7.600968797405413397e+02 5.371856071304878242e+03 3.357786988943465985e+03 -1.481447346300281424e+03 1.524876281273391442e+03 -8.553040311482371180e+03 -6.045398163147648347e+02 2.076922013400594551e+03 -2.155378862461218887e+03 -3.051613479785033860e+02 1.500856617453185208e+03 -1.070504899297938437e+03 -6.442901282828505316e+01 4.355375653418851698e+02
-1.618038646031573626e+04 1.786054183565923086e+04 3.434756825287894026e+04 3.065946711427194896e+04 2.564064080203492776e+05 -6.826301691690198822e+03 -5.191576703119841113e+03 -4.907672312125116150e+03 3.368259599152956071e+03 2.642670408754950586e+03 7.485958612369164484e+02 1.344000801592453172e+03 7.474131624353922234e+02 1.268421288116970800e+03 1.435111091525027405e+02 5.055913994151076736e+02 -6.117895667600616889e+02 2.114567217726134061e+02 -2.083527464022072763e+03 1.536533107106747593e+02
-2.436483802557143645e+04 3.267222865612318128e+04 5.467944334848032304e+04 1.238246704467444943e+05 1.038165300575338188e+04 1.018446762935484410e+06 2.280250249014074143e+03 2.519107005407495762e+03 -1.155913174114106514e+05 1.060326528952555527e+05 5.682785977506061317e+04 -3.723477255232879543e+04 1.025845527575877213e+03 1.409752744410783635e+05 1.026381412046951009e+05 1.205873104956819816e+03 -1.100631420144206277e+04 2.008147975374210318e+03 -5.913037358805486292e+04 -4.723609915800651834e+03
-4.215695164341910640e+03 3.742754496009835293e+03 6.105842011141401599e+03 8.707240364609458993e+03 -1.813122282048541592e+03 -1.334616010157478968e+03 1.771474415464390631e+03 -8.849690728589504943e+03 -7.094743200210899658e+02 1.517393764248028674e+03 -2.101193296470607947e+03 3.089881338636051211e+01 -7.225806529377352128e+00 -2.523696834173646550e+02 1.438211642740028253e+02 1.833430221250918635e+01 -2.847268484124757304e+00 1.550058905654909438e+02 -8.334973038506488763e+01 -1.131913246432153528e+03
-3.390361032988087391e+04 7.461490853905177210e+04 1.565464070198635163e+05 6.688038500037605409e+05 9.269461209923577553e+04 7.429178814210163429e+06 -7.226347487304396054e+04 -6.452495208701075753e+05 2.697222315995696001e+06 -1.839428319571936736e+06 -9.099011106334049255e+05 4.952719504703676794e+05 -1.449154183666315657e+04 -1.352397542225514771e+06 -1.006791201424730825e+06 1.677897437323605482e+04 5.029670213864884863e+04 3.157114726211919697e+04 3.748489633779013529e+05 3.634773474928404903e+04
-3.600342347593579234e+03 1.449504702933723638e+04 2.144171249281292694e+04 -2.863609154324059546e+03 -9.054827118453617913e+02 -2.757725133738616137e+02 2.292597540279226450e+03 1.951873881872711763e+03 8.431792556745301681e+02 1.112867961137546445e+03 -2.789765972554797827e+03 -7.421706380024070313e+02 -8.525379139434594578e+00 7.878198577085354373e+02 -7.265526751515000115e+02 3.896018439173921877e+01 2.130165194423600212e+02 1.550005226450160478e+01 8.430085694982120970e+01 7.909837812192864703e+01
5.654558800656658605e+03 2.188796923693572535e+04 2.375408649046720893e+04 -3.797569315353583534e+03 -3.952946242672285734e+03 -6.177742088665505662e+02 -5.883572203508040548e+04 -2.206413147451386294e+02 9.707251023169576456e+02 1.421518617097814740e+03 -1.684634932475775713e+03 1.018666454013678958e+03 3.900034633902546375e+02 1.986440639617120951e+03 -3.944735756186127560e+02 5.147319011718594084e+03 3.207038508292052484e+03 5.529618309388316675e+02 -1.023001093249091468e+03 -5.117747728916201595e+02
-3.901546349483964150e+04 3.649761153043038939e+04 -2.490227660913880391e+04 1.584418354861360058e+04 -7.974038493896255204e+02 -7.954653307598716765e+02 1.368992164761153617e+03 1.679060597352038894e+04 -5.497118488288559774e+02 1.127014193446658965e+03 -5.797505692621009985e+03 3.051282726936099061e+04 7.476073375849877266e+03 2.362282749396319161e+02 1.036902576572830549e+04 -3.475384598471141089e+03 2.380001424386539384e+03 7.409243856525019510e+03 3.424500099591191429e+03 5.363425586001875445e+02
-2.440441298443541746e+04 4.517658953980138176e+04 -9.417703851923659386e+03 -8.897194734403719849e+03 -9.148290550944977895e+01 4.628984046929363103e+02 -7.653730989868612369e+02 -4.208566545640562708e+02 7.980201846929658132e+02 2.405598064742715906e+03 -3.078553493765313760e+03 -1.072716619122229673e+02 -1.572196060306703203e+01 7.259446984320960610e+02 -9.142592149297075821e+02 4.492056057719007640e+02 -3.454257555095196039e+02 -3.334074013457524757e+02 -7.014220126735776262e+01 3.632280289348877886e+02
-1.046781428761350071e+04 1.058447004799092792e+04 1.574869770298181720e+04 2.310782149931001641e+03 -6.994358857709407857e+02 5.023836388672275177e+01 8.139601348624947832e+02 4.215982604593883480e+03 2.913367101703870503e+02 -5.215200031987724287e+02 6.554790821230559459e+02 -5.291660484131853991e+03 -9.114080175373570682e+02 -1.465091634418460308e+04 1.222330546269927072e+04 3.583524336811312423e+03 -8.231021576579006478e+02 1.061554294183694651e+02 1.069559535146546068e+03 3.011371194044667732e+02
-4.770697301413097193e+03 1.137256051708539053e+04 1.566696447357056240e+04 1.546319900124158448e+04 -4.012917541368121420e+03 -2.721445653873734500e+03 -4.239610787603493918e+03 -2.491488487522576179e+04 -3.957984340248609897e+03 -1.416992344468736064e+03 3.072201264393623660e+03 3.906690530671325178e+03 8.389255661807047204e+01 -7.145988767326465450e+02 1.190568186128921525e+03 -7.996254773120366508e+02 1.168109094497164733e+03 5.985225565553712812e+01 3.883112835775540930e+02 3.354896144894186364e+03
-9.045574359854299473e+03 2.509472781560665226e+03 6.052602049672834710e+02 8.564211321167171263e+03 -5.749691222825024397e+02 -1.042737895624301473e+03 -5.479558260491886585e+02 2.337874444150977070e+03 2.716819043223619246e+03 -5.838273971440328751e+03 9.895888114277093337e+03 -2.375673958914054310e+04 -4.361648984331934116e+03 -3.282483414749741769e+03 -9.360360308197105041e+02 -2.595746211705441965e+04 3.979367801747012709e+04 2.336766508746085674e+04 -3.981866910769650531e+03 -2.856470254596074028e+03
-5.569963073253937182e+04 4.000524081454399857e+04 -3.540128080195652728e+04 3.386319163456542447e+04 -2.646326352393198704e+03 -2.978421476435593831e+03 -1.702351305725791235e+02 1.327873263919393503e+04 5.935383108813371109e+03 -3.183994423268694391e+03 6.244542103277305614e+03 -1.249485013510049248e+04 -9.808736907070554025e+02 3.113819815720319639e+03 -3.199804087729558887e+03 -1.210436065684011055e+03 2.932243729220827390e+03 -1.852565111011800127e+03 4.739180552032481160e+02 9.570104494953679932e+02
-1.563880337839356980e+04 1.496201799177275279e+04 2.630321937833740958e+04 1.985721819108814088e+04 1.561054282103282167e+05 -4.773985141533918068e+03 -2.811650997978850228e+03 -2.046804056155405760e+03 2.252289246385410934e+03 4.891562651619211977e+01 1.487029486423932383e+02 2.720150136069458995e+02 2.152115574121421275e+02 5.704489673318255427e+02 3.646951985274384924e+02 5.599574072981512529e+01 -6.717159325581748419e+01 -7.852210714450801277e+01 -2.088720227343978877e+02 -9.038638729546022432e+00
-4.668663859800031787e+04 1.193394364669815513e+04 -1.506963603561076525e+04 1.291824843611285178e+04 4.939484569573539829e+02 -1.366422189835320182e+02 -7.494976057052949727e+02 1.602011024098901362e+04 -9.609431242042113809e+03 -1.055248675828264641e+04 -9.444324095532003412e+03 4.542795406457442004e+04 -3.305968811537598376e+05 1.367060543545980909e+04 9.697221874113858576e+03 -3.878180640561409973e+02 1.238189979480889451e+04 -4.006058635321890051e+03 1.013088019786413315e+04 9.228579150103040547e+02
-2.014504633504052981e+04 1.062716118458732672e+04 2.187704603092172692e+04 -4.004992194874627387e+01 3.034039012240794818e+03 1.463018706878956800e+04 6.418620641592955280e+02 1.249289990751800906e+04 -3.150278965936684108e+04 1.978632355256641313e+04 6.865371924112107536e+02 1.736591445204674164e+04 5.441890239574639054e+03 -2.966854747822355057e+04 8.864651243631264151e+03 -4.525492308549598965e+04 7.173357789663574658e+04 -1.147044286590801639e+05 -2.054939385332365782e+04 -1.202087136806821263e+03
-4.142454675950141245e+04 3.523850570149484702e+04 -2.515506530893177114e+04 -4.466433699781151518e+03 3.209028064838178125e+03 1.699567357136365217e+03 1.763476369302904459e+03 4.092785316881571816e+03 -4.750326482840349490e+04 -6.440203181907712860e+04 -2.928720186911208657e+04 -7.725173647918447386e+03 3.226093495274218640e+03 8.890972319773056370e+03 5.042511881140103469e+03 6.726269444693120931e+03 6.023368736693599885e+02 -1.096511664455956179e+03 -5.759330611979780770e+03 -1.424599122030882427e+03
-4.604627741940412670e+04 -1.259906075228155532e+04 4.576054832466073094e+03 1.937791861520115390e+03 4.289908033490660841e+02 1.602205318481282848e+04 -3.010843108189032591e+03 8.336419234093516934e+03 -3.707189018879443029e+04 1.345619431214451470e+04 2.521004675497531480e+03 -1.771540826357301512e+03 -5.522307809826710354e+02 -2.169653438903723509e+04 -2.672028257042164478e+04 -1.423384993807663477e+03 1.885098753698848668e+03 -5.605461733229213905e+02 4.342865661380819802e+03 9.581481931211826577e+02
-4.845963014898239635e+04 -1.541570544048269221e+04 9.484239234665999163e+01 -1.433326655135140527e+03 3.801555477882268264e+01 1.424529441474404337e+02 -7.656487647675451171e+02 1.711225375156304608e+03 3.725176719076168297e+02 -3.168186584693015106e+02 5.590535728672609821e+02 1.677176792397174836e+02 -4.114007897165316194e+02 3.639853548981849372e+02 -1.299490310205508479e+02 -2.736757961005950506e+02 2.945139405312568215e+02 -6.726279036900566553e+02 2.380974075089480948e+02 2.133488693548829906e+04
-1.565431860897010483e+04 1.021999815884061718e+04 1.179740651223026543e+04 2.346213713229607038e+03 -1.086107606658901659e+03 -5.599716063191060584e+02 -1.399614024867304943e+04 2.952116945742138796e+03 -1.992692129882281279e+03 -2.888164469709504374e+03 -7.301874075604535392e+03 -7.402089494802118679e+03 -1.869880277507742676e+03 -5.547891574685117121e+03 6.114283808092419349e+03 -3.519455290090428753e+04 -2.378787923844265242e+04 -1.162953781752269578e+02 -6.242019605014401122e+02 -2.981934544794703470e+02
-2.905214177714181278e+04 3.647711192644031689e+04 -4.805401589503967443e+03 2.708769169249828337e+04 -2.255816110445148297e+03 5.418684417173905103e+02 3.418634036052369993e+03 4.230362476878252346e+04 -1.941224405224734437e+04 1.105918002719767628e+03 -3.515214185267611174e+04 1.362442687539173930e+05 2.920770436698221238e+04 -1.260042549086100371e+04 5.499840379461688281e+04 -5.283860204324863298e+04 6.635433276267275505e+04 2.698383581453350052e+04 4.413932260018876150e+03 -4.189794890513888276e+03
-2.426091936731514943e+04 2.694714427095974679e+04 3.667572126514650336e+03 1.044606899719619105e+04 2.913220854107990090e+04 5.306778203106478759e+04 -4.594949134260181381e+03 1.867452406596787114e+04 -1.378775680242415983e+05 1.558192104766846205e+04 -6.290820204573907176e+03 -1.329812095294551000e+04 3.729025513047743061e+03 -4.820284070918576617e+04 -8.729026335838045634e+04 -1.137769096384951263e+04 1.580632494886757195e+04 2.600998357425364884e+04 2.095865324660607730e+05 6.383567378700519839e+03
-2.081303823523509709e+04 1.817157416201244632e+04 2.201060758109214294e+04 4.077177566681605094e+04 8.554490850500491433e+03 4.733763754826345394e+04 -3.403484791888219206e+03 4.652069384642330260e+04 -1.432079830899474618e+05 7.464975937167488155e+04 2.615881343345425194e+04 2.465849558045705999e+04 -3.992497341237764886e+03 -1.201239800959516870e+05 -1.277858689853067335e+05 1.798070703808469625e+04 -2.675841434647992355e+04 3.179403125142636782e+04 -8.951835829721749178e+04 -2.500594444517756074e+03
-4.332376167140884354e+04 4.873417784566304908e+04 -1.491819379816078981e+04 1.183625997982947010e+05 3.774330498322490166e+04 3.272267325405126940e+03 -6.657788197464812583e+03 1.238686921783806029e+05 -1.073264803249460820e+05 -3.239254324847713360e+04 -1.485637644755731453e+05 4.946661070626931614e+05 -2.562450987102032639e+06 7.993945496745551645e+04 8.424003479697836156e+04 3.541244295918357238e+04 9.498511284400306977e+03 -2.362886442389662261e+04 3.937337699184878875e+04 -6.968172246985540551e+04
-7.243859777403076805e+03 1.669080262827155093e+04 2.598541368485004932e+04 1.361298952021678633e+04 7.364666430159324591e+03 1.399129932407291781e+05 1.134473870154196675e+03 1.053197447510243546e+04 -8.365420321534339746e+04 7.050647850597908837e+04 2.825868233850336765e+04 -3.006308806274438757e+04 8.138264953502845174e+02 7.396074165451213776e+04 7.239677663193075568e+04 8.855395008302596125e+02 1.073180536385832738e+03 -5.892674291678179543e+03 -9.367446865460238769e+03 9.127502026492442155e+02
-4.671644323815370444e+04 -8.833421144162351993e+03 -1.316056677328759406e+03 2.173438275559758767e+04 -2.098462895800227670e+03 -2.010084638459700500e+03 -3.622622482187003243e+03 1.541245215691824160e+04 5.479739826316340441e+03 -2.392003593591393837e+03 2.052666039841050406e+03 -2.516322868954957357e+03 3.772502049914236977e+03 5.133511418345481616e+03 1.713029432046041165e+03 1.643663608952853610e+04 -2.328164593565207542e+04 -5.591206601450366725e+04 4.843004162574758084e+04 -1.023217144902200926e+04
-8.704111943443631390e+03 1.787462589552265126e+04 2.700237621064862833e+04 5.977212029872770245e+02 -2.126320965080766200e+03 -7.875527188798042744e+02 -3.861252807181762819e+03 -2.261398436421390272e+02 -8.356769384810962720e+02 -8.853912119187523786e+03 1.799278077655648303e+04 5.848337558798324608e+03 3.549678014199599261e+02 5.215726310388611182e+02 -3.151310284630039860e+02 -3.888502029771833435e+01 -1.605148460305640128e+03 -5.992380025751695030e+02 9.239597994934924827e+02 -7.010226200203679809e+02
-3.937153958005669847e+04 9.400567375560969595e+03 2.847170868239001720e+04 -7.704187854615646756e+03 -4.774978464673319650e+03 6.019810164568498294e+02 -9.283654984462929133e+04 9.804378563949621821e+03 -1.180067871268931049e+04 -9.444628457886306933e+03 -3.087097540681488681e+04 -2.959314100704528028e+04 -1.036357618702884065e+04 -4.091347559392800031e+04 4.181658393500300735e+04 -5.402395853004803648e+05 -4.130519698641551659e+05 -2.224136468164363396e+04 -2.088010960122931283e+04 2.494672799212529571e+04
-1.335784412477532533e+04 5.392653224570921338e+03 2.971616937562581370e+03 1.905387220489508400e+04 -2.967550780421677246e+03 -2.583561633666754005e+03 7.440411009900009276e+02 -2.025390919334139471e+04 -1.802770929451634402e+03 4.385586316204737159e+03 -5.493329614280697569e+03 -1.757388606066574312e+03 4.256477700449543704e+02 -5.472627718535204622e+03 5.260608814052413436e+03 2.075946158333255880e+03 -5.314070374452280703e+03 -3.959156515725743702e+03 6.026868224275362081e+03 -8.006412039263304905e+04
-1.088619993337642154e+04 1.317526386142097181e+04 2.117236603755645410e+04 4.041711014244255693e+03 -5.259441840792405856e+02 6.075108892591435506e+03 3.246665308080390787e+03 1.386471470263610172e+04 -1.657775357397400148e+04 1.271832615328546672e+04 8.999109552614088898e+03 -3.711002903894228075e+04 -5.679937055062569925e+03 -1.089361498368091707e+05 1.247252232001722878e+05 5.592142791276628122e+04 -1.657627994533283345e+04 7.314047632459643864e+03 -4.732871350326958236e+03 1.832988135824754863e+04
-3.770983126473466837e+04 5.487385780222576614e+03 1.397230955163091676e+04 2.078126879706950422e+04 7.888132223667610560e+03 5.041418500662119914e+04 -7.442846384545428009e+02 4.519229222614926402e+04 -1.758634299516984902e+05 8.380269460526382318e+04 2.220801421463676525e+04 2.007865925857896218e+04 1.205491776937907707e+04 -3.255078927226952510e+05 -2.339856602635043964e+05 -4.201601559623531066e+05 7.102285857723297086e+05 -2.104463607909047045e+06 -2.177633794808288221e+05 5.090580878107423814e+03
-4.839840400668755319e+04 -1.513266195375624375e+04 6.408219579032252113e+02 -1.251725647349976271e+03 2.194166035563472121e+02 2.805219713514504747e+02 -9.250126502410317926e+02 2.884512938997518631e+03 -1.591349281771031929e+04 -2.506059589159485040e+04 -1.209161766511730821e+04 -3.701931948012017983e+03 1.061754268853506119e+03 5.791281251600207725e+03 3.362955267375227777e+03 4.700431689336659474e+03 9.601660253329039278e+02 -8.868034281148367199e+02 -4.769510833595015356e+03 2.737195772562338334e+02
-3.971708240823974484e+04 3.533652917567466648e+04 -2.242828961438010447e+04 -2.428646214063066964e+03 2.563585233510203579e+03 1.252662672263085369e+03 1.240140545929093378e+03 2.375429533712051125e+03 -3.136533762149155154e+04 -4.036546456543911336e+04 -1.588857407859168961e+04 -4.246445413232467217e+03 2.034225586482170002e+03 2.995402991846552595e+03 1.997082639995963518e+03 -1.477031149695435943e+03 -3.017593343290410758e+03 -3.330635728958186519e+02 -1.074014797539953861e+03 -1.884813603049393350e+03
-3.138315444655188458e+03 1.097739764162089887e+04 1.759599981670324632e+04 -2.054134458673409881e+03 -7.181326756444311741e+02 -2.630925713859058988e+02 4.645202074242532035e+03 1.181332251847833049e+03 6.660173745600012580e+02 8.860931609487172409e+02 -2.284730716893923272e+03 -6.119979180502214149e+02 -3.927772618903260682e+00 9.882946896261703387e+02 -8.371266456701363268e+02 -2.643594172693108391e+01 2.295787018247978040e+02 1.027136681239126688e+02 -7.553264999690480863e+01 9.253960194520995231e+01
-2.643763552898166745e+04 3.733526593055090052e+04 6.763889405942482699e+04 1.420863090887261205e+05 4.313969502724552149e+04 1.271015833814267302e+06 -1.308669935687625548e+04 9.499174306960003742e+04 -1.141569845409028232e+06 9.370813689726606244e+05 4.408323173746695393e+05 -4.719446091059840401e+05 1.800154699702349899e+04 1.400029016413799254e+06 1.067892005748613970e+06 -4.399176234783912514e+04 -1.709472291622325429e+04 1.811669281306827033e+05 1.144675960023254156e+06 7.039145206546309055e+04
-1.256242518620682858e+04 8.023649321753559889e+03 -2.086263546452306912e+02 4.169358510854305496e+04 -4.780363959601519127e+03 -3.660574695380379580e+03 -3.001465999958653015e+02 2.960251062989089860e+03 1.599941640398348227e+03 5.269091347796910441e+02 -1.902108506094056338e+03 -2.130845536053179785e+03 3.554969207979962107e+02 1.371541466671605122e+03 -1.137870883101872550e+03 1.857404303626500450e+03 -2.151247566754523632e+03 -1.430221649396477687e+03 -6.910840355748575803e+01 1.534179673901434455e+02
-1.653653570289048002e+04 1.131271712266899158e+04 -2.136135034663481747e+03 6.943944673095428152e+04 -7.693932035723532863e+03 -3.093107059951589235e+03 -7.127485787791017628e+02 1.424152907290889380e+04 -6.289302814216125626e+02 4.659022804163428191e+03 -6.985238318567383430e+03 7.342145880074325760e+03 -4.234560936837523855e+02 1.704039258665016177e+03 -3.959227802693706508e+03 4.131391126351860294e+03 -4.841142610977570257e+03 1.448615306238030371e+03 -3.961778063940315405e+03 6.743741808311466457e+02
-4.590925987692342460e+04 -1.208659261149020494e+04 6.101368307648609516e+03 6.437873188812476656e+03 6.258177028621621139e+04 -1.689867899113527301e+03 -2.469249153998799102e+03 -5.915291492200541370e+02 2.278196839932004991e+01 -9.087959634601409107e+02 -4.337505920685381398e+02 2.971139191971370792e+02 -1.325867266577228634e+02 5.816044755309516177e+02 -3.483278155556276374e+02 1.187675768815176269e+02 8.491162484902845620e+01 2.951625427550829173e+01 5.479309924460334287e+02 4.187275945441810450e+02
-2.629914769020459062e+04 4.340758486637173337e+04 7.355193699487842969e+04 1.699724777261544659e+05 1.595678766688114592e+04 1.523131850102656288e+06 -3.970281126900599247e+03 -3.034014310697029941e+04 1.840595427025126264e+04 1.361366143019499214e+04 1.851475001416050873e+04 -1.174467620587159581e+04 8.556292833092294359e+02 7.435174337649581139e+04 4.510602915450010187e+04 1.191721367751384150e+03 -1.024385152429322625e+04 8.545433513671363471e+03 -3.743927507389276434e+04 -4.979907280536889630e+03
-2.443166923366604533e+04 2.608771228623114075e+04 1.613150960295272489e+04 2.773704619716450179e+04 4.015963651985817705e+04 1.668528277865305427e+05 -1.566606370718793187e+04 4.664127928649932437e+04 -3.802824911001722794e+05 9.792438796767604072e+04 8.995241697526984353e+03 -5.813300473149523168e+04 9.522674616061452980e+03 -8.423907765248793294e+04 -2.132098550831737812e+05 -3.693415054217198485e+04 4.819360050351703831e+04 8.628121650936923106e+04 6.915107675004622433e+05 2.323641467607781306e+04
-6.118336392702911326e+03 1.452206687512630197e+04 2.340050961585958066e+04 1.199350341036895998e+03 -1.123241511912967098e+03 2.269370024592397749e+04 5.795489780464055912e+03 3.888810507206579132e+03 -1.023432068559430263e+04 6.493218951238087357e+03 1.208137926587759284e+04 -1.161099909373802802e+03 -9.477187574415287941e+01 8.841339043272517301e+03 3.430627229176385754e+03 2.299591145979504290e+03 -5.724401449383263753e+03 5.060910923070790886e+03 -2.027118132546699417e+04 -2.315717861225050001e+03
-2.188720638574317854e+04 1.059241400413203337e+04 2.038235173054235929e+04 1.070193685679009832e+03 2.980372296831242238e+02 5.426398347164041297e+03 9.807530587024210718e+02 1.513648240063977391e+04 -3.310712545823998516e+04 6.404356264205569460e+03 6.070649570346966357e+03 2.212927586896739012e+04 2.720696677117901345e+03 -7.061930946635433065e+04 -1.077249770298189287e+04 -2.974411617955128895e+04 3.031431920450131292e+04 8.639082772654804285e+04 2.669608991490132175e+05 4.358330732482956478e+02
-7.873086207796308372e+03 5.259068764462881518e+03 5.060975646880146087e+03 3.984399443996919672e+03 -1.616903277288977051e+03 -7.774331675850049805e+02 -3.277430275672046264e+04 1.010859647200324503e+03 1.384470874287963625e+03 8.351143102483182474e+02 -1.395061149083125201e+03 -3.430100391986341492e+03 -2.741716829601660947e+02 8.972459779356566969e+02 -1.263240827824950543e+02 3.305632759752954826e+03 4.975696782947618885e+03 1.230677837018000901e+03 -1.151846241957967095e+03 -8.867828311611732488e+02
-3.945746473902213620e+04 4.091442288304208341e+04 -2.854873676526125200e+04 3.013190436713593590e+04 -2.523491095171330926e+03 -1.968273402788000567e+03 1.000172777513696929e+03 2.135889677110883713e+04 1.057535053249127714e+03 1.506572821536217589e+03 -5.883568790835090113e+03 2.967830240274195239e+04 7.896641424233021098e+03 1.257871089415737515e+03 9.560812541020406570e+03 -2.406379145324688579e+03 1.045143056287364061e+03 6.443703885462925427e+03 3.733314650792414795e+03 -4.661192134119164621e+02
-4.602943147526719258e+04 -1.264689863789240917e+04 3.977983541881245401e+03 -4.699698354103416875e+01 -4.530022228453655089e+02 -1.513452401315360021e+02 -8.306502588745566754e+03 2.768450996686507551e+03 -2.053515310426852011e+03 -3.485854513877725822e+03 -5.982718044148910849e+03 -6.529510876289483349e+03 -1.815652155286429206e+03 -4.565033017427119375e+03 5.397040189435899265e+03 -3.505207940036319633e+04 -2.350753317250120745e+04 -1.858441280671967775e+02 -7.520672148716735137e+02 2.543486747477951724e+02
-4.170324232268446212e+04 3.592800288983647624e+04 -2.631111025582168804e+04 -5.215194680268989941e+03 9.961860748760464048e+02 5.561228440108310451e+02 1.341938083209331353e+03 -4.304916567621630747e+02 4.213094467389594229e+02 1.276632886864747860e+02 1.716021576201648713e+03 -2.214880664581806684e+02 -6.278360627224361679e+02 -2.600806059232396592e+02 -5.757933517513069432e+01 -2.423856012809914660e+02 -3.644378215321172831e+01 -8.380023343760741454e+02 1.149647840141556259e+02 2.120631091592619850e+04
-2.637712611841231774e+04 2.065625059015232910e+04 3.664486018374177365e+04 7.097488150192667672e+04 1.086010801310856550e+04 5.824391011195352767e+05 -4.207841628757558283e+03 2.804286897510346535e+04 -2.356633194334595173e+05 1.816823048237577023e+05 7.691725598730356432e+04 -5.494390801185928285e+04 3.561546630937215014e+03 1.539390266527822823e+05 1.229623948299429903e+05 -1.730033431893338638e+04 1.970599217613479414e+04 -3.504527170932576701e+04 -5.970847548192470640e+03 4.142238663375155738e+02
9.160604099566718332e+02 6.695332382656109985e+03 1.044030246922000333e+04 1.422717610254314241e+04 -3.216159367773771464e+03 -2.376674339304928253e+03 4.796323105360610271e+02 -2.397914545703853946e+04 -3.782497520564180377e+03 9.344420410890492121e+02 -1.852240064976829672e+03 2.254629526002352122e+03 -1.302095332064860145e+01 -1.035203977179404319e+03 1.249345756269681715e+03 -9.384043312525055853e+02 1.252492565471580747e+03 2.640858877640717424e+02 9.641400094716102842e+01 3.174424917489225663e+03
-6.579553418812678501e+03 6.611432563139439480e+03 9.161486372235245653e+03 1.645643896576639236e+04 -2.815646161082273466e+03 -2.424684128453903668e+03 5.469020137145514582e+02 -2.039264968529707039e+04 -3.237343636022439114e+03 2.446792086909931641e+03 -6.073773317608174693e+03 -3.797488455320576122e+03 -5.460152699015475264e+02 -7.512824049985170859e+03 6.022750371768130208e+03 -3.620088811695569802e+03 1.939807349205623041e+03 3.584501271053668461e+03 1.020571247776240625e+03 -1.181627479962057259e+04
-1.916417610413115472e+04 1.296085569929102166e+04 1.434633278393119508e+04 4.496335413718705240e+03 -1.189558556646185707e+03 -7.175042325641542220e+02 -1.050542804317533955e+04 7.195277959764508523e+03 2.370829578843149193e+03 -1.103151445147963159e+03 -9.694269823572716405e+02 -1.404754216889958843e+04 -2.667164275577224544e+03 -3.251861461029945531e+03 1.841389708258461496e+03 -9.375164146824581621e+03 1.368745277979923412e+04 2.858189758298989091e+03 1.348361937594824894e+03 -1.199841641918393634e+03
-1.610052871299713297e+04 1.155035492395873734e+04 1.575596444758126199e+04 5.840458028081386146e+03 2.327537389061058448e+01 1.650964375221464798e+04 -4.071770805124559956e+03 1.035880564585409047e+04 -3.732446067127900460e+04 1.406076714560135952e+04 1.719124363465302395e+03 -1.480356988701988712e+03 -5.648007420012983175e+02 -2.285626957006966768e+04 -2.649041895093793937e+04 -1.270740256625316988e+03 1.303602169600847446e+03 -6.057006569102680515e+01 3.848646298364002178e+03 4.156679544378060314e+02
-4.144962821140310552e+04 4.484571239908342977e+04 -2.858413015051442926e+04 7.269448202094002045e+04 -7.074416398283166018e+03 2.884200300989868992e+02 7.203936062018364055e+02 3.911379423416355712e+04 -5.411594707410778938e+03 1.051531526229191149e+04 -1.763465071854495909e+04 5.215327942931593861e+04 6.494507337996810747e+03 8.123640378667006416e+02 4.903757462780051355e+03 2.415898229653255385e+03 -5.058662734842010650e+03 1.310305117160785449e+04 -4.281725122903823831e+03 9.720555152261222247e+02
-4.173920223554812765e+03 1.815434211718829465e+04 2.586577240055673974e+04 -2.972594788088375935e+03 -1.612901222168605727e+03 -5.025464661057712874e+02 -1.597143393939952603e+03 2.685957575850858348e+02 5.238708368658133168e+02 -1.058500513316276511e+03 1.896173247065291889e+03 1.398368625298600591e+03 1.342219175462036276e+02 1.434332575132333659e+03 -1.004257376689442367e+03 3.051427907439224327e+02 3.274132459309488752e+01 -1.874940811242937002e+02 2.877960350364852502e+02 3.376340162815666304e+02
-2.120539089626829445e+04 1.467784511063804530e+04 1.541053976926756695e+04 1.053999289893376954e+04 -1.936912885742860908e+03 -1.397490910975591760e+03 -6.554943689909630393e+02 5.445324113913537076e+03 1.361651427009492863e+03 -8.745367672511700221e+03 1.689651687487976960e+04 -2.165359525369374296e+03 -6.001030764899606993e+02 6.158225435217362929e+02 -9.663487030967405644e+02 -2.032084673786484927e+03 1.572690259814002729e+03 -2.859594166219558247e+02 8.002078497828694026e+02 -6.975369012866700587e+02
-2.542992124816520300e+04 5.264043414440756169e+04 -2.684284846298397042e+03 -9.912128489718154015e+03 -1.291133828340560967e+03 2.047561936841628665e+02 -9.122970585735569330e+03 -2.570722682520282888e+03 4.100617011418291895e+02 -2.702417134505243439e+02 2.817279717695627369e+03 2.740656371542655052e+03 1.865530147935049570e+02 1.661519686172691308e+03 -1.335964454276818287e+03 8.616104038510188730e+02 -6.013653408818470325e+02 -5.997070948705328419e+02 1.386908994911408683e+02 6.960619124637921686e+02
-3.885754238286243344e+04 3.844015346544401109e+04 -1.820402894868576914e+04 3.710542575426932672e+03 6.524432475835753576e+04 -3.876395604497004115e+02 -1.671777369203816988e+03 1.056917082525432761e+03 -3.129947152805522273e+04 -4.010621162932413426e+04 -1.809691994047061235e+04 -3.857216842723536047e+03 2.063647862063735374e+03 3.857529202163733771e+03 1.467494285133613403e+03 2.206912003982021815e+03 -3.207175426645682705e+02 -2.984997100814320561e+02 -3.287676974585270386e+02 -1.296538244802725330e+03
-1.645088875616123187e+04 1.704819727580363542e+04 3.137438465052452739e+04 2.650163202453151098e+04 2.155912381405302731e+05 -5.994673772856851429e+03 -4.368367216336892852e+03 -3.534770514861028914e+03 2.891902352879016235e+03 1.601339258990943790e+03 5.326794161989337226e+02 8.699061824954995927e+02 5.239976712826306766e+02 8.921392047872393505e+02 2.044054693286300903e+02 2.991703484916633897e+02 -3.483368298310521709e+02 1.384741751926783238e+01 -1.312664990203306388e+03 9.199530766916603852e+01
-3.524441425842699391e+04 1.178637168715062398e+04 1.445507316343285493e+04 9.359982800882291485e+03 6.119413399034775694e+02 1.304539132590885492e+04 2.595996027179665361e+03 3.831054843540570437e+04 -4.155330466308815085e+04 1.914664494520594235e+04 -2.673154172047446264e+04 1.314564334532577195e+05 3.070207882282852006e+04 -3.772814138030936738e+04 6.163505172778567066e+04 -9.765686909562136861e+04 1.384372998719698517e+05 -9.459192757047679333e+04 -1.584150550664951152e+04 -5.557602230400664666e+03
-2.355501195781553906e+04 2.426984973255989826e+04 3.045530167303908092e+04 5.912451571240433987e+04 8.350890648660182705e+03 8.631646067246637540e+04 -1.990197281742229734e+03 7.837111987679243612e+04 -2.531767388323282066e+05 1.347787085001167143e+05 5.998019736836873199e+04 4.462488080936217739e+04 -7.427769283151556010e+03 -2.174164048649182951e+05 -2.326986299964479113e+05 3.998201027050674747e+04 -6.119156957917978434e+04 7.300509332303371048e+04 -1.949312601985632209e+05 -7.287238835909100089e+03
-5.544660976149202907e+04 3.803708984341526229e+04 -3.273345194077702035e+04 1.624316397288573353e+04 -7.979237539165421822e+02 -1.414302897577483918e+03 9.682452447434438625e+01 7.097484085523438807e+03 4.050871770920521158e+03 -2.332080906932201287e+03 6.265795764508881803e+03 -9.276419658703520327e+03 -1.173529742156119482e+03 1.058577615157076707e+03 -1.479995302630253036e+03 -2.097596679119420514e+03 3.680177211870733117e+03 -7.790115682940243005e+02 5.978799798391486320e+02 9.020101270973297858e+01
-4.108919356643632455e+03 1.646940828022983987e+04 2.280093623665399718e+04 -3.198739612339890300e+03 -1.092067754780233827e+03 -3.008770760871592529e+02 4.626968953607806725e+02 1.883631774421449791e+03 8.358212591447454543e+02 8.844503787568608004e+02 -2.273580760681929405e+03 -4.529536671575954188e+02 1.534762918205587390e+01 8.536206838966204486e+02 -7.487009252151784722e+02 1.099646101623527983e+02 1.748338905895678863e+02 -3.549547949843454830e+01 1.373626361503190196e+02 1.175811246729670074e+02
-1.859308858622243861e+04 6.770610557442601930e+03 1.742169390170229008e+03 1.960704531453367963e+04 -2.563554580243565852e+03 -2.307911733710325734e+03 2.964301768568386706e+02 -4.883151983365634806e+03 8.813463904687228023e+02 -8.124883714567438346e+02 1.501550480958674143e+03 -5.511738175226705607e+03 -7.572370729284866684e+02 1.204107139540581528e+02 -5.401482398225181214e+02 -1.502381661149036518e+03 2.657293331645114904e+03 1.523280131527394872e+02 1.265573234103997580e+00 -1.856502869345805351e+01
-9.245256586404602785e+03 1.523034723331667919e+04 2.412116457927731972e+04 6.419983046389045285e+02 -1.924896083517030092e+03 -7.046749017941037891e+02 -2.602088883920734588e+03 -8.682601204122589706e+02 -1.084503545346664851e+03 -8.882330609973845640e+03 1.817082245117344428e+04 5.883903183775752950e+03 3.321608845495736091e+02 4.735174268064653802e+02 -3.711072167599169802e+02 -1.234762919015484215e+02 -1.572564140648672264e+03 -4.370938566060825110e+02 7.043863577123366895e+02 -7.185994640847621895e+02
-4.601127973008412664e+04 6.034997013922144833e+04 -8.410602981615458702e+03 1.829698958256861033e+03 -3.050724467816166907e+03 -3.640690719102974526e+02 -4.218834534224367962e+04 7.241608292069458003e+03 2.263159396184737943e+03 4.622229110686632339e+03 -8.614415612583568873e+03 -3.536146428238437238e+03 1.361354382176909610e+02 5.452428988068101035e+02 -1.157444992908790482e+02 1.598434166122149918e+03 -1.467612118417965348e+03 -1.536380603330819667e+03 3.738995939181674544e+02 1.905382956891593722e+03
-3.868561255314465234e+04 3.287639700443525362e+04 -9.732993637808676795e+03 7.193125068376815761e+04 1.378783827118318641e+03 6.429548388281088592e+03 -4.912569955537302121e+03 6.611435765563252789e+04 -6.829972993396531092e+04 -2.652339914827760731e+04 -7.053969008508218394e+04 2.108620045659361931e+05 -1.088900561385466950e+06 3.093990988999097317e+04 2.885400965542808262e+04 8.634417348819602921e+03 -8.229624858936269902e+02 -7.977515890958977252e+03 1.418766926801020782e+04 -2.635228179999850909e+04
3.746973160122688114e+03 2.652317954581521553e+04 2.346029159606683606e+04 -6.646511466511172330e+03 -4.183702214710055159e+03 -1.169805102144090512e+02 -7.641903516135503014e+04 4.097604150077601844e+03 1.974543662456344236e+03 7.117420238977972986e+03 -1.312492838026995014e+04 -3.537538239449903813e+03 1.718887399583472870e+02 1.194608219258948338e+03 -1.170364369711317778e+02 5.174013177668914977e+03 3.447529355432905959e+03 8.582267939536390031e+02 -1.714933119850374169e+03 -9.714949353375645842e+02
-6.004008459207727719e+04 7.913460621829019146e+03 -1.878221506142156431e+04 3.457082802707944938e+04 -3.036269670481716730e+03 -3.079042337171641520e+03 -1.444804577337297133e+03 1.421526346484775058e+04 5.424075742348812128e+03 -3.841896122053761701e+03 5.391984529097992890e+03 -1.182095030958591815e+04 -8.030675870048700062e+02 3.362586096876473221e+03 -2.948588021874037167e+03 -1.385952961893783367e+03 3.341745710933852024e+03 -1.621036710137293994e+03 5.915590023479229558e+02 9.944468505841805381e+02
6.074015451805617886e+03 9.141506721325582475e+03 1.143803379657891128e+04 -7.633384614973535918e+02 -1.879534297980738074e+03 -4.518691383907274712e+02 -3.651561548618714005e+04 4.245099370608053846e+02 9.333129412499862383e+02 2.401796655791561989e+03 -4.194292756412042763e+03 -6.444944087751566713e+02 2.116840753219102851e+02 7.927674282821429870e+02 2.103472927149213945e+02 4.499230373315076577e+03 3.241908584276217880e+03 7.729038707206852905e+02 -8.944924590184604085e+02 -1.406630786359997046e+03
-1.423828372215167656e+04 1.409590672872407231e+04 1.408428071616796115e+04 -7.679053828622172659e+02 -2.210330469290959741e+02 1.732244198486119160e+02 -5.999443460910541944e+03 4.306286569356055224e+03 -1.364396605069798716e+04 -1.857952055582027242e+04 -1.213375479255498794e+04 -6.315391667682990374e+03 7.759296102347043416e+02 2.882691228615047294e+03 4.898185859918229653e+03 1.498362356131357046e+03 1.731465128380570150e+03 -7.289650371661741701e+02 -4.228817069652872078e+02 -3.928993041912169247e+03
-1.395454032971932793e+04 9.251542357356240245e+03 -8.709140188062917787e+02 5.209247343799208465e+04 -5.877524568324431129e+03 -3.423128813775620529e+03 -4.494545027814197056e+02 7.197225517713793124e+03 7.161279091286650100e+02 2.130307822316626243e+03 -3.879855814329952864e+03 1.542757870796903262e+03 5.655490293280354308e+01 1.482935392162991093e+03 -2.211992596990306083e+03 2.729090021398953922e+03 -3.185533470516719262e+03 -3.083700046272467148e+02 -1.573752220202942226e+03 3.530369155003398873e+02
-2.491427432776528076e+04 4.969198903199818596e+04 -8.801187100964347337e+03 -1.026950865758121472e+04 -3.501065817469925037e+02 5.650506124975756848e+02 -6.394616021635804827e+03 1.565769994910420166e+02 9.407057971414703843e+02 3.144848081777782227e+03 -4.463591494738916481e+03 -4.448215947599742321e+02 -9.543124736841395617e+00 7.446423359408684064e+02 -9.349337325110647043e+02 5.721839767672063317e+02 -3.728214245683964805e+02 -3.452797176188046251e+02 -1.516233236628045518e+02 3.370837085512237081e+02
1.020414119817597748e+04 1.827118255951869514e+03 2.578017258799264710e+03 6.099677361434810337e+02 -1.558317153534177351e+02 -1.446071068172855405e+02 -1.095712575517850382e+03 6.946127096710704052e+01 -5.538277160630134865e+00 9.279283576779512543e+00 -1.604496791496430603e+02 -1.540372208770763223e+02 -1.172426864024603788e+01 -5.217434830459889099e+02 3.836291105050476631e+02 -1.143506120665588099e+02 7.294047955611100065e+01 1.103911014445181706e+02 1.895223703066588712e+02 -4.540301203375191790e+02
-3.885188543786620721e+04 3.614554735393064038e+04 -1.928431437533532880e+04 -1.280410324934098014e+02 3.362278403425074430e+03 1.755579447067759975e+04 -2.080799369136945643e+03 1.022364857648575526e+04 -6.862281947477858921e+04 -2.563567161726557242e+04 -1.514341436542061638e+04 -5.569973965455726102e+03 1.649428191045172980e+03 -1.870035693211021498e+04 -2.507868034628783062e+04 7.861500935109967259e+02 1.263293472028774659e+03 -7.942321736600965778e+02 3.267838858233412338e+03 -7.707681745238854774e+02
