2.097419902786739476e+04 -3.083697321601172462e+03 -3.383875352598107384e+03 -4.293216002409491807e+02 1.626586774789695937e+02 9.530575435908558291e+01 -9.629682673328382236e+01 2.136156734256109360e+02 5.136161755943627227e+00 -4.407681394134854713e+01 1.117860145661587410e+02 3.971886072511723142e+01 3.996299049921383517e+00 7.562713929549596870e+00 -7.726961795625688190e+00 8.521296745363267533e+00 -3.264059805746827436e+01 -2.454501937651491517e+01 5.388054685657520437e+00 1.564649661220186561e+00
-4.937436794480635581e+04 -1.552693004182296863e+04 1.429171102151694868e+02 -1.206170257226665854e+03 -5.596121932834568469e+01 7.454765285873762082e+01 -3.968483065668937115e+02 -4.309849629902060109e+00 2.794592319419160731e+02 3.841268738092000490e+02 -7.032768072979256324e+00 2.593541786995670577e+02 5.507947543916947097e+01 9.356699419327881628e+01 -6.267319030214885345e+01 1.085637538256378036e+02 5.747928943941861490e+00 9.159481776473558057e+01 -1.202387676127346339e+01 -6.522732150103696540e+02
-8.153162327258036385e+03 2.400349981067798944e+04 1.738307632575896059e+04 -4.538044021370566952e+03 -8.500280108091926650e+02 -1.104291337408104567e+02 -2.051924786716572726e+03 2.157397213214639123e+03 8.154923684522331087e+02 1.489672480297535685e+03 -3.398348118228954263e+03 -2.642158077664180382e+02 1.133320738548564037e+02 8.341512576582297243e+02 -6.243192555276328903e+02 1.499138973953456002e+02 1.423327571029426792e+02 7.352360112636942802e+01 5.498859621837824818e+01 1.016987831752904725e+02
-4.260886782801831578e+04 3.583846070121286175e+04 -2.622705834739513739e+04 -5.116292441518177839e+03 9.131450870268052995e+02 4.989418012674915417e+02 1.728082558591770976e+03 -2.218037409005854443e+03 3.045188589352402460e+02 8.542148589730439880e+02 1.106520730042738251e+03 -7.830245850897928506e+01 -1.471103529638531029e+02 -5.321498259599048879e+02 1.064526643458166610e+01 1.449673674909902275e+02 -3.402780217800124092e+02 -7.182769634648654744e+01 -1.418870112040549998e+02 -7.905726848944207177e+02
-3.168241978129977269e+03 1.105092635683714980e+04 1.767616819920032867e+04 -2.066089724710946030e+03 -7.235785616180978650e+02 -2.644004472421956393e+02 4.573896143935222426e+03 1.183834762221281835e+03 6.433759103940607247e+02 8.408388518026258680e+02 -2.282056478200863694e+03 -6.095355571129314285e+02 -5.077219914335478812e+00 9.889071400353478793e+02 -8.284314596523103091e+02 -1.802245526324210090e+01 2.270233958159680867e+02 9.854672960198993792e+01 -5.334955222559002408e+01 9.115588661028424156e+01
-1.394668612337939521e+04 9.247692768518802040e+03 -8.676502215753041583e+02 5.206006398117291974e+04 -5.874186328911931923e+03 -3.423709347148627330e+03 -4.488766469722765464e+02 7.183711515311222684e+03 7.182547756641079104e+02 2.126121243017528741e+03 -3.875038036633475258e+03 1.533888094472788453e+03 5.785003362308257380e+01 1.482378592554510305e+03 -2.208344407704100831e+03 2.727281532005879853e+03 -3.183794055401171136e+03 -3.119944118192938163e+02 -1.569114992328661856e+03 3.523180380292060931e+02
-3.390361032988087391e+04 7.461490853905177210e+04 1.565464070198635163e+05 6.688038500037605409e+05 9.269461209923577553e+04 7.429178814210163429e+06 -7.226347487304396054e+04 -6.452495208701075753e+05 2.697222315995696001e+06 -1.839428319571936736e+06 -9.099011106334049255e+05 4.952719504703676794e+05 -1.449154183666315657e+04 -1.352397542225514771e+06 -1.006791201424730825e+06 1.677897437323605482e+04 5.029670213864884863e+04 3.157114726211919697e+04 3.748489633779013529e+05 3.634773474928404903e+04
8.597509295821324713e+02 6.795108814428034748e+03 1.057846740118975868e+04 1.423112580316872663e+04 -3.237216182312345154e+03 -2.383948711391643428e+03 3.903183429303321645e+02 -2.402993442416242033e+04 -3.791998438742190501e+03 8.744018497248483754e+02 -1.723582887544396272e+03 2.313044655798819349e+03 -9.099886297651472944e+00 -1.018430435262163769e+03 1.242413610001644429e+03 -9.323092397791199346e+02 1.247888296793573318e+03 2.594773742932439973e+02 1.015919216513166816e+02 3.180690285796263197e+03
-1.645088875616123187e+04 1.704819727580363542e+04 3.137438465052453103e+04 2.650163202453151098e+04 2.155912381405302731e+05 -5.994673772856851429e+03 -4.368367216336891943e+03 -3.534770514861029824e+03 2.891902352879016235e+03 1.601339258990943563e+03 5.326794161989337226e+02 8.699061824954995927e+02 5.239976712826306766e+02 8.921392047872394642e+02 2.044054693286300903e+02 2.991703484916633329e+02 -3.483368298310522277e+02 1.384741751926782705e+01 -1.312664990203306388e+03 9.199530766916603852e+01
5.656151207927688120e+03 2.187679825241012804e+04 2.374030268035074550e+04 -3.797823165853044429e+03 -3.950467335141241165e+03 -6.170279708533767007e+02 -5.882004699740629439e+04 -2.147508670833534552e+02 9.716399879441013354e+02 1.425599073228449015e+03 -1.693495090959771005e+03 1.014099608384774115e+03 3.896697546140618442e+02 1.984759552187367035e+03 -3.938353595012092114e+02 5.146386216819849324e+03 3.206888985537213102e+03 5.533118126162089538e+02 -1.023207809094355525e+03 -5.125832745011158522e+02
-2.550769165106051514e+04 4.117031705531379703e+04 7.110886382951591804e+04 1.570609101735892473e+05 1.291420452019518234e+04 1.363169962398082251e+06 2.878042762010999468e+03 -1.712461109367463723e+04 -2.799593847684832144e+04 5.020142695093206567e+04 4.223558732383510505e+04 -2.002804920006594330e+04 1.738052926647908976e+02 1.072855755632670771e+05 7.172184723150006903e+04 6.844506738767426214e+03 -2.114500665444915649e+04 1.413528013225989707e+04 -8.801684220878164342e+04 -7.949602653414103770e+03
-2.552026105475409713e+04 5.266273587529203360e+04 -2.798037127195959329e+03 -9.948783934994327865e+03 -1.280619427754883191e+03 2.184217910341137667e+02 -9.425013317099226697e+03 -2.449594269022286880e+03 4.330972775590578294e+02 -1.276355602570856576e+02 2.522758127952033192e+03 2.613915899499170791e+03 1.798666259501961804e+02 1.627099138009854414e+03 -1.318660994860979827e+03 8.569849409234059294e+02 -5.952012094750539291e+02 -5.900699817697342269e+02 1.224704718794388043e+02 6.811130737292353388e+02
-4.187323890460219445e+03 3.741549007090174200e+03 6.098144073004315032e+03 8.682595665082877531e+03 -1.808113549933097829e+03 -1.331060769386579295e+03 1.756295289350667645e+03 -8.822675245246602572e+03 -7.076878586629516121e+02 1.511066116755343955e+03 -2.092097403393072000e+03 2.910532784923478644e+01 -7.311486592099287307e+00 -2.570039895592166772e+02 1.478519400674619249e+02 1.607295440875169845e+01 -1.775819689216983965e+00 1.567237933616325165e+02 -7.858835593338994840e+01 -1.154771712429762374e+03
-8.929325110446328836e+03 1.674667482862325414e+04 2.577713918650231790e+04 6.107306151733225761e+02 -2.040707961843737621e+03 -7.519400251501689354e+02 -3.325299407790584610e+03 -5.047737898508253807e+02 -9.427681570083734641e+02 -8.868072459629695004e+03 1.807318189917876953e+04 5.866236397750413744e+03 3.452289122297789845e+02 5.017740847712208279e+02 -3.391991511886787976e+02 -7.507409260398803497e+01 -1.590975410986616680e+03 -5.296739837389404784e+02 8.300956536034570945e+02 -7.082190930844435570e+02
-5.569963073253937182e+04 4.000524081454399857e+04 -3.540128080195652728e+04 3.386319163456542447e+04 -2.646326352393198704e+03 -2.978421476435593831e+03 -1.702351305725791235e+02 1.327873263919393503e+04 5.935383108813371109e+03 -3.183994423268694391e+03 6.244542103277305614e+03 -1.249485013510049248e+04 -9.808736907070554025e+02 3.113819815720319639e+03 -3.199804087729558887e+03 -1.210436065684011055e+03 2.932243729220827390e+03 -1.852565111011800127e+03 4.739180552032481160e+02 9.570104494953679932e+02
-4.142454675950141245e+04 3.523850570149485429e+04 -2.515506530893176750e+04 -4.466433699781152427e+03 3.209028064838177670e+03 1.699567357136365217e+03 1.763476369302904004e+03 4.092785316881571816e+03 -4.750326482840349490e+04 -6.440203181907712860e+04 -2.928720186911208657e+04 -7.725173647918448296e+03 3.226093495274218185e+03 8.890972319773056370e+03 5.042511881140103469e+03 6.726269444693120931e+03 6.023368736693601022e+02 -1.096511664455956407e+03 -5.759330611979779860e+03 -1.424599122030882199e+03
-4.040966580431391776e+04 3.790341380082458636e+04 -2.694744653392092005e+04 1.906220165838011235e+04 -1.255860381890762710e+03 -1.060132632697571808e+03 1.216607939899520716e+03 1.776922803915720942e+04 -5.849513347075409087e+01 1.362335447511811026e+03 -5.586004011319982965e+03 3.066217028010520517e+04 7.666671108682893646e+03 3.428664484846152050e+02 1.038476642244530740e+04 -3.184944488392086896e+03 1.904297567829146601e+03 7.084887761965405844e+03 3.716149629464994177e+03 -3.060773241454135132e+02
-4.652826525879964174e+04 1.213875997741946594e+04 -1.497227857815345851e+04 1.345709557168084029e+04 4.471887188175831511e+02 -1.185010782554809055e+02 -7.630248442538734253e+02 1.633801164408109616e+04 -9.797532356457284550e+03 -1.053902465531744929e+04 -9.656823082100312604e+03 4.630159880680537754e+04 -3.338072353093387792e+05 1.376737695154908943e+04 9.763020230155527315e+03 -2.857343737577645015e+02 1.230069856274206904e+04 -3.988842011714605633e+03 1.011427503527930457e+04 8.122767063450439764e+02
-1.046992367400852163e+04 1.058515008787555962e+04 1.574804112342401277e+04 2.312022839020601168e+03 -6.995046934370020608e+02 5.000789628067266079e+01 8.140971707745814001e+02 4.216690553029060538e+03 2.916748195722274772e+02 -5.218928783250776178e+02 6.561531762443381695e+02 -5.292847118977690116e+03 -9.115898429493096273e+02 -1.465076701483023862e+04 1.222312990074065237e+04 3.583118688712719177e+03 -8.224240837352607514e+02 1.062145116042855477e+02 1.069582263642000953e+03 3.011915215230379772e+02
-9.045574359854303111e+03 2.509472781560665226e+03 6.052602049672834710e+02 8.564211321167173082e+03 -5.749691222825025534e+02 -1.042737895624301245e+03 -5.479558260491886585e+02 2.337874444150976615e+03 2.716819043223620156e+03 -5.838273971440328751e+03 9.895888114277091518e+03 -2.375673958914054310e+04 -4.361648984331933207e+03 -3.282483414749742224e+03 -9.360360308197105041e+02 -2.595746211705441965e+04 3.979367801747011981e+04 2.336766508746086038e+04 -3.981866910769649621e+03 -2.856470254596074938e+03
-7.111197277660261534e+03 1.671613074717771087e+04 2.602109262061929985e+04 1.310054089593108802e+04 7.365534336439304752e+03 1.370746437451006495e+05 1.172620556274542650e+03 1.061552744165450349e+04 -8.422719176823229645e+04 7.104301355158185470e+04 2.854730283107777359e+04 -3.038438444722905479e+04 8.256222786621427758e+02 7.471807996751840983e+04 7.327942644449393265e+04 9.231895531006850888e+02 1.069634190199607929e+03 -5.937606871569457326e+03 -9.532356437715001448e+03 9.137684147351308184e+02
-2.014504633504052617e+04 1.062716118458732490e+04 2.187704603092172329e+04 -4.004992194874655809e+01 3.034039012240794818e+03 1.463018706878957164e+04 6.418620641592956417e+02 1.249289990751800906e+04 -3.150278965936683380e+04 1.978632355256641313e+04 6.865371924112107536e+02 1.736591445204674164e+04 5.441890239574638144e+03 -2.966854747822355057e+04 8.864651243631264151e+03 -4.525492308549598965e+04 7.173357789663574658e+04 -1.147044286590801785e+05 -2.054939385332365782e+04 -1.202087136806821263e+03
-4.845963014898239635e+04 -1.541570544048269221e+04 9.484239234665999163e+01 -1.433326655135140527e+03 3.801555477882268264e+01 1.424529441474404337e+02 -7.656487647675451171e+02 1.711225375156305063e+03 3.725176719076168297e+02 -3.168186584693015106e+02 5.590535728672609821e+02 1.677176792397174552e+02 -4.114007897165317331e+02 3.639853548981849372e+02 -1.299490310205508479e+02 -2.736757961005950506e+02 2.945139405312567646e+02 -6.726279036900567689e+02 2.380974075089480948e+02 2.133488693548830270e+04
-2.081303823523509709e+04 1.817157416201244996e+04 2.201060758109213202e+04 4.077177566681605094e+04 8.554490850500491433e+03 4.733763754826344666e+04 -3.403484791888219661e+03 4.652069384642330260e+04 -1.432079830899474327e+05 7.464975937167488155e+04 2.615881343345425194e+04 2.465849558045705635e+04 -3.992497341237764886e+03 -1.201239800959516870e+05 -1.277858689853067335e+05 1.798070703808469261e+04 -2.675841434647992355e+04 3.179403125142636782e+04 -8.951835829721749178e+04 -2.500594444517755619e+03
-1.565431860897010483e+04 1.021999815884061536e+04 1.179740651223026907e+04 2.346213713229606583e+03 -1.086107606658901659e+03 -5.599716063191060584e+02 -1.399614024867304943e+04 2.952116945742138796e+03 -1.992692129882280824e+03 -2.888164469709503919e+03 -7.301874075604535392e+03 -7.402089494802117770e+03 -1.869880277507741766e+03 -5.547891574685118030e+03 6.114283808092419349e+03 -3.519455290090428753e+04 -2.378787923844265970e+04 -1.162953781752269578e+02 -6.242019605014399986e+02 -2.981934544794703470e+02
-4.837313499084783689e+04 -1.510215813003152289e+04 6.481521029770983660e+02 -1.243897425991129921e+03 2.188018283122436571e+02 2.793434847293473808e+02 -9.235499288501007413e+02 2.888291718791441326e+03 -1.590904406894182102e+04 -2.505931940271538406e+04 -1.208712390713325476e+04 -3.707190786882741577e+03 1.059627061859175228e+03 5.789416206002745639e+03 3.361648949892833116e+03 4.698272108753372777e+03 9.622119765669565368e+02 -8.869566559601279323e+02 -4.759179003069614737e+03 2.746757676509249677e+02
-2.062068012733793512e+04 1.705764674933793140e+04 2.977546666810550232e+04 6.029167675716403755e+04 8.971739561216429138e+03 4.403688180986194639e+05 -1.355168730665195426e+03 2.147301761994774643e+04 -1.554318618755040516e+05 1.060526860774647212e+05 4.155657232366438984e+04 -2.413237624694191254e+04 5.017344879430529545e+02 4.063009214750189130e+04 1.858515715416035891e+04 -2.655916480326503006e+03 1.360435620691059285e+03 -2.287109053937617773e+03 -6.794624813733416886e+03 3.326112304815033553e+02
-4.332376167140884354e+04 4.873417784566304908e+04 -1.491819379816078981e+04 1.183625997982947010e+05 3.774330498322490166e+04 3.272267325405126940e+03 -6.657788197464812583e+03 1.238686921783806029e+05 -1.073264803249460820e+05 -3.239254324847713360e+04 -1.485637644755731453e+05 4.946661070626931614e+05 -2.562450987102032639e+06 7.993945496745551645e+04 8.424003479697836156e+04 3.541244295918357238e+04 9.498511284400306977e+03 -2.362886442389662261e+04 3.937337699184878875e+04 -6.968172246985540551e+04
-1.088619993337642154e+04 1.317526386142097181e+04 2.117236603755645410e+04 4.041711014244255693e+03 -5.259441840792404719e+02 6.075108892591435506e+03 3.246665308080390787e+03 1.386471470263610536e+04 -1.657775357397400148e+04 1.271832615328547035e+04 8.999109552614088898e+03 -3.711002903894228075e+04 -5.679937055062569925e+03 -1.089361498368091852e+05 1.247252232001722878e+05 5.592142791276628850e+04 -1.657627994533283345e+04 7.314047632459643864e+03 -4.732871350326958236e+03 1.832988135824754863e+04
-3.937153958005670574e+04 9.400567375560967776e+03 2.847170868239002084e+04 -7.704187854615644028e+03 -4.774978464673319650e+03 6.019810164568498294e+02 -9.283654984462929133e+04 9.804378563949621821e+03 -1.180067871268931231e+04 -9.444628457886306933e+03 -3.087097540681488681e+04 -2.959314100704528391e+04 -1.036357618702884065e+04 -4.091347559392800031e+04 4.181658393500300735e+04 -5.402395853004803648e+05 -4.130519698641552241e+05 -2.224136468164363396e+04 -2.088010960122930919e+04 2.494672799212529208e+04
-2.142296379749858534e+04 1.041763452194973070e+04 2.081903354883680731e+04 9.463889251301741297e+02 -2.021471384070288195e+02 3.780841407464974054e+03 1.269368186513015189e+03 1.459802745676941049e+04 -2.806640317478587531e+04 5.089625832834615721e+03 6.098118569305655001e+03 2.280313857896738409e+04 2.641740493399207480e+03 -6.858081959790144174e+04 -6.816523213534760544e+03 -2.935391458730933664e+04 2.976369592426181407e+04 8.545975715258410492e+04 2.587739757612833346e+05 1.352833369631474056e+02
-4.671644323815371172e+04 -8.833421144162351993e+03 -1.316056677328759406e+03 2.173438275559758767e+04 -2.098462895800227670e+03 -2.010084638459700500e+03 -3.622622482187003243e+03 1.541245215691823978e+04 5.479739826316340441e+03 -2.392003593591393837e+03 2.052666039841050406e+03 -2.516322868954957357e+03 3.772502049914236977e+03 5.133511418345481616e+03 1.713029432046041165e+03 1.643663608952853610e+04 -2.328164593565207542e+04 -5.591206601450366725e+04 4.843004162574758084e+04 -1.023217144902201107e+04
-3.770983126473466837e+04 5.487385780222576614e+03 1.397230955163091676e+04 2.078126879706950422e+04 7.888132223667610560e+03 5.041418500662119914e+04 -7.442846384545428009e+02 4.519229222614926402e+04 -1.758634299516984902e+05 8.380269460526382318e+04 2.220801421463676525e+04 2.007865925857896218e+04 1.205491776937907707e+04 -3.255078927226952510e+05 -2.339856602635043964e+05 -4.201601559623531066e+05 7.102285857723297086e+05 -2.104463607909047045e+06 -2.177633794808288221e+05 5.090580878107423814e+03
-1.563880337839356980e+04 1.496201799177275097e+04 2.630321937833740594e+04 1.985721819108813725e+04 1.561054282103281876e+05 -4.773985141533918977e+03 -2.811650997978849773e+03 -2.046804056155405988e+03 2.252289246385410934e+03 4.891562651619210556e+01 1.487029486423932383e+02 2.720150136069458995e+02 2.152115574121421560e+02 5.704489673318254290e+02 3.646951985274384356e+02 5.599574072981512529e+01 -6.717159325581745577e+01 -7.852210714450802698e+01 -2.088720227343979161e+02 -9.038638729546022432e+00
-3.440633898858170141e+04 4.370198342291024892e+04 -1.064626052042681113e+04 3.781222159796578489e+04 -3.326659294419986509e+03 5.603304692726537724e+02 3.541708984687491011e+03 5.068770063791319990e+04 -1.773276820685792700e+04 6.487542251296728864e+03 -3.752926779266454105e+04 1.513532630094628839e+05 3.164126970761189295e+04 -1.271252573740497246e+04 5.780358427184413449e+04 -5.371757076918907114e+04 6.656483194680087036e+04 3.143571401094579778e+04 4.536901748569896881e+03 -3.864308359341386677e+03
-2.469036639709540759e+04 4.789872759043895348e+04 -9.085107068251121746e+03 -9.726854512520125354e+03 -2.418507821280704775e+02 5.250331364601428277e+02 -4.072310125934390726e+03 -7.751026231577972680e+01 8.834809538749445892e+02 2.849519024428787361e+03 -3.911155421955577367e+03 -3.075093878578605882e+02 -1.089506253903619992e+01 7.382094896764673422e+02 -9.283883193988059475e+02 5.241293701448885258e+02 -3.640370063713779132e+02 -3.389140333046635192e+02 -1.178573541196958274e+02 3.486704454804333864e+02
-3.663799473611106805e+03 1.495019160817564443e+04 2.192890613366914840e+04 -2.961240335263683392e+03 -9.528619423903711549e+02 -2.801822585895292264e+02 1.820069093070991585e+03 2.007925116654622798e+03 8.570951704687886377e+02 1.109719520233398498e+03 -2.779294382009800302e+03 -7.243099391403357004e+02 -6.295698541253273994e+00 7.816857522255887716e+02 -7.214215047214717060e+02 5.311005049743392448e+01 2.075095641506021309e+02 3.263906141390860771e+00 1.002840069272502888e+02 8.208958188991041993e+01
-8.270841284063026251e+03 1.212115543361123127e+04 1.945376961775217205e+04 6.768138186531363090e+02 -9.836954022077063655e+02 -4.176917724386927944e+02 1.468961270669664827e+03 2.022392588366880091e+03 -4.761036686804702072e+02 -5.677100233493356427e+03 1.122057232623352684e+04 2.782764894546238793e+03 1.451650181319648141e+02 -4.459169742686877385e+02 6.130911726020366359e+01 -4.121411962764836971e+02 -1.352377482739388824e+03 -2.605956851441952153e+02 5.577101186565550961e+02 -1.060606889365618372e+03
-1.614549241534326393e+04 1.160939225004449327e+04 1.570324608683648512e+04 5.877964717213340919e+03 2.459365029221367038e+01 1.651358958001930660e+04 -4.061748069383713300e+03 1.038890505005377963e+04 -3.740436319767526584e+04 1.398704859038012910e+04 1.670560367437672994e+03 -1.451413101274804603e+03 -5.570990384030282030e+02 -2.285396913282156311e+04 -2.649325183702277354e+04 -1.262033754031990838e+03 1.297066566577337198e+03 -5.107402461463595955e+01 3.837023227410164509e+03 4.135274193324427188e+02
-6.118336392702911326e+03 1.452206687512630378e+04 2.340050961585958066e+04 1.199350341036895770e+03 -1.123241511912966871e+03 2.269370024592397385e+04 5.795489780464055002e+03 3.888810507206579132e+03 -1.023432068559430627e+04 6.493218951238086447e+03 1.208137926587759284e+04 -1.161099909373803030e+03 -9.477187574415287941e+01 8.841339043272519120e+03 3.430627229176386209e+03 2.299591145979504290e+03 -5.724401449383263753e+03 5.060910923070789977e+03 -2.027118132546699781e+04 -2.315717861225049091e+03
-1.256240050543517827e+04 8.023027698914860594e+03 -2.085994351981013324e+02 4.168829138668947417e+04 -4.779789241615612809e+03 -3.660722670332706457e+03 -3.000630018555731340e+02 2.958121829110492854e+03 1.600489546499974949e+03 5.259621515840786969e+02 -1.900887504830561738e+03 -2.133109363288985605e+03 3.556003873048328501e+02 1.371523737018618476e+03 -1.137366721958998141e+03 1.856830346350977152e+03 -2.150508308753034726e+03 -1.430785386562835583e+03 -6.832756102117851071e+01 1.533300349271832772e+02
-2.426456234946431869e+04 2.086001490144517084e+04 1.397451108555033716e+04 2.058903754031943754e+04 2.805059187539776758e+04 1.059540817619552399e+05 -1.133962803740291383e+04 3.946176052356514992e+04 -2.895915472866793280e+05 6.850695687827693473e+04 2.514091251858720625e+03 -3.343041887039986614e+04 7.368976808126461947e+03 -1.001784456011799921e+05 -1.905158853489122121e+05 -3.067127718626436763e+04 3.925989256418733567e+04 7.738339751791823073e+04 5.537834406815628754e+05 1.768926090065139215e+04
-4.589368464421356475e+04 -1.203300022316408831e+04 6.078931012906601609e+03 6.449570804826877065e+03 6.258107180087365123e+04 -1.690336489392045905e+03 -2.466131763986878923e+03 -5.761857160954552910e+02 2.130652173283453976e+01 -9.065215702016053001e+02 -4.412910171075056951e+02 3.337734950169694343e+02 -1.240196484897655438e+02 5.811739553175121955e+02 -3.358678130788852059e+02 1.142204032571900143e+02 8.788563715340113447e+01 3.897369094780198395e+01 5.515875041685844735e+02 4.181866744270756158e+02
-1.335784412477532715e+04 5.392653224570921338e+03 2.971616937562581370e+03 1.905387220489508400e+04 -2.967550780421677246e+03 -2.583561633666754005e+03 7.440411009900009276e+02 -2.025390919334139471e+04 -1.802770929451634174e+03 4.385586316204738068e+03 -5.493329614280696660e+03 -1.757388606066574539e+03 4.256477700449543704e+02 -5.472627718535204622e+03 5.260608814052413436e+03 2.075946158333255880e+03 -5.314070374452280703e+03 -3.959156515725744157e+03 6.026868224275362081e+03 -8.006412039263304905e+04
2.478434566558560164e+03 8.100100881149269298e+03 9.760523482544627768e+03 4.765290661776973025e+02 -1.807647680164518533e+03 -5.367462212781792914e+02 -3.548707192860923533e+04 5.613605486169867618e+02 1.046222601542298662e+03 1.988425678075421274e+03 -3.454657611665445529e+03 -1.361169137381989913e+03 8.570331719279499794e+01 8.166319010767446116e+02 1.255150766929774022e+02 4.186896643039071023e+03 3.692610764295164699e+03 8.930564211073636898e+02 -9.597780323102577995e+02 -1.273070929284735712e+03
-6.000138963245229388e+04 7.938003462338678219e+03 -1.877506966457908857e+04 3.454373719569764944e+04 -3.027304356066902983e+03 -3.076352617545817793e+03 -1.439935726771705731e+03 1.421157699279099688e+04 5.383105999283036908e+03 -3.902466753319858981e+03 5.366780179608152139e+03 -1.182618369485821313e+04 -7.971834720190870485e+02 3.371499987532757586e+03 -2.939530709279633811e+03 -1.375430672518205029e+03 3.343076090427439340e+03 -1.623485182972989833e+03 5.785108653377072869e+02 9.977766265782233859e+02
-4.161313609180256753e+04 4.485833937187746051e+04 -2.857399822060958104e+04 7.342522059856487613e+04 -7.147547635326703130e+03 3.787462652981037081e+02 7.165916196461229219e+02 3.945571135009588761e+04 -5.615497919158735385e+03 1.074772644658362333e+04 -1.791488276287733970e+04 5.279061122559754585e+04 6.456094998618345016e+03 7.608573222836162131e+02 4.821134528279585538e+03 2.517853316918646669e+03 -5.197553683742189605e+03 1.329530895538381446e+04 -4.473857509560351900e+03 9.885516550589499047e+02
3.746973160122688114e+03 2.652317954581521553e+04 2.346029159606683606e+04 -6.646511466511172330e+03 -4.183702214710055159e+03 -1.169805102144090512e+02 -7.641903516135503014e+04 4.097604150077601844e+03 1.974543662456344236e+03 7.117420238977972986e+03 -1.312492838026995014e+04 -3.537538239449903813e+03 1.718887399583472870e+02 1.194608219258948338e+03 -1.170364369711317778e+02 5.174013177668914977e+03 3.447529355432905959e+03 8.582267939536390031e+02 -1.714933119850374169e+03 -9.714949353375645842e+02
-2.446199588711998513e+04 2.767714000377535558e+04 2.749596862556970791e+03 8.991235208996558868e+03 3.025293191091165500e+04 4.609202699416803080e+04 -4.459440206865950131e+03 1.755153683842307510e+04 -1.316669520883595687e+05 1.224396874549870881e+04 -7.005128766302787881e+03 -1.293488813902940274e+04 3.621144240000428454e+03 -4.558744322907787864e+04 -8.229654370519872464e+04 -1.075343552383410861e+04 1.511211935550940325e+04 2.418547001029943931e+04 1.976721388689494052e+05 5.935642364191975503e+03
-4.602943147526719986e+04 -1.264689863789240917e+04 3.977983541881246310e+03 -4.699698354103416165e+01 -4.530022228453654520e+02 -1.513452401315360021e+02 -8.306502588745566754e+03 2.768450996686508006e+03 -2.053515310426852011e+03 -3.485854513877725822e+03 -5.982718044148910849e+03 -6.529510876289483349e+03 -1.815652155286429206e+03 -4.565033017427119375e+03 5.397040189435899265e+03 -3.505207940036319633e+04 -2.350753317250121108e+04 -1.858441280671967775e+02 -7.520672148716734000e+02 2.543486747477951724e+02
-2.643763552898166745e+04 3.733526593055090052e+04 6.763889405942482699e+04 1.420863090887261205e+05 4.313969502724552149e+04 1.271015833814267302e+06 -1.308669935687625548e+04 9.499174306960003742e+04 -1.141569845409028232e+06 9.370813689726606244e+05 4.408323173746695393e+05 -4.719446091059840401e+05 1.800154699702349899e+04 1.400029016413799254e+06 1.067892005748613970e+06 -4.399176234783912514e+04 -1.709472291622325429e+04 1.811669281306827033e+05 1.144675960023254156e+06 7.039145206546309055e+04
-4.109621554005733924e+04 3.585142401611127571e+04 -2.387862886547240123e+04 -2.146595174219562978e+03 2.710764773513961700e+03 3.277110797908104360e+03 8.510978153138296420e+02 3.256995679877998555e+03 -3.595296483883651672e+04 -3.834052078109331342e+04 -1.637615540395525386e+04 -4.687849777790884218e+03 1.953604406490635483e+03 2.532237272363827003e+02 -1.251171318981347895e+03 -1.506989497457984498e+03 -2.639510340703919155e+03 -3.700696064059066543e+02 -5.656406465377988297e+02 -1.745714599338997004e+03
-6.590779916431461061e+03 6.614137698002749858e+03 9.158483927634566498e+03 1.646361062012261755e+04 -2.816141118056957112e+03 -2.425423981137370902e+03 5.457053584566787094e+02 -2.038842861450740020e+04 -3.235205230669379489e+03 2.444704539193362962e+03 -6.070202600591823284e+03 -3.804680637561154072e+03 -5.471593869261357668e+02 -7.512098922467745069e+03 6.021510406545688056e+03 -3.622493894049005121e+03 1.943897882410014290e+03 3.584948257398010355e+03 1.020554776040482011e+03 -1.181593545244229608e+04
-4.230074632648596162e+04 3.173283367173568331e+04 -1.181595865101451818e+04 7.022798172212296049e+04 3.528531896716216579e+03 7.898680008489934153e+03 -5.763680276387690355e+03 7.020235113786105649e+04 -8.040181862613800331e+04 -3.238103336256204420e+04 -8.247568561438926554e+04 2.313521132912283356e+05 -1.214324406624735100e+06 3.285774123662659258e+04 3.262960412621330761e+04 7.592509437942585464e+03 -2.003601040810386849e+03 -9.984261045926943552e+03 1.619860374059043897e+04 -3.105760709461279839e+04
-2.681391878097616427e+04 2.778064192208516761e+04 4.635749508346149378e+04 9.298452325932317763e+04 9.886283335058829834e+03 7.652324171594529180e+05 -6.531288406680549087e+03 1.874577777455908654e+04 -1.902612020161048567e+05 1.586471155703696422e+05 6.996926904360817571e+04 -4.988287261907538777e+04 3.466333833411825253e+03 1.642513785900018120e+05 1.335791420735970896e+05 -1.686647847379766245e+04 1.807303154763894781e+04 -3.998740363412308216e+04 -3.520328163998230593e+04 -2.223515779712422955e+03
-4.170324232268446940e+04 3.592800288983647624e+04 -2.631111025582168440e+04 -5.215194680268989032e+03 9.961860748760464048e+02 5.561228440108310451e+02 1.341938083209331353e+03 -4.304916567621631884e+02 4.213094467389594797e+02 1.276632886864748002e+02 1.716021576201648713e+03 -2.214880664581806684e+02 -6.278360627224361679e+02 -2.600806059232396592e+02 -5.757933517513069432e+01 -2.423856012809914375e+02 -3.644378215321172121e+01 -8.380023343760741454e+02 1.149647840141556259e+02 2.120631091592619487e+04
-4.604627741940411943e+04 -1.259906075228155714e+04 4.576054832466073094e+03 1.937791861520115390e+03 4.289908033490660273e+02 1.602205318481282666e+04 -3.010843108189031682e+03 8.336419234093516934e+03 -3.707189018879443756e+04 1.345619431214451288e+04 2.521004675497531480e+03 -1.771540826357301512e+03 -5.522307809826711491e+02 -2.169653438903723509e+04 -2.672028257042165205e+04 -1.423384993807663705e+03 1.885098753698848668e+03 -5.605461733229213905e+02 4.342865661380819802e+03 9.581481931211825440e+02
-2.355501195781554270e+04 2.426984973255989826e+04 3.045530167303908820e+04 5.912451571240433987e+04 8.350890648660184524e+03 8.631646067246637540e+04 -1.990197281742230189e+03 7.837111987679245067e+04 -2.531767388323282648e+05 1.347787085001167143e+05 5.998019736836872471e+04 4.462488080936217739e+04 -7.427769283151556010e+03 -2.174164048649183242e+05 -2.326986299964479113e+05 3.998201027050676203e+04 -6.119156957917978434e+04 7.300509332303371048e+04 -1.949312601985632209e+05 -7.287238835909098270e+03
-1.653303947304057874e+04 1.130915720589031844e+04 -2.133201922608981477e+03 6.940632651935264585e+04 -7.690503542479043062e+03 -3.093398350014962489e+03 -7.124023784311827967e+02 1.422865160230144829e+04 -6.267131932754248282e+02 4.654519693872523931e+03 -6.979486478294486005e+03 7.331034956684315148e+03 -4.230544792302189308e+02 1.703524552212443041e+03 -3.956507019375155778e+03 4.128205066850007825e+03 -4.837038617403532953e+03 1.446235007709622323e+03 -3.958074112269346188e+03 6.739443039644638702e+02
-2.119217836302508658e+04 1.469128028489858661e+04 1.545310838870328007e+04 1.054688014215596195e+04 -1.942755379017302403e+03 -1.398486302805813693e+03 -6.803277761476601881e+02 5.427365187728159071e+03 1.345376381663659004e+03 -8.773935636260064712e+03 1.696193449210052131e+04 -2.106642339171316962e+03 -5.924905501604021083e+02 6.098486190825681206e+02 -9.605633148532972427e+02 -2.018857087721284188e+03 1.543598554343393971e+03 -2.922409270704954452e+02 8.035994056642771284e+02 -7.021336818197764842e+02
-3.974917303996800911e+04 2.992474114119260776e+04 7.071599825384917494e+04 2.119786576615697704e+05 2.921329843516815163e+04 2.260459814969441388e+06 -1.914860276708381571e+04 -1.197141876558182703e+05 3.777748173153723474e+05 -2.296517968083749874e+05 -1.297108764629842626e+05 6.304044928217919369e+04 5.534690031535938942e+03 -1.422523746465898002e+05 -6.509183787714028585e+04 -5.075145329514676996e+04 9.022648044844013930e+04 -1.260102463768135494e+05 5.543411406090674427e+04 7.031130045779574175e+03
-4.626626362548102770e+04 6.033382098093996319e+04 -8.441916915681109458e+03 2.067157340005032893e+03 -3.075088947982619175e+03 -3.827903563581846811e+02 -4.237120901186922129e+04 7.318620495857081551e+03 2.259676083755676245e+03 4.578681138900414226e+03 -8.617194651472349506e+03 -3.562757342286131916e+03 1.382007669226277073e+02 5.473390181470747393e+02 -1.000840840293096079e+02 1.612224613246495664e+03 -1.483544413327761049e+03 -1.555783174972453708e+03 4.018023181411580822e+02 1.927964926353582996e+03
-1.855471897051476481e+04 6.684593844357443231e+03 1.635301579053292471e+03 1.949867334412604396e+04 -2.532541521276908043e+03 -2.285833711495180523e+03 3.804386269068051547e+02 -4.677776491723930121e+03 9.086874952289704197e+02 -7.754446462365245907e+02 1.422072363730914731e+03 -5.506306183572637565e+03 -7.514398454423470639e+02 1.114648893559487419e+02 -5.393709529742028508e+02 -1.467829047464384530e+03 2.606918695386495983e+03 1.482286896632092805e+02 1.385490644001853688e+01 -4.854399772473684038e+01
-3.524441425842699391e+04 1.178637168715062580e+04 1.445507316343285493e+04 9.359982800882293304e+03 6.119413399034775694e+02 1.304539132590885492e+04 2.595996027179665361e+03 3.831054843540570437e+04 -4.155330466308814357e+04 1.914664494520594235e+04 -2.673154172047446264e+04 1.314564334532577195e+05 3.070207882282852006e+04 -3.772814138030936738e+04 6.163505172778567066e+04 -9.765686909562139772e+04 1.384372998719698517e+05 -9.459192757047677878e+04 -1.584150550664950970e+04 -5.557602230400664666e+03
-2.081491529800353965e+04 2.536192500879427098e+04 4.180535227300409133e+03 1.058841491485599727e+04 -6.083650581761662579e+02 5.134653224016007016e+02 3.229287961229107168e+03 2.940504650858150126e+04 -2.199605304515415628e+04 -7.173503918167863958e+03 -3.149502502192467364e+04 1.129996622069243167e+05 2.546375768909037652e+04 -1.242796357310104941e+04 5.068274152195959323e+04 -5.148634246487870405e+04 6.603048786401413963e+04 2.013479243543765551e+04 4.224748431478848033e+03 -4.690543400010045843e+03
-3.771315434967391047e+04 4.238908057711128640e+04 -2.853801297099385920e+04 3.704656502632443153e+04 -3.314501203949099818e+03 -2.502345855454220782e+03 9.126710452516172154e+02 2.366173676923341918e+04 1.533847844150578567e+03 1.434145722859728266e+03 -6.376811645720795241e+03 2.880700884749126271e+04 7.910478501275012604e+03 1.935974947744938163e+03 8.840564354322055806e+03 -1.975183679708217142e+03 7.030829980414177953e+02 6.221176710683871534e+03 3.433523332272582593e+03 2.010680806103792975e+02
-2.252058559696956218e+04 8.376744987280839268e+03 -4.435699663362369392e+03 4.571895057612671371e+04 -4.940251155050508714e+03 -4.214140786336643941e+03 -7.601040547708731765e+02 5.372265750415670482e+03 3.357672983055409532e+03 -1.481261015310985385e+03 1.524642828905986789e+03 -8.552609446192238465e+03 -6.045709379717829961e+02 2.076925398834109728e+03 -2.155489403864181895e+03 -3.050626865235710170e+02 1.500735981174735116e+03 -1.070375811352960454e+03 -6.459877250487399181e+01 4.355584817035268088e+02
-5.457931037925844066e+03 1.169434119005853972e+04 1.589761665051663658e+04 1.566518907844534442e+04 -4.053252888770399295e+03 -2.748256054888702693e+03 -4.606201260816419563e+03 -2.484385621662980338e+04 -3.939020205535937748e+03 -1.547904603915970711e+03 3.331850755478208612e+03 3.898751435368888906e+03 7.837437098322958207e+01 -7.273756528378640951e+02 1.202723198955499129e+03 -8.128753579556081377e+02 1.190974310411001852e+03 4.922652381435061386e+01 4.115140381063483233e+02 3.359248874990820241e+03
-1.851999878887842715e+04 1.297823667641722204e+04 1.491007744821422239e+04 3.636232457536817492e+03 -1.112520413324753463e+03 -5.208003499254429016e+02 -1.092339146227525998e+04 6.911721165315698272e+03 -3.120592291200339332e+02 -3.627693279364448244e+03 -3.289110655646546547e+03 -1.294183645662630624e+04 -1.762769504765138436e+03 -1.673248071200156119e+03 3.103061412722224759e+03 -7.068178222698819809e+03 1.129455312743449940e+04 1.927095504802271080e+03 -5.644186757017065474e+02 -2.541308216459271989e+03
-1.708123090276850417e+04 2.823088499526270607e+04 6.574038937358984185e+03 -4.844014597978444726e+03 1.820557200225977340e+03 1.038740091161193504e+03 1.509631051906481616e+03 3.531234880720931869e+03 -3.087965131766207196e+04 -4.021400563972676900e+04 -1.556689707062646085e+04 -2.694968123697388819e+03 2.368846156856040125e+03 4.395774721766385483e+03 7.703245214171934094e+02 2.244147886004178872e+03 -6.123833483429149283e+02 -4.973282257999339322e+02 -7.620118881382632026e+02 -1.546291587680771272e+03
-3.885754238286243344e+04 3.844015346544401837e+04 -1.820402894868576914e+04 3.710542575426932217e+03 6.524432475835753576e+04 -3.876395604497004115e+02 -1.671777369203816988e+03 1.056917082525432761e+03 -3.129947152805522637e+04 -4.010621162932412699e+04 -1.809691994047061235e+04 -3.857216842723536502e+03 2.063647862063735374e+03 3.857529202163733771e+03 1.467494285133613403e+03 2.206912003982021815e+03 -3.207175426645682705e+02 -2.984997100814320561e+02 -3.287676974585270955e+02 -1.296538244802725330e+03
-1.798842538146696825e+04 4.954870057952361094e+04 6.624427122062076523e+04 1.691498248945044761e+05 3.257345805549751822e+04 1.649393917458940065e+06 -4.989629612342580367e+04 -3.554240069386406685e+04 -9.466300144692294998e+04 2.129001645318601732e+04 -3.333268620656186977e+04 -5.057967760211412678e+04 6.858889694239965138e+03 2.927014878705757292e+04 -5.219288908171098592e+04 -2.847925344146874340e+04 3.904351533213146467e+04 4.968354969310510933e+04 5.149812770130569115e+05 2.295569178063119034e+04
-2.855122937304082370e+04 1.676313484964478630e+04 3.485823525315450388e+04 6.624202890406367078e+04 1.150767666255543736e+04 5.569174334347092081e+05 -2.967035206218894018e+03 2.998624130775714002e+04 -2.535133215736988932e+05 1.981031283138934814e+05 8.390890270304623118e+04 -6.023909768524144602e+04 4.275787912235910881e+03 1.736483650490555447e+05 1.453846936001571012e+05 -2.454187578059860971e+04 3.082433785325114150e+04 -5.669166949925204244e+04 -2.452669266987121955e+04 -4.861842930123426640e+02
-2.463526882581884638e+04 3.149619626644823802e+04 5.174575081838839833e+04 1.213963107492995041e+05 1.015632803616950150e+04 9.850871827116456116e+05 1.462783187594850915e+03 3.935676545955307120e+03 -1.212124854841923952e+05 1.084859704239127168e+05 5.524430176935689815e+04 -3.806189231948307861e+04 1.139177717048746672e+03 1.419793458441082912e+05 1.043384829915677692e+05 3.878990621963440049e+02 -9.085680776978118956e+03 2.277918358256382447e+01 -5.252727274862750346e+04 -3.990434509018411973e+03
-2.559770164477152139e+04 2.979880065247675884e+04 2.783031670673666304e+04 7.198208337743113225e+04 1.755597248272430443e+04 5.550650983394089853e+05 -5.766317823965139723e+03 4.836097810299219418e+04 -4.152345177662551869e+05 2.759351938769780681e+05 1.096951162147596187e+05 -1.077999903661747958e+05 7.853058602260420230e+03 2.581209765133506735e+05 1.592626371362774516e+05 -2.002331139616813380e+04 1.390839027940308915e+04 4.059077216078974016e+04 3.216271707936712774e+05 1.560514005322995399e+04
-4.074577056931359039e+03 1.736913247008190592e+04 2.508230173727383954e+04 -2.946195758783391739e+03 -1.466002044521675998e+03 -4.579283589849850955e+02 -8.291206832559817030e+02 6.175726072749735067e+02 5.913835316238238420e+02 -6.159146375300648515e+02 9.384259182262542254e+02 9.597738872745026129e+02 1.045902227599967489e+02 1.301452690153814501e+03 -9.475736923328813646e+02 2.510067701983087716e+02 7.060987822137325054e+01 -1.482147600641744418e+02 2.514885186539233075e+02 2.873278005813257323e+02
-5.544694615448675904e+04 3.803544562803117879e+04 -3.273157473401235984e+04 1.624197272432399222e+04 -7.976791025262757557e+02 -1.414133146963484478e+03 9.706164526894464473e+01 7.098342673661280969e+03 4.040927274933425906e+03 -2.347650047220589386e+03 6.258473107174154393e+03 -9.278737117918322838e+03 -1.171944501479833662e+03 1.061920202291653823e+03 -1.478445973372469552e+03 -2.094784651697730624e+03 3.680691974509899865e+03 -7.787238627539454683e+02 5.936267906267521539e+02 9.040016389276226505e+01
-1.618038646031573626e+04 1.786054183565922358e+04 3.434756825287893298e+04 3.065946711427194896e+04 2.564064080203492776e+05 -6.826301691690199732e+03 -5.191576703119842023e+03 -4.907672312125115241e+03 3.368259599152956071e+03 2.642670408754950586e+03 7.485958612369163347e+02 1.344000801592452945e+03 7.474131624353922234e+02 1.268421288116970800e+03 1.435111091525027120e+02 5.055913994151076736e+02 -6.117895667600615752e+02 2.114567217726134629e+02 -2.083527464022072309e+03 1.536533107106747593e+02
