2.099516953713400289e+04 -3.093364704694578450e+03 -3.395692535204427713e+03 -4.312914836620520873e+02 1.632688026197752720e+02 9.576812257691354091e+01 -9.449600280651341677e+01 2.137859068282538146e+02 5.141685828031418382e+00 -4.420235061702753399e+01 1.123771369403966247e+02 4.006630320107285570e+01 4.025076644560062533e+00 8.525736949665249753e+00 -8.427321812719334559e+00 8.718392554902450797e+00 -3.282690032475998265e+01 -2.476360741192647552e+01 5.119356131717524683e+00 1.808562464475250264e+00
-4.937436794480636308e+04 -1.552693004182296863e+04 1.429171102151694868e+02 -1.206170257226666081e+03 -5.596121932834568469e+01 7.454765285873762082e+01 -3.968483065668937115e+02 -4.309849629902063661e+00 2.794592319419160162e+02 3.841268738091999353e+02 -7.032768072979254548e+00 2.593541786995670577e+02 5.507947543916946387e+01 9.356699419327880207e+01 -6.267319030214886055e+01 1.085637538256378036e+02 5.747928943941859714e+00 9.159481776473558057e+01 -1.202387676127346516e+01 -6.522732150103698814e+02
-3.706748857380750451e+03 1.287070639530372682e+04 1.968875470872499864e+04 -2.377208790430604040e+03 -8.681144781905910577e+02 -2.972591403946171340e+02 3.238091313570207149e+03 1.255217934743928936e+03 6.898456241655165968e+02 6.905378626283860513e+02 -1.872945171329048662e+03 -3.957537177856524977e+02 1.078371293200433456e+01 9.813094253069804154e+02 -8.236287658202770672e+02 2.618275526976389855e+01 2.020535026666883880e+02 4.608806864753805854e+01 1.369875355129768302e+01 1.176171830326895957e+02
-4.260917692178471043e+04 3.583847917768632033e+04 -2.622746435512907192e+04 -5.116352699861323345e+03 9.131633115401072018e+02 4.989458666009964531e+02 1.728203491519383306e+03 -2.218188706391760206e+03 3.045097054992895664e+02 8.542148623848900115e+02 1.106547236058142516e+03 -7.807876723426963395e+01 -1.468686851604936976e+02 -5.320553789895971022e+02 1.049387011734835973e+01 1.453178545522193019e+02 -3.407756274778932379e+02 -7.140439827958149976e+01 -1.418507791904333430e+02 -7.904602579596237319e+02
-2.526692671889626217e+04 2.747708370381026907e+04 4.654153315629567078e+04 9.723104665471821500e+04 9.824077122773864176e+03 7.934912844633791829e+05 -4.178359756658340302e+03 1.600514227829307129e+04 -1.757676243883121060e+05 1.475168427316912857e+05 6.631102360776948626e+04 -4.633129047669904685e+04 2.636095603232039593e+03 1.526413461004148121e+05 1.209707166284503764e+05 -1.159249014444377281e+04 1.019441136368367188e+04 -2.793640668999846457e+04 -3.957801141455042671e+04 -2.412115805107950109e+03
-1.314324873784900774e+04 8.902542118767632928e+03 -5.073946984020111586e+02 4.906070181336970563e+04 -5.569039554711443088e+03 -3.465673532754737153e+03 -3.899453725284274128e+02 5.927860416437561071e+03 8.859105121699593610e+02 1.772697479643198903e+03 -3.478660658716774833e+03 7.999716141087285450e+02 1.797028714711780992e+02 1.422127477820931745e+03 -1.872763618411247535e+03 2.579440346517098078e+03 -3.053702988231917516e+03 -6.323404815660193208e+02 -1.158638112277316168e+03 2.866375092281361958e+02
-1.563360480309106060e+04 1.496085156551233740e+04 2.630129647140495217e+04 1.984905078287511424e+04 1.560511772892937006e+05 -4.772554956539534032e+03 -2.810459811534921300e+03 -2.046563993186940934e+03 2.250597081058774165e+03 4.850003028675901362e+01 1.465705627972968159e+02 2.751122740204709203e+02 2.155494045568246975e+02 5.696760930554860352e+02 3.653821015610342329e+02 5.708977152275090106e+01 -6.906811676006020662e+01 -7.912500867548280326e+01 -2.077771860339607599e+02 -9.281570467278575265e+00
-6.590779916431460151e+03 6.614137698002750767e+03 9.158483927634570136e+03 1.646361062012261755e+04 -2.816141118056958021e+03 -2.425423981137370902e+03 5.457053584566785958e+02 -2.038842861450740020e+04 -3.235205230669379944e+03 2.444704539193362962e+03 -6.070202600591823284e+03 -3.804680637561154072e+03 -5.471593869261357668e+02 -7.512098922467746888e+03 6.021510406545687147e+03 -3.622493894049004211e+03 1.943897882410014518e+03 3.584948257398009900e+03 1.020554776040482125e+03 -1.181593545244229608e+04
-2.445312264148192480e+04 4.513499897326060454e+04 -9.447626522813130578e+03 -8.876577277801539822e+03 -8.719375475444174128e+01 4.616146175228237212e+02 -6.911455009614359142e+02 -4.313924075582157229e+02 7.948894786859370925e+02 2.395185126768581085e+03 -3.058613266183247106e+03 -1.015079827355706925e+02 -1.558382913419759142e+01 7.244657849596093229e+02 -9.126074082477020966e+02 4.462817036100684049e+02 -3.446660915235867151e+02 -3.320238548588692993e+02 -6.959195674985647884e+01 3.634455799483901615e+02
-3.390361032988087391e+04 7.461490853905177210e+04 1.565464070198635163e+05 6.688038500037605409e+05 9.269461209923577553e+04 7.429178814210163429e+06 -7.226347487304396054e+04 -6.452495208701075753e+05 2.697222315995696001e+06 -1.839428319571936736e+06 -9.099011106334049255e+05 4.952719504703676794e+05 -1.449154183666315657e+04 -1.352397542225514771e+06 -1.006791201424730825e+06 1.677897437323605482e+04 5.029670213864884863e+04 3.157114726211919697e+04 3.748489633779013529e+05 3.634773474928404903e+04
5.661906882440758636e+03 2.187449781579628689e+04 2.373981885177860022e+04 -3.800883915448118387e+03 -3.950347676283350665e+03 -6.168479339515207585e+02 -5.882245871067631379e+04 -2.180439288372009230e+02 9.708013362745004997e+02 1.425157688044170300e+03 -1.691857093146864145e+03 1.017801143819816957e+03 3.899792682192888265e+02 1.985726811922500247e+03 -3.941555977048439559e+02 5.149062100048286993e+03 3.205126773878964286e+03 5.525658238180238868e+02 -1.023954913542981672e+03 -5.125256030218442902e+02
-5.569963073253937182e+04 4.000524081454399857e+04 -3.540128080195652728e+04 3.386319163456542447e+04 -2.646326352393198704e+03 -2.978421476435593831e+03 -1.702351305725791235e+02 1.327873263919393503e+04 5.935383108813371109e+03 -3.183994423268694391e+03 6.244542103277305614e+03 -1.249485013510049248e+04 -9.808736907070554025e+02 3.113819815720319639e+03 -3.199804087729558887e+03 -1.210436065684011055e+03 2.932243729220827390e+03 -1.852565111011800127e+03 4.739180552032481160e+02 9.570104494953679932e+02
-3.956040646960967570e+04 3.545834622821107041e+04 -2.204940568199069821e+04 -2.271609448020435593e+03 2.665240851859564827e+03 3.101946578932221655e+03 8.612951773592117206e+02 3.224327620769010537e+03 -3.561628673536780843e+04 -3.873261308655815810e+04 -1.582611136872458155e+04 -4.385034219560125166e+03 1.993125485117435119e+03 5.395346054523905650e+02 -1.056340960391213684e+03 -1.229757145765350288e+03 -2.540464673340154604e+03 -3.871719369221970055e+02 -5.600611234619821062e+02 -1.767852019098419987e+03
-8.266813753872875168e+03 1.212204642962485195e+04 1.945420813073687896e+04 6.771832858230986858e+02 -9.837185737658631979e+02 -4.176436143452619376e+02 1.470832381956306790e+03 2.022508418898944228e+03 -4.759984489084021675e+02 -5.677578296664380105e+03 1.122358745880072274e+04 2.783080398634651374e+03 1.451192753519781604e+02 -4.467389807674443318e+02 6.150806970496990544e+01 -4.127619076355416610e+02 -1.352568500435879059e+03 -2.601277071102069840e+02 5.567158134387811970e+02 -1.061420508869566902e+03
-3.946578107977450418e+04 3.949753217782521824e+04 -2.754709912855915900e+04 2.538908064566428948e+04 -1.991576298140014160e+03 -1.579656664445774823e+03 1.112715204669915693e+03 1.983118015214681509e+04 5.239568180278511136e+02 1.365235254999689005e+03 -5.836788822224345495e+03 2.995096542393066193e+04 7.760371181310228167e+03 9.121181930583272788e+02 9.843244602268478047e+03 -2.756635097514486915e+03 1.488888524477168176e+03 6.768910361286877560e+03 3.635872888846239221e+03 -1.256206804261023393e+02
-4.215156824856311687e+03 3.742854067802591544e+03 6.106165704059144446e+03 8.707232946016340065e+03 -1.813146532701166734e+03 -1.334621022320132397e+03 1.771433860714504362e+03 -8.849680867245586342e+03 -7.094805538758153034e+02 1.517435513718393395e+03 -2.101290918680597315e+03 3.096826613829952990e+01 -7.209275193888764477e+00 -2.523551533032104999e+02 1.438145698498557294e+02 1.837899123291026982e+01 -2.906649124602426859e+00 1.549889284741518907e+02 -8.334913180243056274e+01 -1.131897712002488788e+03
-1.565431860897010483e+04 1.021999815884061900e+04 1.179740651223026725e+04 2.346213713229607038e+03 -1.086107606658901659e+03 -5.599716063191060584e+02 -1.399614024867304943e+04 2.952116945742137887e+03 -1.992692129882280824e+03 -2.888164469709503919e+03 -7.301874075604535392e+03 -7.402089494802120498e+03 -1.869880277507742221e+03 -5.547891574685118030e+03 6.114283808092419349e+03 -3.519455290090428753e+04 -2.378787923844265242e+04 -1.162953781752269578e+02 -6.242019605014399986e+02 -2.981934544794703470e+02
-9.045574359854303111e+03 2.509472781560665226e+03 6.052602049672834710e+02 8.564211321167173082e+03 -5.749691222825023260e+02 -1.042737895624301473e+03 -5.479558260491886585e+02 2.337874444150976615e+03 2.716819043223619701e+03 -5.838273971440329660e+03 9.895888114277095156e+03 -2.375673958914054674e+04 -4.361648984331934116e+03 -3.282483414749742224e+03 -9.360360308197105041e+02 -2.595746211705441601e+04 3.979367801747011981e+04 2.336766508746085674e+04 -3.981866910769650531e+03 -2.856470254596074483e+03
-1.046966984086146476e+04 1.058532032706297468e+04 1.574828774251988580e+04 2.311701552734049528e+03 -6.995259029484711846e+02 5.003888608418603923e+01 8.134332430225198323e+02 4.216605931652708932e+03 2.916169327809735705e+02 -5.217396233022678871e+02 6.558761479773387464e+02 -5.292658850788397103e+03 -9.115519426297569225e+02 -1.465078974346196264e+04 1.222317053771749852e+04 3.583208321206783239e+03 -8.225624456964497995e+02 1.062024464434952193e+02 1.069566572670715686e+03 3.011754097738714222e+02
-2.643763552898166745e+04 3.733526593055090052e+04 6.763889405942482699e+04 1.420863090887261205e+05 4.313969502724552149e+04 1.271015833814267302e+06 -1.308669935687625548e+04 9.499174306960003742e+04 -1.141569845409028232e+06 9.370813689726606244e+05 4.408323173746695393e+05 -4.719446091059840401e+05 1.800154699702349899e+04 1.400029016413799254e+06 1.067892005748613970e+06 -4.399176234783912514e+04 -1.709472291622325429e+04 1.811669281306827033e+05 1.144675960023254156e+06 7.039145206546309055e+04
-4.332376167140884354e+04 4.873417784566304908e+04 -1.491819379816078981e+04 1.183625997982947010e+05 3.774330498322490166e+04 3.272267325405126940e+03 -6.657788197464812583e+03 1.238686921783806029e+05 -1.073264803249460820e+05 -3.239254324847713360e+04 -1.485637644755731453e+05 4.946661070626931614e+05 -2.562450987102032639e+06 7.993945496745551645e+04 8.424003479697836156e+04 3.541244295918357238e+04 9.498511284400306977e+03 -2.362886442389662261e+04 3.937337699184878875e+04 -6.968172246985540551e+04
-1.088619993337642154e+04 1.317526386142097181e+04 2.117236603755645046e+04 4.041711014244255239e+03 -5.259441840792405856e+02 6.075108892591435506e+03 3.246665308080390787e+03 1.386471470263610536e+04 -1.657775357397400148e+04 1.271832615328546672e+04 8.999109552614088898e+03 -3.711002903894228075e+04 -5.679937055062571744e+03 -1.089361498368091852e+05 1.247252232001722587e+05 5.592142791276628122e+04 -1.657627994533282981e+04 7.314047632459643864e+03 -4.732871350326958236e+03 1.832988135824754863e+04
-3.987087518835502124e+03 1.632249847369520467e+04 2.366067326092351504e+04 -3.041961285395464074e+03 -1.204928085510082838e+03 -3.563950651174188806e+02 3.408158545539422448e+02 1.483032153430635390e+03 7.588490007133788140e+02 4.003548302697086569e+02 -1.250246507826721654e+03 -2.260904565576672809e+01 4.037753465022024102e+01 9.869181671273526035e+02 -8.089169244859572245e+02 1.440692115308106906e+02 1.481565189360882471e+02 -6.944329296884531288e+01 1.792303402305913949e+02 1.707867483122127794e+02
-4.845963014898240363e+04 -1.541570544048269221e+04 9.484239234665999163e+01 -1.433326655135140527e+03 3.801555477882268264e+01 1.424529441474404621e+02 -7.656487647675451171e+02 1.711225375156305063e+03 3.725176719076168297e+02 -3.168186584693014538e+02 5.590535728672609821e+02 1.677176792397174552e+02 -4.114007897165316763e+02 3.639853548981849940e+02 -1.299490310205508479e+02 -2.736757961005950506e+02 2.945139405312568215e+02 -6.726279036900566553e+02 2.380974075089480664e+02 2.133488693548829906e+04
-2.081303823523509709e+04 1.817157416201244996e+04 2.201060758109214294e+04 4.077177566681605094e+04 8.554490850500491433e+03 4.733763754826346121e+04 -3.403484791888218751e+03 4.652069384642330260e+04 -1.432079830899474618e+05 7.464975937167488155e+04 2.615881343345425557e+04 2.465849558045705999e+04 -3.992497341237764886e+03 -1.201239800959516870e+05 -1.277858689853067481e+05 1.798070703808469261e+04 -2.675841434647992355e+04 3.179403125142637145e+04 -8.951835829721749178e+04 -2.500594444517755619e+03
-4.652826525879964174e+04 1.213875997741946594e+04 -1.497227857815345851e+04 1.345709557168084029e+04 4.471887188175831511e+02 -1.185010782554809055e+02 -7.630248442538735389e+02 1.633801164408109616e+04 -9.797532356457284550e+03 -1.053902465531744929e+04 -9.656823082100312604e+03 4.630159880680538481e+04 -3.338072353093387792e+05 1.376737695154908943e+04 9.763020230155527315e+03 -2.857343737577645015e+02 1.230069856274206722e+04 -3.988842011714606087e+03 1.011427503527930457e+04 8.122767063450439764e+02
-2.905214177714181278e+04 3.647711192644031689e+04 -4.805401589503968353e+03 2.708769169249828701e+04 -2.255816110445148297e+03 5.418684417173905103e+02 3.418634036052369993e+03 4.230362476878252346e+04 -1.941224405224734437e+04 1.105918002719767628e+03 -3.515214185267611174e+04 1.362442687539173930e+05 2.920770436698220510e+04 -1.260042549086100371e+04 5.499840379461688281e+04 -5.283860204324863298e+04 6.635433276267275505e+04 2.698383581453350052e+04 4.413932260018876150e+03 -4.189794890513888276e+03
-1.614549241534326393e+04 1.160939225004448963e+04 1.570324608683648512e+04 5.877964717213340919e+03 2.459365029221366683e+01 1.651358958001930660e+04 -4.061748069383713300e+03 1.038890505005377963e+04 -3.740436319767527311e+04 1.398704859038012910e+04 1.670560367437673222e+03 -1.451413101274804148e+03 -5.570990384030282030e+02 -2.285396913282156311e+04 -2.649325183702277354e+04 -1.262033754031991066e+03 1.297066566577337426e+03 -5.107402461463596666e+01 3.837023227410165873e+03 4.135274193324427188e+02
-3.937153958005669847e+04 9.400567375560969595e+03 2.847170868239001720e+04 -7.704187854615644937e+03 -4.774978464673319650e+03 6.019810164568498294e+02 -9.283654984462929133e+04 9.804378563949621821e+03 -1.180067871268931231e+04 -9.444628457886306933e+03 -3.087097540681488681e+04 -2.959314100704528391e+04 -1.036357618702884065e+04 -4.091347559392800031e+04 4.181658393500300735e+04 -5.402395853004804812e+05 -4.130519698641552241e+05 -2.224136468164364123e+04 -2.088010960122931283e+04 2.494672799212529571e+04
-1.335784412477532533e+04 5.392653224570921338e+03 2.971616937562581825e+03 1.905387220489508400e+04 -2.967550780421678155e+03 -2.583561633666754005e+03 7.440411009900009276e+02 -2.025390919334139107e+04 -1.802770929451634174e+03 4.385586316204738068e+03 -5.493329614280699388e+03 -1.757388606066574312e+03 4.256477700449543704e+02 -5.472627718535204622e+03 5.260608814052413436e+03 2.075946158333255880e+03 -5.314070374452279793e+03 -3.959156515725744612e+03 6.026868224275362081e+03 -8.006412039263303450e+04
-1.634734480272500696e+04 1.689519701039140273e+04 3.100873103696448015e+04 2.601264623958628363e+04 2.110497511267174850e+05 -5.905270478579878727e+03 -4.248878554481484571e+03 -3.423451831658474021e+03 2.835954355154500263e+03 1.480972562610847035e+03 4.957891204323230454e+02 8.482351965876323447e+02 5.002372427578214911e+02 8.690897002965562024e+02 1.944527582295013417e+02 3.281772234728944113e+02 -4.003895635515268623e+02 8.425132268611480413e+01 -1.216642419325168703e+03 8.708482554572530887e+01
-2.534434069040828763e+04 3.396268185427752178e+04 5.716933630449621705e+04 1.301562504691552022e+05 1.100800229108986059e+04 1.086683117322465172e+06 2.824695953699035272e+03 -1.608708077272069204e+03 -9.834537627845157112e+04 9.360248262943615555e+04 5.327208482873861067e+04 -3.385055137217840820e+04 9.199640382927923383e+02 1.340101329143467301e+05 9.634983561098288919e+04 2.280787723886362073e+03 -1.281373795700763367e+04 4.217252365556621044e+03 -6.414609025450699846e+04 -5.311855209047733297e+03
-4.839840400668755319e+04 -1.513266195375624011e+04 6.408219579032252113e+02 -1.251725647349975816e+03 2.194166035563472121e+02 2.805219713514504747e+02 -9.250126502410315652e+02 2.884512938997518631e+03 -1.591349281771031929e+04 -2.506059589159484676e+04 -1.209161766511731003e+04 -3.701931948012017074e+03 1.061754268853505664e+03 5.791281251600208634e+03 3.362955267375227777e+03 4.700431689336659474e+03 9.601660253329037005e+02 -8.868034281148367199e+02 -4.769510833595015356e+03 2.737195772562338334e+02
-7.192981951820223912e+03 1.670060329714207546e+04 2.599551046109497111e+04 1.336464522392806612e+04 7.382401571526008411e+03 1.386778536377016280e+05 1.149157479296770362e+03 1.056141953714920237e+04 -8.393689252980596211e+04 7.074216967113058490e+04 2.840228422645918909e+04 -3.021597797392802750e+04 8.200907059194508975e+02 7.427057635411132651e+04 7.274134804802971485e+04 8.900125531926868234e+02 1.079366809850047503e+03 -5.918550775528116901e+03 -9.420769621569517767e+03 9.106193435830131193e+02
2.479180609792249470e+03 8.092827026570278576e+03 9.755691841053829194e+03 4.799563501611053198e+02 -1.808183117297393437e+03 -5.374153251542575163e+02 -3.550523182467023435e+04 5.575254559618268786e+02 1.048446239835922597e+03 1.990892256165292565e+03 -3.451365060166642706e+03 -1.356755796396096457e+03 8.591772869752271902e+01 8.182697297552275586e+02 1.234885241384299945e+02 4.193803990687368241e+03 3.693827712137091112e+03 8.931724249944689973e+02 -9.598941001522513261e+02 -1.272934370411390319e+03
-2.079872154026664066e+04 2.301262177311371488e+04 2.781233708410477993e+04 5.280752192131114862e+04 1.898121831730266422e+04 3.945801167727387510e+05 -8.629316190962386827e+03 4.870682226124389854e+04 -4.489198651543679298e+05 2.664641288210290950e+05 1.004053454014450544e+05 -1.278585670325097308e+05 8.105133357099221939e+03 2.505880785946081160e+05 1.227242857358850306e+05 -2.785124923055542240e+04 2.327273734393592531e+04 6.953022560114209773e+04 5.475016851465109503e+05 2.539773012891562030e+04
-9.906024173391100703e+03 1.651491514675655708e+04 2.670715643698551503e+04 3.782677458907302025e+03 -1.609962031171879289e+03 2.551474216259529203e+04 2.710400752652353731e+03 4.171319934776121954e+03 -1.258676831635131384e+04 1.560720077909843894e+03 2.575722263090214983e+04 2.010140764455177532e+03 4.933314105897876800e+01 9.716549842656666442e+03 3.930891778569598500e+03 2.187313584280713712e+03 -7.562876713596562695e+03 5.409642482879637100e+03 -2.250276004281622590e+04 -3.387998798970625558e+03
-3.770983126473466837e+04 5.487385780222576614e+03 1.397230955163091676e+04 2.078126879706950422e+04 7.888132223667610560e+03 5.041418500662119914e+04 -7.442846384545428009e+02 4.519229222614926402e+04 -1.758634299516984902e+05 8.380269460526382318e+04 2.220801421463676525e+04 2.007865925857896218e+04 1.205491776937907707e+04 -3.255078927226952510e+05 -2.339856602635043964e+05 -4.201601559623531066e+05 7.102285857723297086e+05 -2.104463607909047045e+06 -2.177633794808288221e+05 5.090580878107423814e+03
-2.426091936731514943e+04 2.694714427095974679e+04 3.667572126514651245e+03 1.044606899719618923e+04 2.913220854107990090e+04 5.306778203106479486e+04 -4.594949134260181381e+03 1.867452406596787114e+04 -1.378775680242416274e+05 1.558192104766846205e+04 -6.290820204573906267e+03 -1.329812095294551364e+04 3.729025513047743516e+03 -4.820284070918576617e+04 -8.729026335838047089e+04 -1.137769096384951263e+04 1.580632494886757195e+04 2.600998357425364884e+04 2.095865324660607730e+05 6.383567378700519839e+03
-2.488705035734297053e+04 4.965886836840601609e+04 -8.811630858340695340e+03 -1.026108368990996860e+04 -3.475340436687811234e+02 5.644661839657946985e+02 -6.341022357348225341e+03 1.529234604607445078e+02 9.399297324633995458e+02 3.138922883653228837e+03 -4.452383941499231696e+03 -4.408502778968928624e+02 -9.407987908599032778e+00 7.450769607659044595e+02 -9.351229330790602035e+02 5.718963270347757089e+02 -3.729846758533887510e+02 -3.457187511431306461e+02 -1.504533067838574993e+02 3.374894505447745701e+02
-1.862322623777345871e+04 6.697420778612938193e+03 1.661834966458981398e+03 1.947388511792517602e+04 -2.531976057002307243e+03 -2.284397274537312114e+03 3.637698354073968972e+02 -4.704681297809952412e+03 9.009694611225435210e+02 -7.957125375241935217e+02 1.461625929004822865e+03 -5.537481885787889951e+03 -7.861791676822062982e+02 1.101370763350259381e+02 -5.203415648279490142e+02 -1.512539735634568387e+03 2.675334934930460349e+03 9.845511838213604960e+01 -1.049369290339438265e+01 -7.303709213294736458e+01
-2.542795579155937594e+04 5.264001950904635305e+04 -2.684224300715449772e+03 -9.911953627828646859e+03 -1.291058966099616782e+03 2.047571376738138440e+02 -9.122263692148337213e+03 -2.570519800724275683e+03 4.101812280233443744e+02 -2.699119824827800471e+02 2.816733258130549530e+03 2.740247297981157317e+03 1.865098951361475770e+02 1.661411336644257744e+03 -1.335951960516128111e+03 8.615718318927207520e+02 -6.013396497323127505e+02 -5.997112716471244767e+02 1.386796989702312430e+02 6.960203010769894263e+02
-8.929681174350629590e+03 1.674658899639818628e+04 2.577688399217608458e+04 6.111357143265079230e+02 -2.040728361032784505e+03 -7.519703396928379107e+02 -3.325257724851971943e+03 -5.046693221633669282e+02 -9.427361906111566441e+02 -8.868111098843100990e+03 1.807323928315283774e+04 5.866209147594488968e+03 3.452378801143332225e+02 5.017903987780980515e+02 -3.391897188172770257e+02 -7.506428961404748179e+01 -1.590997911271433168e+03 -5.297020634027931010e+02 8.301164638552592123e+02 -7.082244660391266962e+02
-4.671644323815371172e+04 -8.833421144162353812e+03 -1.316056677328759179e+03 2.173438275559759131e+04 -2.098462895800228125e+03 -2.010084638459700955e+03 -3.622622482187003243e+03 1.541245215691823978e+04 5.479739826316340441e+03 -2.392003593591393837e+03 2.052666039841050861e+03 -2.516322868954956903e+03 3.772502049914236977e+03 5.133511418345481616e+03 1.713029432046041165e+03 1.643663608952853610e+04 -2.328164593565207906e+04 -5.591206601450366725e+04 4.843004162574758811e+04 -1.023217144902201107e+04
-4.604627741940412670e+04 -1.259906075228155714e+04 4.576054832466073094e+03 1.937791861520115390e+03 4.289908033490660841e+02 1.602205318481282848e+04 -3.010843108189031682e+03 8.336419234093516934e+03 -3.707189018879443756e+04 1.345619431214451288e+04 2.521004675497531935e+03 -1.771540826357301512e+03 -5.522307809826711491e+02 -2.169653438903723509e+04 -2.672028257042165205e+04 -1.423384993807663705e+03 1.885098753698848668e+03 -5.605461733229212768e+02 4.342865661380818892e+03 9.581481931211826577e+02
-4.142454675950141973e+04 3.523850570149484702e+04 -2.515506530893176750e+04 -4.466433699781151518e+03 3.209028064838178125e+03 1.699567357136365445e+03 1.763476369302904459e+03 4.092785316881572271e+03 -4.750326482840349490e+04 -6.440203181907714315e+04 -2.928720186911208657e+04 -7.725173647918448296e+03 3.226093495274218640e+03 8.890972319773056370e+03 5.042511881140102560e+03 6.726269444693120931e+03 6.023368736693599885e+02 -1.096511664455956179e+03 -5.759330611979779860e+03 -1.424599122030882199e+03
-4.587864759726069315e+04 -1.197624698203101434e+04 6.057318096430144578e+03 6.461383089373659459e+03 6.258027707383718371e+04 -1.690849625795495285e+03 -2.463943787377959325e+03 -5.601746453032487807e+02 2.000508043367629796e+01 -9.042327937347819216e+02 -4.488927968050200548e+02 3.703212076352847362e+02 -1.154378657868826110e+02 5.806708864655045090e+02 -3.233739786355366164e+02 1.098034893917161412e+02 9.074709666763874338e+01 4.825488710608170351e+01 5.554018300918471596e+02 4.176387829479302241e+02
-2.088088297848041111e+04 1.068365292447831962e+04 2.151535144673610557e+04 4.180413413471131321e+02 2.916003063296480832e+03 1.455295530744060306e+04 7.370927641115554252e+02 1.375106991375035432e+04 -3.199258083888542023e+04 1.975515013115508555e+04 -6.496264973005665979e+02 2.292588126497125268e+04 6.672893581838473438e+03 -3.006131521224333483e+04 1.143630818730350256e+04 -4.780862415811419487e+04 7.498424660888401559e+04 -1.137242872804931976e+05 -2.031996459666312148e+04 -1.414344207644728158e+03
-3.557510638379199918e+03 1.501984871254584868e+04 2.197940315920536159e+04 -3.018836317218846489e+03 -9.398322528388850969e+02 -2.701894035193575405e+02 1.827727981516130512e+03 2.145219638202479473e+03 8.865316522143265274e+02 1.232899538235378259e+03 -3.044120839870434338e+03 -8.337477095115133352e+02 -1.283560868348232376e+01 7.417166148672846475e+02 -7.032063606002470806e+02 4.765484688394289492e+01 2.144353779001964142e+02 5.892566564840670651e+00 1.006088396037937400e+02 6.911525970091270210e+01
-4.170324232268446212e+04 3.592800288983647624e+04 -2.631111025582168440e+04 -5.215194680268989032e+03 9.961860748760464048e+02 5.561228440108310451e+02 1.341938083209331353e+03 -4.304916567621630747e+02 4.213094467389594229e+02 1.276632886864748002e+02 1.716021576201648713e+03 -2.214880664581806684e+02 -6.278360627224361679e+02 -2.600806059232396592e+02 -5.757933517513069432e+01 -2.423856012809914091e+02 -3.644378215321172121e+01 -8.380023343760741454e+02 1.149647840141556401e+02 2.120631091592619487e+04
8.620534732498207404e+02 6.792787560593195849e+03 1.057553676697285482e+04 1.423082699697984026e+04 -3.236842186737130305e+03 -2.383799535331901097e+03 3.923648877799178081e+02 -2.402934791316763949e+04 -3.791870895755464062e+03 8.754531533257971887e+02 -1.725798438480405821e+03 2.312097048477693534e+03 -9.169364645443536688e+00 -1.018576001461862575e+03 1.242424949257186881e+03 -9.324234690932918284e+02 1.248000973808400886e+03 2.595809222803771945e+02 1.014457598228673021e+02 3.180607581020177349e+03
-4.143194439734111074e+04 4.484228981908001879e+04 -2.858539044520583775e+04 7.259260333068377804e+04 -7.064001523544519841e+03 2.771969462974639100e+02 7.208525684075864319e+02 3.906729044659725332e+04 -5.385709631857901513e+03 1.048470285050104212e+04 -1.759744032777686880e+04 5.207129716938638740e+04 6.499521134707255442e+03 8.182937939878567022e+02 4.915421920691188461e+03 2.402189762005840294e+03 -5.040236734664472351e+03 1.307832762866300436e+04 -4.256148820583467568e+03 9.697312495868145561e+02
-1.917113260241075113e+04 1.311014096368948594e+04 1.451873245345027681e+04 4.444656306493115153e+03 -1.225165043481457815e+03 -7.589753990907503294e+02 -1.135023482477577636e+04 7.240250788268493125e+03 2.711488387738263555e+03 -1.009271081259237917e+03 -1.021671376168188431e+03 -1.472561252931317722e+04 -1.760097029519464968e+03 -3.360663181688599252e+03 1.298538036467059783e+03 -9.211567882080917116e+03 1.340467226238316107e+04 5.397372816731875901e+03 1.885542113458691574e+03 -5.759252017626333782e+02
-1.255788250541748857e+04 7.995910360972646231e+03 -2.065775961854942864e+02 4.145460243871294369e+04 -4.754234117133484688e+03 -3.668989200122397961e+03 -2.975112231311377400e+02 2.864603827324350732e+03 1.627854216254905396e+03 4.812137393098211078e+02 -1.843642652737604294e+03 -2.238879511912840371e+03 3.613688594628665101e+02 1.371371402904540901e+03 -1.113289579278419751e+03 1.831538227923852446e+03 -2.118343394516165972e+03 -1.459289952390749022e+03 -3.021149146145863540e+01 1.487027032119573562e+02
-5.434653521866383926e+03 1.168605884508102463e+04 1.589594624001833654e+04 1.565496673928801283e+04 -4.051620374408393218e+03 -2.746979545185129155e+03 -4.597217590311273852e+03 -2.484656878136260639e+04 -3.940757643593651665e+03 -1.541813473953556922e+03 3.319888139031731498e+03 3.903277502067081514e+03 7.935344416796624500e+01 -7.285103587413265132e+02 1.203943042672085085e+03 -8.106849517543830643e+02 1.187135516316212033e+03 4.907379966318919173e+01 4.111570776745341504e+02 3.358681778594566822e+03
-4.230074632648596162e+04 3.173283367173568331e+04 -1.181595865101451818e+04 7.022798172212296049e+04 3.528531896716216579e+03 7.898680008489934153e+03 -5.763680276387690355e+03 7.020235113786105649e+04 -8.040181862613800331e+04 -3.238103336256204420e+04 -8.247568561438926554e+04 2.313521132912283356e+05 -1.214324406624735100e+06 3.285774123662659258e+04 3.262960412621330761e+04 7.592509437942585464e+03 -2.003601040810386849e+03 -9.984261045926943552e+03 1.619860374059043897e+04 -3.105760709461279839e+04
-4.597012488761553686e+04 6.029087831942364573e+04 -8.376021951812708721e+03 1.853546220402240351e+03 -3.051949119724287812e+03 -3.655868740580662006e+02 -4.217939295523426699e+04 7.265931060859449644e+03 2.241413483546257794e+03 4.592031597862177478e+03 -8.641465858139205011e+03 -3.504559939022276922e+03 1.434788387755561416e+02 5.405396685740985276e+02 -8.833638412195209355e+01 1.546836938782280640e+03 -1.495673705485171240e+03 -1.524380957222005236e+03 3.893801951768131175e+02 1.897277724065462735e+03
-4.602943147526719986e+04 -1.264689863789240917e+04 3.977983541881245401e+03 -4.699698354103414744e+01 -4.530022228453654520e+02 -1.513452401315360021e+02 -8.306502588745566754e+03 2.768450996686508006e+03 -2.053515310426852011e+03 -3.485854513877725822e+03 -5.982718044148910849e+03 -6.529510876289482439e+03 -1.815652155286429206e+03 -4.565033017427120285e+03 5.397040189435899265e+03 -3.505207940036319633e+04 -2.350753317250120745e+04 -1.858441280671968059e+02 -7.520672148716735137e+02 2.543486747477951155e+02
-2.498077186318732129e+04 2.631406486892719113e+04 1.344071925778906552e+04 2.127311319339059992e+04 4.416544705451139453e+04 1.061912859416343708e+05 -1.723220074456119255e+04 4.577454139849750936e+04 -3.619698877772307605e+05 6.661055775790552434e+04 -7.400150531655300256e+03 -4.627292921978038066e+04 9.580569618015855667e+03 -1.375425073673045263e+05 -2.645146302816238021e+05 -3.758171222240931093e+04 5.122431712113193498e+04 8.928945180183403136e+04 7.115093977176988265e+05 2.303182656337289154e+04
-2.355501195781553906e+04 2.426984973255989826e+04 3.045530167303907729e+04 5.912451571240432531e+04 8.350890648660182705e+03 8.631646067246637540e+04 -1.990197281742230189e+03 7.837111987679243612e+04 -2.531767388323282648e+05 1.347787085001166852e+05 5.998019736836872471e+04 4.462488080936217739e+04 -7.427769283151555101e+03 -2.174164048649183242e+05 -2.326986299964478821e+05 3.998201027050674747e+04 -6.119156957917978434e+04 7.300509332303371048e+04 -1.949312601985631918e+05 -7.287238835909098270e+03
-1.641608874086479773e+04 1.781503969921320459e+04 3.391932557508655009e+04 3.004647648016687890e+04 2.499917312753506412e+05 -6.692097632385708494e+03 -5.099177230338959816e+03 -4.633045393007048915e+03 3.300533643941048922e+03 2.482476980786642343e+03 7.369656543700307338e+02 1.217177745181498267e+03 7.091833332843809785e+02 1.185158462462909256e+03 1.749086552626278603e+02 3.980901744452095841e+02 -4.526640136990730525e+02 5.478677905212879296e+01 -1.976800365014091767e+03 1.416439360140808787e+02
-2.526453035560741046e+04 4.444472669138551282e+04 7.377008612880377041e+04 1.667412331157379376e+05 1.493705606932060800e+04 1.466414314343673177e+06 -2.802717923809582771e+03 -2.346521660321276795e+04 -9.237804425527285275e+03 3.232638898700806749e+04 2.991672128163318848e+04 -1.749737816649088927e+04 4.957015334456363576e+02 9.101359860904086963e+04 5.358278815693398064e+04 5.187350187974319851e+03 -1.797233859911886975e+04 1.889587042832404768e+04 -4.458338193041580962e+04 -5.903833228715079713e+03
-6.000138963245229388e+04 7.938003462338678219e+03 -1.877506966457908857e+04 3.454373719569764944e+04 -3.027304356066902983e+03 -3.076352617545817793e+03 -1.439935726771705731e+03 1.421157699279099688e+04 5.383105999283036908e+03 -3.902466753319858981e+03 5.366780179608152139e+03 -1.182618369485821313e+04 -7.971834720190870485e+02 3.371499987532757586e+03 -2.939530709279633811e+03 -1.375430672518205029e+03 3.343076090427439340e+03 -1.623485182972989833e+03 5.785108653377072869e+02 9.977766265782233859e+02
-2.587569236665459175e+04 1.820671024145695264e+04 3.281614228852981614e+04 6.494608531644272443e+04 1.076223167871572696e+04 5.181406696455125348e+05 -2.080690655829334446e+03 3.012783647435006787e+04 -2.368115482867600804e+05 1.776413525548198959e+05 7.436352778388267325e+04 -5.059745636116394599e+04 3.192567693929935558e+03 1.348804605474623386e+05 1.052596010985633475e+05 -1.540830673810317239e+04 1.769124161404243932e+04 -3.136492791489643423e+04 -1.097061448761504653e+04 2.255850390340549154e+02
-1.447076393046126577e+04 1.378520889973991143e+04 1.398755683721828427e+04 -2.568892076283873394e+02 -2.623964283726230065e+02 1.510042778735233355e+02 -5.412273189091226413e+03 4.508430604349605346e+03 -1.276934151054438917e+04 -1.727332670942570257e+04 -1.118398565386424707e+04 -6.133694448945074328e+03 -6.856185066911152717e+02 2.549273423283836564e+03 5.368229038739801581e+03 3.240488077389541104e+02 3.185529091023368437e+03 -3.732715457779424469e+03 -9.820974754222103229e+02 -4.545069625740431547e+03
-4.149299905309660971e+03 1.840893583903098988e+04 2.640030666929737345e+04 -2.939958616046573752e+03 -1.681596673539328549e+03 -5.331313429702346411e+02 -1.931509805335125748e+03 5.043272834758618473e+01 4.821455076009087861e+02 -1.341468638997875587e+03 2.502127046489606073e+03 1.667048144660759817e+03 1.514865576271500913e+02 1.514935968758820763e+03 -1.038804072209019978e+03 3.352183534405978662e+02 1.125630855325584001e+01 -2.122103379021683907e+02 3.144062362682984713e+02 3.702235751745291736e+02
-3.885754238286243344e+04 3.844015346544401837e+04 -1.820402894868577278e+04 3.710542575426933126e+03 6.524432475835753576e+04 -3.876395604497004115e+02 -1.671777369203816988e+03 1.056917082525432761e+03 -3.129947152805522273e+04 -4.010621162932412699e+04 -1.809691994047061235e+04 -3.857216842723536047e+03 2.063647862063735829e+03 3.857529202163733771e+03 1.467494285133613403e+03 2.206912003982021815e+03 -3.207175426645683274e+02 -2.984997100814320561e+02 -3.287676974585270955e+02 -1.296538244802725330e+03
-2.250357929310973486e+04 8.370332839310252893e+03 -4.427100492621254489e+03 4.566824659101343423e+04 -4.935326799654261777e+03 -4.213731972087216491e+03 -7.588223663000837860e+02 5.351279103121414664e+03 3.358171928565163853e+03 -1.484567737019737024e+03 1.527663130745618901e+03 -8.558498616483766455e+03 -6.026308763167037341e+02 2.075294699653122279e+03 -2.150360635264721623e+03 -3.062129908571578198e+02 1.501017808882536428e+03 -1.074169255823799176e+03 -5.958808362877729792e+01 4.346015720256239092e+02
-2.117522462945063307e+04 1.467925392243766146e+04 1.543841472335231447e+04 1.053299093832413928e+04 -1.937436498205886664e+03 -1.400577128753155876e+03 -6.648667922263767878e+02 5.429843205425693668e+03 1.351678680408243508e+03 -8.746999317774072551e+03 1.690195260536021306e+04 -2.125750357437627827e+03 -6.011463056976857615e+02 6.079417336000386740e+02 -9.598565126685132327e+02 -2.022820697483731919e+03 1.557740822021346958e+03 -3.003132544360469183e+02 8.025461818201526967e+02 -7.007972650826744712e+02
-3.974917303996800911e+04 2.992474114119260776e+04 7.071599825384917494e+04 2.119786576615697704e+05 2.921329843516815163e+04 2.260459814969441388e+06 -1.914860276708381571e+04 -1.197141876558182703e+05 3.777748173153723474e+05 -2.296517968083749874e+05 -1.297108764629842626e+05 6.304044928217919369e+04 5.534690031535938942e+03 -1.422523746465898002e+05 -6.509183787714028585e+04 -5.075145329514676996e+04 9.022648044844013930e+04 -1.260102463768135494e+05 5.543411406090674427e+04 7.031130045779574175e+03
-8.199483074740570373e+03 2.412540070347420260e+04 1.719653793456986023e+04 -4.559141761040782512e+03 -8.371577461815948027e+02 -1.060887755841575881e+02 -1.939957992484659371e+03 2.160625221562800562e+03 8.135019233697147456e+02 1.500307767352635665e+03 -3.414653256262458854e+03 -2.247768024763582275e+02 1.221010452710220591e+02 8.381890090673571194e+02 -6.174479033163994472e+02 1.438202746894603763e+02 1.456444238963239570e+02 8.514534029729300357e+01 5.089069796148216085e+01 1.000211555248193775e+02
-5.544694615448676632e+04 3.803544562803117879e+04 -3.273157473401235984e+04 1.624197272432399404e+04 -7.976791025262757557e+02 -1.414133146963484251e+03 9.706164526894464473e+01 7.098342673661281879e+03 4.040927274933425906e+03 -2.347650047220588931e+03 6.258473107174155302e+03 -9.278737117918322838e+03 -1.171944501479833662e+03 1.061920202291653823e+03 -1.478445973372469552e+03 -2.094784651697730624e+03 3.680691974509899410e+03 -7.787238627539455820e+02 5.936267906267521539e+02 9.040016389276227926e+01
-5.037963260833575987e+03 1.394982229978603391e+04 2.244798792910777411e+04 4.634998159917356588e+02 -9.838126121540670965e+02 2.188307547688912018e+04 6.680720436196559604e+03 3.809991727582294516e+03 -9.558108704148897232e+03 7.906882260409970513e+03 8.159448338816693649e+03 -2.073601198377928540e+03 -1.364645570610686605e+02 8.590233936270684353e+03 3.286602452524392447e+03 2.330846010659215153e+03 -5.195510105972293786e+03 4.960663501080720380e+03 -1.963008325622725897e+04 -2.008033939217332318e+03
-3.071699781743986478e+03 1.075057412215883051e+04 1.734146855224603132e+04 -2.025605350298838175e+03 -6.883332619453915413e+02 -2.556741035182366488e+02 4.834582816476902735e+03 1.209777627312871118e+03 6.709175248293878440e+02 9.447714066365895178e+02 -2.410436189404113520e+03 -6.750326695906045416e+02 -8.654669659144630600e+00 9.753064513391094579e+02 -8.331853957485911906e+02 -3.526456386895290507e+01 2.346890478820161263e+02 1.102355395048018494e+02 -8.677891750236329926e+01 8.556389140907984370e+01
3.746973160122689023e+03 2.652317954581521553e+04 2.346029159606683243e+04 -6.646511466511172330e+03 -4.183702214710055159e+03 -1.169805102144090228e+02 -7.641903516135503014e+04 4.097604150077601844e+03 1.974543662456343782e+03 7.117420238977971167e+03 -1.312492838026995014e+04 -3.537538239449903358e+03 1.718887399583472870e+02 1.194608219258948111e+03 -1.170364369711317778e+02 5.174013177668915887e+03 3.447529355432905959e+03 8.582267939536390031e+02 -1.714933119850373942e+03 -9.714949353375645842e+02
-2.188720638574317491e+04 1.059241400413203519e+04 2.038235173054235929e+04 1.070193685679009832e+03 2.980372296831243375e+02 5.426398347164041297e+03 9.807530587024212991e+02 1.513648240063977391e+04 -3.310712545823998516e+04 6.404356264205569460e+03 6.070649570346966357e+03 2.212927586896739012e+04 2.720696677117902254e+03 -7.061930946635433065e+04 -1.077249770298189287e+04 -2.974411617955128895e+04 3.031431920450131292e+04 8.639082772654804285e+04 2.669608991490132175e+05 4.358330732482956478e+02
-1.667464668531557982e+04 1.172221356389611537e+04 -2.218491121730736268e+03 7.277125021178793395e+04 -8.053389041140383597e+03 -3.007812341126522369e+03 -7.496295560139120653e+02 1.555985953128162146e+04 -9.650196156208519369e+02 5.242569743073845530e+03 -7.740238872932146478e+03 8.755731901061137251e+03 -4.799026729734933951e+02 1.721356340998071801e+03 -4.267187683916425158e+03 4.499156412922666277e+03 -5.319684750023011475e+03 1.781969984326441136e+03 -4.436152239889309385e+03 7.277370385965376727e+02
1.020414119817597748e+04 1.827118255951869287e+03 2.578017258799264710e+03 6.099677361434806926e+02 -1.558317153534177635e+02 -1.446071068172855689e+02 -1.095712575517850382e+03 6.946127096710705473e+01 -5.538277160630136642e+00 9.279283576779508991e+00 -1.604496791496430603e+02 -1.540372208770763223e+02 -1.172426864024603788e+01 -5.217434830459889099e+02 3.836291105050475494e+02 -1.143506120665588242e+02 7.294047955611101486e+01 1.103911014445181564e+02 1.895223703066588428e+02 -4.540301203375190653e+02
-1.584173663025683345e+04 1.004568285039374314e+04 -1.714746535300733058e+03 5.898767932839661808e+04 -6.578048238288064567e+03 -3.325074300899260379e+03 -5.867141490033841364e+02 1.008599200253308118e+04 3.338264244686444613e+02 2.934632029311897895e+03 -4.772745192967992807e+03 3.192498630771749959e+03 -2.351249950105831488e+02 1.622229793296571643e+03 -2.993770229669597029e+03 3.047898806757176317e+03 -3.449779944875278034e+03 4.422121134369581341e+02 -2.526482825822769428e+03 5.088540900459086060e+02
