-4.938294080645091162e+04 -1.553377250762710355e+04 1.328471788468371244e+02 -1.208724279226717726e+03 -5.533974298478005238e+01 7.447473335153175356e+01 -3.973784522245461517e+02 -1.127078119383691579e+01 2.795798347529026273e+02 3.856709211265653607e+02 -8.250933108529714843e+00 2.695274374368412964e+02 5.680160215459967787e+01 1.203311262613261619e+02 -8.589026457346393784e+01 1.017852227388433732e+02 6.742838163559026654e+00 9.161477425837429678e+01 -1.383905270637925611e+01 -6.551366531183789448e+02
2.099516953713400653e+04 -3.093364704694577995e+03 -3.395692535204427713e+03 -4.312914836620520873e+02 1.632688026197752720e+02 9.576812257691351249e+01 -9.449600280651341677e+01 2.137859068282538431e+02 5.141685828031418382e+00 -4.420235061702755530e+01 1.123771369403966389e+02 4.006630320107284859e+01 4.025076644560063421e+00 8.525736949665251529e+00 -8.427321812719332783e+00 8.718392554902450797e+00 -3.282690032475997555e+01 -2.476360741192647907e+01 5.119356131717525571e+00 1.808562464475250042e+00
-3.808936616150320788e+03 1.309366065456830074e+04 1.989252590662626608e+04 -2.426194684157077063e+03 -8.624072850445589893e+02 -2.952180119955928603e+02 3.122679968462277429e+03 1.331448438370216763e+03 7.038215025415906894e+02 7.268496089180513309e+02 -1.956489430650930444e+03 -4.244256504130046324e+02 9.661189347064631505e+00 9.545677262192479020e+02 -8.072517822474165996e+02 2.637636689740249807e+01 2.029071374613807563e+02 4.385260458398770567e+01 2.490752065750285382e+01 1.135901045299879684e+02
-4.260886782801830122e+04 3.583846070121286175e+04 -2.622705834739514466e+04 -5.116292441518177839e+03 9.131450870268052995e+02 4.989418012674915985e+02 1.728082558591771203e+03 -2.218037409005853988e+03 3.045188589352402460e+02 8.542148589730441017e+02 1.106520730042738251e+03 -7.830245850897928506e+01 -1.471103529638531029e+02 -5.321498259599050016e+02 1.064526643458166610e+01 1.449673674909902275e+02 -3.402780217800124092e+02 -7.182769634648653323e+01 -1.418870112040549714e+02 -7.905726848944208314e+02
-1.303441784579379237e+04 8.465597567046406766e+03 -5.521946858436550656e+02 4.541415079844311549e+04 -5.164377083960905111e+03 -3.647451403671234402e+03 -3.705777121265503524e+02 4.426744758514070782e+03 1.396409384699234579e+03 9.873438673003662416e+02 -2.487104205163470397e+03 -9.975161865608848757e+02 3.136332378242514665e+02 1.438945081805670497e+03 -1.434566433649285045e+03 2.196342708711313662e+03 -2.581699050129582247e+03 -1.191872428276911251e+03 -4.493861275445974570e+02 1.992320340859097598e+02
-1.636851717304193699e+04 1.728942415423864441e+04 3.224792621828879783e+04 2.771376774574427691e+04 2.276027846861450817e+05 -6.255865905553477205e+03 -4.610109421843749260e+03 -3.952452618400745905e+03 3.079693138582954816e+03 1.882323596433156354e+03 5.896456073421542214e+02 1.000477920767474188e+03 5.906599660826658464e+02 1.041626326162026771e+03 2.292670610692280206e+02 3.540969348057054731e+02 -4.171918047586398757e+02 6.189766868102036312e+01 -1.515398091157969247e+03 1.104779161043364439e+02
-2.513172833758084016e+04 4.158923623152429354e+04 7.086563419907116622e+04 1.576653559096350218e+05 1.389716719696030123e+04 1.377481160151125398e+06 2.393258177391589356e+02 -1.804550057368410853e+04 -3.132929162535205251e+04 4.875585642604477471e+04 3.845717364731526322e+04 -2.155563062016835829e+04 5.080595127435495897e+02 1.033848042244566313e+05 6.552611041583951010e+04 5.078318729755618733e+03 -1.813558055512012652e+04 1.591269361030215987e+04 -5.786693624768973677e+04 -6.404337931711838792e+03
5.656151207927687210e+03 2.187679825241012804e+04 2.374030268035074914e+04 -3.797823165853043520e+03 -3.950467335141242074e+03 -6.170279708533769281e+02 -5.882004699740629439e+04 -2.147508670833534552e+02 9.716399879441013354e+02 1.425599073228449015e+03 -1.693495090959771233e+03 1.014099608384773887e+03 3.896697546140618442e+02 1.984759552187367717e+03 -3.938353595012091546e+02 5.146386216819850233e+03 3.206888985537212648e+03 5.533118126162090675e+02 -1.023207809094355980e+03 -5.125832745011157385e+02
-3.390361032988087391e+04 7.461490853905177210e+04 1.565464070198635163e+05 6.688038500037605409e+05 9.269461209923577553e+04 7.429178814210163429e+06 -7.226347487304396054e+04 -6.452495208701075753e+05 2.697222315995696001e+06 -1.839428319571936736e+06 -9.099011106334049255e+05 4.952719504703676794e+05 -1.449154183666315657e+04 -1.352397542225514771e+06 -1.006791201424730825e+06 1.677897437323605482e+04 5.029670213864884863e+04 3.157114726211919697e+04 3.748489633779013529e+05 3.634773474928404903e+04
-4.217614092158563835e+03 3.734047900343945003e+03 6.103643051170361105e+03 8.686001119073138398e+03 -1.810807981089292070e+03 -1.332676285763634496e+03 1.775789559574436453e+03 -8.859263047838119746e+03 -7.118634526222972454e+02 1.518532372923418961e+03 -2.100851651914436843e+03 3.506299000851917924e+01 -7.357886328524106290e+00 -2.533590013330766055e+02 1.447691065308154634e+02 1.722233988180637709e+01 -2.038054868091109029e+00 1.560936327000686674e+02 -8.392449061175915404e+01 -1.133229950431831867e+03
-2.468358970724064420e+04 4.788468036927418871e+04 -9.075064280869215509e+03 -9.724186531310675491e+03 -2.419277629462240782e+02 5.247273124102357542e+02 -4.069692699383053423e+03 -7.749651162188095554e+01 8.834900235466827780e+02 2.848784650811817755e+03 -3.910059231719601030e+03 -3.075323509439412533e+02 -1.092283992239595847e+01 7.382989977065167295e+02 -9.284238366004174168e+02 5.239355955001402663e+02 -3.638506677151549411e+02 -3.388388205043958692e+02 -1.178000577809696097e+02 3.486366020475949199e+02
-1.288652562724442578e+04 8.790601457250242674e+03 1.153044227109355961e+04 4.267195342237947443e+03 -7.636120156175669536e+02 -2.718784399723958245e+02 7.191273912067987339e+02 4.109133481123592901e+03 4.868877093317589129e+02 -7.313262712043310785e+02 9.558049932222508005e+02 -6.076422951782170458e+03 -1.004084209124931363e+03 -1.441806274624379876e+04 1.226895847856265209e+04 3.258247623366915832e+03 -4.455600398481823845e+02 9.687611597478770875e+01 1.163573744010749579e+03 3.547263643010320493e+02
-8.929048020983113020e+03 1.674665142567621660e+04 2.577719245288385719e+04 6.106456794372955983e+02 -2.040703489948970173e+03 -7.519307466800216844e+02 -3.325275077359709940e+03 -5.048284382923007456e+02 -9.427973019476261243e+02 -8.868039238719436980e+03 1.807312739636528931e+04 5.866331509188389646e+03 3.452446228958815482e+02 5.017657828447660222e+02 -3.391873741643108815e+02 -7.504238932577447940e+01 -1.591029371104985785e+03 -5.296801461821531802e+02 8.300947927413129719e+02 -7.082235341158677784e+02
-5.569963073253937182e+04 4.000524081454399857e+04 -3.540128080195652728e+04 3.386319163456542447e+04 -2.646326352393198704e+03 -2.978421476435593831e+03 -1.702351305725791235e+02 1.327873263919393503e+04 5.935383108813371109e+03 -3.183994423268694391e+03 6.244542103277305614e+03 -1.249485013510049248e+04 -9.808736907070554025e+02 3.113819815720319639e+03 -3.199804087729558887e+03 -1.210436065684011055e+03 2.932243729220827390e+03 -1.852565111011800127e+03 4.739180552032481160e+02 9.570104494953679932e+02
-3.440633898858170141e+04 4.370198342291025619e+04 -1.064626052042681113e+04 3.781222159796578489e+04 -3.326659294419986509e+03 5.603304692726538860e+02 3.541708984687491011e+03 5.068770063791318535e+04 -1.773276820685792336e+04 6.487542251296727954e+03 -3.752926779266454832e+04 1.513532630094628839e+05 3.164126970761188932e+04 -1.271252573740497246e+04 5.780358427184414904e+04 -5.371757076918907114e+04 6.656483194680087036e+04 3.143571401094579778e+04 4.536901748569896881e+03 -3.864308359341386677e+03
-9.045574359854301292e+03 2.509472781560664771e+03 6.052602049672834710e+02 8.564211321167173082e+03 -5.749691222825024397e+02 -1.042737895624301245e+03 -5.479558260491886585e+02 2.337874444150976615e+03 2.716819043223620156e+03 -5.838273971440328751e+03 9.895888114277091518e+03 -2.375673958914053583e+04 -4.361648984331933207e+03 -3.282483414749742224e+03 -9.360360308197105041e+02 -2.595746211705441601e+04 3.979367801747010526e+04 2.336766508746086038e+04 -3.981866910769650531e+03 -2.856470254596074938e+03
-3.652886570304736233e+04 3.420854426258147578e+04 -1.818344743254294372e+04 -2.763877602962085348e+03 2.440831469662673953e+03 1.216982418937871671e+03 1.314674397077449385e+03 2.601618050078815486e+03 -3.120559928054682678e+04 -4.009342974575093831e+04 -1.630619736839565121e+04 -4.222253220255876840e+03 2.061983713218555749e+03 3.223102956839485159e+03 1.805930711763589443e+03 -9.846822437753338590e+02 -2.633461446485684974e+03 -3.483368146686578370e+02 -1.059751361798159678e+03 -1.799224867258258882e+03
-4.652826525879964174e+04 1.213875997741946594e+04 -1.497227857815345851e+04 1.345709557168084211e+04 4.471887188175832080e+02 -1.185010782554809339e+02 -7.630248442538735389e+02 1.633801164408109616e+04 -9.797532356457282731e+03 -1.053902465531744929e+04 -9.656823082100312604e+03 4.630159880680538481e+04 -3.338072353093388374e+05 1.376737695154908943e+04 9.763020230155527315e+03 -2.857343737577644447e+02 1.230069856274206904e+04 -3.988842011714605633e+03 1.011427503527930457e+04 8.122767063450439764e+02
-2.355501195781554634e+04 2.426984973255989826e+04 3.045530167303907729e+04 5.912451571240432531e+04 8.350890648660182705e+03 8.631646067246637540e+04 -1.990197281742230189e+03 7.837111987679245067e+04 -2.531767388323282648e+05 1.347787085001167725e+05 5.998019736836872471e+04 4.462488080936218466e+04 -7.427769283151555101e+03 -2.174164048649182660e+05 -2.326986299964479113e+05 3.998201027050674747e+04 -6.119156957917978434e+04 7.300509332303369592e+04 -1.949312601985632791e+05 -7.287238835909098270e+03
-4.757086598423588839e+03 1.137011517104653467e+04 1.567000409223699171e+04 1.545610514755057375e+04 -4.012412432910294683e+03 -2.720726331170438698e+03 -4.237409468081251362e+03 -2.491855334966534065e+04 -3.959847366505902755e+03 -1.414666874982950958e+03 3.068067758448905352e+03 3.913131334553278066e+03 8.494185884632791783e+01 -7.151831841518412602e+02 1.191618739816385414e+03 -7.973817781470866066e+02 1.164370253428692422e+03 5.941133730540040858e+01 3.883421757856018530e+02 3.354613148687390549e+03
-2.014504633504052617e+04 1.062716118458732490e+04 2.187704603092172692e+04 -4.004992194874638045e+01 3.034039012240794364e+03 1.463018706878956982e+04 6.418620641592956417e+02 1.249289990751801088e+04 -3.150278965936684835e+04 1.978632355256641313e+04 6.865371924112108672e+02 1.736591445204674164e+04 5.441890239574639054e+03 -2.966854747822355421e+04 8.864651243631262332e+03 -4.525492308549598965e+04 7.173357789663576114e+04 -1.147044286590801348e+05 -2.054939385332365782e+04 -1.202087136806821718e+03
-2.648791222453695082e+04 2.637795392547511801e+04 4.511205477342160157e+04 8.952269233429325686e+04 1.044794156256528913e+04 7.470054979018664453e+05 -6.574941415270054677e+03 2.011470038004780508e+04 -2.014429401736465225e+05 1.651341816836393846e+05 7.214446972287027165e+04 -5.137696007405831915e+04 3.400618932768563354e+03 1.607880061612037534e+05 1.303374961817704170e+05 -1.680135026484244736e+04 1.813464920054186587e+04 -3.830312101711927244e+04 -2.774766651129940510e+04 -1.378612370030601596e+03
-1.565431860897010483e+04 1.021999815884061900e+04 1.179740651223026725e+04 2.346213713229606583e+03 -1.086107606658901659e+03 -5.599716063191060584e+02 -1.399614024867305307e+04 2.952116945742137887e+03 -1.992692129882280824e+03 -2.888164469709503919e+03 -7.301874075604535392e+03 -7.402089494802117770e+03 -1.869880277507742221e+03 -5.547891574685118030e+03 6.114283808092419349e+03 -3.519455290090428753e+04 -2.378787923844265242e+04 -1.162953781752269578e+02 -6.242019605014398849e+02 -2.981934544794703470e+02
-4.604627741940412670e+04 -1.259906075228155714e+04 4.576054832466074004e+03 1.937791861520115162e+03 4.289908033490660841e+02 1.602205318481283030e+04 -3.010843108189032137e+03 8.336419234093516934e+03 -3.707189018879443756e+04 1.345619431214451288e+04 2.521004675497531480e+03 -1.771540826357301739e+03 -5.522307809826710354e+02 -2.169653438903723509e+04 -2.672028257042165205e+04 -1.423384993807663477e+03 1.885098753698848441e+03 -5.605461733229213905e+02 4.342865661380818892e+03 9.581481931211825440e+02
-3.770983126473466837e+04 5.487385780222576614e+03 1.397230955163091676e+04 2.078126879706950422e+04 7.888132223667610560e+03 5.041418500662119914e+04 -7.442846384545428009e+02 4.519229222614926402e+04 -1.758634299516984902e+05 8.380269460526382318e+04 2.220801421463676525e+04 2.007865925857896218e+04 1.205491776937907707e+04 -3.255078927226952510e+05 -2.339856602635043964e+05 -4.201601559623531066e+05 7.102285857723297086e+05 -2.104463607909047045e+06 -2.177633794808288221e+05 5.090580878107423814e+03
-3.771315434967391047e+04 4.238908057711128640e+04 -2.853801297099386284e+04 3.704656502632443153e+04 -3.314501203949099818e+03 -2.502345855454220327e+03 9.126710452516171017e+02 2.366173676923341918e+04 1.533847844150578567e+03 1.434145722859728266e+03 -6.376811645720796150e+03 2.880700884749126271e+04 7.910478501275012604e+03 1.935974947744938163e+03 8.840564354322055806e+03 -1.975183679708217596e+03 7.030829980414177953e+02 6.221176710683871534e+03 3.433523332272582593e+03 2.010680806103792690e+02
-4.332376167140884354e+04 4.873417784566304908e+04 -1.491819379816078981e+04 1.183625997982947010e+05 3.774330498322490166e+04 3.272267325405126940e+03 -6.657788197464812583e+03 1.238686921783806029e+05 -1.073264803249460820e+05 -3.239254324847713360e+04 -1.485637644755731453e+05 4.946661070626931614e+05 -2.562450987102032639e+06 7.993945496745551645e+04 8.424003479697836156e+04 3.541244295918357238e+04 9.498511284400306977e+03 -2.362886442389662261e+04 3.937337699184878875e+04 -6.968172246985540551e+04
-4.845963014898240363e+04 -1.541570544048269221e+04 9.484239234665999163e+01 -1.433326655135140527e+03 3.801555477882268264e+01 1.424529441474404337e+02 -7.656487647675451171e+02 1.711225375156304835e+03 3.725176719076168297e+02 -3.168186584693015106e+02 5.590535728672610958e+02 1.677176792397174552e+02 -4.114007897165316194e+02 3.639853548981849940e+02 -1.299490310205508479e+02 -2.736757961005951074e+02 2.945139405312567646e+02 -6.726279036900567689e+02 2.380974075089480948e+02 2.133488693548829906e+04
-3.937153958005669847e+04 9.400567375560969595e+03 2.847170868239001720e+04 -7.704187854615644937e+03 -4.774978464673319650e+03 6.019810164568498294e+02 -9.283654984462929133e+04 9.804378563949621821e+03 -1.180067871268931231e+04 -9.444628457886306933e+03 -3.087097540681489045e+04 -2.959314100704528391e+04 -1.036357618702884247e+04 -4.091347559392799303e+04 4.181658393500300735e+04 -5.402395853004804812e+05 -4.130519698641551659e+05 -2.224136468164363396e+04 -2.088010960122931283e+04 2.494672799212529208e+04
-2.443590508729572684e+04 2.764562726016920715e+04 2.953061650322809783e+03 9.597311744516850013e+03 3.004366270549217006e+04 4.931213160487251298e+04 -4.474619833935869792e+03 1.760546573858970078e+04 -1.317436623304991517e+05 1.264038194269636188e+04 -6.904044458360223871e+03 -1.290499164065212062e+04 3.606470608988413460e+03 -4.535831515630901413e+04 -8.219663332260421885e+04 -1.075803447216089080e+04 1.508936140102590798e+04 2.418885408591651139e+04 1.976546505590378947e+05 5.946790384541276580e+03
-8.267821133800316602e+03 1.212145949108622153e+04 1.945366526520640764e+04 6.772365415854369530e+02 -9.834254099550159935e+02 -4.176411832696551869e+02 1.470793748977495625e+03 2.022686795588296036e+03 -4.764337194667814401e+02 -5.678384824142239268e+03 1.122317888340691206e+04 2.783048567550513326e+03 1.451191338758883660e+02 -4.464927714844506568e+02 6.157264625036874861e+01 -4.123992452015856429e+02 -1.352660048014727863e+03 -2.605186454022889393e+02 5.577200869129892453e+02 -1.061022650788605915e+03
-7.192981951820223003e+03 1.670060329714207546e+04 2.599551046109497111e+04 1.336464522392806975e+04 7.382401571526008411e+03 1.386778536377016280e+05 1.149157479296770134e+03 1.056141953714920237e+04 -8.393689252980596211e+04 7.074216967113057035e+04 2.840228422645918545e+04 -3.021597797392802750e+04 8.200907059194508975e+02 7.427057635411132651e+04 7.274134804802971485e+04 8.900125531926870508e+02 1.079366809850047730e+03 -5.918550775528116901e+03 -9.420769621569517767e+03 9.106193435830131193e+02
-4.837808612932467804e+04 -1.512349607935465428e+04 6.536145408209263223e+02 -1.255559702395575414e+03 2.195300263435746047e+02 2.805060892832992749e+02 -9.247248262679482878e+02 2.883433960834268873e+03 -1.591099060361665761e+04 -2.505650730942353766e+04 -1.209086338295945279e+04 -3.700707103554685546e+03 1.060916876235696463e+03 5.788848856770030579e+03 3.362602610607427778e+03 4.700237715586127706e+03 9.589474832412658998e+02 -8.866041198483449080e+02 -4.760274654547905811e+03 2.746548904932053006e+02
-3.094539207449825881e+03 1.077266371786636773e+04 1.735955032027445486e+04 -2.024168527676953772e+03 -6.920112427711558212e+02 -2.567487769476375661e+02 4.798104938457423486e+03 1.206178026061086712e+03 6.412207208893796633e+02 8.912641464619144926e+02 -2.408916186392805230e+03 -6.669603993626144529e+02 -8.508701684205163929e+00 9.787664828497172493e+02 -8.222213785267953199e+02 -2.745792452818889018e+01 2.328637553389991410e+02 1.088020215704284936e+02 -6.304085607172394390e+01 8.300766977664495982e+01
-4.673913713979131717e+04 -8.853704084947181400e+03 -1.324565717245835685e+03 2.174307085133191140e+04 -2.102600165915474463e+03 -2.011175907480983142e+03 -3.624408771151230667e+03 1.541652334835160400e+04 5.487938217911870197e+03 -2.391375712818432476e+03 2.051586932961602542e+03 -2.509506597473141483e+03 3.774468334439976388e+03 5.162799853388232805e+03 1.707006349575900913e+03 1.643605523803813412e+04 -2.328701136595157368e+04 -5.592925736830999813e+04 4.844322060885660903e+04 -1.025449494974027948e+04
-1.088619993337642154e+04 1.317526386142097181e+04 2.117236603755645410e+04 4.041711014244255239e+03 -5.259441840792405856e+02 6.075108892591435506e+03 3.246665308080391696e+03 1.386471470263610172e+04 -1.657775357397400148e+04 1.271832615328547035e+04 8.999109552614090717e+03 -3.711002903894228075e+04 -5.679937055062569016e+03 -1.089361498368091707e+05 1.247252232001722587e+05 5.592142791276628122e+04 -1.657627994533282981e+04 7.314047632459643864e+03 -4.732871350326958236e+03 1.832988135824754499e+04
-6.547479238511004041e+03 6.608909413596493323e+03 9.176163459214643808e+03 1.643575524228654467e+04 -2.814516378310330310e+03 -2.422661055909741663e+03 5.479999999304825451e+02 -2.040346353428399016e+04 -3.243317719298067459e+03 2.453079953626709539e+03 -6.084711097126342793e+03 -3.776036824500556122e+03 -5.425213728758008074e+02 -7.515271084577417241e+03 6.026685455656556769e+03 -3.612660503252398485e+03 1.927328172574027349e+03 3.582811568220748541e+03 1.021071804432482736e+03 -1.181731965358411071e+04
-2.643763552898166745e+04 3.733526593055090052e+04 6.763889405942482699e+04 1.420863090887261205e+05 4.313969502724552149e+04 1.271015833814267302e+06 -1.308669935687625548e+04 9.499174306960003742e+04 -1.141569845409028232e+06 9.370813689726606244e+05 4.408323173746695393e+05 -4.719446091059840401e+05 1.800154699702349899e+04 1.400029016413799254e+06 1.067892005748613970e+06 -4.399176234783912514e+04 -1.709472291622325429e+04 1.811669281306827033e+05 1.144675960023254156e+06 7.039145206546309055e+04
-6.118336392702912235e+03 1.452206687512630197e+04 2.340050961585958430e+04 1.199350341036895998e+03 -1.123241511912966871e+03 2.269370024592397749e+04 5.795489780464055912e+03 3.888810507206579132e+03 -1.023432068559430445e+04 6.493218951238085538e+03 1.208137926587759284e+04 -1.161099909373802802e+03 -9.477187574415289362e+01 8.841339043272517301e+03 3.430627229176386209e+03 2.299591145979504290e+03 -5.724401449383263753e+03 5.060910923070789977e+03 -2.027118132546699781e+04 -2.315717861225049546e+03
-1.564355983570646094e+04 1.496367155917337186e+04 2.631165070204525182e+04 1.987639072310277697e+04 1.561801382140241622e+05 -4.760896366825928453e+03 -2.814447542370116935e+03 -2.035990779051772506e+03 2.210698847589648722e+03 7.355419693436566320e+01 1.551070557085980397e+02 2.806271999756807531e+02 2.147695056928539543e+02 5.361499959696121778e+02 3.263696444539818913e+02 6.141728302079205548e+01 -7.513263839520796239e+01 -6.962685523155779777e+01 -2.316930357851312579e+02 -9.199806952990885023e+00
-4.230074632648596162e+04 3.173283367173568331e+04 -1.181595865101451818e+04 7.022798172212296049e+04 3.528531896716216579e+03 7.898680008489934153e+03 -5.763680276387690355e+03 7.020235113786105649e+04 -8.040181862613800331e+04 -3.238103336256204420e+04 -8.247568561438926554e+04 2.313521132912283356e+05 -1.214324406624735100e+06 3.285774123662659258e+04 3.262960412621330761e+04 7.592509437942585464e+03 -2.003601040810386849e+03 -9.984261045926943552e+03 1.619860374059043897e+04 -3.105760709461279839e+04
-4.028792220337894832e+04 3.784715221016137366e+04 -2.678399237437950069e+04 1.900419181506777022e+04 -1.229309515763355421e+03 -1.056918604058949313e+03 1.231836132522271555e+03 1.775680385370757722e+04 -5.941390227687342218e+01 1.368470726968564122e+03 -5.596845857927308316e+03 3.066480769601796419e+04 7.665014710573808770e+03 3.483263252817426405e+02 1.037769684381691332e+04 -3.187425418595148585e+03 1.910135828434391215e+03 7.089913007287403161e+03 3.711812808814116579e+03 -3.039985807827663962e+02
2.467664661602119850e+03 8.111194142137596828e+03 9.773590002750539497e+03 4.737422309108167156e+02 -1.808862837929755187e+03 -5.368098909647696928e+02 -3.550092478929193749e+04 5.635803466616179094e+02 1.047165989362106302e+03 1.990545868222387071e+03 -3.458891688360944954e+03 -1.362553515998311468e+03 8.571856013528774554e+01 8.177057447177077165e+02 1.248125138195162123e+02 4.188033750417547708e+03 3.693432096480218206e+03 8.932044501270610226e+02 -9.602751306204111188e+02 -1.273268069200419859e+03
-1.335784412477532533e+04 5.392653224570921338e+03 2.971616937562581825e+03 1.905387220489508400e+04 -2.967550780421677246e+03 -2.583561633666754005e+03 7.440411009900007002e+02 -2.025390919334139471e+04 -1.802770929451634402e+03 4.385586316204738068e+03 -5.493329614280697569e+03 -1.757388606066574312e+03 4.256477700449543704e+02 -5.472627718535204622e+03 5.260608814052414345e+03 2.075946158333255880e+03 -5.314070374452280703e+03 -3.959156515725744157e+03 6.026868224275362081e+03 -8.006412039263304905e+04
-2.081303823523509709e+04 1.817157416201244996e+04 2.201060758109213566e+04 4.077177566681605094e+04 8.554490850500491433e+03 4.733763754826346121e+04 -3.403484791888219206e+03 4.652069384642330260e+04 -1.432079830899474910e+05 7.464975937167488155e+04 2.615881343345425194e+04 2.465849558045705999e+04 -3.992497341237764886e+03 -1.201239800959516870e+05 -1.277858689853067481e+05 1.798070703808469625e+04 -2.675841434647991991e+04 3.179403125142636782e+04 -8.951835829721749178e+04 -2.500594444517756074e+03
-4.170324232268446940e+04 3.592800288983647624e+04 -2.631111025582168804e+04 -5.215194680268989032e+03 9.961860748760464048e+02 5.561228440108310451e+02 1.341938083209331353e+03 -4.304916567621631884e+02 4.213094467389594229e+02 1.276632886864748002e+02 1.716021576201648486e+03 -2.214880664581806400e+02 -6.278360627224361679e+02 -2.600806059232396592e+02 -5.757933517513070143e+01 -2.423856012809914375e+02 -3.644378215321172121e+01 -8.380023343760741454e+02 1.149647840141556259e+02 2.120631091592619850e+04
-1.584416244184460629e+04 1.073221235969767622e+04 -1.778066845640180418e+03 6.457677200089976395e+04 -7.185520311305467658e+03 -3.174705864544583164e+03 -6.389255616471764370e+02 1.227789627708350054e+04 -2.653979756918211592e+02 3.961617315120606236e+03 -6.122220089661694146e+03 5.723143375557575382e+03 -3.034850956988839812e+02 1.639173282363099815e+03 -3.487282220513875018e+03 3.725080804743451154e+03 -4.352248698141885143e+03 9.856392665166326879e+02 -3.319036184914991281e+03 5.899574114283998370e+02
-4.142454675950141973e+04 3.523850570149485429e+04 -2.515506530893177114e+04 -4.466433699781152427e+03 3.209028064838178125e+03 1.699567357136364990e+03 1.763476369302904459e+03 4.092785316881571816e+03 -4.750326482840349490e+04 -6.440203181907714315e+04 -2.928720186911208657e+04 -7.725173647918445567e+03 3.226093495274218185e+03 8.890972319773056370e+03 5.042511881140104379e+03 6.726269444693121841e+03 6.023368736693599885e+02 -1.096511664455956407e+03 -5.759330611979780770e+03 -1.424599122030882427e+03
-2.385462484451163618e+04 2.486420997840818018e+04 1.985899062703092932e+04 2.606566015606248766e+04 6.524290081974829081e+04 1.197540857949026831e+05 -2.522104053184604345e+04 5.138320005340837088e+04 -4.068107338129751734e+05 8.717485765783698298e+04 -3.440020882090481336e+03 -5.435636039916195296e+04 1.055315242262187348e+04 -1.586191986537564371e+05 -3.060571469498720253e+05 -4.426287458800330933e+04 5.977519011678751849e+04 1.055942142556195031e+05 8.310966173137951409e+05 2.717668291618834337e+04
-1.611011649114116335e+04 1.156344744671072658e+04 1.573883681674665604e+04 5.844089188313693739e+03 2.323359685998669377e+01 1.650917267783829448e+04 -4.069901790475802954e+03 1.036528042166967498e+04 -3.732503453397876729e+04 1.406149692587713798e+04 1.716117464456626976e+03 -1.463227672067159119e+03 -5.607394662528333811e+02 -2.285596015304124012e+04 -2.648471317864619778e+04 -1.272839499655935697e+03 1.305152916366320596e+03 -5.648928353904716460e+01 3.850664711297871236e+03 4.157000003773740104e+02
-4.602943147526719258e+04 -1.264689863789240917e+04 3.977983541881246310e+03 -4.699698354103416875e+01 -4.530022228453654520e+02 -1.513452401315360021e+02 -8.306502588745566754e+03 2.768450996686507551e+03 -2.053515310426852011e+03 -3.485854513877725822e+03 -5.982718044148910849e+03 -6.529510876289482439e+03 -1.815652155286429206e+03 -4.565033017427119375e+03 5.397040189435899265e+03 -3.505207940036320360e+04 -2.350753317250120745e+04 -1.858441280671967775e+02 -7.520672148716735137e+02 2.543486747477951155e+02
9.158643411383666262e+02 6.695099295461183829e+03 1.043996660555955532e+04 1.422722444454324614e+04 -3.216107367710240851e+03 -2.376661217520153059e+03 4.798505958675999068e+02 -2.397902454507934453e+04 -3.782478658177736634e+03 9.345698331877085820e+02 -1.852519651644410487e+03 2.254485869507159805e+03 -1.303077244202505192e+01 -1.035257145028332843e+03 1.249372139021272233e+03 -9.384249102560434039e+02 1.252502133974756589e+03 2.640993915835582015e+02 9.640256432685100663e+01 3.174406917706072363e+03
-6.005937385281403840e+04 7.903665808506884787e+03 -1.878692551172828098e+04 3.458451087792571343e+04 -3.038363964240568293e+03 -3.080415400864587809e+03 -1.447254499209119786e+03 1.421710840707237730e+04 5.444875154550829393e+03 -3.811212970660585142e+03 5.405009610539045752e+03 -1.181834591437486779e+04 -8.060446712601122954e+02 3.358110046634889841e+03 -2.953322535831577170e+03 -1.391076932246207434e+03 3.340821479357266526e+03 -1.620966046998989668e+03 5.988184928653987527e+02 9.941192452240960620e+02
-4.589368464421355748e+04 -1.203300022316408649e+04 6.078931012906599790e+03 6.449570804826877065e+03 6.258107180087365123e+04 -1.690336489392045905e+03 -2.466131763986878923e+03 -5.761857160954554047e+02 2.130652173283455042e+01 -9.065215702016053001e+02 -4.412910171075056951e+02 3.337734950169694912e+02 -1.240196484897655580e+02 5.811739553175121955e+02 -3.358678130788852059e+02 1.142204032571900001e+02 8.788563715340113447e+01 3.897369094780199106e+01 5.515875041685845872e+02 4.181866744270756726e+02
-4.160655460055164440e+03 1.842775145226782479e+04 2.628936828576570406e+04 -2.958710418485050013e+03 -1.674988245457804624e+03 -5.271301326927475657e+02 -1.912466600571098525e+03 8.510190025953059489e+01 4.889600342602648766e+02 -1.291890307985129539e+03 2.398310433466554059e+03 1.623913120402453160e+03 1.490179185430941970e+02 1.504084736085627355e+03 -1.034778233648054993e+03 3.308076452566677972e+02 1.434642475094430658e+01 -2.075246451331472599e+02 3.073688598938704786e+02 3.638486681898783672e+02
-1.854935270345423851e+04 1.299170012741576102e+04 1.488128796771870657e+04 3.581650885339503475e+03 -1.109347866771739064e+03 -5.191232839012286604e+02 -1.088149866651061348e+04 6.884224876315443908e+03 -3.104001488681113869e+02 -3.605655120980092761e+03 -3.299424429183114626e+03 -1.288086895069934872e+04 -1.753857648450321221e+03 -1.634260747524589533e+03 3.064064495017358240e+03 -7.039157970666325127e+03 1.124635054357818626e+04 1.916224842562409094e+03 -5.634842892000565371e+02 -2.525143109289730546e+03
3.746973160122689023e+03 2.652317954581521553e+04 2.346029159606683243e+04 -6.646511466511172330e+03 -4.183702214710055159e+03 -1.169805102144090228e+02 -7.641903516135503014e+04 4.097604150077601844e+03 1.974543662456343782e+03 7.117420238977971167e+03 -1.312492838026995014e+04 -3.537538239449903358e+03 1.718887399583472870e+02 1.194608219258948111e+03 -1.170364369711317778e+02 5.174013177668915887e+03 3.447529355432905959e+03 8.582267939536390031e+02 -1.714933119850373942e+03 -9.714949353375645842e+02
-2.248955613588682536e+04 8.413910680626349858e+03 -4.432464491092206117e+03 4.606569034708655090e+04 -4.978518065618495712e+03 -4.202239469912490677e+03 -7.621459268286506585e+02 5.508925202747348521e+03 3.314387764131518907e+03 -1.408939352096482025e+03 1.427543293077353383e+03 -8.373843517016590340e+03 -6.072946721673058619e+02 2.077544029148895333e+03 -2.187042487436438932e+03 -2.566325592839198180e+02 1.434612745376744897e+03 -1.034670278420905333e+03 -1.175302178616773432e+02 4.397868922549044441e+02
-4.161313609180256753e+04 4.485833937187746051e+04 -2.857399822060958104e+04 7.342522059856487613e+04 -7.147547635326703130e+03 3.787462652981037081e+02 7.165916196461229219e+02 3.945571135009588761e+04 -5.615497919158735385e+03 1.074772644658362333e+04 -1.791488276287733970e+04 5.279061122559754585e+04 6.456094998618345016e+03 7.608573222836162131e+02 4.821134528279585538e+03 2.517853316918646669e+03 -5.197553683742189605e+03 1.329530895538381446e+04 -4.473857509560351900e+03 9.885516550589499047e+02
-3.885188543786620721e+04 3.614554735393063311e+04 -1.928431437533532880e+04 -1.280410324934097162e+02 3.362278403425074885e+03 1.755579447067759975e+04 -2.080799369136945643e+03 1.022364857648575162e+04 -6.862281947477858921e+04 -2.563567161726557242e+04 -1.514341436542061638e+04 -5.569973965455726102e+03 1.649428191045172753e+03 -1.870035693211021498e+04 -2.507868034628783425e+04 7.861500935109968395e+02 1.263293472028775113e+03 -7.942321736600965778e+02 3.267838858233412793e+03 -7.707681745238853637e+02
-2.463526882581884638e+04 3.149619626644823802e+04 5.174575081838840561e+04 1.213963107492995332e+05 1.015632803616950150e+04 9.850871827116456116e+05 1.462783187594850688e+03 3.935676545955307120e+03 -1.212124854841923952e+05 1.084859704239127022e+05 5.524430176935690542e+04 -3.806189231948307861e+04 1.139177717048746672e+03 1.419793458441082912e+05 1.043384829915677692e+05 3.878990621963440049e+02 -9.085680776978118956e+03 2.277918358256377473e+01 -5.252727274862750346e+04 -3.990434509018412882e+03
-2.079872154026664066e+04 2.301262177311371488e+04 2.781233708410477993e+04 5.280752192131114862e+04 1.898121831730266422e+04 3.945801167727387510e+05 -8.629316190962386827e+03 4.870682226124389854e+04 -4.489198651543679298e+05 2.664641288210290950e+05 1.004053454014450544e+05 -1.278585670325097308e+05 8.105133357099221939e+03 2.505880785946081160e+05 1.227242857358850306e+05 -2.785124923055542240e+04 2.327273734393592531e+04 6.953022560114209773e+04 5.475016851465109503e+05 2.539773012891562030e+04
-2.081491529800353965e+04 2.536192500879427098e+04 4.180535227300408224e+03 1.058841491485599727e+04 -6.083650581761661442e+02 5.134653224016007016e+02 3.229287961229107623e+03 2.940504650858150126e+04 -2.199605304515415628e+04 -7.173503918167863958e+03 -3.149502502192466636e+04 1.129996622069243313e+05 2.546375768909037288e+04 -1.242796357310104941e+04 5.068274152195960050e+04 -5.148634246487871133e+04 6.603048786401413963e+04 2.013479243543765915e+04 4.224748431478848033e+03 -4.690543400010045843e+03
-2.552152493767725900e+04 5.266136688640695502e+04 -2.797496914394047963e+03 -9.948895444239113203e+03 -1.280620384755854957e+03 2.184690540582180347e+02 -9.426596383286010678e+03 -2.448991795700039347e+03 4.331587754302055373e+02 -1.270867525925409041e+02 2.521457216510386843e+03 2.613452958333646620e+03 1.798567130233166722e+02 1.626981027041533252e+03 -1.318575709039789444e+03 8.569612695203346675e+02 -5.951587284375243598e+02 -5.900102149501757367e+02 1.224082432123080935e+02 6.810557140301945083e+02
-4.552041595351211981e+03 1.727905792450330409e+04 2.311278452932287837e+04 -3.230658978426791236e+03 -1.175786300516628899e+03 -3.301218161840890275e+02 -8.385226255161151698e+01 1.564629123813778506e+03 7.687611775737995004e+02 5.190956943407012432e+02 -1.482790374751313948e+03 -8.349889165325436124e+01 4.088427776824477178e+01 9.598428257416529732e+02 -7.915730661352575908e+02 1.512548783469025295e+02 1.426734896305976577e+02 -6.399762910509666369e+01 1.672671570996125752e+02 1.628749207514459840e+02
-3.974917303996800911e+04 2.992474114119260776e+04 7.071599825384917494e+04 2.119786576615697704e+05 2.921329843516815163e+04 2.260459814969441388e+06 -1.914860276708381571e+04 -1.197141876558182703e+05 3.777748173153723474e+05 -2.296517968083749874e+05 -1.297108764629842626e+05 6.304044928217919369e+04 5.534690031535938942e+03 -1.422523746465898002e+05 -6.509183787714028585e+04 -5.075145329514676996e+04 9.022648044844013930e+04 -1.260102463768135494e+05 5.543411406090674427e+04 7.031130045779574175e+03
-2.142296379749858534e+04 1.041763452194973070e+04 2.081903354883680731e+04 9.463889251301739023e+02 -2.021471384070288195e+02 3.780841407464974054e+03 1.269368186513014962e+03 1.459802745676940685e+04 -2.806640317478587167e+04 5.089625832834615721e+03 6.098118569305655001e+03 2.280313857896738409e+04 2.641740493399207480e+03 -6.858081959790144174e+04 -6.816523213534760544e+03 -2.935391458730932936e+04 2.976369592426181043e+04 8.545975715258409036e+04 2.587739757612833055e+05 1.352833369631474909e+02
-4.626626362548102770e+04 6.033382098093995592e+04 -8.441916915681109458e+03 2.067157340005032438e+03 -3.075088947982619175e+03 -3.827903563581846811e+02 -4.237120901186922129e+04 7.318620495857081551e+03 2.259676083755676245e+03 4.578681138900414226e+03 -8.617194651472349506e+03 -3.562757342286131006e+03 1.382007669226277073e+02 5.473390181470747393e+02 -1.000840840293096079e+02 1.612224613246495437e+03 -1.483544413327761049e+03 -1.555783174972453708e+03 4.018023181411580822e+02 1.927964926353582769e+03
-2.474226235689696477e+04 1.972637859442704939e+04 1.140865722807603561e+04 1.809805486915793153e+04 1.735314920041423829e+04 9.390538736577681266e+04 -7.173518453257550391e+03 3.524212404974136734e+04 -2.442087333479748340e+05 5.182919911427076295e+04 -1.142406428729654635e+03 -2.108794484175318212e+04 6.341013065858332993e+03 -1.027816499643760180e+05 -1.723179706225288392e+05 -2.657830911571532852e+04 3.403155328459777229e+04 6.768831397141801426e+04 4.611090273538886104e+05 1.389655104904563814e+04
-2.117098953202467965e+04 1.469480161171795589e+04 1.548408577376099129e+04 1.052755286264720780e+04 -1.944084148970247725e+03 -1.401041715304615082e+03 -6.811054681898257286e+02 5.412229014857084621e+03 1.332755455131975850e+03 -8.793448975563953354e+03 1.700572013188225174e+04 -2.042424963495253223e+03 -5.833459264027519566e+02 6.661927796780639710e+02 -1.006741010882273713e+03 -2.027355412270910620e+03 1.522330788268137667e+03 -2.958350329031561046e+02 7.998154843269047660e+02 -7.093331707607040926e+02
-3.885754238286243344e+04 3.844015346544401109e+04 -1.820402894868577278e+04 3.710542575426932672e+03 6.524432475835753576e+04 -3.876395604497002978e+02 -1.671777369203816988e+03 1.056917082525432761e+03 -3.129947152805522273e+04 -4.010621162932413426e+04 -1.809691994047060871e+04 -3.857216842723535137e+03 2.063647862063735829e+03 3.857529202163734226e+03 1.467494285133613175e+03 2.206912003982021815e+03 -3.207175426645683274e+02 -2.984997100814320561e+02 -3.287676974585270386e+02 -1.296538244802724876e+03
-4.497560914768552902e+04 -1.201604209123886358e+04 5.309826484159040774e+03 1.043054283205260333e+02 -3.748424338867728238e+02 1.119628517855333882e+02 -1.248291171715571721e+02 3.567363206870639715e+03 2.175775992060211763e+02 -4.081280349976338471e+02 6.180110491064102689e+02 -4.960572751337493173e+03 -8.285484604035052598e+02 -1.363918249631086110e+04 1.185007122673222693e+04 3.586646625777939335e+03 -5.047427174203558593e+02 8.135508620338127628e+01 9.193478737572452246e+02 8.169647232449573266e+02
-3.499508517763901182e+03 1.509782599113561628e+04 2.209347887193713541e+04 -3.035175057135359566e+03 -9.567972616334078566e+02 -2.735242521316455395e+02 1.760223377573603102e+03 2.131098845193975194e+03 8.856011371091586852e+02 1.208529239263206591e+03 -2.991105602038478992e+03 -8.056555341555455243e+02 -1.075066123053131939e+01 7.526295606382915366e+02 -7.089391153352075889e+02 5.280485877851852905e+01 2.121959553230015274e+02 1.360027727389382601e+00 1.049876399110656280e+02 7.310248812260834939e+01
1.020414119817597748e+04 1.827118255951869287e+03 2.578017258799264710e+03 6.099677361434809200e+02 -1.558317153534177635e+02 -1.446071068172855405e+02 -1.095712575517850382e+03 6.946127096710705473e+01 -5.538277160630134865e+00 9.279283576779507214e+00 -1.604496791496430603e+02 -1.540372208770763223e+02 -1.172426864024603965e+01 -5.217434830459890236e+02 3.836291105050475494e+02 -1.143506120665588099e+02 7.294047955611101486e+01 1.103911014445181706e+02 1.895223703066588712e+02 -4.540301203375191790e+02
-5.544694615448676632e+04 3.803544562803117879e+04 -3.273157473401235984e+04 1.624197272432399222e+04 -7.976791025262757557e+02 -1.414133146963484251e+03 9.706164526894464473e+01 7.098342673661281879e+03 4.040927274933425906e+03 -2.347650047220588931e+03 6.258473107174155302e+03 -9.278737117918321019e+03 -1.171944501479833662e+03 1.061920202291653595e+03 -1.478445973372469552e+03 -2.094784651697730169e+03 3.680691974509899410e+03 -7.787238627539455820e+02 5.936267906267521539e+02 9.040016389276227926e+01
-2.569622482614605178e+04 1.801801499023197175e+04 3.205339972520093215e+04 6.426188814607313543e+04 1.048839192335239568e+04 5.055438289778673789e+05 -1.490354294568829800e+03 2.973031230676044288e+04 -2.296767307079488528e+05 1.714034700270971516e+05 7.160487827822967665e+04 -4.799121410894596920e+04 2.986819381854287712e+03 1.271189545876505726e+05 9.840297181541912141e+04 -1.416015731337650868e+04 1.620580426185414035e+04 -2.950026732262001315e+04 -1.558276277536980160e+04 -1.120100560229053315e+02
-1.177893590042378855e+04 7.560544774776323720e+03 4.818401259815966569e+02 3.730196861955146596e+04 -4.349990312574871496e+03 -3.565080192710353913e+03 -1.975497196805011981e+02 1.288084034444192412e+03 1.640115370200569032e+03 2.056017416747511106e+02 -1.490957972386108395e+03 -3.020895510794200163e+03 3.424705196864480286e+02 1.241733861953796350e+03 -8.907785490737117016e+02 1.491346036406917165e+03 -1.672772433807612970e+03 -1.496973839802931707e+03 1.581227925529774723e+02 1.290227223098038394e+02
-3.524441425842699391e+04 1.178637168715062398e+04 1.445507316343285675e+04 9.359982800882291485e+03 6.119413399034775694e+02 1.304539132590885492e+04 2.595996027179665361e+03 3.831054843540570437e+04 -4.155330466308815085e+04 1.914664494520594235e+04 -2.673154172047446264e+04 1.314564334532577195e+05 3.070207882282852006e+04 -3.772814138030936738e+04 6.163505172778565611e+04 -9.765686909562136861e+04 1.384372998719698517e+05 -9.459192757047677878e+04 -1.584150550664950970e+04 -5.557602230400664666e+03
-9.692716118533766348e+03 1.119214983936600402e+04 1.715234920852480718e+04 1.681885534609165688e+03 -6.793424429065289587e+02 1.568425131460374473e+02 8.418951678455116507e+02 4.263052912817965080e+03 2.320909448595441233e+02 -4.594158015502025023e+02 5.680779100824134957e+02 -5.043818785020511314e+03 -8.832713479403317933e+02 -1.472145865267415866e+04 1.219996054730545438e+04 3.685650977653971040e+03 -9.397121066588393887e+02 1.087342301326962968e+02 1.041139124929811715e+03 2.886069829841515002e+02
-1.908618858214689681e+04 6.707389897414346706e+03 1.657695332630177745e+03 1.896990507283703482e+04 -2.506253222552526495e+03 -2.273540745004242126e+03 2.861122255989271821e+02 -5.333608183248541536e+03 8.247236887073153184e+02 -8.819490373462086836e+02 1.711528586605127202e+03 -5.594500082294115600e+03 -8.118955747954439630e+02 1.536436036297327234e+02 -5.991605840806422520e+02 -1.722227482066122775e+03 2.926924244760154579e+03 2.503612542519538806e+02 2.208910457516936887e+01 -7.070807402889353455e+01
