2.018471987518367678e+04 -2.740665942035731405e+03 -2.910989783084781720e+03 -3.221580262942373452e+02 1.253775313874574948e+02 7.145569237036116306e+01 -6.474351556886122694e+01 1.389548404634312533e+02 3.083179194808735590e-01 -2.335954376361265616e+01 5.900276708321031549e+01 2.953295458521926165e+01 4.344413169205398439e+00 -3.610031374434170992e+00 2.861315319555460146e+00 -6.494740856815139907e-02 -1.691511548916640351e+01 -8.673555613703907596e+00 5.129592360395231587e+00 -7.008514241491811347e+00
-4.937436794480636308e+04 -1.552693004182296681e+04 1.429171102151694868e+02 -1.206170257226666081e+03 -5.596121932834568469e+01 7.454765285873763503e+01 -3.968483065668937115e+02 -4.309849629902061885e+00 2.794592319419160731e+02 3.841268738091999353e+02 -7.032768072979258100e+00 2.593541786995670577e+02 5.507947543916947097e+01 9.356699419327881628e+01 -6.267319030214885345e+01 1.085637538256378036e+02 5.747928943941861490e+00 9.159481776473556636e+01 -1.202387676127346516e+01 -6.522732150103696540e+02
-8.164095589875360020e+03 2.412146782457307927e+04 1.715792859829372901e+04 -4.556515406984653055e+03 -8.270640005060313342e+02 -1.061680946062270721e+02 -1.820732445169989660e+03 2.140204748552453566e+03 8.112158447839877908e+02 1.487739329392088848e+03 -3.389514263087125983e+03 -2.305490969030513497e+02 1.188237666250249873e+02 8.390533675057472465e+02 -6.229123378940627163e+02 1.439625941612036684e+02 1.446888405214944555e+02 8.160747700767164758e+01 5.110035144889494063e+01 1.009952770745440773e+02
-4.260917692178471043e+04 3.583847917768632033e+04 -2.622746435512907192e+04 -5.116352699861323345e+03 9.131633115401072018e+02 4.989458666009963963e+02 1.728203491519382851e+03 -2.218188706391759297e+03 3.045097054992895664e+02 8.542148623848900115e+02 1.106547236058142516e+03 -7.807876723426963395e+01 -1.468686851604936692e+02 -5.320553789895969885e+02 1.049387011734835795e+01 1.453178545522193588e+02 -3.407756274778931811e+02 -7.140439827958149976e+01 -1.418507791904333715e+02 -7.904602579596237319e+02
-1.256275456301969825e+04 8.023780645394767816e+03 -2.089641326007850068e+02 4.169441355845468206e+04 -4.780436744571960844e+03 -3.660618621653605715e+03 -3.002173795174087445e+02 2.960603694118679869e+03 1.600006256441243977e+03 5.268917949344254339e+02 -1.902072293811201689e+03 -2.130876397052893935e+03 3.554950319997618067e+02 1.371585522507545647e+03 -1.137911755805910161e+03 1.857436965776583975e+03 -2.151270734977884331e+03 -1.430250074620255646e+03 -6.910503050343301368e+01 1.534227630739574977e+02
-1.565308818826777861e+04 1.510309361996446569e+04 2.669913722387505914e+04 2.029722318137588809e+04 1.603472847325682524e+05 -4.850448272068863844e+03 -2.920080594967135767e+03 -2.163856524843046373e+03 2.268056715755915775e+03 1.847081694816602919e+02 1.715060463031065581e+02 3.404483086326216039e+02 2.407272130691121674e+02 5.660200377030621439e+02 3.321019754309941732e+02 8.681056966963876675e+01 -1.106513175226917269e+02 -5.927020020772140896e+01 -2.994168038663023594e+02 -4.551292092528331779e+00
9.160604099566714922e+02 6.695332382656110894e+03 1.044030246922000333e+04 1.422717610254313877e+04 -3.216159367773771464e+03 -2.376674339304928253e+03 4.796323105360610271e+02 -2.397914545703853582e+04 -3.782497520564180377e+03 9.344420410890492121e+02 -1.852240064976829444e+03 2.254629526002352122e+03 -1.302095332064860145e+01 -1.035203977179403864e+03 1.249345756269681942e+03 -9.384043312525054716e+02 1.252492565471580747e+03 2.640858877640716855e+02 9.641400094716101421e+01 3.174424917489224754e+03
2.483668941150229784e+03 8.092322232614098539e+03 9.756666044355679333e+03 4.776634884990905334e+02 -1.808081001323928831e+03 -5.371919068482350212e+02 -3.550537194786332839e+04 5.564185565285544044e+02 1.047903734684420215e+03 1.991549566536092016e+03 -3.452494625046014335e+03 -1.354902687355410535e+03 8.620948407662750412e+01 8.181156233568656262e+02 1.237785302083914871e+02 4.194436734508966765e+03 3.692769335646191394e+03 8.930508176683496231e+02 -9.598953412417034770e+02 -1.273115121844739633e+03
-3.390361032988087391e+04 7.461490853905177210e+04 1.565464070198635163e+05 6.688038500037605409e+05 9.269461209923577553e+04 7.429178814210163429e+06 -7.226347487304396054e+04 -6.452495208701075753e+05 2.697222315995696001e+06 -1.839428319571936736e+06 -9.099011106334049255e+05 4.952719504703676794e+05 -1.449154183666315657e+04 -1.352397542225514771e+06 -1.006791201424730825e+06 1.677897437323605482e+04 5.029670213864884863e+04 3.157114726211919697e+04 3.748489633779013529e+05 3.634773474928404903e+04
-2.526692671889626217e+04 2.747708370381027635e+04 4.654153315629567078e+04 9.723104665471821500e+04 9.824077122773860538e+03 7.934912844633791829e+05 -4.178359756658339393e+03 1.600514227829307129e+04 -1.757676243883121060e+05 1.475168427316913148e+05 6.631102360776948626e+04 -4.633129047669903957e+04 2.636095603232039593e+03 1.526413461004148121e+05 1.209707166284503764e+05 -1.159249014444377099e+04 1.019441136368367188e+04 -2.793640668999846457e+04 -3.957801141455043398e+04 -2.412115805107949654e+03
-5.569963073253937182e+04 4.000524081454399857e+04 -3.540128080195653456e+04 3.386319163456542447e+04 -2.646326352393198704e+03 -2.978421476435594286e+03 -1.702351305725791235e+02 1.327873263919393503e+04 5.935383108813371109e+03 -3.183994423268694391e+03 6.244542103277306524e+03 -1.249485013510049248e+04 -9.808736907070554025e+02 3.113819815720319184e+03 -3.199804087729558887e+03 -1.210436065684011282e+03 2.932243729220827390e+03 -1.852565111011800127e+03 4.739180552032482296e+02 9.570104494953681069e+02
-2.542813170292925861e+04 5.264018979236548330e+04 -2.684643253146652569e+03 -9.911907657220453984e+03 -1.291064361691764134e+03 2.047457121349256113e+02 -9.121852810924090591e+03 -2.570785223356514052e+03 4.101198027127091450e+02 -2.701488355824576502e+02 2.817228821868909108e+03 2.740472598578631278e+03 1.865226062682626491e+02 1.661482182563574725e+03 -1.335984560740017969e+03 8.615797151775141174e+02 -6.013537733767735745e+02 -5.997160140493638210e+02 1.386853127196532398e+02 6.960461073427655947e+02
-4.216370475007355708e+03 3.742515690656716743e+03 6.106650405841693100e+03 8.709437673975957296e+03 -1.813814042199594724e+03 -1.334987500870039185e+03 1.773848493789550048e+03 -8.854816570008284543e+03 -7.100772487842243663e+02 1.518778796142535384e+03 -2.102665182969691614e+03 3.405056368438915371e+01 -6.823929338367921815e+00 -2.493679331382293469e+02 1.415686202806543008e+02 2.199345353877318487e+01 -6.820024483664927750e+00 1.506670347334293467e+02 -8.602757151043128658e+01 -1.126745701114722578e+03
-8.928628713382120623e+03 1.674665901302653583e+04 2.577736683744611582e+04 6.102321687053599817e+02 -2.040679600883138846e+03 -7.518980930897860162e+02 -3.325280287823031813e+03 -5.049572418194421743e+02 -9.428342345223015855e+02 -8.867999516089565077e+03 1.807307056304746948e+04 5.866361750680210207e+03 3.452353995058368241e+02 5.017564726951800935e+02 -3.392016767650723068e+02 -7.505352183040328384e+01 -1.591004922325466623e+03 -5.296485687052360163e+02 8.300680884719344022e+02 -7.082173830847629006e+02
-1.611011649114116335e+04 1.156344744671072658e+04 1.573883681674665240e+04 5.844089188313693739e+03 2.323359685998670088e+01 1.650917267783829811e+04 -4.069901790475802500e+03 1.036528042166967498e+04 -3.732503453397876729e+04 1.406149692587713980e+04 1.716117464456627204e+03 -1.463227672067158665e+03 -5.607394662528334948e+02 -2.285596015304124376e+04 -2.648471317864619050e+04 -1.272839499655935697e+03 1.305152916366320596e+03 -5.648928353904715038e+01 3.850664711297870781e+03 4.157000003773740104e+02
-3.993089001276783529e+04 3.536312745921887836e+04 -2.271800235531409635e+04 -2.402634137363951595e+03 2.545134313946663951e+03 1.256045480171953159e+03 1.250306852013487742e+03 2.379929070845266324e+03 -3.136573960970882035e+04 -4.034984766596818372e+04 -1.592845120042529561e+04 -4.280027591933932854e+03 2.029576433875516386e+03 2.976339355401360081e+03 2.011844822498239182e+03 -1.516983555006996312e+03 -3.040463137805522365e+03 -3.308109494310947412e+02 -1.077892947251330270e+03 -1.889756226920581184e+03
-1.940891642875555772e+04 1.963344304855794690e+04 2.975570658084904790e+04 3.926061164249717694e+04 1.278341900357048326e+04 2.441511297624706058e+05 -2.770020781461532806e+03 3.238162617190996025e+04 -1.616439858800402435e+05 1.059666137523545185e+05 4.286553072531062935e+04 -4.084917578226971091e+04 -3.162036005848892728e+03 -4.151521833291321673e+04 7.234315840860462049e+04 3.400452905524029484e+04 -1.265665875111062451e+04 8.714504179604900855e+03 -1.180584024133362800e+04 1.185319962599331848e+04
-9.045574359854303111e+03 2.509472781560665226e+03 6.052602049672834710e+02 8.564211321167174901e+03 -5.749691222825024397e+02 -1.042737895624301473e+03 -5.479558260491886585e+02 2.337874444150976615e+03 2.716819043223619701e+03 -5.838273971440327841e+03 9.895888114277091518e+03 -2.375673958914054310e+04 -4.361648984331934116e+03 -3.282483414749741769e+03 -9.360360308197102768e+02 -2.595746211705441601e+04 3.979367801747012709e+04 2.336766508746086038e+04 -3.981866910769650531e+03 -2.856470254596074483e+03
-4.652826525879964174e+04 1.213875997741946594e+04 -1.497227857815345851e+04 1.345709557168084211e+04 4.471887188175831511e+02 -1.185010782554809055e+02 -7.630248442538734253e+02 1.633801164408109616e+04 -9.797532356457284550e+03 -1.053902465531744929e+04 -9.656823082100312604e+03 4.630159880680538481e+04 -3.338072353093387792e+05 1.376737695154908943e+04 9.763020230155527315e+03 -2.857343737577645015e+02 1.230069856274206904e+04 -3.988842011714605633e+03 1.011427503527930457e+04 8.122767063450439764e+02
-2.245463108896074118e+04 2.381924849497113246e+04 5.348096356406367704e+03 1.044882035644989628e+04 -4.696938765762066623e+02 1.937547822800152062e+03 3.157322968723488430e+03 3.041703536390243244e+04 -2.421846800173755037e+04 -4.182577910966295349e+03 -3.095372010130531999e+04 1.150970225758258748e+05 2.605902145428788572e+04 -1.530298377846562835e+04 5.192732222716710385e+04 -5.673299321837219759e+04 7.425853468310000608e+04 7.097665162038292692e+03 1.944492302146079510e+03 -4.789072812554433767e+03
-1.029311500564086418e+04 1.057356347468357126e+04 1.583329084653301106e+04 2.192705017358184705e+03 -6.925071028362059451e+02 5.446620679055497760e+01 8.239721683231638281e+02 4.158930462843821260e+03 2.550974897611589256e+02 -4.866030933212026071e+02 6.015951008425392956e+02 -5.180577219238209182e+03 -8.938827456063570480e+02 -1.466440108632401279e+04 1.224213781274738358e+04 3.621582490919072825e+03 -8.868721918964541828e+02 9.896855505198297465e+01 1.069521444857841971e+03 2.961895660173954070e+02
-4.041426094879199809e+04 3.790536100472868566e+04 -2.695518590130192388e+04 1.906495763859959698e+04 -1.256780572186926975e+03 -1.060251402428517622e+03 1.216063085123184237e+03 1.776950786859920117e+04 -5.847003587838744210e+01 1.361927594558313331e+03 -5.585230563735280157e+03 3.066221674362863996e+04 7.666756305910300398e+03 3.427697714972388212e+02 1.038498767896304162e+04 -3.184815999812185964e+03 1.904033454183510685e+03 7.084659719240502454e+03 3.716311082615774467e+03 -3.061400409750692688e+02
-2.441916114927985836e+04 2.788419671664615089e+04 2.262275501637663183e+03 8.488682644348426038e+03 3.063835576325114016e+04 4.190243069915545493e+04 -4.484240988419035602e+03 1.721976299867574198e+04 -1.298792794820962445e+05 1.041130392045187546e+04 -7.849459597239046161e+03 -1.281178244620928308e+04 3.586244970339742395e+03 -4.613874958234927908e+04 -8.280195195178272843e+04 -1.030296190615244814e+04 1.452220914260553582e+04 2.524750418524984343e+04 1.984022727637327625e+05 5.976188785448664021e+03
-3.770983126473466837e+04 5.487385780222576614e+03 1.397230955163091676e+04 2.078126879706950422e+04 7.888132223667610560e+03 5.041418500662119914e+04 -7.442846384545428009e+02 4.519229222614926402e+04 -1.758634299516984902e+05 8.380269460526382318e+04 2.220801421463676525e+04 2.007865925857896218e+04 1.205491776937907707e+04 -3.255078927226952510e+05 -2.339856602635043964e+05 -4.201601559623531066e+05 7.102285857723297086e+05 -2.104463607909047045e+06 -2.177633794808288221e+05 5.090580878107423814e+03
-1.565431860897010483e+04 1.021999815884061718e+04 1.179740651223026907e+04 2.346213713229607038e+03 -1.086107606658901659e+03 -5.599716063191060584e+02 -1.399614024867305307e+04 2.952116945742138341e+03 -1.992692129882280824e+03 -2.888164469709504374e+03 -7.301874075604537211e+03 -7.402089494802117770e+03 -1.869880277507742221e+03 -5.547891574685118030e+03 6.114283808092419349e+03 -3.519455290090429480e+04 -2.378787923844265242e+04 -1.162953781752269578e+02 -6.242019605014402259e+02 -2.981934544794703470e+02
-4.845963014898239635e+04 -1.541570544048269039e+04 9.484239234665999163e+01 -1.433326655135140527e+03 3.801555477882268264e+01 1.424529441474404337e+02 -7.656487647675451171e+02 1.711225375156304835e+03 3.725176719076167160e+02 -3.168186584693014538e+02 5.590535728672609821e+02 1.677176792397174268e+02 -4.114007897165317331e+02 3.639853548981849940e+02 -1.299490310205508194e+02 -2.736757961005951074e+02 2.945139405312567646e+02 -6.726279036900567689e+02 2.380974075089480948e+02 2.133488693548830270e+04
3.746973160122689023e+03 2.652317954581521553e+04 2.346029159606683606e+04 -6.646511466511172330e+03 -4.183702214710055159e+03 -1.169805102144090228e+02 -7.641903516135503014e+04 4.097604150077600934e+03 1.974543662456343782e+03 7.117420238977972986e+03 -1.312492838026995014e+04 -3.537538239449903358e+03 1.718887399583472870e+02 1.194608219258948338e+03 -1.170364369711317778e+02 5.174013177668914977e+03 3.447529355432905959e+03 8.582267939536392305e+02 -1.714933119850373942e+03 -9.714949353375648116e+02
-2.070944069362198570e+04 1.793938044622050802e+04 2.191387546378671323e+04 4.035034385010747064e+04 8.594077253153747733e+03 4.391895112750431872e+04 -3.307950964182813550e+03 4.634863754531526502e+04 -1.414085790435851377e+05 7.293924413893737074e+04 2.547920336175948978e+04 2.553215297109188759e+04 -4.019096296956632614e+03 -1.224698190866403893e+05 -1.300406580323447415e+05 1.796968603598391928e+04 -2.679459543635317459e+04 3.199908139564700105e+04 -8.944386955746602325e+04 -2.534410487304849539e+03
-1.647305053727971608e+04 1.746456503427818825e+04 3.264841207009941354e+04 2.837607478542299214e+04 2.331496947451460001e+05 -6.368543462013867611e+03 -4.748292577293248542e+03 -4.077668205530621435e+03 3.137384743019154030e+03 2.014524435061107397e+03 6.365722347173233402e+02 1.030153511668393776e+03 6.139265895720309345e+02 1.080326754835357406e+03 2.049501247954403027e+02 3.645862257961531441e+02 -4.208535761931286743e+02 6.816353769887238911e+01 -1.625653456702136737e+03 1.232078337994027066e+02
-2.643763552898166745e+04 3.733526593055090052e+04 6.763889405942482699e+04 1.420863090887261205e+05 4.313969502724552149e+04 1.271015833814267302e+06 -1.308669935687625548e+04 9.499174306960003742e+04 -1.141569845409028232e+06 9.370813689726606244e+05 4.408323173746695393e+05 -4.719446091059840401e+05 1.800154699702349899e+04 1.400029016413799254e+06 1.067892005748613970e+06 -4.399176234783912514e+04 -1.709472291622325429e+04 1.811669281306827033e+05 1.144675960023254156e+06 7.039145206546309055e+04
-3.937153958005669847e+04 9.400567375560969595e+03 2.847170868239002084e+04 -7.704187854615644937e+03 -4.774978464673318740e+03 6.019810164568499431e+02 -9.283654984462929133e+04 9.804378563949623640e+03 -1.180067871268931049e+04 -9.444628457886305114e+03 -3.087097540681489045e+04 -2.959314100704528391e+04 -1.036357618702884065e+04 -4.091347559392800031e+04 4.181658393500300735e+04 -5.402395853004803648e+05 -4.130519698641551659e+05 -2.224136468164364123e+04 -2.088010960122931283e+04 2.494672799212529208e+04
-2.014504633504052981e+04 1.062716118458732490e+04 2.187704603092172692e+04 -4.004992194874650835e+01 3.034039012240794364e+03 1.463018706878956618e+04 6.418620641592955280e+02 1.249289990751801088e+04 -3.150278965936684835e+04 1.978632355256641313e+04 6.865371924112107536e+02 1.736591445204674164e+04 5.441890239574638144e+03 -2.966854747822355421e+04 8.864651243631264151e+03 -4.525492308549598965e+04 7.173357789663574658e+04 -1.147044286590801348e+05 -2.054939385332365782e+04 -1.202087136806821036e+03
-1.335784412477532715e+04 5.392653224570921338e+03 2.971616937562581825e+03 1.905387220489508400e+04 -2.967550780421677246e+03 -2.583561633666754460e+03 7.440411009900009276e+02 -2.025390919334140199e+04 -1.802770929451634402e+03 4.385586316204737159e+03 -5.493329614280697569e+03 -1.757388606066574539e+03 4.256477700449543704e+02 -5.472627718535204622e+03 5.260608814052413436e+03 2.075946158333255880e+03 -5.314070374452279793e+03 -3.959156515725744157e+03 6.026868224275362081e+03 -8.006412039263304905e+04
-4.839840400668755319e+04 -1.513266195375624375e+04 6.408219579032249840e+02 -1.251725647349976043e+03 2.194166035563472690e+02 2.805219713514504178e+02 -9.250126502410317926e+02 2.884512938997518631e+03 -1.591349281771031929e+04 -2.506059589159485040e+04 -1.209161766511731003e+04 -3.701931948012017983e+03 1.061754268853506119e+03 5.791281251600208634e+03 3.362955267375226867e+03 4.700431689336659474e+03 9.601660253329037005e+02 -8.868034281148364926e+02 -4.769510833595015356e+03 2.737195772562338334e+02
-3.075496241210248172e+03 1.076547689730455932e+04 1.736075302520156765e+04 -2.026788072103137665e+03 -6.918387757632838202e+02 -2.565024630012126181e+02 4.820152848052607624e+03 1.204487798548650971e+03 6.699091698697674246e+02 9.375308150416813078e+02 -2.394900536360836213e+03 -6.679700960943396240e+02 -8.237262968545252306e+00 9.772561995525462635e+02 -8.339900056497644982e+02 -3.444076955621371638e+01 2.341611524272714462e+02 1.095607569557257648e+02 -8.601741368803574517e+01 8.687703889343563901e+01
-2.491427974686646849e+04 4.970116900217977673e+04 -8.795017160263523692e+03 -1.027211053714660920e+04 -3.515264857030879284e+02 5.652434672292055211e+02 -6.421159906533135654e+03 1.595886570542051288e+02 9.413766221100706844e+02 3.147586819930714228e+03 -4.468726401979400180e+03 -4.465469557767288507e+02 -9.541381621323283824e+00 7.445276255818608888e+02 -9.347949107799729518e+02 5.727090721556388644e+02 -3.729416120655694158e+02 -3.453442242504888213e+02 -1.519977200466294107e+02 3.369018364638865251e+02
-4.332376167140884354e+04 4.873417784566304908e+04 -1.491819379816078981e+04 1.183625997982947010e+05 3.774330498322490166e+04 3.272267325405126940e+03 -6.657788197464812583e+03 1.238686921783806029e+05 -1.073264803249460820e+05 -3.239254324847713360e+04 -1.485637644755731453e+05 4.946661070626931614e+05 -2.562450987102032639e+06 7.993945496745551645e+04 8.424003479697836156e+04 3.541244295918357238e+04 9.498511284400306977e+03 -2.362886442389662261e+04 3.937337699184878875e+04 -6.968172246985540551e+04
-1.085920375403121398e+04 1.307296181514396449e+04 2.098139479013857635e+04 3.813224548891689210e+03 -6.877767673705360494e+02 4.140565509036178810e+03 3.288779178016751757e+03 1.354234792500429285e+04 -1.481321359566234423e+04 1.147797889160729210e+04 8.472478065959423475e+03 -3.651370692576099827e+04 -5.629075951953971526e+03 -1.083810986183628993e+05 1.233341660602059710e+05 5.532367128966004384e+04 -1.634244594809509908e+04 7.207423893429441705e+03 -4.248126563769073073e+03 1.813302489245689503e+04
-2.526453035560741046e+04 4.444472669138551282e+04 7.377008612880377041e+04 1.667412331157379376e+05 1.493705606932060800e+04 1.466414314343673177e+06 -2.802717923809582771e+03 -2.346521660321276795e+04 -9.237804425527285275e+03 3.232638898700806749e+04 2.991672128163318121e+04 -1.749737816649088927e+04 4.957015334456363576e+02 9.101359860904086963e+04 5.358278815693397337e+04 5.187350187974318033e+03 -1.797233859911886975e+04 1.889587042832405132e+04 -4.458338193041580234e+04 -5.903833228715078803e+03
-8.267233816427711645e+03 1.212192784732491236e+04 1.945383375273657293e+04 6.775425603095377483e+02 -9.837187696172018150e+02 -4.176629210508544361e+02 1.470882589040574430e+03 2.022624385013600886e+03 -4.759920392420360713e+02 -5.677696259540865867e+03 1.122380737518405294e+04 2.783084280365004815e+03 1.451266071344728914e+02 -4.467636040055223248e+02 6.154099798134823374e+01 -4.127686180280546751e+02 -1.352614091260745226e+03 -2.601511689565564893e+02 5.567383072375491793e+02 -1.061453596352206887e+03
-3.992244055693506652e+03 1.634852718047254712e+04 2.369523035465902649e+04 -3.041563285402700785e+03 -1.210302730646855935e+03 -3.583188792449765288e+02 3.139800920894411433e+02 1.468097978322113704e+03 7.560330058035096954e+02 3.821409442947027628e+02 -1.211019523622512907e+03 -4.904310224137975460e+00 4.153141479016979076e+01 9.923805101105250515e+02 -8.113103050216658403e+02 1.460615637872417096e+02 1.467869416283501778e+02 -7.092966261238606762e+01 1.807030590831507766e+02 1.728568386611060248e+02
-6.118336392702911326e+03 1.452206687512630378e+04 2.340050961585958430e+04 1.199350341036896225e+03 -1.123241511912966871e+03 2.269370024592397385e+04 5.795489780464055912e+03 3.888810507206580041e+03 -1.023432068559430445e+04 6.493218951238087357e+03 1.208137926587759284e+04 -1.161099909373802575e+03 -9.477187574415289362e+01 8.841339043272519120e+03 3.430627229176386209e+03 2.299591145979504290e+03 -5.724401449383263753e+03 5.060910923070790886e+03 -2.027118132546699781e+04 -2.315717861225050001e+03
-4.671644323815371172e+04 -8.833421144162351993e+03 -1.316056677328759406e+03 2.173438275559758767e+04 -2.098462895800227670e+03 -2.010084638459700500e+03 -3.622622482187003243e+03 1.541245215691823978e+04 5.479739826316340441e+03 -2.392003593591393837e+03 2.052666039841050406e+03 -2.516322868954957357e+03 3.772502049914236977e+03 5.133511418345481616e+03 1.713029432046041165e+03 1.643663608952853610e+04 -2.328164593565207542e+04 -5.591206601450366725e+04 4.843004162574758084e+04 -1.023217144902201107e+04
-3.771315434967391047e+04 4.238908057711128640e+04 -2.853801297099385920e+04 3.704656502632443880e+04 -3.314501203949099818e+03 -2.502345855454220327e+03 9.126710452516171017e+02 2.366173676923341918e+04 1.533847844150578794e+03 1.434145722859728266e+03 -6.376811645720795241e+03 2.880700884749126271e+04 7.910478501275012604e+03 1.935974947744938163e+03 8.840564354322053987e+03 -1.975183679708217596e+03 7.030829980414177953e+02 6.221176710683871534e+03 3.433523332272582593e+03 2.010680806103792690e+02
-2.252323133866168428e+04 8.377206147069975486e+03 -4.433319825953895815e+03 4.571182316405573511e+04 -4.939404075777274556e+03 -4.213782054503293693e+03 -7.598047215725578098e+02 5.373262494680000600e+03 3.358217595922853889e+03 -1.482186979400463315e+03 1.526102603417965383e+03 -8.554781455534350243e+03 -6.047698068445108674e+02 2.075562467816829212e+03 -2.154183678986201812e+03 -3.055063980576794620e+02 1.501701359394867950e+03 -1.070416710049355743e+03 -6.409556036808741908e+01 4.355740544195899133e+02
-1.653653570289048366e+04 1.131271712266898794e+04 -2.136135034663481747e+03 6.943944673095426697e+04 -7.693932035723534682e+03 -3.093107059951588781e+03 -7.127485787791017628e+02 1.424152907290889743e+04 -6.289302814216124489e+02 4.659022804163429100e+03 -6.985238318567383430e+03 7.342145880074325760e+03 -4.234560936837524991e+02 1.704039258665016177e+03 -3.959227802693706508e+03 4.131391126351860294e+03 -4.841142610977570257e+03 1.448615306238030371e+03 -3.961778063940314496e+03 6.743741808311468731e+02
-4.589368464421356475e+04 -1.203300022316408831e+04 6.078931012906598880e+03 6.449570804826877065e+03 6.258107180087365123e+04 -1.690336489392045678e+03 -2.466131763986879832e+03 -5.761857160954552910e+02 2.130652173283455042e+01 -9.065215702016051864e+02 -4.412910171075056951e+02 3.337734950169694343e+02 -1.240196484897655438e+02 5.811739553175123092e+02 -3.358678130788852627e+02 1.142204032571900001e+02 8.788563715340113447e+01 3.897369094780199816e+01 5.515875041685844735e+02 4.181866744270755589e+02
-4.170324232268446212e+04 3.592800288983647624e+04 -2.631111025582168440e+04 -5.215194680268989941e+03 9.961860748760462911e+02 5.561228440108310451e+02 1.341938083209331126e+03 -4.304916567621630747e+02 4.213094467389594229e+02 1.276632886864747860e+02 1.716021576201648486e+03 -2.214880664581807252e+02 -6.278360627224361679e+02 -2.600806059232396592e+02 -5.757933517513068722e+01 -2.423856012809914660e+02 -3.644378215321172831e+01 -8.380023343760742591e+02 1.149647840141556401e+02 2.120631091592619850e+04
5.832248846213355137e+03 2.182624425248510670e+04 2.371919044643516827e+04 -3.811142110920418872e+03 -3.956127213978727013e+03 -6.216166283265080210e+02 -5.891102362937387079e+04 -2.857806898775951936e+02 9.957611066585825483e+02 1.450515719586363502e+03 -1.606143566246758837e+03 1.114556590122221451e+03 3.927873926132429006e+02 1.998239952330819278e+03 -4.277685810004421114e+02 5.204813490517174614e+03 3.178335984533800456e+03 5.449794610794658638e+02 -1.009337007938882721e+03 -4.881083112833029531e+02
-2.429149618151941831e+04 2.138233502905675050e+04 1.481778149685930657e+04 2.351173212356963995e+04 2.814922798141415478e+04 1.325675983824705181e+05 -1.120752279658537191e+04 4.020509865985706710e+04 -3.004748567136553465e+05 7.730728614370441937e+04 6.344329164561304424e+03 -3.698501779453412746e+04 7.538314145428079428e+03 -9.014152430201879179e+04 -1.831759849721636856e+05 -3.111880655256619866e+04 3.966591690700189793e+04 7.635902575420694484e+04 5.548334904273033608e+05 1.776165418716534987e+04
-4.230074632648596162e+04 3.173283367173568331e+04 -1.181595865101451818e+04 7.022798172212296049e+04 3.528531896716216579e+03 7.898680008489934153e+03 -5.763680276387690355e+03 7.020235113786105649e+04 -8.040181862613800331e+04 -3.238103336256204420e+04 -8.247568561438926554e+04 2.313521132912283356e+05 -1.214324406624735100e+06 3.285774123662659258e+04 3.262960412621330761e+04 7.592509437942585464e+03 -2.003601040810386849e+03 -9.984261045926943552e+03 1.619860374059043897e+04 -3.105760709461279839e+04
-3.885754238286243344e+04 3.844015346544403292e+04 -1.820402894868576914e+04 3.710542575426933126e+03 6.524432475835754303e+04 -3.876395604497004683e+02 -1.671777369203816988e+03 1.056917082525432761e+03 -3.129947152805522273e+04 -4.010621162932413426e+04 -1.809691994047061235e+04 -3.857216842723535137e+03 2.063647862063735829e+03 3.857529202163734226e+03 1.467494285133613857e+03 2.206912003982021815e+03 -3.207175426645682705e+02 -2.984997100814320561e+02 -3.287676974585270955e+02 -1.296538244802725330e+03
-1.819255391571995278e+04 1.983537821269235792e+04 2.028556461108558869e+04 6.925776194148801324e+02 -1.903957616224042567e+03 -2.419726678698921774e+02 -2.522998166878651318e+04 7.771601285929467849e+03 -2.381241092312312958e+03 -4.145397112926831142e+03 -8.670700972646767696e+03 -1.216019432993690316e+04 -3.109144093533699333e+02 -2.485628224777365745e+02 4.009024206181447425e+03 -3.919680761995792182e+03 7.919994142362518687e+03 2.085330270154501704e+03 -2.121927218220620944e+03 -3.180482705076690308e+03
-4.604627741940411943e+04 -1.259906075228155714e+04 4.576054832466074004e+03 1.937791861520115162e+03 4.289908033490660841e+02 1.602205318481282848e+04 -3.010843108189031682e+03 8.336419234093516934e+03 -3.707189018879443756e+04 1.345619431214451470e+04 2.521004675497531935e+03 -1.771540826357301512e+03 -5.522307809826710354e+02 -2.169653438903723509e+04 -2.672028257042164478e+04 -1.423384993807663705e+03 1.885098753698848441e+03 -5.605461733229213905e+02 4.342865661380819802e+03 9.581481931211825440e+02
-6.004008459207727719e+04 7.913460621829019146e+03 -1.878221506142156431e+04 3.457082802707944938e+04 -3.036269670481716730e+03 -3.079042337171641520e+03 -1.444804577337297133e+03 1.421526346484775058e+04 5.424075742348812128e+03 -3.841896122053761701e+03 5.391984529097992890e+03 -1.182095030958591815e+04 -8.030675870048700062e+02 3.362586096876473221e+03 -2.948588021874037167e+03 -1.385952961893783367e+03 3.341745710933852024e+03 -1.621036710137293994e+03 5.915590023479229558e+02 9.944468505841805381e+02
-4.602943147526719986e+04 -1.264689863789240917e+04 3.977983541881245856e+03 -4.699698354103414744e+01 -4.530022228453654520e+02 -1.513452401315360305e+02 -8.306502588745566754e+03 2.768450996686508006e+03 -2.053515310426852011e+03 -3.485854513877725822e+03 -5.982718044148909939e+03 -6.529510876289482439e+03 -1.815652155286429206e+03 -4.565033017427119375e+03 5.397040189435899265e+03 -3.505207940036319633e+04 -2.350753317250121108e+04 -1.858441280671968059e+02 -7.520672148716735137e+02 2.543486747477951724e+02
-4.161313609180256753e+04 4.485833937187746051e+04 -2.857399822060958104e+04 7.342522059856487613e+04 -7.147547635326703130e+03 3.787462652981037081e+02 7.165916196461229219e+02 3.945571135009588761e+04 -5.615497919158735385e+03 1.074772644658362333e+04 -1.791488276287733970e+04 5.279061122559754585e+04 6.456094998618345016e+03 7.608573222836162131e+02 4.821134528279585538e+03 2.517853316918646669e+03 -5.197553683742189605e+03 1.329530895538381446e+04 -4.473857509560351900e+03 9.885516550589499047e+02
2.104609061620809734e+04 -3.115647441133296070e+03 -3.426349532366362837e+03 -4.381376549674557168e+02 1.656677823019898028e+02 9.730188365486611701e+01 -9.638663231053665470e+01 2.185290024726315323e+02 5.445381063419664436e+00 -4.553283564145320383e+01 1.157729594809808162e+02 4.072420388671960723e+01 4.003521773853732313e+00 9.277057831110242958e+00 -9.129484665743513361e+00 9.268289829782442979e+00 -3.383517166620485028e+01 -2.577970538882457063e+01 5.121006698204261909e+00 2.362578831289312120e+00
-2.142296379749858534e+04 1.041763452194973252e+04 2.081903354883680731e+04 9.463889251301739023e+02 -2.021471384070288195e+02 3.780841407464974054e+03 1.269368186513014962e+03 1.459802745676941049e+04 -2.806640317478588258e+04 5.089625832834615721e+03 6.098118569305655001e+03 2.280313857896738409e+04 2.641740493399207480e+03 -6.858081959790144174e+04 -6.816523213534760544e+03 -2.935391458730934028e+04 2.976369592426181407e+04 8.545975715258409036e+04 2.587739757612833055e+05 1.352833369631474909e+02
-2.115734321354963322e+04 1.468766355641394875e+04 1.549450992977528949e+04 1.052353864149978108e+04 -1.942988854916217633e+03 -1.403739010295427761e+03 -6.708031206104011517e+02 5.405543577299506069e+03 1.324945543016785678e+03 -8.813094076858071276e+03 1.704855324561407178e+04 -2.003086193510820522e+03 -5.776729760584781843e+02 7.026484090643758691e+02 -1.037272705744646601e+03 -2.033673573576175613e+03 1.509389423402364400e+03 -3.002253555166015531e+02 8.024486767180410425e+02 -7.180714342329077908e+02
-4.770026652357521925e+03 1.137266081482861046e+04 1.566758094039546449e+04 1.546261499070204263e+04 -4.012899445835699680e+03 -2.721392667728141987e+03 -4.239762082415124496e+03 -2.491519687642032659e+04 -3.958167699025253569e+03 -1.416851262046352076e+03 3.071969679488390739e+03 3.907372969377558547e+03 8.400119980275808018e+01 -7.146893179581467166e+02 1.190703480686389639e+03 -7.993953177689007816e+02 1.167721021169625146e+03 5.979480040734235757e+01 3.883388813435794873e+02 3.354866213582359251e+03
-3.974917303996800911e+04 2.992474114119260776e+04 7.071599825384917494e+04 2.119786576615697704e+05 2.921329843516815163e+04 2.260459814969441388e+06 -1.914860276708381571e+04 -1.197141876558182703e+05 3.777748173153723474e+05 -2.296517968083749874e+05 -1.297108764629842626e+05 6.304044928217919369e+04 5.534690031535938942e+03 -1.422523746465898002e+05 -6.509183787714028585e+04 -5.075145329514676996e+04 9.022648044844013930e+04 -1.260102463768135494e+05 5.543411406090674427e+04 7.031130045779574175e+03
-4.150848102695929811e+03 1.842423764254713024e+04 2.642190026100450632e+04 -2.937087796227378476e+03 -1.685092159036592875e+03 -5.349555250315452213e+02 -1.945758602789285760e+03 3.451595090261000109e+01 4.789682947418716594e+02 -1.359902518235191337e+03 2.541811160411245055e+03 1.684541585383874008e+03 1.525939607563944662e+02 1.520219325039166279e+03 -1.041086628887702318e+03 3.367710342971147384e+02 9.935807260518975781e+00 -2.132799394588473660e+02 3.152520183895343848e+02 3.719487954218212735e+02
-2.355501195781554270e+04 2.426984973255989826e+04 3.045530167303907729e+04 5.912451571240432531e+04 8.350890648660182705e+03 8.631646067246637540e+04 -1.990197281742230189e+03 7.837111987679243612e+04 -2.531767388323281775e+05 1.347787085001167143e+05 5.998019736836872471e+04 4.462488080936217739e+04 -7.427769283151555101e+03 -2.174164048649182951e+05 -2.326986299964479113e+05 3.998201027050674747e+04 -6.119156957917978434e+04 7.300509332303369592e+04 -1.949312601985632209e+05 -7.287238835909098270e+03
-4.685513072666931839e+04 6.119643875016854872e+04 -9.191402291619480820e+03 1.844413702244467686e+03 -3.047666192524940016e+03 -3.599041456733235691e+02 -4.234561505712324288e+04 7.202996983034812729e+03 2.415859512510348850e+03 4.872073525530961888e+03 -8.480156204359827825e+03 -3.488204833301886083e+03 1.667143581434878854e+02 5.177382093268523704e+02 -1.587715229087074817e+02 1.586101756076240690e+03 -1.498495635986598245e+03 -1.543897456056974079e+03 2.635964408233784297e+02 1.672930959801960853e+03
-1.338773195648522233e+04 1.328492640269124604e+04 1.211401832728954832e+04 -8.969935379287877595e+02 2.348708037679550671e+02 1.842672579098889116e+02 -9.879135248523949713e+02 3.450508269326236586e+03 -1.550307907572660224e+04 -2.145927663755460162e+04 -1.193105648621829096e+04 -5.059693855513433846e+03 7.106337996698478037e+02 2.818061508970879004e+03 4.132553223095533212e+03 1.861575967575604409e+03 1.073613982323924802e+03 -6.408250740362365150e+02 1.495571585347874816e+03 -2.997296185160406367e+03
-4.142454675950141973e+04 3.523850570149485429e+04 -2.515506530893176750e+04 -4.466433699781151518e+03 3.209028064838178125e+03 1.699567357136365217e+03 1.763476369302904459e+03 4.092785316881571816e+03 -4.750326482840350218e+04 -6.440203181907712860e+04 -2.928720186911208657e+04 -7.725173647918447386e+03 3.226093495274218640e+03 8.890972319773056370e+03 5.042511881140102560e+03 6.726269444693120931e+03 6.023368736693599885e+02 -1.096511664455956179e+03 -5.759330611979780770e+03 -1.424599122030882427e+03
-1.845148828076709833e+04 6.731430704725391479e+03 1.702252092768842658e+03 1.962861100210387303e+04 -2.580230046547175789e+03 -2.323269136679663916e+03 2.906518625088287990e+02 -5.064448938966183050e+03 8.580242545740804871e+02 -7.682290216751734988e+02 1.461571453939478488e+03 -5.417815881142792023e+03 -7.388237892253794143e+02 2.302711480527247261e+02 -6.409362396159782520e+02 -1.518989045798959069e+03 2.639562720957146666e+03 1.543724813311659432e+02 -6.456763719488544773e+00 -5.829143387180770475e+01
-2.601654892124343314e+04 1.887589006173281086e+04 3.333173470104015723e+04 6.501375966328615323e+04 1.107678826486012804e+04 5.255760565621603746e+05 -2.390850448978607801e+03 3.152081575959222755e+04 -2.563820327506349422e+05 1.944074709582095384e+05 8.186914581242165877e+04 -6.032688198637276219e+04 3.875110070977193118e+03 1.659988048282508389e+05 1.313645167366017704e+05 -1.820814465623664728e+04 2.057125397164409878e+04 -3.255768211785617314e+04 1.352513518235574520e+04 1.596969372687146006e+03
-6.843211811976897479e+03 1.664696719496943115e+04 2.588293379580725014e+04 1.277241754081548788e+04 7.063860329507310780e+03 1.357827767748231417e+05 1.268744026299104235e+03 1.010064828823647258e+04 -8.234454783143680834e+04 7.000006016123204608e+04 2.801077756008387223e+04 -2.968773901380862299e+04 9.588830692980203594e+02 7.749367084660801629e+04 7.178437703591809259e+04 -2.809053490009785605e+02 1.585423840678047554e+03 -6.349902932838234847e+03 -9.099902582590946622e+03 5.345355782833983085e+02
-3.440633898858170869e+04 4.370198342291025619e+04 -1.064626052042681113e+04 3.781222159796579217e+04 -3.326659294419986963e+03 5.603304692726538860e+02 3.541708984687491011e+03 5.068770063791319262e+04 -1.773276820685791972e+04 6.487542251296727954e+03 -3.752926779266454832e+04 1.513532630094628839e+05 3.164126970761189295e+04 -1.271252573740497246e+04 5.780358427184413449e+04 -5.371757076918907114e+04 6.656483194680088491e+04 3.143571401094579778e+04 4.536901748569896881e+03 -3.864308359341386677e+03
-2.534434069040828763e+04 3.396268185427750723e+04 5.716933630449621705e+04 1.301562504691552022e+05 1.100800229108985877e+04 1.086683117322465405e+06 2.824695953699035272e+03 -1.608708077272069204e+03 -9.834537627845157112e+04 9.360248262943615555e+04 5.327208482873861067e+04 -3.385055137217840820e+04 9.199640382927922246e+02 1.340101329143467301e+05 9.634983561098290375e+04 2.280787723886362073e+03 -1.281373795700763185e+04 4.217252365556622863e+03 -6.414609025450699846e+04 -5.311855209047732387e+03
-3.750036313092570708e+03 1.297119797278357692e+04 1.979127383908379124e+04 -2.402960174396680941e+03 -8.635278261655529377e+02 -2.957447911252589847e+02 3.184391269471130272e+03 1.297685246307305761e+03 6.984565696534432391e+02 7.149979194945077552e+02 -1.926875024768814683e+03 -4.178601381778435666e+02 9.350001335738186370e+00 9.664810268871086691e+02 -8.157846798500902423e+02 2.605285895828399489e+01 2.026642121749622447e+02 4.461527611471224475e+01 1.858621200005988072e+01 1.151178010072561761e+02
-3.885188543786621449e+04 3.614554735393063311e+04 -1.928431437533532517e+04 -1.280410324934097446e+02 3.362278403425073975e+03 1.755579447067759611e+04 -2.080799369136946098e+03 1.022364857648575344e+04 -6.862281947477856011e+04 -2.563567161726557242e+04 -1.514341436542061638e+04 -5.569973965455727011e+03 1.649428191045172753e+03 -1.870035693211021862e+04 -2.507868034628783425e+04 7.861500935109968395e+02 1.263293472028774659e+03 -7.942321736600964641e+02 3.267838858233413248e+03 -7.707681745238853637e+02
-3.544759229087380845e+03 1.504958957018059118e+04 2.201253671760934594e+04 -3.026702025620225413e+03 -9.444333365920421102e+02 -2.704992306145424550e+02 1.799352278283597798e+03 2.149379380411648981e+03 8.878292716319072042e+02 1.233338491213570251e+03 -3.044707046800028365e+03 -8.324017484989852846e+02 -1.261431449416984485e+01 7.422222579788599433e+02 -7.034963873172665672e+02 4.888443572349414978e+01 2.140922800193900173e+02 4.832764644222653061e+00 1.017375741641239699e+02 6.946125432918667286e+01
-5.544660976149203634e+04 3.803708984341526229e+04 -3.273345194077700944e+04 1.624316397288573171e+04 -7.979237539165421822e+02 -1.414302897577483918e+03 9.682452447434438625e+01 7.097484085523438807e+03 4.050871770920521612e+03 -2.332080906932201287e+03 6.265795764508881803e+03 -9.276419658703520327e+03 -1.173529742156119710e+03 1.058577615157076707e+03 -1.479995302630252809e+03 -2.097596679119420514e+03 3.680177211870733117e+03 -7.790115682940243005e+02 5.978799798391486320e+02 9.020101270973299279e+01
9.679711799537511979e+03 2.114830693625983713e+03 2.913928272772174751e+03 6.456422422762883571e+02 -1.697471416107948130e+02 -1.558407015119913979e+02 -1.213869102602286148e+03 9.034072155600038911e+01 -1.284124141107753081e+00 2.979003472084889914e+00 -1.639091190563876808e+02 -1.998310538965328078e+02 -1.765742721153174699e+01 -5.955341442354867922e+02 4.372998193087838104e+02 -1.650743539668093263e+02 1.257380022304603955e+02 1.707584404642790616e+02 2.380738390559148172e+02 -5.635877950374094780e+02
-2.032683077519194921e+04 1.149877032353329741e+04 1.223014751061949391e+04 6.684078372042102274e+03 -1.066854091101422455e+03 -6.752327883069427799e+02 -5.624686160325242781e+03 7.343854198350696606e+03 2.586977257207815001e+03 -1.838666598372406497e+03 1.106874483140579969e+03 -1.392227070769989587e+04 -2.810212997116522729e+03 -5.395103982266147796e+03 3.671752837106398601e+03 -7.478650694667608150e+03 1.189903180411227913e+04 1.992350070683833337e+03 1.314157352026872331e+03 -8.249653039134409482e+02
-1.395564597712406066e+04 9.251542728479033030e+03 -8.714063453658823164e+02 5.209298971749008342e+04 -5.877551264062158225e+03 -3.423179181416765005e+03 -4.495009277840944151e+02 7.197513452223151035e+03 7.162919100808622943e+02 2.130125370527689483e+03 -3.879534728348566659e+03 1.542159184396469982e+03 5.645427804284390305e+01 1.483009998016178088e+03 -2.212110058040819695e+03 2.728887103432602544e+03 -3.185180796584593281e+03 -3.083197453582452567e+02 -1.573773488656982636e+03 3.530689014224591915e+02
-6.579553418812677592e+03 6.611432563139439480e+03 9.161486372235245653e+03 1.645643896576639236e+04 -2.815646161082273466e+03 -2.424684128453903213e+03 5.469020137145515719e+02 -2.039264968529707039e+04 -3.237343636022438204e+03 2.446792086909932550e+03 -6.073773317608172874e+03 -3.797488455320576577e+03 -5.460152699015476401e+02 -7.512824049985171769e+03 6.022750371768130208e+03 -3.620088811695568893e+03 1.939807349205623041e+03 3.584501271053668006e+03 1.020571247776240739e+03 -1.181627479962057259e+04
-2.442788180502466275e+04 4.522960057693663111e+04 -9.449342318433629771e+03 -8.909091174202638285e+03 -9.106660863425945251e+01 4.641164589048040625e+02 -7.755598703895351491e+02 -4.209348519077626065e+02 7.980454748814690902e+02 2.408951643911661904e+03 -3.084065613765499165e+03 -1.074875531104271289e+02 -1.564455872196992914e+01 7.257957901338097599e+02 -9.143522471681018260e+02 4.497788652163478105e+02 -3.459316200996227053e+02 -3.335497714429816369e+02 -7.041741202996226434e+01 3.633315199684955701e+02
