2.099516953713400653e+04 -3.093364704694577995e+03 -3.395692535204426349e+03 -4.312914836620520873e+02 1.632688026197753288e+02 9.576812257691354091e+01 -9.449600280651340256e+01 2.137859068282538146e+02 5.141685828031418382e+00 -4.420235061702754109e+01 1.123771369403966247e+02 4.006630320107284859e+01 4.025076644560063421e+00 8.525736949665249753e+00 -8.427321812719334559e+00 8.718392554902452574e+00 -3.282690032475998976e+01 -2.476360741192647552e+01 5.119356131717525571e+00 1.808562464475250042e+00
-4.938294080645090435e+04 -1.553377250762709991e+04 1.328471788468371528e+02 -1.208724279226717726e+03 -5.533974298478005238e+01 7.447473335153175356e+01 -3.973784522245460948e+02 -1.127078119383691224e+01 2.795798347529026273e+02 3.856709211265655313e+02 -8.250933108529714843e+00 2.695274374368413532e+02 5.680160215459967787e+01 1.203311262613261619e+02 -8.589026457346390941e+01 1.017852227388433448e+02 6.742838163559025766e+00 9.161477425837429678e+01 -1.383905270637925611e+01 -6.551366531183790585e+02
-3.083336049392427867e+03 1.079931589694734430e+04 1.739921492929125816e+04 -2.029294724499737185e+03 -6.975263285591740896e+02 -2.579648966126109713e+02 4.791253017127112798e+03 1.197926033924612966e+03 6.684081668309451061e+02 9.258840964562006093e+02 -2.369900267012461427e+03 -6.525438955476532783e+02 -6.510500876386707603e+00 9.805561205126340383e+02 -8.343387075614097057e+02 -3.324621632819385297e+01 2.334761474687867064e+02 1.091751469416175979e+02 -8.420545634573866778e+01 8.650656101013726129e+01
-4.260886782801830850e+04 3.583846070121286175e+04 -2.622705834739513375e+04 -5.116292441518177839e+03 9.131450870268052995e+02 4.989418012674915417e+02 1.728082558591770976e+03 -2.218037409005853988e+03 3.045188589352402460e+02 8.542148589730439880e+02 1.106520730042738251e+03 -7.830245850897928506e+01 -1.471103529638531029e+02 -5.321498259599050016e+02 1.064526643458166610e+01 1.449673674909902275e+02 -3.402780217800124092e+02 -7.182769634648654744e+01 -1.418870112040549714e+02 -7.905726848944208314e+02
5.656151207927688120e+03 2.187679825241012804e+04 2.374030268035074550e+04 -3.797823165853044429e+03 -3.950467335141241165e+03 -6.170279708533768144e+02 -5.882004699740628712e+04 -2.147508670833534268e+02 9.716399879441013354e+02 1.425599073228449015e+03 -1.693495090959771233e+03 1.014099608384774115e+03 3.896697546140618442e+02 1.984759552187367717e+03 -3.938353595012091546e+02 5.146386216819850233e+03 3.206888985537213557e+03 5.533118126162090675e+02 -1.023207809094355753e+03 -5.125832745011157385e+02
-1.303446378347080827e+04 8.465624074607254443e+03 -5.522170815791486120e+02 4.541430786308955430e+04 -5.164392491242273536e+03 -3.647458050720895699e+03 -3.705843086787809852e+02 4.426805668115517619e+03 1.396414519318562952e+03 9.873488891095422559e+02 -2.487110646185244605e+03 -9.974998554535127369e+02 3.136345250045043258e+02 1.438951524908745341e+03 -1.434573600313800171e+03 2.196353524274135907e+03 -2.581712882916579474e+03 -1.191875514354515644e+03 -4.493883309569386029e+02 1.992324551674157078e+02
-5.436119478753089425e+03 1.168574068940587131e+04 1.589444772856965392e+04 1.565627668028347580e+04 -4.051646654303604464e+03 -2.747094134458808639e+03 -4.596785081296035059e+03 -2.484584904770328285e+04 -3.940339915849900081e+03 -1.542095838450136853e+03 3.320334030846108817e+03 3.901699358752931857e+03 7.910479452373697029e+01 -7.283124039260433165e+02 1.203638247262423874e+03 -8.112112897186593727e+02 1.188018837412397716e+03 4.920911174304673352e+01 4.110887068237762492e+02 3.358746220250544866e+03
-1.563360480309106424e+04 1.496085156551234104e+04 2.630129647140496309e+04 1.984905078287511424e+04 1.560511772892936715e+05 -4.772554956539533123e+03 -2.810459811534921300e+03 -2.046563993186940934e+03 2.250597081058774165e+03 4.850003028675902073e+01 1.465705627972968443e+02 2.751122740204708634e+02 2.155494045568247259e+02 5.696760930554859215e+02 3.653821015610341760e+02 5.708977152275090106e+01 -6.906811676006019241e+01 -7.912500867548281747e+01 -2.077771860339607599e+02 -9.281570467278575265e+00
-3.390361032988087391e+04 7.461490853905177210e+04 1.565464070198635163e+05 6.688038500037605409e+05 9.269461209923577553e+04 7.429178814210163429e+06 -7.226347487304396054e+04 -6.452495208701075753e+05 2.697222315995696001e+06 -1.839428319571936736e+06 -9.099011106334049255e+05 4.952719504703676794e+05 -1.449154183666315657e+04 -1.352397542225514771e+06 -1.006791201424730825e+06 1.677897437323605482e+04 5.029670213864884863e+04 3.157114726211919697e+04 3.748489633779013529e+05 3.634773474928404903e+04
-8.929255961964639937e+03 1.674696498974768474e+04 2.577716765092849528e+04 6.107804177297598471e+02 -2.040737490921533208e+03 -7.519366135428864482e+02 -3.325883478678202664e+03 -5.046058793257359980e+02 -9.427395287300639666e+02 -8.867894614859300418e+03 1.807282217533386211e+04 5.866187584571944171e+03 3.452456851619310214e+02 5.017575949802635478e+02 -3.391764540845119313e+02 -7.502872224310776517e+01 -1.591039150685669028e+03 -5.296972043520526086e+02 8.300953277907323127e+02 -7.082382801179631997e+02
-2.551561889287915619e+04 5.265277505150841171e+04 -2.789267449440195833e+03 -9.944083474564567950e+03 -1.281111906226303063e+03 2.171982802951193037e+02 -9.392890751849516164e+03 -2.460506533397589919e+03 4.309330796251641686e+02 -1.400311132198297344e+02 2.548035899676735426e+03 2.624502685819325052e+03 1.803945159579133133e+02 1.629951845736299902e+03 -1.320103051668394301e+03 8.570582281213936540e+02 -5.955709541195884640e+02 -5.907026888882091953e+02 1.237725041492920610e+02 6.823475400951958818e+02
-2.474884888193642837e+04 3.089323763105864782e+04 5.104846423445527034e+04 1.166894377812487510e+05 1.000449724967076145e+04 9.501044358454912435e+05 1.019338329466345613e+03 6.140088962679803444e+03 -1.316312183155166276e+05 1.160649527881853865e+05 5.785075881192582892e+04 -3.968451300729904324e+04 1.472092310325085691e+03 1.448861489337896346e+05 1.084394430966401414e+05 -2.222089792798575672e+03 -5.020427439743504692e+03 -6.136990165536471068e+03 -5.122593504105100146e+04 -3.827981834769204397e+03
-4.217590345335020174e+03 3.734168712761665574e+03 6.103801447186853693e+03 8.685648488406910474e+03 -1.810747383652417284e+03 -1.332636350319427720e+03 1.775553443514798801e+03 -8.858921377306427530e+03 -7.118467907816250317e+02 1.518476603353396968e+03 -2.100833978741903593e+03 3.500142335641345426e+01 -7.368645907219129931e+00 -2.536970840793804314e+02 1.450362239693165805e+02 1.711586022184057754e+01 -1.938508788896524671e+00 1.563143856404987559e+02 -8.347072682118678699e+01 -1.133651071950441747e+03
-4.142454675950141245e+04 3.523850570149484702e+04 -2.515506530893176750e+04 -4.466433699781152427e+03 3.209028064838177670e+03 1.699567357136365217e+03 1.763476369302904459e+03 4.092785316881571816e+03 -4.750326482840349490e+04 -6.440203181907712860e+04 -2.928720186911208657e+04 -7.725173647918448296e+03 3.226093495274218640e+03 8.890972319773056370e+03 5.042511881140103469e+03 6.726269444693120931e+03 6.023368736693601022e+02 -1.096511664455956407e+03 -5.759330611979779860e+03 -1.424599122030882199e+03
-5.569963073253937182e+04 4.000524081454399857e+04 -3.540128080195652728e+04 3.386319163456542447e+04 -2.646326352393198704e+03 -2.978421476435594741e+03 -1.702351305725791235e+02 1.327873263919393503e+04 5.935383108813371109e+03 -3.183994423268694845e+03 6.244542103277305614e+03 -1.249485013510049248e+04 -9.808736907070551752e+02 3.113819815720318729e+03 -3.199804087729558887e+03 -1.210436065684011055e+03 2.932243729220827390e+03 -1.852565111011800127e+03 4.739180552032481160e+02 9.570104494953679932e+02
-1.918744856887384231e+04 1.297582295595615324e+04 1.434731660312150780e+04 4.508459419591618826e+03 -1.192754111511297197e+03 -7.152748250544433404e+02 -1.053610549333579365e+04 7.201615279715411816e+03 2.378109233266591218e+03 -1.096798821067263589e+03 -9.669845797980199222e+02 -1.403835574871607605e+04 -2.665429743010883612e+03 -3.260470896738887404e+03 1.846420469142366528e+03 -9.351739707133252523e+03 1.366757455504191239e+04 2.849356767905951529e+03 1.347957742648429303e+03 -1.190830206014701616e+03
-4.028792220337893377e+04 3.784715221016136638e+04 -2.678399237437949705e+04 1.900419181506777386e+04 -1.229309515763355648e+03 -1.056918604058949313e+03 1.231836132522271555e+03 1.775680385370757722e+04 -5.941390227687342218e+01 1.368470726968564122e+03 -5.596845857927307406e+03 3.066480769601795691e+04 7.665014710573808770e+03 3.483263252817426405e+02 1.037769684381691150e+04 -3.187425418595148585e+03 1.910135828434391215e+03 7.089913007287402252e+03 3.711812808814116124e+03 -3.039985807827663393e+02
-4.332376167140884354e+04 4.873417784566304908e+04 -1.491819379816078981e+04 1.183625997982947010e+05 3.774330498322490166e+04 3.272267325405126940e+03 -6.657788197464812583e+03 1.238686921783806029e+05 -1.073264803249460820e+05 -3.239254324847713360e+04 -1.485637644755731453e+05 4.946661070626931614e+05 -2.562450987102032639e+06 7.993945496745551645e+04 8.424003479697836156e+04 3.541244295918357238e+04 9.498511284400306977e+03 -2.362886442389662261e+04 3.937337699184878875e+04 -6.968172246985540551e+04
-1.046610624581883349e+04 1.058477235472626853e+04 1.574993625879467436e+04 2.309675988999991660e+03 -6.993958908615619521e+02 5.029333719530774260e+01 8.138904016888559454e+02 4.215611340779147213e+03 2.910617333322341551e+02 -5.212027320587944814e+02 6.549645925517698970e+02 -5.290713745363172166e+03 -9.112567565660795026e+02 -1.465102913913034718e+04 1.222345970479492826e+04 3.583869958947027953e+03 -8.236534825254478847e+02 1.060790966103566575e+02 1.069573806006311997e+03 3.010940933319658370e+02
-2.008164473873665338e+04 1.065318417374776072e+04 2.187360493528798543e+04 -7.381991078603196854e+01 3.033976620498945977e+03 1.452039294904301278e+04 6.625918599139167782e+02 1.241005893952092993e+04 -3.115219639748886038e+04 1.961880453184946964e+04 6.220639219143578202e+02 1.733026325255064876e+04 5.449697202674370601e+03 -2.937888059338344465e+04 9.184822626617115020e+03 -4.528774490624743339e+04 7.178472883193225425e+04 -1.147727399002358870e+05 -2.037921652213393827e+04 -1.197501305758579520e+03
-2.446199588711998877e+04 2.767714000377536286e+04 2.749596862556971246e+03 8.991235208996558868e+03 3.025293191091165863e+04 4.609202699416803080e+04 -4.459440206865950131e+03 1.755153683842307510e+04 -1.316669520883595978e+05 1.224396874549870881e+04 -7.005128766302787881e+03 -1.293488813902940092e+04 3.621144240000428454e+03 -4.558744322907787137e+04 -8.229654370519872464e+04 -1.075343552383411043e+04 1.511211935550940507e+04 2.418547001029943203e+04 1.976721388689493178e+05 5.935642364191977322e+03
-3.652144027346924304e+03 1.545595683972632651e+04 2.225145317455741315e+04 -3.078159286001587589e+03 -9.888593404836711898e+02 -2.795894862510270400e+02 1.471428398372863057e+03 2.079408471720383659e+03 8.745841831568237694e+02 1.133501332079177928e+03 -2.825533325985646115e+03 -7.238044358829500879e+02 -4.687071642294870166e+00 7.725677533955479248e+02 -7.158969490997786806e+02 6.620512803950289538e+01 2.029460325177112168e+02 -7.446284801428247668e+00 1.134444247874712914e+02 8.253338511289562973e+01
-2.097719425829525062e+04 1.538272545038227145e+04 1.996648400694916927e+04 3.390645432578430336e+04 3.557294073033769109e+03 3.971375432950702816e+04 -2.115957669792244360e+03 3.929972191705019213e+04 -1.193463136492548801e+05 6.140249945144987578e+04 1.971942666546232431e+04 2.132686746441182186e+04 -2.722372889536241019e+03 -9.907679655180251575e+04 -1.031745812954280409e+05 1.028798539607305611e+04 -1.515388858936903125e+04 1.665394749965050869e+04 -6.786274329289338493e+04 -1.751372421477234639e+03
-4.652826525879964174e+04 1.213875997741946594e+04 -1.497227857815345851e+04 1.345709557168084211e+04 4.471887188175832080e+02 -1.185010782554809055e+02 -7.630248442538735389e+02 1.633801164408109616e+04 -9.797532356457282731e+03 -1.053902465531744929e+04 -9.656823082100312604e+03 4.630159880680538481e+04 -3.338072353093387792e+05 1.376737695154908943e+04 9.763020230155527315e+03 -2.857343737577644447e+02 1.230069856274206904e+04 -3.988842011714605633e+03 1.011427503527930457e+04 8.122767063450439764e+02
-3.937153958005670574e+04 9.400567375560969595e+03 2.847170868239001720e+04 -7.704187854615644937e+03 -4.774978464673319650e+03 6.019810164568498294e+02 -9.283654984462926222e+04 9.804378563949621821e+03 -1.180067871268931231e+04 -9.444628457886306933e+03 -3.087097540681488681e+04 -2.959314100704528028e+04 -1.036357618702884247e+04 -4.091347559392800031e+04 4.181658393500301463e+04 -5.402395853004804812e+05 -4.130519698641552241e+05 -2.224136468164364123e+04 -2.088010960122930919e+04 2.494672799212529208e+04
-1.088619993337641972e+04 1.317526386142097181e+04 2.117236603755645410e+04 4.041711014244254329e+03 -5.259441840792405856e+02 6.075108892591435506e+03 3.246665308080391696e+03 1.386471470263610536e+04 -1.657775357397400148e+04 1.271832615328547035e+04 8.999109552614088898e+03 -3.711002903894228075e+04 -5.679937055062571744e+03 -1.089361498368091707e+05 1.247252232001722587e+05 5.592142791276628850e+04 -1.657627994533282981e+04 7.314047632459643864e+03 -4.732871350326958236e+03 1.832988135824754863e+04
8.620534732498207404e+02 6.792787560593194030e+03 1.057553676697285482e+04 1.423082699697983662e+04 -3.236842186737130305e+03 -2.383799535331900643e+03 3.923648877799178649e+02 -2.402934791316763949e+04 -3.791870895755464062e+03 8.754531533257971887e+02 -1.725798438480405821e+03 2.312097048477693988e+03 -9.169364645443538464e+00 -1.018576001461862461e+03 1.242424949257186881e+03 -9.324234690932918284e+02 1.248000973808400886e+03 2.595809222803771945e+02 1.014457598228672879e+02 3.180607581020177349e+03
-1.565431860897010483e+04 1.021999815884061536e+04 1.179740651223026907e+04 2.346213713229607038e+03 -1.086107606658901886e+03 -5.599716063191059447e+02 -1.399614024867305307e+04 2.952116945742138341e+03 -1.992692129882280824e+03 -2.888164469709503919e+03 -7.301874075604535392e+03 -7.402089494802117770e+03 -1.869880277507742221e+03 -5.547891574685119849e+03 6.114283808092419349e+03 -3.519455290090428025e+04 -2.378787923844265606e+04 -1.162953781752269862e+02 -6.242019605014399986e+02 -2.981934544794702902e+02
-9.045574359854303111e+03 2.509472781560665226e+03 6.052602049672834710e+02 8.564211321167173082e+03 -5.749691222825024397e+02 -1.042737895624301245e+03 -5.479558260491886585e+02 2.337874444150976615e+03 2.716819043223618792e+03 -5.838273971440328751e+03 9.895888114277093337e+03 -2.375673958914054310e+04 -4.361648984331934116e+03 -3.282483414749741769e+03 -9.360360308197102768e+02 -2.595746211705441601e+04 3.979367801747012709e+04 2.336766508746086038e+04 -3.981866910769649621e+03 -2.856470254596074483e+03
-2.081491529800353965e+04 2.536192500879427826e+04 4.180535227300409133e+03 1.058841491485599727e+04 -6.083650581761662579e+02 5.134653224016007016e+02 3.229287961229107623e+03 2.940504650858151217e+04 -2.199605304515415628e+04 -7.173503918167863958e+03 -3.149502502192467364e+04 1.129996622069243167e+05 2.546375768909037652e+04 -1.242796357310104941e+04 5.068274152195960050e+04 -5.148634246487871133e+04 6.603048786401415418e+04 2.013479243543765915e+04 4.224748431478848033e+03 -4.690543400010045843e+03
-4.845963014898240363e+04 -1.541570544048269039e+04 9.484239234665999163e+01 -1.433326655135140300e+03 3.801555477882268264e+01 1.424529441474404337e+02 -7.656487647675452308e+02 1.711225375156305063e+03 3.725176719076167160e+02 -3.168186584693015106e+02 5.590535728672609821e+02 1.677176792397174552e+02 -4.114007897165316194e+02 3.639853548981849940e+02 -1.299490310205508763e+02 -2.736757961005951074e+02 2.945139405312567646e+02 -6.726279036900567689e+02 2.380974075089480948e+02 2.133488693548829906e+04
-6.118336392702912235e+03 1.452206687512630197e+04 2.340050961585957702e+04 1.199350341036895998e+03 -1.123241511912966871e+03 2.269370024592397385e+04 5.795489780464055912e+03 3.888810507206579132e+03 -1.023432068559430445e+04 6.493218951238087357e+03 1.208137926587759284e+04 -1.161099909373802802e+03 -9.477187574415286520e+01 8.841339043272517301e+03 3.430627229176385754e+03 2.299591145979503835e+03 -5.724401449383264662e+03 5.060910923070789977e+03 -2.027118132546699781e+04 -2.315717861225049546e+03
-2.373232634113857057e+04 2.545174517646177264e+04 3.145445566317757766e+04 5.969730220815590292e+04 4.837175127612523283e+03 9.214874778745055664e+04 -1.965769748217116785e+03 8.140936949441189063e+04 -2.641993632214411628e+05 1.407047412161123357e+05 6.379595859571190522e+04 4.619150342207750509e+04 -7.675535307237161760e+03 -2.252513094446283940e+05 -2.413851140647819266e+05 4.192379119557025842e+04 -6.441544747658089909e+04 7.681706582806195365e+04 -2.059616906220751989e+05 -7.920421285768095913e+03
-3.770983126473466837e+04 5.487385780222576614e+03 1.397230955163091676e+04 2.078126879706950422e+04 7.888132223667610560e+03 5.041418500662119914e+04 -7.442846384545428009e+02 4.519229222614926402e+04 -1.758634299516984902e+05 8.380269460526382318e+04 2.220801421463676525e+04 2.007865925857896218e+04 1.205491776937907707e+04 -3.255078927226952510e+05 -2.339856602635043964e+05 -4.201601559623531066e+05 7.102285857723297086e+05 -2.104463607909047045e+06 -2.177633794808288221e+05 5.090580878107423814e+03
-4.839840400668755319e+04 -1.513266195375624375e+04 6.408219579032250977e+02 -1.251725647349976043e+03 2.194166035563472121e+02 2.805219713514504747e+02 -9.250126502410317926e+02 2.884512938997518631e+03 -1.591349281771031929e+04 -2.506059589159485040e+04 -1.209161766511730821e+04 -3.701931948012017983e+03 1.061754268853506119e+03 5.791281251600209544e+03 3.362955267375227777e+03 4.700431689336658565e+03 9.601660253329037005e+02 -8.868034281148367199e+02 -4.769510833595015356e+03 2.737195772562338334e+02
-8.268257498566905269e+03 1.212451017991967819e+04 1.945283846259977872e+04 6.786819886248870262e+02 -9.829978678513351724e+02 -4.177045173518518482e+02 1.470484606340085520e+03 2.024528143317537797e+03 -4.758775457103991471e+02 -5.676465275892397585e+03 1.122099744789313627e+04 2.787191178763032894e+03 1.461731233593756087e+02 -4.463706104338704108e+02 6.276665502589192869e+01 -4.131689104864692581e+02 -1.351956137182025032e+03 -2.589993593141396104e+02 5.570955245300631304e+02 -1.061219377757517805e+03
-7.192981951820223003e+03 1.670060329714207546e+04 2.599551046109497111e+04 1.336464522392806612e+04 7.382401571526008411e+03 1.386778536377016280e+05 1.149157479296770134e+03 1.056141953714920055e+04 -8.393689252980596211e+04 7.074216967113057035e+04 2.840228422645918181e+04 -3.021597797392802750e+04 8.200907059194508975e+02 7.427057635411132651e+04 7.274134804802970029e+04 8.900125531926869371e+02 1.079366809850047503e+03 -5.918550775528117811e+03 -9.420769621569519586e+03 9.106193435830132330e+02
-1.792564718963803898e+04 1.867326140844728070e+04 2.964766928509963327e+04 5.123700933941324183e+04 8.670866189417332862e+03 3.647423599859862006e+05 -7.084917457497375835e+03 4.590400510671852680e+04 -4.396937866792267305e+05 3.530329688495713635e+05 1.520624149758229614e+05 -1.724290875408199208e+05 5.733210854809984085e+03 4.938149533702675835e+05 3.841543657864021952e+05 -1.486594004922091881e+04 -2.323256034307213213e+03 6.009412612440636440e+04 4.194725621765013202e+05 2.808365613295190997e+04
-4.671644323815371172e+04 -8.833421144162351993e+03 -1.316056677328759406e+03 2.173438275559758767e+04 -2.098462895800227670e+03 -2.010084638459700500e+03 -3.622622482187003243e+03 1.541245215691823978e+04 5.479739826316340441e+03 -2.392003593591393837e+03 2.052666039841050406e+03 -2.516322868954957357e+03 3.772502049914236977e+03 5.133511418345481616e+03 1.713029432046041165e+03 1.643663608952853610e+04 -2.328164593565207542e+04 -5.591206601450366725e+04 4.843004162574758084e+04 -1.023217144902201107e+04
-2.468452070322599684e+04 4.788646741739440040e+04 -9.073761623751484876e+03 -9.724752311942876986e+03 -2.421652420450777470e+02 5.247964561158433980e+02 -4.075815517996657491e+03 -7.655278875067426725e+01 8.836716194980690489e+02 2.849664182824948057e+03 -3.911782818488003159e+03 -3.082240326493766247e+02 -1.094612871341674420e+01 7.381059870283418149e+02 -9.282989359609274516e+02 5.240067231294914336e+02 -3.638559938320063907e+02 -3.388153714404474499e+02 -1.179033865190722565e+02 3.485473051113317524e+02
2.470072299166116409e+03 8.108008722594333449e+03 9.770418518443710127e+03 4.747851163690082217e+02 -1.808808532806356425e+03 -5.370168320146879068e+02 -3.550144666351207707e+04 5.620122656950424016e+02 1.049152850835001118e+03 1.992859755281079288e+03 -3.456274768236295131e+03 -1.360591696080645761e+03 8.550352260307440133e+01 8.171566236936600944e+02 1.233364531166544680e+02 4.188777172750418686e+03 3.693416044741014503e+03 8.936184787659600488e+02 -9.589984929231261503e+02 -1.272076397799969527e+03
-4.230074632648596162e+04 3.173283367173568331e+04 -1.181595865101451818e+04 7.022798172212296049e+04 3.528531896716216579e+03 7.898680008489934153e+03 -5.763680276387690355e+03 7.020235113786105649e+04 -8.040181862613800331e+04 -3.238103336256204420e+04 -8.247568561438926554e+04 2.313521132912283356e+05 -1.214324406624735100e+06 3.285774123662659258e+04 3.262960412621330761e+04 7.592509437942585464e+03 -2.003601040810386849e+03 -9.984261045926943552e+03 1.619860374059043897e+04 -3.105760709461279839e+04
-1.641608874086480137e+04 1.781503969921320459e+04 3.391932557508655736e+04 3.004647648016687526e+04 2.499917312753506121e+05 -6.692097632385708494e+03 -5.099177230338959816e+03 -4.633045393007049825e+03 3.300533643941048922e+03 2.482476980786642798e+03 7.369656543700308475e+02 1.217177745181498267e+03 7.091833332843809785e+02 1.185158462462909029e+03 1.749086552626279172e+02 3.980901744452095841e+02 -4.526640136990729957e+02 5.478677905212876453e+01 -1.976800365014091994e+03 1.416439360140808787e+02
-4.604627741940412670e+04 -1.259906075228155714e+04 4.576054832466072185e+03 1.937791861520115845e+03 4.289908033490660841e+02 1.602205318481283030e+04 -3.010843108189032137e+03 8.336419234093516934e+03 -3.707189018879443029e+04 1.345619431214451288e+04 2.521004675497531480e+03 -1.771540826357301512e+03 -5.522307809826711491e+02 -2.169653438903723509e+04 -2.672028257042165205e+04 -1.423384993807663705e+03 1.885098753698848668e+03 -5.605461733229212768e+02 4.342865661380818892e+03 9.581481931211824303e+02
-3.971708240823974484e+04 3.533652917567465920e+04 -2.242828961438010083e+04 -2.428646214063066509e+03 2.563585233510204034e+03 1.252662672263085369e+03 1.240140545929093150e+03 2.375429533712051580e+03 -3.136533762149155518e+04 -4.036546456543911336e+04 -1.588857407859168779e+04 -4.246445413232468127e+03 2.034225586482170002e+03 2.995402991846552595e+03 1.997082639995963518e+03 -1.477031149695435488e+03 -3.017593343290410758e+03 -3.330635728958186519e+02 -1.074014797539953861e+03 -1.884813603049393123e+03
-2.476029596204999689e+04 3.632401082147636043e+04 6.497840744970778178e+04 1.449388408518014767e+05 1.238282876076669709e+04 1.248392132826576009e+06 4.842346769624013177e+03 -1.196355488747168238e+04 -5.440350265927212604e+04 6.710946936223628290e+04 4.639504054879950854e+04 -2.552647861647497120e+04 4.477684988424879862e+02 1.167802367634338589e+05 8.129403758334663871e+04 4.502344148423728257e+03 -1.689030751550531204e+04 9.411938831219253188e+03 -7.550771284210836166e+04 -6.569709674630652444e+03
-4.589368464421355748e+04 -1.203300022316408649e+04 6.078931012906599790e+03 6.449570804826877065e+03 6.258107180087364395e+04 -1.690336489392045905e+03 -2.466131763986879832e+03 -5.761857160954552910e+02 2.130652173283454331e+01 -9.065215702016049590e+02 -4.412910171075058088e+02 3.337734950169694343e+02 -1.240196484897655580e+02 5.811739553175121955e+02 -3.358678130788852627e+02 1.142204032571900143e+02 8.788563715340113447e+01 3.897369094780198395e+01 5.515875041685845872e+02 4.181866744270756158e+02
-2.248934644273223967e+04 8.414353604785315838e+03 -4.432070333217626285e+03 4.606673615755842911e+04 -4.978813895522463099e+03 -4.202427116309309895e+03 -7.628573147823425415e+02 5.506605533599901719e+03 3.313981831980416246e+03 -1.409157149839282056e+03 1.428074091314883617e+03 -8.373227645330560335e+03 -6.072586611047341876e+02 2.077466595500947733e+03 -2.186860618636523668e+03 -2.567057005883664829e+02 1.434693025811254302e+03 -1.034718826675301898e+03 -1.174007505713412201e+02 4.400605448204033792e+02
-2.617125789919243107e+04 2.062378275882058006e+04 3.615848713062081515e+04 7.167423039456659171e+04 1.061970872899959431e+04 5.794183813590628561e+05 -4.166955374738936371e+03 2.722461496750301740e+04 -2.244624934113366180e+05 1.723944406682403351e+05 7.251744960541112232e+04 -5.004662630113587511e+04 3.240224236095893957e+03 1.398017619231048448e+05 1.107231858133768692e+05 -1.585459314831480333e+04 1.813953844995580221e+04 -3.407641586108362389e+04 -1.711251515533374914e+04 -2.848491319312905716e+02
-4.344126877231210528e+03 1.810125836236394389e+04 2.513146901368483304e+04 -3.088129087186307515e+03 -1.504936942327835141e+03 -4.525237408054974253e+02 -1.347523438380603238e+03 6.442550529909854049e+02 5.958332834060597634e+02 -6.059453772801775813e+02 9.306793631739450348e+02 9.811944642087278226e+02 1.084597299812367197e+02 1.303557766295216879e+03 -9.462333638468486470e+02 2.683951326507748831e+02 6.132252037856785165e+01 -1.575729718883709154e+02 2.578618820863702581e+02 2.920181383755158322e+02
-2.389702878176046215e+04 1.697870573585020247e+04 1.441326872010038642e+04 2.413756432792848136e+04 1.417279009955708898e+04 1.231238997909068712e+05 -6.232041748538032152e+03 3.206442241280432427e+04 -2.045842183828602720e+05 5.430654983076779899e+04 3.409747641111900975e+03 -1.312109430889881696e+04 5.009630921726976339e+03 -8.920563088745939604e+04 -1.420151027554741595e+05 -2.331475452268573281e+04 2.844617082870909871e+04 6.125467381107143592e+04 3.822581997752292664e+05 1.122023192758826553e+04
-1.335784412477532715e+04 5.392653224570921338e+03 2.971616937562581370e+03 1.905387220489508763e+04 -2.967550780421677700e+03 -2.583561633666754005e+03 7.440411009900009276e+02 -2.025390919334139471e+04 -1.802770929451634629e+03 4.385586316204737159e+03 -5.493329614280696660e+03 -1.757388606066574312e+03 4.256477700449544841e+02 -5.472627718535205531e+03 5.260608814052414345e+03 2.075946158333256335e+03 -5.314070374452280703e+03 -3.959156515725744157e+03 6.026868224275362991e+03 -8.006412039263304905e+04
-4.161313609180256753e+04 4.485833937187746051e+04 -2.857399822060958104e+04 7.342522059856487613e+04 -7.147547635326703130e+03 3.787462652981036513e+02 7.165916196461229219e+02 3.945571135009588761e+04 -5.615497919158735385e+03 1.074772644658362333e+04 -1.791488276287733970e+04 5.279061122559754585e+04 6.456094998618345016e+03 7.608573222836162131e+02 4.821134528279585538e+03 2.517853316918646669e+03 -5.197553683742189605e+03 1.329530895538381446e+04 -4.473857509560350991e+03 9.885516550589499047e+02
-2.643763552898166745e+04 3.733526593055090052e+04 6.763889405942482699e+04 1.420863090887261205e+05 4.313969502724552149e+04 1.271015833814267302e+06 -1.308669935687625548e+04 9.499174306960003742e+04 -1.141569845409028232e+06 9.370813689726606244e+05 4.408323173746695393e+05 -4.719446091059840401e+05 1.800154699702349899e+04 1.400029016413799254e+06 1.067892005748613970e+06 -4.399176234783912514e+04 -1.709472291622325429e+04 1.811669281306827033e+05 1.144675960023254156e+06 7.039145206546309055e+04
-1.584416244184460447e+04 1.073221235969767440e+04 -1.778066845640180418e+03 6.457677200089976395e+04 -7.185520311305466748e+03 -3.174705864544583164e+03 -6.389255616471764370e+02 1.227789627708349872e+04 -2.653979756918211592e+02 3.961617315120607145e+03 -6.122220089661695056e+03 5.723143375557574473e+03 -3.034850956988839243e+02 1.639173282363099815e+03 -3.487282220513875018e+03 3.725080804743452063e+03 -4.352248698141885143e+03 9.856392665166326879e+02 -3.319036184914991281e+03 5.899574114283998370e+02
-4.170324232268446212e+04 3.592800288983647624e+04 -2.631111025582168440e+04 -5.215194680268989941e+03 9.961860748760464048e+02 5.561228440108310451e+02 1.341938083209331353e+03 -4.304916567621631884e+02 4.213094467389594797e+02 1.276632886864748002e+02 1.716021576201648713e+03 -2.214880664581806684e+02 -6.278360627224360542e+02 -2.600806059232396592e+02 -5.757933517513069432e+01 -2.423856012809914375e+02 -3.644378215321172121e+01 -8.380023343760741454e+02 1.149647840141556259e+02 2.120631091592619850e+04
-1.422401124344183518e+04 1.409468694657370543e+04 1.409520383665219560e+04 -7.763063178183258515e+02 -2.207827587149064357e+02 1.741225935355777494e+02 -6.004227531765723143e+03 4.303610731913908239e+03 -1.364711527316685897e+04 -1.857765914880644050e+04 -1.213880806371768085e+04 -6.311633644960868878e+03 7.776388972901011130e+02 2.882791275631196640e+03 4.899935915988286069e+03 1.499260066195600075e+03 1.729671294192624600e+03 -7.293831501600371894e+02 -4.289684105549039828e+02 -3.930956274218578528e+03
-1.610941073560614313e+04 1.156123069481411949e+04 1.573583417761863711e+04 5.837334400462807935e+03 2.326162199564836541e+01 1.650356198031034000e+04 -4.068037780515420764e+03 1.035661891079437555e+04 -3.729946746071982489e+04 1.404683879832789717e+04 1.710821710588714268e+03 -1.469335473076033168e+03 -5.597787596941034280e+02 -2.283082617523991212e+04 -2.645860809259167218e+04 -1.277880213074027779e+03 1.312436667495430811e+03 -6.498096393245606350e+01 3.873039812661753331e+03 4.163829232774905904e+02
-2.130938889778809244e+04 2.024725584230927780e+04 2.429887475513185927e+04 4.738347676248026983e+04 1.455621381767653293e+04 5.508879087998624891e+04 -4.465444905055350318e+03 5.435053106258465414e+04 -1.698385153071231907e+05 8.943039060796952981e+04 3.332646412832970236e+04 2.898225803095066294e+04 -5.134241308324977581e+03 -1.448103949187923281e+05 -1.548359870387014525e+05 2.450459367245388421e+04 -3.651255650931109994e+04 4.378404419864970259e+04 -1.137178689429304359e+05 -3.364760011158657107e+03
-4.602943147526719258e+04 -1.264689863789240917e+04 3.977983541881246310e+03 -4.699698354103414744e+01 -4.530022228453654520e+02 -1.513452401315360305e+02 -8.306502588745566754e+03 2.768450996686508006e+03 -2.053515310426852011e+03 -3.485854513877725822e+03 -5.982718044148910849e+03 -6.529510876289482439e+03 -1.815652155286429206e+03 -4.565033017427120285e+03 5.397040189435899265e+03 -3.505207940036319633e+04 -2.350753317250120745e+04 -1.858441280671967775e+02 -7.520672148716735137e+02 2.543486747477951724e+02
-6.004008459207727719e+04 7.913460621829019146e+03 -1.878221506142156431e+04 3.457082802707944938e+04 -3.036269670481716730e+03 -3.079042337171641520e+03 -1.444804577337296905e+03 1.421526346484775058e+04 5.424075742348812128e+03 -3.841896122053762156e+03 5.391984529097991981e+03 -1.182095030958591815e+04 -8.030675870048700062e+02 3.362586096876473221e+03 -2.948588021874036713e+03 -1.385952961893783367e+03 3.341745710933852024e+03 -1.621036710137293994e+03 5.915590023479228421e+02 9.944468505841805381e+02
-2.142296379749858534e+04 1.041763452194973070e+04 2.081903354883681459e+04 9.463889251301739023e+02 -2.021471384070288195e+02 3.780841407464974964e+03 1.269368186513015189e+03 1.459802745676941231e+04 -2.806640317478588258e+04 5.089625832834615721e+03 6.098118569305655910e+03 2.280313857896738409e+04 2.641740493399207480e+03 -6.858081959790144174e+04 -6.816523213534760544e+03 -2.935391458730933664e+04 2.976369592426181043e+04 8.545975715258409036e+04 2.587739757612833346e+05 1.352833369631474909e+02
-3.440633898858170141e+04 4.370198342291024892e+04 -1.064626052042681113e+04 3.781222159796578489e+04 -3.326659294419986509e+03 5.603304692726537724e+02 3.541708984687491011e+03 5.068770063791319262e+04 -1.773276820685792336e+04 6.487542251296728864e+03 -3.752926779266454105e+04 1.513532630094628839e+05 3.164126970761189295e+04 -1.271252573740497246e+04 5.780358427184413449e+04 -5.371757076918907114e+04 6.656483194680087036e+04 3.143571401094579778e+04 4.536901748569896881e+03 -3.864308359341385767e+03
-5.544660976149202907e+04 3.803708984341526229e+04 -3.273345194077702035e+04 1.624316397288572989e+04 -7.979237539165421822e+02 -1.414302897577484146e+03 9.682452447434438625e+01 7.097484085523438807e+03 4.050871770920522522e+03 -2.332080906932201287e+03 6.265795764508880893e+03 -9.276419658703520327e+03 -1.173529742156119710e+03 1.058577615157076707e+03 -1.479995302630252809e+03 -2.097596679119420514e+03 3.680177211870733117e+03 -7.790115682940243005e+02 5.978799798391486320e+02 9.020101270973297858e+01
3.746973160122688114e+03 2.652317954581521553e+04 2.346029159606683606e+04 -6.646511466511172330e+03 -4.183702214710055159e+03 -1.169805102144090512e+02 -7.641903516135503014e+04 4.097604150077601844e+03 1.974543662456344236e+03 7.117420238977972986e+03 -1.312492838026995014e+04 -3.537538239449903813e+03 1.718887399583472870e+02 1.194608219258948338e+03 -1.170364369711317778e+02 5.174013177668914977e+03 3.447529355432905959e+03 8.582267939536390031e+02 -1.714933119850374169e+03 -9.714949353375645842e+02
-3.829294843451132692e+03 1.328896621214417792e+04 2.008010244709194376e+04 -2.491996584498746415e+03 -8.505887892515914928e+02 -2.901796366553238613e+02 3.032917630315809674e+03 1.426183847464482596e+03 7.256492334781257796e+02 7.965119565170033411e+02 -2.104777109867230138e+03 -4.818857434524197743e+02 6.258632771656985838e+00 9.270206076631061478e+02 -7.946226880905618373e+02 2.556134364199715492e+01 2.059870872170426424e+02 4.122559871858011604e+01 3.278439393265702506e+01 1.085020382725965504e+02
-3.885188543786621449e+04 3.614554735393062583e+04 -1.928431437533532880e+04 -1.280410324934096593e+02 3.362278403425073975e+03 1.755579447067759611e+04 -2.080799369136946098e+03 1.022364857648575526e+04 -6.862281947477857466e+04 -2.563567161726557606e+04 -1.514341436542061820e+04 -5.569973965455727011e+03 1.649428191045172753e+03 -1.870035693211021862e+04 -2.507868034628783425e+04 7.861500935109968395e+02 1.263293472028774886e+03 -7.942321736600966915e+02 3.267838858233412793e+03 -7.707681745238853637e+02
-1.177893879588936579e+04 7.560560925842481083e+03 4.818048820424622249e+02 3.730228477239012864e+04 -4.350022818660082521e+03 -3.565072650369490475e+03 -1.975495536373673247e+02 1.288206057877746161e+03 1.640084902006137327e+03 2.056537335944802294e+02 -1.491024134649642747e+03 -3.020768034334118056e+03 3.424654680351895877e+02 1.241735961496118080e+03 -8.908068970485101090e+02 1.491379544134046000e+03 -1.672815871036467342e+03 -1.496942808833123081e+03 1.580787722240076505e+02 1.290274554820522610e+02
-6.594726177898592141e+03 6.615093815533662564e+03 9.155991677951666134e+03 1.646535670743994342e+04 -2.816165552382813075e+03 -2.425472254432586396e+03 5.456657392504822610e+02 -2.038533869749584483e+04 -3.234374347279371250e+03 2.444490922455304371e+03 -6.069127539281812460e+03 -3.804044917260156126e+03 -5.469001002857281719e+02 -7.510627780083931611e+03 6.020487595167272957e+03 -3.621232466894251047e+03 1.942694605533104095e+03 3.583429468154857659e+03 1.020994443053151372e+03 -1.182008655655581060e+04
-1.634734480272500696e+04 1.689519701039139909e+04 3.100873103696448015e+04 2.601264623958628363e+04 2.110497511267174559e+05 -5.905270478579878727e+03 -4.248878554481484571e+03 -3.423451831658474021e+03 2.835954355154500263e+03 1.480972562610847035e+03 4.957891204323231591e+02 8.482351965876324584e+02 5.002372427578215479e+02 8.690897002965564297e+02 1.944527582295013701e+02 3.281772234728943545e+02 -4.003895635515269191e+02 8.425132268611481834e+01 -1.216642419325169158e+03 8.708482554572530887e+01
-3.974917303996800911e+04 2.992474114119260776e+04 7.071599825384917494e+04 2.119786576615697704e+05 2.921329843516815163e+04 2.260459814969441388e+06 -1.914860276708381571e+04 -1.197141876558182703e+05 3.777748173153723474e+05 -2.296517968083749874e+05 -1.297108764629842626e+05 6.304044928217919369e+04 5.534690031535938942e+03 -1.422523746465898002e+05 -6.509183787714028585e+04 -5.075145329514676996e+04 9.022648044844013930e+04 -1.260102463768135494e+05 5.543411406090674427e+04 7.031130045779574175e+03
-2.443166923366604169e+04 2.608771228623114075e+04 1.613150960295272489e+04 2.773704619716450179e+04 4.015963651985817705e+04 1.668528277865305718e+05 -1.566606370718793187e+04 4.664127928649932437e+04 -3.802824911001723376e+05 9.792438796767604072e+04 8.995241697526984353e+03 -5.813300473149523168e+04 9.522674616061452980e+03 -8.423907765248793294e+04 -2.132098550831737812e+05 -3.693415054217198485e+04 4.819360050351704558e+04 8.628121650936923106e+04 6.915107675004622433e+05 2.323641467607781306e+04
-4.601127973008412664e+04 6.034997013922145561e+04 -8.410602981615460521e+03 1.829698958256860806e+03 -3.050724467816166452e+03 -3.640690719102974526e+02 -4.218834534224367962e+04 7.241608292069458003e+03 2.263159396184738853e+03 4.622229110686633248e+03 -8.614415612583570692e+03 -3.536146428238437693e+03 1.361354382176909894e+02 5.452428988068101035e+02 -1.157444992908790482e+02 1.598434166122150600e+03 -1.467612118417964894e+03 -1.536380603330819440e+03 3.738995939181676249e+02 1.905382956891593722e+03
-4.497560914768552902e+04 -1.201604209123886358e+04 5.309826484159040774e+03 1.043054283205260333e+02 -3.748424338867728238e+02 1.119628517855333882e+02 -1.248291171715571863e+02 3.567363206870639715e+03 2.175775992060211763e+02 -4.081280349976337902e+02 6.180110491064101552e+02 -4.960572751337494083e+03 -8.285484604035053735e+02 -1.363918249631086110e+04 1.185007122673222511e+04 3.586646625777939789e+03 -5.047427174203558025e+02 8.135508620338127628e+01 9.193478737572452246e+02 8.169647232449573266e+02
-2.119030082646697338e+04 1.468577502195568559e+04 1.546623372530283450e+04 1.053449557816024571e+04 -1.941266653538157698e+03 -1.398829796396793199e+03 -6.876213567942580767e+02 5.417458477573482014e+03 1.339264829002202305e+03 -8.780089413963118204e+03 1.697692022745958820e+04 -2.083126601963540452e+03 -5.893802362547314715e+02 6.162509164094458356e+02 -9.645243895040132429e+02 -2.016691713468927674e+03 1.533866197588722116e+03 -2.939191907494457041e+02 8.041591930250932592e+02 -7.041668801840837659e+02
-1.917191356135967362e+04 6.672535735338961786e+03 1.639718366883388853e+03 1.871037745368376272e+04 -2.439134112337373608e+03 -2.219017796141789859e+03 4.192313592895203556e+02 -4.801840850757834232e+03 9.003503112612386303e+02 -8.831730604229561550e+02 1.670311353002080295e+03 -5.694306197491148851e+03 -8.238063076151407813e+02 5.891949471145056805e+01 -5.101327338712234223e+02 -1.657677638509978351e+03 2.890781776134083429e+03 2.305391154126384379e+02 1.096723483226407936e+01 -4.475357962905613385e-01
1.020414119817597566e+04 1.827118255951869514e+03 2.578017258799264255e+03 6.099677361434809200e+02 -1.558317153534177351e+02 -1.446071068172855405e+02 -1.095712575517850382e+03 6.946127096710705473e+01 -5.538277160630134865e+00 9.279283576779507214e+00 -1.604496791496430319e+02 -1.540372208770763791e+02 -1.172426864024603788e+01 -5.217434830459890236e+02 3.836291105050476631e+02 -1.143506120665588242e+02 7.294047955611101486e+01 1.103911014445182133e+02 1.895223703066588712e+02 -4.540301203375191790e+02
-3.771315434967391775e+04 4.238908057711128640e+04 -2.853801297099386284e+04 3.704656502632443153e+04 -3.314501203949099818e+03 -2.502345855454220327e+03 9.126710452516171017e+02 2.366173676923341918e+04 1.533847844150578567e+03 1.434145722859728266e+03 -6.376811645720795241e+03 2.880700884749126271e+04 7.910478501275012604e+03 1.935974947744938163e+03 8.840564354322055806e+03 -1.975183679708217596e+03 7.030829980414177953e+02 6.221176710683871534e+03 3.433523332272582593e+03 2.010680806103792975e+02
-1.798842538146696825e+04 4.954870057952361094e+04 6.624427122062076523e+04 1.691498248945044761e+05 3.257345805549751822e+04 1.649393917458940065e+06 -4.989629612342580367e+04 -3.554240069386406685e+04 -9.466300144692294998e+04 2.129001645318601732e+04 -3.333268620656186977e+04 -5.057967760211412678e+04 6.858889694239965138e+03 2.927014878705757292e+04 -5.219288908171098592e+04 -2.847925344146874340e+04 3.904351533213146467e+04 4.968354969310510933e+04 5.149812770130569115e+05 2.295569178063119034e+04
-3.885754238286243344e+04 3.844015346544401109e+04 -1.820402894868576914e+04 3.710542575426932672e+03 6.524432475835753576e+04 -3.876395604497004115e+02 -1.671777369203816988e+03 1.056917082525432761e+03 -3.129947152805522273e+04 -4.010621162932412699e+04 -1.809691994047060871e+04 -3.857216842723536047e+03 2.063647862063735829e+03 3.857529202163733771e+03 1.467494285133613403e+03 2.206912003982021815e+03 -3.207175426645682705e+02 -2.984997100814320561e+02 -3.287676974585270955e+02 -1.296538244802725330e+03
-2.633813130551665745e+04 4.655510175957762112e+04 7.792048202930274419e+04 1.705298760866868251e+05 1.350462203067128030e+04 1.490700884144200711e+06 6.954827535520942092e+02 -2.285911798945570627e+04 1.345799503622559541e+03 3.141471316059404489e+04 3.761397262943021633e+04 -1.391868318183369593e+04 -1.305982697548724616e+02 9.673595200752624078e+04 6.108608017389279121e+04 9.446909616927092429e+03 -2.587245014216454365e+04 1.938343713341616967e+04 -1.019158748384186765e+05 -9.482817074284603223e+03
-3.524441425842699391e+04 1.178637168715062398e+04 1.445507316343285493e+04 9.359982800882295123e+03 6.119413399034776830e+02 1.304539132590885492e+04 2.595996027179665816e+03 3.831054843540570437e+04 -4.155330466308814357e+04 1.914664494520594235e+04 -2.673154172047445900e+04 1.314564334532577195e+05 3.070207882282851642e+04 -3.772814138030936738e+04 6.163505172778565611e+04 -9.765686909562136861e+04 1.384372998719698226e+05 -9.459192757047674968e+04 -1.584150550664951152e+04 -5.557602230400664666e+03
