-3.988287309208676106e+03 1.626669454666315141e+04 2.361713414782449399e+04 -3.006148054229914578e+03 -1.216546259176806643e+03 -3.629693455391951034e+02 3.809858794893787604e+02 1.394520717466051565e+03 7.407224103049096584e+02 3.230283777409670165e+02 -1.084149463015214451e+03 4.807085849328564109e+01 4.467321094908609780e+01 1.014725037965723800e+03 -8.222380435041435476e+02 1.476696718872694873e+02 1.441343263364630332e+02 -7.106216582418208816e+01 1.784262896148341042e+02 1.787534587694842685e+02
2.099516953713400653e+04 -3.093364704694577995e+03 -3.395692535204427259e+03 -4.312914836620520873e+02 1.632688026197753004e+02 9.576812257691354091e+01 -9.449600280651341677e+01 2.137859068282538146e+02 5.141685828031417493e+00 -4.420235061702753399e+01 1.123771369403965963e+02 4.006630320107285570e+01 4.025076644560062533e+00 8.525736949665246200e+00 -8.427321812719334559e+00 8.718392554902450797e+00 -3.282690032475998265e+01 -2.476360741192646842e+01 5.119356131717524683e+00 1.808562464475250930e+00
-4.937436794480635581e+04 -1.552693004182296863e+04 1.429171102151694868e+02 -1.206170257226665854e+03 -5.596121932834568469e+01 7.454765285873763503e+01 -3.968483065668937115e+02 -4.309849629902060109e+00 2.794592319419160162e+02 3.841268738092000490e+02 -7.032768072979254548e+00 2.593541786995670577e+02 5.507947543916945676e+01 9.356699419327880207e+01 -6.267319030214887476e+01 1.085637538256378036e+02 5.747928943941858826e+00 9.159481776473556636e+01 -1.202387676127346339e+01 -6.522732150103698814e+02
-4.260917692178471043e+04 3.583847917768632760e+04 -2.622746435512907192e+04 -5.116352699861324254e+03 9.131633115401072018e+02 4.989458666009964531e+02 1.728203491519382851e+03 -2.218188706391760206e+03 3.045097054992895664e+02 8.542148623848898978e+02 1.106547236058142516e+03 -7.807876723426961973e+01 -1.468686851604936976e+02 -5.320553789895971022e+02 1.049387011734835973e+01 1.453178545522193303e+02 -3.407756274778932379e+02 -7.140439827958149976e+01 -1.418507791904333146e+02 -7.904602579596237319e+02
-4.217395277501771488e+03 3.734467844242666160e+03 6.103867355585770383e+03 8.686494442694751342e+03 -1.810841578145617859e+03 -1.332713623471524443e+03 1.775406402840251985e+03 -8.858568830556743706e+03 -7.117561942501062049e+02 1.518439779766611764e+03 -2.100858017847352585e+03 3.485434303171766857e+01 -7.360296922960308130e+00 -2.536368209851205791e+02 1.449838699494499679e+02 1.717311205891470394e+01 -1.985987599847837126e+00 1.562562541030491161e+02 -8.346991086034763896e+01 -1.133575702836861637e+03
-1.636851717304193699e+04 1.728942415423864804e+04 3.224792621828879419e+04 2.771376774574428055e+04 2.276027846861450525e+05 -6.255865905553475386e+03 -4.610109421843748351e+03 -3.952452618400746360e+03 3.079693138582955271e+03 1.882323596433156581e+03 5.896456073421542214e+02 1.000477920767474075e+03 5.906599660826659601e+02 1.041626326162026771e+03 2.292670610692280206e+02 3.540969348057054731e+02 -4.171918047586398188e+02 6.189766868102036312e+01 -1.515398091157969247e+03 1.104779161043364866e+02
-2.534434069040828763e+04 3.396268185427751450e+04 5.716933630449621705e+04 1.301562504691552167e+05 1.100800229108985877e+04 1.086683117322465172e+06 2.824695953699034817e+03 -1.608708077272069659e+03 -9.834537627845157112e+04 9.360248262943615555e+04 5.327208482873861067e+04 -3.385055137217840820e+04 9.199640382927922246e+02 1.340101329143467010e+05 9.634983561098291830e+04 2.280787723886362073e+03 -1.281373795700763185e+04 4.217252365556621044e+03 -6.414609025450698391e+04 -5.311855209047732387e+03
3.746973160122689023e+03 2.652317954581521553e+04 2.346029159606683606e+04 -6.646511466511172330e+03 -4.183702214710055159e+03 -1.169805102144090228e+02 -7.641903516135503014e+04 4.097604150077600934e+03 1.974543662456343782e+03 7.117420238977972986e+03 -1.312492838026994832e+04 -3.537538239449903358e+03 1.718887399583472870e+02 1.194608219258948338e+03 -1.170364369711317778e+02 5.174013177668914977e+03 3.447529355432905959e+03 8.582267939536390031e+02 -1.714933119850373942e+03 -9.714949353375648116e+02
-2.248972232406835610e+04 8.414454698235162141e+03 -4.432273743369750264e+03 4.606730788399103039e+04 -4.978861336055876563e+03 -4.202483589502130599e+03 -7.629051658731120824e+02 5.506843411480441318e+03 3.314080365839458864e+03 -1.409231198661575490e+03 1.428185107099161087e+03 -8.373408880377424794e+03 -6.072613600681856951e+02 2.077511713224785581e+03 -2.186881505212364573e+03 -2.567234637007841229e+02 1.434732829358561048e+03 -1.034769001671962315e+03 -1.173577947868320877e+02 4.400615077413613676e+02
-3.390361032988087391e+04 7.461490853905177210e+04 1.565464070198635163e+05 6.688038500037605409e+05 9.269461209923577553e+04 7.429178814210163429e+06 -7.226347487304396054e+04 -6.452495208701075753e+05 2.697222315995696001e+06 -1.839428319571936736e+06 -9.099011106334049255e+05 4.952719504703676794e+05 -1.449154183666315657e+04 -1.352397542225514771e+06 -1.006791201424730825e+06 1.677897437323605482e+04 5.029670213864884863e+04 3.157114726211919697e+04 3.748489633779013529e+05 3.634773474928404903e+04
-2.503315209278724797e+04 5.124318873901642655e+04 -2.983229796931222609e+03 -9.558397341524785588e+03 -1.186738544977782112e+03 1.798919003700408439e+02 -7.025870709332540173e+03 -2.765306151083958866e+03 3.666723789548655077e+02 -4.868560043884216952e+02 3.218686031433573135e+03 2.853825253848655848e+03 1.854840549298808696e+02 1.666514346777469427e+03 -1.341065017083088378e+03 8.217314837383178201e+02 -5.917335665107621026e+02 -5.964757050804217897e+02 1.686389115956989428e+02 7.065960107285521872e+02
-1.046610624581883167e+04 1.058477235472626853e+04 1.574993625879467436e+04 2.309675988999992114e+03 -6.993958908615618384e+02 5.029333719530774260e+01 8.138904016888559454e+02 4.215611340779147213e+03 2.910617333322341551e+02 -5.212027320587944814e+02 6.549645925517697833e+02 -5.290713745363172166e+03 -9.112567565660792752e+02 -1.465102913913034718e+04 1.222345970479492826e+04 3.583869958947027499e+03 -8.236534825254478847e+02 1.060790966103566291e+02 1.069573806006311997e+03 3.010940933319658939e+02
-3.239689739384685527e+04 4.301297847951567383e+04 -1.125525224239190902e+04 1.094421329461044843e+04 1.094274954363646657e+03 1.940255646873621799e+03 3.729594123349668280e+03 3.239751447210262268e+04 -4.712941784765048942e+04 -3.657812324136531970e+04 -4.673916489652315795e+04 1.127966932577267289e+05 2.720786071334711960e+04 -9.438025920257967300e+03 5.125077771123480488e+04 -4.909611129681603779e+04 6.497616568610937975e+04 2.036920982151268618e+04 2.722652979955771116e+03 -5.630758489192107845e+03
-3.771315434967391047e+04 4.238908057711128640e+04 -2.853801297099385920e+04 3.704656502632443880e+04 -3.314501203949099818e+03 -2.502345855454220782e+03 9.126710452516171017e+02 2.366173676923342282e+04 1.533847844150578794e+03 1.434145722859728266e+03 -6.376811645720795241e+03 2.880700884749126271e+04 7.910478501275012604e+03 1.935974947744938163e+03 8.840564354322055806e+03 -1.975183679708217142e+03 7.030829980414177953e+02 6.221176710683871534e+03 3.433523332272582593e+03 2.010680806103792975e+02
-5.569963073253937182e+04 4.000524081454399857e+04 -3.540128080195653456e+04 3.386319163456542447e+04 -2.646326352393198704e+03 -2.978421476435594741e+03 -1.702351305725791235e+02 1.327873263919393503e+04 5.935383108813371109e+03 -3.183994423268694391e+03 6.244542103277306524e+03 -1.249485013510049248e+04 -9.808736907070554025e+02 3.113819815720318729e+03 -3.199804087729558887e+03 -1.210436065684011282e+03 2.932243729220827390e+03 -1.852565111011800127e+03 4.739180552032482296e+02 9.570104494953681069e+02
-8.704004683206998379e+03 1.787204421277255460e+04 2.700058197579185435e+04 5.975075453847391600e+02 -2.125989607926835106e+03 -7.865489779730527289e+02 -3.859320008883736591e+03 -2.262076259259372648e+02 -8.398620103516577728e+02 -8.852089557077481004e+03 1.799447766611626139e+04 5.849336611955756780e+03 3.548108921757217331e+02 5.177070647188223802e+02 -3.191093198170756864e+02 -3.831326214587003420e+01 -1.606089835977955772e+03 -5.977930392729642790e+02 9.204188648050571828e+02 -7.011238548464962150e+02
8.620534732498209678e+02 6.792787560593196758e+03 1.057553676697285482e+04 1.423082699697983662e+04 -3.236842186737130305e+03 -2.383799535331901097e+03 3.923648877799178081e+02 -2.402934791316763585e+04 -3.791870895755461788e+03 8.754531533257971887e+02 -1.725798438480406048e+03 2.312097048477693988e+03 -9.169364645443538464e+00 -1.018576001461862575e+03 1.242424949257186881e+03 -9.324234690932920557e+02 1.248000973808400659e+03 2.595809222803771377e+02 1.014457598228673021e+02 3.180607581020177349e+03
-4.142454675950141973e+04 3.523850570149484702e+04 -2.515506530893176750e+04 -4.466433699781152427e+03 3.209028064838177670e+03 1.699567357136365217e+03 1.763476369302904459e+03 4.092785316881571816e+03 -4.750326482840349490e+04 -6.440203181907714315e+04 -2.928720186911208657e+04 -7.725173647918448296e+03 3.226093495274218185e+03 8.890972319773056370e+03 5.042511881140102560e+03 6.726269444693120931e+03 6.023368736693601022e+02 -1.096511664455956407e+03 -5.759330611979779860e+03 -1.424599122030882199e+03
-4.845963014898240363e+04 -1.541570544048269039e+04 9.484239234665999163e+01 -1.433326655135140527e+03 3.801555477882268264e+01 1.424529441474404337e+02 -7.656487647675451171e+02 1.711225375156304835e+03 3.725176719076168297e+02 -3.168186584693015106e+02 5.590535728672609821e+02 1.677176792397174836e+02 -4.114007897165316763e+02 3.639853548981849372e+02 -1.299490310205508763e+02 -2.736757961005950506e+02 2.945139405312567646e+02 -6.726279036900566553e+02 2.380974075089480948e+02 2.133488693548829906e+04
-4.652826525879964174e+04 1.213875997741946594e+04 -1.497227857815345851e+04 1.345709557168084211e+04 4.471887188175832080e+02 -1.185010782554809055e+02 -7.630248442538735389e+02 1.633801164408109616e+04 -9.797532356457282731e+03 -1.053902465531744929e+04 -9.656823082100312604e+03 4.630159880680538481e+04 -3.338072353093387792e+05 1.376737695154908943e+04 9.763020230155527315e+03 -2.857343737577644447e+02 1.230069856274206904e+04 -3.988842011714605633e+03 1.011427503527930457e+04 8.122767063450439764e+02
-2.142296379749858534e+04 1.041763452194973070e+04 2.081903354883680731e+04 9.463889251301741297e+02 -2.021471384070287911e+02 3.780841407464974054e+03 1.269368186513015189e+03 1.459802745676941049e+04 -2.806640317478587531e+04 5.089625832834614812e+03 6.098118569305655001e+03 2.280313857896737682e+04 2.641740493399207026e+03 -6.858081959790144174e+04 -6.816523213534760544e+03 -2.935391458730933664e+04 2.976369592426181043e+04 8.545975715258411947e+04 2.587739757612833346e+05 1.352833369631474625e+02
-3.747100823847395986e+03 1.296222727030576061e+04 1.977296955658776278e+04 -2.416451187034102077e+03 -8.510746113711937824e+02 -2.911363309244220545e+02 3.210636967641022238e+03 1.347951637077154601e+03 7.086004352140039373e+02 7.648962596754025753e+02 -2.034551522967745768e+03 -4.651867078922917358e+02 6.305822287840499030e+00 9.492617014309220167e+02 -8.078868023251294517e+02 2.202715828751703597e+01 2.059930407886125749e+02 4.704433189706996643e+01 1.741886432604259483e+01 1.096626898695699879e+02
-2.588298127550206482e+04 1.823950537078119305e+04 3.324087571155062324e+04 6.303425794564868556e+04 1.094508997301920863e+04 5.181582271144979168e+05 -2.195315280842083666e+03 3.085028367972313572e+04 -2.516204021725821076e+05 1.922458949873579259e+05 8.179704996479596593e+04 -5.918799682505274541e+04 3.572387546074651709e+03 1.621130680965862121e+05 1.295513372593671666e+05 -1.672619056279337383e+04 1.856955191642032150e+04 -3.184035191673093141e+04 1.390974434697814786e+03 1.165294884731873481e+03
-9.045574359854303111e+03 2.509472781560665680e+03 6.052602049672834710e+02 8.564211321167173082e+03 -5.749691222825024397e+02 -1.042737895624301473e+03 -5.479558260491886585e+02 2.337874444150976160e+03 2.716819043223619246e+03 -5.838273971440327841e+03 9.895888114277091518e+03 -2.375673958914054310e+04 -4.361648984331934116e+03 -3.282483414749741769e+03 -9.360360308197105041e+02 -2.595746211705441965e+04 3.979367801747011981e+04 2.336766508746085674e+04 -3.981866910769649621e+03 -2.856470254596074483e+03
-1.303936059846564058e+04 8.469910060492573393e+03 -5.538485513536712688e+02 4.544270673020109098e+04 -5.167363212054351607e+03 -3.647396834989423496e+03 -3.712783814311605965e+02 4.438121500632380958e+03 1.394938724485842613e+03 9.908172698766348958e+02 -2.491530924810804663e+03 -9.890381124520023377e+02 3.132871656258827215e+02 1.439462269323536702e+03 -1.436849239570595500e+03 2.198872165762149962e+03 -2.584908113674623110e+03 -1.190089130379639073e+03 -4.522410895858148479e+02 1.995855024032826179e+02
-3.937153958005669847e+04 9.400567375560969595e+03 2.847170868239002084e+04 -7.704187854615644937e+03 -4.774978464673319650e+03 6.019810164568499431e+02 -9.283654984462929133e+04 9.804378563949623640e+03 -1.180067871268931231e+04 -9.444628457886305114e+03 -3.087097540681489045e+04 -2.959314100704528755e+04 -1.036357618702884247e+04 -4.091347559392800031e+04 4.181658393500300735e+04 -5.402395853004804812e+05 -4.130519698641552241e+05 -2.224136468164364123e+04 -2.088010960122931283e+04 2.494672799212529571e+04
-2.355501195781554270e+04 2.426984973255989462e+04 3.045530167303907729e+04 5.912451571240433987e+04 8.350890648660182705e+03 8.631646067246637540e+04 -1.990197281742229734e+03 7.837111987679243612e+04 -2.531767388323282066e+05 1.347787085001167434e+05 5.998019736836874654e+04 4.462488080936218466e+04 -7.427769283151555101e+03 -2.174164048649183242e+05 -2.326986299964479113e+05 3.998201027050674747e+04 -6.119156957917978434e+04 7.300509332303371048e+04 -1.949312601985632791e+05 -7.287238835909097361e+03
-7.243859777403076805e+03 1.669080262827155093e+04 2.598541368485004568e+04 1.361298952021679179e+04 7.364666430159323681e+03 1.399129932407292072e+05 1.134473870154196675e+03 1.053197447510243546e+04 -8.365420321534339746e+04 7.050647850597908837e+04 2.825868233850336401e+04 -3.006308806274438757e+04 8.138264953502848584e+02 7.396074165451215231e+04 7.239677663193075568e+04 8.855395008302598399e+02 1.073180536385832738e+03 -5.892674291678177724e+03 -9.367446865460236950e+03 9.127502026492441018e+02
-1.335784412477532533e+04 5.392653224570922248e+03 2.971616937562581825e+03 1.905387220489508036e+04 -2.967550780421677700e+03 -2.583561633666754460e+03 7.440411009900009276e+02 -2.025390919334139471e+04 -1.802770929451634174e+03 4.385586316204737159e+03 -5.493329614280697569e+03 -1.757388606066574312e+03 4.256477700449544841e+02 -5.472627718535204622e+03 5.260608814052413436e+03 2.075946158333255880e+03 -5.314070374452279793e+03 -3.959156515725744157e+03 6.026868224275362991e+03 -8.006412039263304905e+04
-2.014504633504052981e+04 1.062716118458732490e+04 2.187704603092172692e+04 -4.004992194874644440e+01 3.034039012240794818e+03 1.463018706878956618e+04 6.418620641592954144e+02 1.249289990751801270e+04 -3.150278965936685199e+04 1.978632355256641313e+04 6.865371924112106399e+02 1.736591445204674528e+04 5.441890239574638144e+03 -2.966854747822356148e+04 8.864651243631264151e+03 -4.525492308549598965e+04 7.173357789663576114e+04 -1.147044286590801348e+05 -2.054939385332365418e+04 -1.202087136806821263e+03
-4.839840400668755319e+04 -1.513266195375624739e+04 6.408219579032252113e+02 -1.251725647349976271e+03 2.194166035563472121e+02 2.805219713514505315e+02 -9.250126502410317926e+02 2.884512938997518631e+03 -1.591349281771031383e+04 -2.506059589159485040e+04 -1.209161766511730821e+04 -3.701931948012017074e+03 1.061754268853505891e+03 5.791281251600209544e+03 3.362955267375227777e+03 4.700431689336658565e+03 9.601660253329037005e+02 -8.868034281148364926e+02 -4.769510833595015356e+03 2.737195772562337766e+02
-1.565431860897010120e+04 1.021999815884061536e+04 1.179740651223026725e+04 2.346213713229607038e+03 -1.086107606658901659e+03 -5.599716063191061721e+02 -1.399614024867304943e+04 2.952116945742137887e+03 -1.992692129882280824e+03 -2.888164469709504374e+03 -7.301874075604535392e+03 -7.402089494802117770e+03 -1.869880277507741766e+03 -5.547891574685118030e+03 6.114283808092419349e+03 -3.519455290090429480e+04 -2.378787923844265606e+04 -1.162953781752269578e+02 -6.242019605014399986e+02 -2.981934544794702902e+02
-4.604627741940412670e+04 -1.259906075228155714e+04 4.576054832466072185e+03 1.937791861520115162e+03 4.289908033490660273e+02 1.602205318481283030e+04 -3.010843108189031682e+03 8.336419234093518753e+03 -3.707189018879443756e+04 1.345619431214451288e+04 2.521004675497531480e+03 -1.771540826357301739e+03 -5.522307809826711491e+02 -2.169653438903723872e+04 -2.672028257042165205e+04 -1.423384993807663477e+03 1.885098753698848668e+03 -5.605461733229213905e+02 4.342865661380818892e+03 9.581481931211824303e+02
-4.332376167140884354e+04 4.873417784566304908e+04 -1.491819379816078981e+04 1.183625997982947010e+05 3.774330498322490166e+04 3.272267325405126940e+03 -6.657788197464812583e+03 1.238686921783806029e+05 -1.073264803249460820e+05 -3.239254324847713360e+04 -1.485637644755731453e+05 4.946661070626931614e+05 -2.562450987102032639e+06 7.993945496745551645e+04 8.424003479697836156e+04 3.541244295918357238e+04 9.498511284400306977e+03 -2.362886442389662261e+04 3.937337699184878875e+04 -6.968172246985540551e+04
-1.564355983570645731e+04 1.496367155917337186e+04 2.631165070204525182e+04 1.987639072310277697e+04 1.561801382140241330e+05 -4.760896366825929363e+03 -2.814447542370116480e+03 -2.035990779051772506e+03 2.210698847589649176e+03 7.355419693436569162e+01 1.551070557085980113e+02 2.806271999756807531e+02 2.147695056928539543e+02 5.361499959696121778e+02 3.263696444539817207e+02 6.141728302079205548e+01 -7.513263839520794818e+01 -6.962685523155778355e+01 -2.316930357851312010e+02 -9.199806952990886799e+00
2.476958591274280479e+03 8.095579959666617469e+03 9.757914249459839994e+03 4.792501366061787849e+02 -1.808307890142168162e+03 -5.373555172747663846e+02 -3.550506140632582537e+04 5.589124970311838752e+02 1.048796487464670690e+03 1.991092715155005180e+03 -3.452266361241858249e+03 -1.359406285523466067e+03 8.559051728139870363e+01 8.173435762925153085e+02 1.237623614168885524e+02 4.191143875761811614e+03 3.695678833848982777e+03 8.941495608777599955e+02 -9.593212105677861246e+02 -1.272773050522740959e+03
-4.671644323815371172e+04 -8.833421144162351993e+03 -1.316056677328759406e+03 2.173438275559758767e+04 -2.098462895800227670e+03 -2.010084638459700500e+03 -3.622622482187003243e+03 1.541245215691823978e+04 5.479739826316340441e+03 -2.392003593591393837e+03 2.052666039841050406e+03 -2.516322868954957357e+03 3.772502049914236977e+03 5.133511418345481616e+03 1.713029432046041165e+03 1.643663608952853610e+04 -2.328164593565207542e+04 -5.591206601450366725e+04 4.843004162574758084e+04 -1.023217144902201107e+04
-8.264675340832240181e+03 1.212125721914274072e+04 1.945164296865559663e+04 6.773253209915195612e+02 -9.828045110114480849e+02 -4.173930472281680863e+02 1.474209799267411654e+03 2.026744870824552436e+03 -4.749914765885492898e+02 -5.673728965108915872e+03 1.121509915511632789e+04 2.779263314199376055e+03 1.449160433750343770e+02 -4.478163226771039263e+02 6.210832711766634162e+01 -4.130402032479284458e+02 -1.352356359036032927e+03 -2.600929233737305708e+02 5.567757134999366144e+02 -1.061849607584879777e+03
-1.088619993337641972e+04 1.317526386142097545e+04 2.117236603755645774e+04 4.041711014244255239e+03 -5.259441840792405856e+02 6.075108892591437325e+03 3.246665308080391696e+03 1.386471470263610536e+04 -1.657775357397400148e+04 1.271832615328547035e+04 8.999109552614088898e+03 -3.711002903894228075e+04 -5.679937055062570835e+03 -1.089361498368091852e+05 1.247252232001722587e+05 5.592142791276628850e+04 -1.657627994533283345e+04 7.314047632459646593e+03 -4.732871350326958236e+03 1.832988135824754863e+04
-2.445125244548193950e+04 4.511420743862484960e+04 -9.487770965452931705e+03 -8.877321102952850197e+03 -7.967122334340751877e+01 4.640400930502867709e+02 -6.571961839969428638e+02 -4.093052462247206336e+02 7.993960824480950578e+02 2.419707084439241498e+03 -3.111407544759133543e+03 -1.278009319760401326e+02 -1.766631025618383433e+01 7.156699258169231825e+02 -9.090918883876749987e+02 4.442430054742508787e+02 -3.432021045916040407e+02 -3.311148752413882903e+02 -7.086493636710555677e+01 3.606842358144771197e+02
-3.971708240823975211e+04 3.533652917567466648e+04 -2.242828961438010083e+04 -2.428646214063066964e+03 2.563585233510203579e+03 1.252662672263085597e+03 1.240140545929093378e+03 2.375429533712052034e+03 -3.136533762149155518e+04 -4.036546456543911336e+04 -1.588857407859168779e+04 -4.246445413232467217e+03 2.034225586482170002e+03 2.995402991846553050e+03 1.997082639995963291e+03 -1.477031149695435943e+03 -3.017593343290410758e+03 -3.330635728958186519e+02 -1.074014797539953634e+03 -1.884813603049393578e+03
-3.770983126473466837e+04 5.487385780222576614e+03 1.397230955163091676e+04 2.078126879706950422e+04 7.888132223667610560e+03 5.041418500662119914e+04 -7.442846384545428009e+02 4.519229222614926402e+04 -1.758634299516984902e+05 8.380269460526382318e+04 2.220801421463676525e+04 2.007865925857896218e+04 1.205491776937907707e+04 -3.255078927226952510e+05 -2.339856602635043964e+05 -4.201601559623531066e+05 7.102285857723297086e+05 -2.104463607909047045e+06 -2.177633794808288221e+05 5.090580878107423814e+03
-2.643763552898166745e+04 3.733526593055090052e+04 6.763889405942482699e+04 1.420863090887261205e+05 4.313969502724552149e+04 1.271015833814267302e+06 -1.308669935687625548e+04 9.499174306960003742e+04 -1.141569845409028232e+06 9.370813689726606244e+05 4.408323173746695393e+05 -4.719446091059840401e+05 1.800154699702349899e+04 1.400029016413799254e+06 1.067892005748613970e+06 -4.399176234783912514e+04 -1.709472291622325429e+04 1.811669281306827033e+05 1.144675960023254156e+06 7.039145206546309055e+04
5.656151207927688120e+03 2.187679825241013168e+04 2.374030268035074550e+04 -3.797823165853044429e+03 -3.950467335141241165e+03 -6.170279708533768144e+02 -5.882004699740628712e+04 -2.147508670833534552e+02 9.716399879441011080e+02 1.425599073228449015e+03 -1.693495090959771005e+03 1.014099608384774115e+03 3.896697546140617874e+02 1.984759552187367262e+03 -3.938353595012092683e+02 5.146386216819850233e+03 3.206888985537212648e+03 5.533118126162090675e+02 -1.023207809094355753e+03 -5.125832745011158522e+02
-2.439693726185385094e+04 2.785909549516776679e+04 2.033006668368079772e+03 8.018086732002617282e+03 3.104164919969539551e+04 3.805463467722253699e+04 -4.499613902855901870e+03 1.703136772963531621e+04 -1.283704271042754408e+05 9.303126154037641754e+03 -8.353870090060090661e+03 -1.243080261888084533e+04 3.574485723900152607e+03 -4.726609492910987319e+04 -8.353985356829439115e+04 -1.023994110119387915e+04 1.450223151607293403e+04 2.534962119119771160e+04 1.984889253367295896e+05 5.987845300035767650e+03
-4.230074632648596162e+04 3.173283367173568331e+04 -1.181595865101451818e+04 7.022798172212296049e+04 3.528531896716216579e+03 7.898680008489934153e+03 -5.763680276387690355e+03 7.020235113786105649e+04 -8.040181862613800331e+04 -3.238103336256204420e+04 -8.247568561438926554e+04 2.313521132912283356e+05 -1.214324406624735100e+06 3.285774123662659258e+04 3.262960412621330761e+04 7.592509437942585464e+03 -2.003601040810386849e+03 -9.984261045926943552e+03 1.619860374059043897e+04 -3.105760709461279839e+04
-6.118336392702911326e+03 1.452206687512630197e+04 2.340050961585958430e+04 1.199350341036895770e+03 -1.123241511912967098e+03 2.269370024592397021e+04 5.795489780464055912e+03 3.888810507206579132e+03 -1.023432068559430809e+04 6.493218951238088266e+03 1.208137926587759284e+04 -1.161099909373802802e+03 -9.477187574415287941e+01 8.841339043272517301e+03 3.430627229176386209e+03 2.299591145979504290e+03 -5.724401449383264662e+03 5.060910923070790886e+03 -2.027118132546699781e+04 -2.315717861225049546e+03
-1.983499956317541728e+04 1.900919470774592264e+04 9.635964465322118485e+03 1.022986215211466697e+04 -8.451477001106723037e+02 1.954055851089240832e+03 3.023618226508664975e+03 2.990269148308850708e+04 -1.869610848022693972e+04 3.717807953239825565e+03 -2.715641353456179422e+04 1.157228538337144128e+05 2.579053982373854888e+04 -1.676018893604747063e+04 5.211358488919251977e+04 -5.861388916453414276e+04 7.655101325996160449e+04 3.787444921831661304e+03 1.736716638522873836e+03 -4.589378548904875061e+03
-3.073522413436245188e+03 1.076426662584143014e+04 1.736038241222719080e+04 -2.026160198723661097e+03 -6.922468025550550692e+02 -2.566399767472511257e+02 4.821265367753409919e+03 1.202778572379374737e+03 6.696115660707891948e+02 9.362209352968807252e+02 -2.391987888481813570e+03 -6.666286087039586619e+02 -8.018296884193604868e+00 9.779102529174116398e+02 -8.343533060855891108e+02 -3.433273621358983263e+01 2.340641928180871503e+02 1.095553534785401268e+02 -8.605075299432577651e+01 8.543863726396816105e+01
-1.611011649114116699e+04 1.156344744671072294e+04 1.573883681674665604e+04 5.844089188313694649e+03 2.323359685998670443e+01 1.650917267783829448e+04 -4.069901790475802500e+03 1.036528042166967498e+04 -3.732503453397876729e+04 1.406149692587713980e+04 1.716117464456626749e+03 -1.463227672067158437e+03 -5.607394662528333811e+02 -2.285596015304123648e+04 -2.648471317864619778e+04 -1.272839499655935469e+03 1.305152916366320596e+03 -5.648928353904716460e+01 3.850664711297870781e+03 4.157000003773738968e+02
-4.589368464421355748e+04 -1.203300022316408831e+04 6.078931012906601609e+03 6.449570804826877065e+03 6.258107180087364395e+04 -1.690336489392045905e+03 -2.466131763986879832e+03 -5.761857160954552910e+02 2.130652173283453266e+01 -9.065215702016053001e+02 -4.412910171075057519e+02 3.337734950169694343e+02 -1.240196484897655438e+02 5.811739553175124229e+02 -3.358678130788852627e+02 1.142204032571900143e+02 8.788563715340113447e+01 3.897369094780198395e+01 5.515875041685844735e+02 4.181866744270756726e+02
-2.081303823523509709e+04 1.817157416201245360e+04 2.201060758109213202e+04 4.077177566681605094e+04 8.554490850500491433e+03 4.733763754826345394e+04 -3.403484791888218751e+03 4.652069384642330260e+04 -1.432079830899474910e+05 7.464975937167486700e+04 2.615881343345425921e+04 2.465849558045705999e+04 -3.992497341237764886e+03 -1.201239800959516870e+05 -1.277858689853067481e+05 1.798070703808469625e+04 -2.675841434647992719e+04 3.179403125142637145e+04 -8.951835829721752089e+04 -2.500594444517755619e+03
-2.370620576808260739e+04 2.361496116448457178e+04 2.412488886619990808e+04 4.916765117634202761e+04 1.486323090405231960e+04 3.178355938455244177e+05 -5.591136837428550280e+03 3.921221694900679722e+04 -2.836619759683044977e+05 1.285334500578056322e+05 4.001268413176139438e+04 -4.332056221681766328e+04 4.979425938513623805e+03 1.761720024249068956e+04 -5.617871080353598518e+04 -2.094896940686064045e+04 2.411729179322618438e+04 2.829015034150330757e+04 2.882869499829928391e+05 1.000875915068386894e+04
-4.170324232268446212e+04 3.592800288983647624e+04 -2.631111025582168440e+04 -5.215194680268989032e+03 9.961860748760464048e+02 5.561228440108310451e+02 1.341938083209331353e+03 -4.304916567621631884e+02 4.213094467389594797e+02 1.276632886864748002e+02 1.716021576201648713e+03 -2.214880664581806684e+02 -6.278360627224361679e+02 -2.600806059232396592e+02 -5.757933517513069432e+01 -2.423856012809914091e+02 -3.644378215321171410e+01 -8.380023343760741454e+02 1.149647840141556401e+02 2.120631091592619487e+04
1.020414119817597748e+04 1.827118255951869287e+03 2.578017258799264255e+03 6.099677361434809200e+02 -1.558317153534177351e+02 -1.446071068172855973e+02 -1.095712575517850610e+03 6.946127096710705473e+01 -5.538277160630136642e+00 9.279283576779508991e+00 -1.604496791496430319e+02 -1.540372208770763507e+02 -1.172426864024603788e+01 -5.217434830459889099e+02 3.836291105050475494e+02 -1.143506120665588099e+02 7.294047955611101486e+01 1.103911014445181706e+02 1.895223703066588712e+02 -4.540301203375192358e+02
-1.584637619427189929e+04 1.073252921209194210e+04 -1.779914883795108835e+03 6.458448594703544222e+04 -7.186249014337680819e+03 -3.174742693068831159e+03 -6.388589687272360607e+02 1.228086033116691760e+04 -2.655989733293070572e+02 3.962227591170248161e+03 -6.122858596974051579e+03 5.724492475813771307e+03 -3.036957638227726193e+02 1.639426250705321991e+03 -3.488004052157536535e+03 3.725431523377599660e+03 -4.352586506902814108e+03 9.861668134058572832e+02 -3.319806153718499445e+03 5.900833932450668726e+02
-2.121929256307976175e+04 1.468500855902867261e+04 1.543395340103212038e+04 1.056068613743884816e+04 -1.941075398271837230e+03 -1.399161890366181069e+03 -6.752665611166120243e+02 5.444755121446522026e+03 1.354196586652923088e+03 -8.779639476895006737e+03 1.696761029352772675e+04 -2.135614440106959592e+03 -5.970448591271950818e+02 6.097244010030062782e+02 -9.602833853455911139e+02 -2.028980032024506954e+03 1.557868528846917570e+03 -2.902131277120451500e+02 8.048313199415957797e+02 -7.029341534609283144e+02
-2.385462484451163618e+04 2.486420997840818018e+04 1.985899062703092932e+04 2.606566015606248766e+04 6.524290081974828354e+04 1.197540857949026831e+05 -2.522104053184604345e+04 5.138320005340837088e+04 -4.068107338129751734e+05 8.717485765783698298e+04 -3.440020882090481336e+03 -5.435636039916195296e+04 1.055315242262187348e+04 -1.586191986537564371e+05 -3.060571469498720253e+05 -4.426287458800330933e+04 5.977519011678751849e+04 1.055942142556195031e+05 8.310966173137951409e+05 2.717668291618834337e+04
-4.161313609180256753e+04 4.485833937187746051e+04 -2.857399822060958104e+04 7.342522059856487613e+04 -7.147547635326703130e+03 3.787462652981036513e+02 7.165916196461229219e+02 3.945571135009588761e+04 -5.615497919158733566e+03 1.074772644658362333e+04 -1.791488276287733970e+04 5.279061122559754585e+04 6.456094998618345016e+03 7.608573222836162131e+02 4.821134528279585538e+03 2.517853316918646669e+03 -5.197553683742189605e+03 1.329530895538381446e+04 -4.473857509560350991e+03 9.885516550589499047e+02
-6.594726177898592141e+03 6.615093815533664383e+03 9.155991677951664315e+03 1.646535670743994342e+04 -2.816165552382812621e+03 -2.425472254432585942e+03 5.456657392504823747e+02 -2.038533869749584483e+04 -3.234374347279370795e+03 2.444490922455304826e+03 -6.069127539281812460e+03 -3.804044917260156126e+03 -5.469001002857281719e+02 -7.510627780083933430e+03 6.020487595167273867e+03 -3.621232466894250592e+03 1.942694605533104323e+03 3.583429468154858114e+03 1.020994443053151485e+03 -1.182008655655581060e+04
-1.910165771569933349e+04 1.297268549403924590e+04 1.437662960776903492e+04 4.558432035238764001e+03 -1.192554069169394097e+03 -7.229929171767848857e+02 -1.056336277946491828e+04 7.226251136641451012e+03 2.384412940806195820e+03 -1.114999575503676624e+03 -9.482606980119132913e+02 -1.412110345578706983e+04 -2.683267806994464536e+03 -3.274769770561493260e+03 1.852440919696883839e+03 -9.423094776977794027e+03 1.376184517955017509e+04 2.871138415718266515e+03 1.355666115380938436e+03 -1.202581478027507956e+03
-6.004008459207727719e+04 7.913460621829019146e+03 -1.878221506142156431e+04 3.457082802707944938e+04 -3.036269670481716730e+03 -3.079042337171641520e+03 -1.444804577337296905e+03 1.421526346484775058e+04 5.424075742348810309e+03 -3.841896122053761701e+03 5.391984529097992890e+03 -1.182095030958591815e+04 -8.030675870048700062e+02 3.362586096876473221e+03 -2.948588021874036713e+03 -1.385952961893783367e+03 3.341745710933852024e+03 -1.621036710137293994e+03 5.915590023479229558e+02 9.944468505841805381e+02
-4.040966580431391776e+04 3.790341380082458636e+04 -2.694744653392092005e+04 1.906220165838011235e+04 -1.255860381890762937e+03 -1.060132632697571808e+03 1.216607939899520716e+03 1.776922803915721306e+04 -5.849513347075408376e+01 1.362335447511810798e+03 -5.586004011319984784e+03 3.066217028010521244e+04 7.666671108682893646e+03 3.428664484846152050e+02 1.038476642244530740e+04 -3.184944488392087351e+03 1.904297567829146828e+03 7.084887761965404934e+03 3.716149629464994632e+03 -3.060773241454134563e+02
-4.602943147526719258e+04 -1.264689863789240735e+04 3.977983541881245401e+03 -4.699698354103416875e+01 -4.530022228453653383e+02 -1.513452401315360305e+02 -8.306502588745566754e+03 2.768450996686508006e+03 -2.053515310426852011e+03 -3.485854513877726276e+03 -5.982718044148910849e+03 -6.529510876289482439e+03 -1.815652155286429206e+03 -4.565033017427119375e+03 5.397040189435899265e+03 -3.505207940036319633e+04 -2.350753317250121108e+04 -1.858441280671967775e+02 -7.520672148716734000e+02 2.543486747477951155e+02
-5.436119478753088515e+03 1.168574068940587131e+04 1.589444772856965756e+04 1.565627668028347580e+04 -4.051646654303603555e+03 -2.747094134458808185e+03 -4.596785081296035059e+03 -2.484584904770328649e+04 -3.940339915849900535e+03 -1.542095838450136625e+03 3.320334030846108362e+03 3.901699358752931403e+03 7.910479452373697029e+01 -7.283124039260433165e+02 1.203638247262423874e+03 -8.112112897186593727e+02 1.188018837412397943e+03 4.920911174304673352e+01 4.110887068237763060e+02 3.358746220250545775e+03
-3.447805323950693128e+04 4.370648954346932442e+04 -1.072840816343017832e+04 3.777857158594113571e+04 -3.321057372062856757e+03 5.548665753839120498e+02 3.536858449687222674e+03 5.063817657178904483e+04 -1.771034339691272180e+04 6.460533669717386147e+03 -3.747271058954538603e+04 1.511954943013440643e+05 3.161559007499997460e+04 -1.270692951883216847e+04 5.777179996494691295e+04 -5.371877893713457161e+04 6.657599254507082514e+04 3.139446581516527294e+04 4.538613370514891358e+03 -3.863904607713863243e+03
-3.544455279243481527e+03 1.506415381101732237e+04 2.202630349453560120e+04 -3.029903079006775897e+03 -9.455047855813196520e+02 -2.705221825583707300e+02 1.782519828122047556e+03 2.152460113957556132e+03 8.885267706780940671e+02 1.234296170024006869e+03 -3.046551996642211634e+03 -8.326881522605318651e+02 -1.257208999527705728e+01 7.417484705594182515e+02 -7.031623969706134858e+02 4.939562012525858137e+01 2.138991510124328954e+02 4.447195156269827088e+00 1.021789150918710050e+02 6.943969090264100430e+01
-3.885754238286244072e+04 3.844015346544401109e+04 -1.820402894868576914e+04 3.710542575426932672e+03 6.524432475835753576e+04 -3.876395604497004115e+02 -1.671777369203816761e+03 1.056917082525432761e+03 -3.129947152805522273e+04 -4.010621162932412699e+04 -1.809691994047061235e+04 -3.857216842723536047e+03 2.063647862063735829e+03 3.857529202163734226e+03 1.467494285133613175e+03 2.206912003982021815e+03 -3.207175426645682705e+02 -2.984997100814320561e+02 -3.287676974585271523e+02 -1.296538244802725558e+03
-2.526692671889626217e+04 2.747708370381026907e+04 4.654153315629567078e+04 9.723104665471821500e+04 9.824077122773860538e+03 7.934912844633789500e+05 -4.178359756658340302e+03 1.600514227829307129e+04 -1.757676243883121060e+05 1.475168427316912566e+05 6.631102360776948626e+04 -4.633129047669903957e+04 2.636095603232039593e+03 1.526413461004148121e+05 1.209707166284503764e+05 -1.159249014444377099e+04 1.019441136368367188e+04 -2.793640668999846821e+04 -3.957801141455042671e+04 -2.412115805107950109e+03
-2.633043546316289212e+04 5.492866272960975039e+04 -2.536139160110180455e+03 -1.057376006981114188e+04 -1.431418361938485305e+03 2.821521303831143541e+02 -1.334530908722260938e+04 -1.930052469830592599e+03 5.415064312451892192e+02 4.684595839841078373e+02 1.365797160842334961e+03 2.210896204797654718e+03 1.700348517526803960e+02 1.560821888366614075e+03 -1.280852351382716733e+03 9.127098641361851605e+02 -5.998244588895324796e+02 -5.772893492717290655e+02 4.378003124505082155e+01 6.378849162617218553e+02
-2.508726797305560467e+04 1.946059359893780493e+04 1.002875587974384871e+04 1.514863869946873456e+04 1.702544673347313073e+04 7.829149502514694177e+04 -7.101574840335780209e+03 3.394887183278409066e+04 -2.376937732865655562e+05 4.555947493596923596e+04 -4.140144097702187537e+03 -2.039657736546721208e+04 6.543077357249382658e+03 -1.050141335381724930e+05 -1.728677482916199369e+05 -2.752928894458853392e+04 3.557351269616949139e+04 6.818538068948053115e+04 4.706063726635937928e+05 1.412884721015498690e+04
-2.526453035560741046e+04 4.444472669138552010e+04 7.377008612880377041e+04 1.667412331157379376e+05 1.493705606932060618e+04 1.466414314343673410e+06 -2.802717923809582771e+03 -2.346521660321276795e+04 -9.237804425527287094e+03 3.232638898700806749e+04 2.991672128163318848e+04 -1.749737816649088927e+04 4.957015334456363576e+02 9.101359860904086963e+04 5.358278815693397337e+04 5.187350187974319851e+03 -1.797233859911886975e+04 1.889587042832405132e+04 -4.458338193041580962e+04 -5.903833228715079713e+03
-5.544660976149202907e+04 3.803708984341526957e+04 -3.273345194077702035e+04 1.624316397288573171e+04 -7.979237539165421822e+02 -1.414302897577484146e+03 9.682452447434437204e+01 7.097484085523438807e+03 4.050871770920521612e+03 -2.332080906932201287e+03 6.265795764508880893e+03 -9.276419658703522146e+03 -1.173529742156119482e+03 1.058577615157076707e+03 -1.479995302630252809e+03 -2.097596679119420969e+03 3.680177211870732663e+03 -7.790115682940243005e+02 5.978799798391487457e+02 9.020101270973297858e+01
-3.974917303996800911e+04 2.992474114119260776e+04 7.071599825384917494e+04 2.119786576615697704e+05 2.921329843516815163e+04 2.260459814969441388e+06 -1.914860276708381571e+04 -1.197141876558182703e+05 3.777748173153723474e+05 -2.296517968083749874e+05 -1.297108764629842626e+05 6.304044928217919369e+04 5.534690031535938942e+03 -1.422523746465898002e+05 -6.509183787714028585e+04 -5.075145329514676996e+04 9.022648044844013930e+04 -1.260102463768135494e+05 5.543411406090674427e+04 7.031130045779574175e+03
-1.916794391983742389e+04 6.671191624169872739e+03 1.636876585361750585e+03 1.872331188233944340e+04 -2.440476132272468021e+03 -2.220359996776587195e+03 4.188948844946329473e+02 -4.805587737690326321e+03 9.007059121468837475e+02 -8.838257583988337274e+02 1.672063533394174328e+03 -5.697501851056861597e+03 -8.238429551182441628e+02 5.881513108019718317e+01 -5.103678575892367917e+02 -1.658595562167907929e+03 2.892370834530591765e+03 2.307903755063410927e+02 1.093743678215849080e+01 -6.329051952621059129e+00
-4.151348745225784114e+03 1.843372549444956530e+04 2.642851887190081470e+04 -2.940035196482307128e+03 -1.685575183022734564e+03 -5.346451310723149390e+02 -1.957516125153550320e+03 3.971267958848405755e+01 4.800419872068906102e+02 -1.355959311766426936e+03 2.533501463081488964e+03 1.681243735832695620e+03 1.524318922845650093e+02 1.518855790969420013e+03 -1.040365791592616006e+03 3.368928891980158369e+02 9.999515720341708658e+00 -2.133544466785429563e+02 3.153890740507014812e+02 3.715815311373676195e+02
-2.483522185640351381e+04 4.958390192993566598e+04 -8.848778240594556337e+03 -1.024386284375565265e+04 -3.383057988636404048e+02 5.630035133974788550e+02 -6.148416204149582882e+03 1.340335579241089192e+02 9.364613971904790333e+02 3.120523769909053044e+03 -4.417888363451244004e+03 -4.277992811456624622e+02 -9.205326431919276686e+00 7.479992889348324070e+02 -9.374700357158733368e+02 5.693490882992279012e+02 -3.723404288351632090e+02 -3.462556401792223255e+02 -1.472873050024150245e+02 3.392347553840317573e+02
-8.192602594100710121e+03 2.410627444348055360e+04 1.723112602359314769e+04 -4.564076827376820802e+03 -8.417107466712751602e+02 -1.061781531574127513e+02 -1.969490726804401447e+03 2.155580920772982608e+03 8.151147173130374313e+02 1.501491641610262832e+03 -3.415792095590959889e+03 -2.501376748685983387e+02 1.167436811022338645e+02 8.364537170637109966e+02 -6.233980044637567062e+02 1.465308763929479312e+02 1.437279211451903507e+02 7.959167486455345397e+01 4.875248293816074607e+01 9.953965739589145301e+01
-9.246084134672320943e+03 1.522734484062610682e+04 2.411739001987744268e+04 6.420652174882408190e+02 -1.924822898951056686e+03 -7.058165443197242439e+02 -2.600527816614389849e+03 -8.700721370865908284e+02 -1.079612161404869767e+03 -8.885150082099180509e+03 1.816965990338262054e+04 5.882986188575465349e+03 3.323177561152663770e+02 4.785704530924686537e+02 -3.659657873380187425e+02 -1.244504746588070390e+02 -1.571219948611561676e+03 -4.386249142756314541e+02 7.086176295343839229e+02 -7.184686059852368771e+02
-1.179058846224800072e+04 7.564526567250855805e+03 4.685182460336553731e+02 3.736559416898321797e+04 -4.356008447129461274e+03 -3.566461616360519656e+03 -1.984444484797297434e+02 1.311774318551886608e+03 1.639511892910414417e+03 2.099677130737465802e+02 -1.496398176466442692e+03 -3.008430116054764312e+03 3.426626870314614735e+02 1.243580022726042898e+03 -8.942492741348745540e+02 1.496505107003443982e+03 -1.679546424786240095e+03 -1.495962262738878508e+03 1.548117452652570876e+02 1.293430977902027337e+02
-4.656311368708223745e+04 6.035769254650485527e+04 -8.588236998933167342e+03 2.296176782721584004e+03 -3.090883640521905363e+03 -3.982519659525534621e+02 -4.251647464366516942e+04 7.403081497935021616e+03 2.291188341904233766e+03 4.604238389455885226e+03 -8.628974521491711130e+03 -3.596611069972736914e+03 1.402724550864057846e+02 5.385783091047826474e+02 -9.173660955943122985e+01 1.617267019983244609e+03 -1.499073275243752278e+03 -1.573893037145452126e+03 4.029364498999939315e+02 1.959289229444179682e+03
-1.422401124344182972e+04 1.409468694657370543e+04 1.409520383665219197e+04 -7.763063178183258515e+02 -2.207827587149064641e+02 1.741225935355776642e+02 -6.004227531765724962e+03 4.303610731913908239e+03 -1.364711527316685897e+04 -1.857765914880644050e+04 -1.213880806371768631e+04 -6.311633644960869788e+03 7.776388972901013403e+02 2.882791275631196640e+03 4.899935915988286069e+03 1.499260066195599848e+03 1.729671294192624828e+03 -7.293831501600373031e+02 -4.289684105549039828e+02 -3.930956274218578528e+03
-3.885188543786621449e+04 3.614554735393063311e+04 -1.928431437533532517e+04 -1.280410324934097446e+02 3.362278403425074430e+03 1.755579447067759611e+04 -2.080799369136946098e+03 1.022364857648575708e+04 -6.862281947477858921e+04 -2.563567161726557606e+04 -1.514341436542061820e+04 -5.569973965455727011e+03 1.649428191045172753e+03 -1.870035693211021135e+04 -2.507868034628783062e+04 7.861500935109967259e+02 1.263293472028774659e+03 -7.942321736600965778e+02 3.267838858233412793e+03 -7.707681745238853637e+02
