2.099516953713400289e+04 -3.093364704694577995e+03 -3.395692535204426349e+03 -4.312914836620520873e+02 1.632688026197752720e+02 9.576812257691351249e+01 -9.449600280651340256e+01 2.137859068282538146e+02 5.141685828031418382e+00 -4.420235061702753399e+01 1.123771369403966247e+02 4.006630320107285570e+01 4.025076644560061645e+00 8.525736949665249753e+00 -8.427321812719334559e+00 8.718392554902449021e+00 -3.282690032475997555e+01 -2.476360741192646842e+01 5.119356131717524683e+00 1.808562464475250264e+00
-4.938295971006243781e+04 -1.553378623005803456e+04 1.328300571420050176e+02 -1.208723280191114554e+03 -5.533834120866983852e+01 7.447502776299808147e+01 -3.973750271105013780e+02 -1.127103231596582589e+01 2.795811460998919529e+02 3.856788597725026762e+02 -8.266074562754027966e+00 2.695218538616989576e+02 5.680121374005409507e+01 1.203307056576848026e+02 -8.589012310812168494e+01 1.017854609124687215e+02 6.744725093560100859e+00 9.161540570147730023e+01 -1.383981665417984708e+01 -6.551367778733489331e+02
-8.181686133919950407e+03 2.405038284838631080e+04 1.733654726664396003e+04 -4.555598620794381532e+03 -8.494756486046900363e+02 -1.085914436736714208e+02 -2.035639548130020330e+03 2.158033800917386998e+03 8.161609789259773606e+02 1.496383718687577129e+03 -3.405676875515780011e+03 -2.553338681030479052e+02 1.152840900979435048e+02 8.355577010809159901e+02 -6.240887568897094297e+02 1.484828539495236726e+02 1.431634507249803789e+02 7.651240666109463007e+01 5.140248823772596154e+01 1.009894694308722904e+02
-4.260917692178471043e+04 3.583847917768632033e+04 -2.622746435512907919e+04 -5.116352699861324254e+03 9.131633115401070881e+02 4.989458666009963963e+02 1.728203491519382851e+03 -2.218188706391760206e+03 3.045097054992895664e+02 8.542148623848896705e+02 1.106547236058142516e+03 -7.807876723426961973e+01 -1.468686851604936692e+02 -5.320553789895971022e+02 1.049387011734835973e+01 1.453178545522193588e+02 -3.407756274778932379e+02 -7.140439827958149976e+01 -1.418507791904333146e+02 -7.904602579596237319e+02
-1.180086566116647373e+04 7.567527625898314909e+03 4.590497900591345797e+02 3.741206151947350736e+04 -4.360448206196449974e+03 -3.567813770695464427e+03 -1.991560582760123452e+02 1.326541436724863843e+03 1.639225822067324088e+03 2.128649997066373203e+02 -1.500458656662972544e+03 -3.000413709282180662e+03 3.448015069365133627e+02 1.244550577598366317e+03 -8.970325296039269460e+02 1.501167154392618386e+03 -1.686118041376922520e+03 -1.491226131504504337e+03 1.534410044248130589e+02 1.296344261799222579e+02
-1.633694045794047634e+04 1.689404713386425647e+04 3.101443879610197473e+04 2.600856924895597695e+04 2.110732280634024355e+05 -5.904990161612903648e+03 -4.248577830574455220e+03 -3.427974319621891482e+03 2.833848560080795323e+03 1.483858490809523573e+03 4.919459425727736743e+02 8.563905630535033424e+02 5.016559407732770524e+02 8.682783367872692679e+02 1.957760854545936979e+02 3.310373845917615085e+02 -4.051956452090026914e+02 8.369044154487589537e+01 -1.216966159468525802e+03 8.675287025532031748e+01
-4.215287848763031434e+03 3.735128233772307340e+03 6.105069351730026938e+03 8.686531713948939796e+03 -1.810937646983080413e+03 -1.332739926729556373e+03 1.775357187832472391e+03 -8.858440415470031439e+03 -7.117587066847119104e+02 1.518562513469216128e+03 -2.101211372994695921e+03 3.499602162534346661e+01 -7.309086491688050913e+00 -2.536161582994096761e+02 1.449760231564767707e+02 1.723699958317615000e+01 -2.093768385688739908e+00 1.563117599732283338e+02 -8.341357972160624001e+01 -1.133633709023646134e+03
-3.390361032988087391e+04 7.461490853905177210e+04 1.565464070198635163e+05 6.688038500037605409e+05 9.269461209923577553e+04 7.429178814210163429e+06 -7.226347487304396054e+04 -6.452495208701075753e+05 2.697222315995696001e+06 -1.839428319571936736e+06 -9.099011106334049255e+05 4.952719504703676794e+05 -1.449154183666315657e+04 -1.352397542225514771e+06 -1.006791201424730825e+06 1.677897437323605482e+04 5.029670213864884863e+04 3.157114726211919697e+04 3.748489633779013529e+05 3.634773474928404903e+04
-2.682627983236824002e+04 2.948893076620498687e+04 4.946619361572799244e+04 1.102553709707069502e+05 1.010298154980262007e+04 9.099158668619852979e+05 1.792384666944571103e+00 8.761820322628158465e+03 -1.446615199927016802e+05 1.245359719263885927e+05 5.974167606099700788e+04 -4.036577220926372684e+04 2.401786357032057822e+03 1.453455666180037661e+05 1.136861174219622335e+05 -9.134696016287596649e+03 6.064024777339804132e+03 -2.306417144522550734e+04 -4.928152128373060987e+04 -3.564359280010742168e+03
-2.492372392049860719e+04 4.973883858794018306e+04 -8.780542157245488852e+03 -1.028159361990127036e+04 -3.560500250879396731e+02 5.660601308539535239e+02 -6.512502652534128174e+03 1.692902083731102039e+02 9.433958644454869500e+02 3.157125571260657580e+03 -4.486601206131022991e+03 -4.526624430824248861e+02 -9.557013181671749180e+00 7.438510343735817969e+02 -9.341371426731565180e+02 5.743613610130657889e+02 -3.733678624211178203e+02 -3.453696209729654356e+02 -1.534799405876108267e+02 3.361946566229840982e+02
5.661906882440758636e+03 2.187449781579628689e+04 2.373981885177860386e+04 -3.800883915448119296e+03 -3.950347676283349756e+03 -6.168479339515207585e+02 -5.882245871067632834e+04 -2.180439288372008946e+02 9.708013362745002723e+02 1.425157688044170300e+03 -1.691857093146864145e+03 1.017801143819816730e+03 3.899792682192888265e+02 1.985726811922500701e+03 -3.941555977048439559e+02 5.149062100048287903e+03 3.205126773878964286e+03 5.525658238180240005e+02 -1.023954913542981558e+03 -5.125256030218444039e+02
-4.041358293302272068e+04 3.790557601263543620e+04 -2.695456167430729693e+04 1.906439268636290217e+04 -1.255881923423646867e+03 -1.060397724012080744e+03 1.216047685616161971e+03 1.776865755526242719e+04 -5.788177811108865001e+01 1.361809021073277563e+03 -5.585945546386335991e+03 3.066206026297080825e+04 7.671434438620590299e+03 3.435473655964971158e+02 1.038216649177432555e+04 -3.181073138524662227e+03 1.898712560246618750e+03 7.096302226547811188e+03 3.718047121366435022e+03 -3.031594869367664842e+02
-4.142454675950141245e+04 3.523850570149485429e+04 -2.515506530893176750e+04 -4.466433699781153337e+03 3.209028064838178125e+03 1.699567357136364990e+03 1.763476369302904004e+03 4.092785316881571816e+03 -4.750326482840349490e+04 -6.440203181907714315e+04 -2.928720186911208657e+04 -7.725173647918445567e+03 3.226093495274218640e+03 8.890972319773056370e+03 5.042511881140104379e+03 6.726269444693120931e+03 6.023368736693599885e+02 -1.096511664455956407e+03 -5.759330611979780770e+03 -1.424599122030882427e+03
-1.730579529859937975e+04 1.414010919886073680e+04 1.671825465312782762e+04 9.034487809791624386e+03 -1.794918247286168025e+03 -1.162203913993055266e+03 -2.357513530067124066e+02 4.112635357418126659e+03 1.971383257882688156e+02 -7.277046436757954325e+03 1.417436481559343520e+04 2.925397016546527084e+03 3.900212677763459510e+02 1.512400734759370380e+02 3.471785053772009633e+01 -2.055828459021885024e+01 -1.887877972706576884e+03 -1.064736447962225611e+03 1.211530308778438211e+03 -9.904112580479873031e+02
-9.892185584533066503e+03 1.050762951239048743e+04 1.604176604182717711e+04 1.817974798004640888e+03 -6.668822324797579313e+02 8.386082307511652800e+01 8.066660174948377744e+02 4.022551870523661364e+03 1.979236864721564757e+02 -4.339120535885069785e+02 5.207036681126802478e+02 -5.063797659690126238e+03 -8.858198861670026645e+02 -1.469357559294449857e+04 1.225958926237339620e+04 3.643714351901949158e+03 -9.251925715334065217e+02 1.187976317253831837e+02 1.049869482004090514e+03 2.924671040059159850e+02
-5.569963073253937182e+04 4.000524081454399857e+04 -3.540128080195652728e+04 3.386319163456542447e+04 -2.646326352393198704e+03 -2.978421476435594741e+03 -1.702351305725791235e+02 1.327873263919393503e+04 5.935383108813371109e+03 -3.183994423268693481e+03 6.244542103277305614e+03 -1.249485013510049248e+04 -9.808736907070555162e+02 3.113819815720318729e+03 -3.199804087729557978e+03 -1.210436065684011510e+03 2.932243729220827390e+03 -1.852565111011800127e+03 4.739180552032482865e+02 9.570104494953679932e+02
-5.534951370034577849e+02 1.009866594262764920e+04 1.492697046561749630e+04 1.428948777929093194e+04 -3.857834117087157210e+03 -2.593315828331142711e+03 -2.579348610071911935e+03 -2.533337603479177415e+04 -4.046945916226006830e+03 -8.852464338543670692e+02 2.043711292849773145e+03 4.038531643940617869e+03 1.075936995545272765e+02 -5.885243201227835925e+02 1.083653086457664813e+03 -7.265070381196528615e+02 1.090913118103980651e+03 1.027921296165886531e+02 2.879161782839850616e+02 3.360396028872726674e+03
-3.868561255314465234e+04 3.287639700443525362e+04 -9.732993637808676795e+03 7.193125068376815761e+04 1.378783827118318641e+03 6.429548388281088592e+03 -4.912569955537302121e+03 6.611435765563252789e+04 -6.829972993396531092e+04 -2.652339914827760731e+04 -7.053969008508218394e+04 2.108620045659361931e+05 -1.088900561385466950e+06 3.093990988999097317e+04 2.885400965542808262e+04 8.634417348819602921e+03 -8.229624858936269902e+02 -7.977515890958977252e+03 1.418766926801020782e+04 -2.635228179999850909e+04
-3.937153958005669847e+04 9.400567375560969595e+03 2.847170868239001356e+04 -7.704187854615644937e+03 -4.774978464673319650e+03 6.019810164568498294e+02 -9.283654984462926222e+04 9.804378563949623640e+03 -1.180067871268931231e+04 -9.444628457886306933e+03 -3.087097540681488681e+04 -2.959314100704528391e+04 -1.036357618702884247e+04 -4.091347559392800031e+04 4.181658393500301463e+04 -5.402395853004804812e+05 -4.130519698641552241e+05 -2.224136468164364123e+04 -2.088010960122930919e+04 2.494672799212529208e+04
-2.081303823523509709e+04 1.817157416201245360e+04 2.201060758109213566e+04 4.077177566681605094e+04 8.554490850500491433e+03 4.733763754826345394e+04 -3.403484791888218751e+03 4.652069384642329533e+04 -1.432079830899474327e+05 7.464975937167488155e+04 2.615881343345425194e+04 2.465849558045705635e+04 -3.992497341237764431e+03 -1.201239800959516724e+05 -1.277858689853067481e+05 1.798070703808469625e+04 -2.675841434647993083e+04 3.179403125142636782e+04 -8.951835829721749178e+04 -2.500594444517755619e+03
-3.076929636655322611e+03 1.077966726869084596e+04 1.737773389523014703e+04 -2.028655053572844281e+03 -6.942007895161593751e+02 -2.570460405294170982e+02 4.808281620576161913e+03 1.201764148833412037e+03 6.695076236853714136e+02 9.333570424352666350e+02 -2.385779767509603516e+03 -6.635224641860784232e+02 -7.757549509676102240e+00 9.785156755930756844e+02 -8.345826614474068492e+02 -3.378575869207408999e+01 2.337743691795496375e+02 1.090891418719793649e+02 -8.541227136539269793e+01 8.521965393136558475e+01
-7.192981951820223912e+03 1.670060329714207182e+04 2.599551046109496747e+04 1.336464522392806794e+04 7.382401571526009320e+03 1.386778536377016280e+05 1.149157479296770134e+03 1.056141953714920237e+04 -8.393689252980594756e+04 7.074216967113057035e+04 2.840228422645918545e+04 -3.021597797392802750e+04 8.200907059194507838e+02 7.427057635411131196e+04 7.274134804802971485e+04 8.900125531926869371e+02 1.079366809850047503e+03 -5.918550775528115992e+03 -9.420769621569517767e+03 9.106193435830132330e+02
-1.565431860897010483e+04 1.021999815884061718e+04 1.179740651223026725e+04 2.346213713229606128e+03 -1.086107606658901659e+03 -5.599716063191060584e+02 -1.399614024867304943e+04 2.952116945742138341e+03 -1.992692129882281279e+03 -2.888164469709503919e+03 -7.301874075604535392e+03 -7.402089494802118679e+03 -1.869880277507742221e+03 -5.547891574685118940e+03 6.114283808092419349e+03 -3.519455290090428753e+04 -2.378787923844265970e+04 -1.162953781752269578e+02 -6.242019605014401122e+02 -2.981934544794703470e+02
-2.408353520905942787e+04 2.579935649114631451e+04 1.720750631250813240e+04 3.007831917064302615e+04 3.844381309111721930e+04 1.772545793926037150e+05 -1.497249808001800739e+04 4.701581304711106350e+04 -3.750193786442371784e+05 1.005736153573317715e+05 1.134389659765550641e+04 -5.551949107928518788e+04 9.012998884525479298e+03 -8.348932941851795476e+04 -2.088926535841066798e+05 -3.495527787190514937e+04 4.522400412553704518e+04 8.404869804076000582e+04 6.602044144220042508e+05 2.213392217059195900e+04
-2.012063461268764149e+04 1.062882314617269003e+04 2.185907479895356300e+04 -7.508032110438468010e+01 2.725065376377961911e+03 1.464317835730163461e+04 6.503409511537855678e+02 1.250421648016430845e+04 -3.151689024268993671e+04 1.978952221181704590e+04 6.876648821129120961e+02 1.736183739962986874e+04 5.440607722285229102e+03 -2.967973895871654531e+04 8.858502681832333110e+03 -4.525486040683383180e+04 7.173386362796036701e+04 -1.147043662808766821e+05 -2.054943809360355590e+04 -1.202032781717356102e+03
-9.045574359854301292e+03 2.509472781560665226e+03 6.052602049672834710e+02 8.564211321167173082e+03 -5.749691222825024397e+02 -1.042737895624301473e+03 -5.479558260491886585e+02 2.337874444150976615e+03 2.716819043223619246e+03 -5.838273971440327841e+03 9.895888114277091518e+03 -2.375673958914054310e+04 -4.361648984331932297e+03 -3.282483414749742224e+03 -9.360360308197105041e+02 -2.595746211705441965e+04 3.979367801747011981e+04 2.336766508746085674e+04 -3.981866910769650531e+03 -2.856470254596074483e+03
-4.839840400668754592e+04 -1.513266195375624375e+04 6.408219579032250977e+02 -1.251725647349976043e+03 2.194166035563472121e+02 2.805219713514504747e+02 -9.250126502410317926e+02 2.884512938997518631e+03 -1.591349281771031929e+04 -2.506059589159484676e+04 -1.209161766511730821e+04 -3.701931948012017074e+03 1.061754268853505891e+03 5.791281251600208634e+03 3.362955267375227777e+03 4.700431689336658565e+03 9.601660253329039278e+02 -8.868034281148364926e+02 -4.769510833595015356e+03 2.737195772562337766e+02
-4.845963014898240363e+04 -1.541570544048269221e+04 9.484239234665997742e+01 -1.433326655135140300e+03 3.801555477882268264e+01 1.424529441474404337e+02 -7.656487647675451171e+02 1.711225375156304835e+03 3.725176719076167160e+02 -3.168186584693015106e+02 5.590535728672609821e+02 1.677176792397174552e+02 -4.114007897165316763e+02 3.639853548981849372e+02 -1.299490310205508763e+02 -2.736757961005951074e+02 2.945139405312567646e+02 -6.726279036900567689e+02 2.380974075089480664e+02 2.133488693548829906e+04
-4.673913713979130989e+04 -8.853704084947179581e+03 -1.324565717245835685e+03 2.174307085133191140e+04 -2.102600165915474463e+03 -2.011175907480983142e+03 -3.624408771151230667e+03 1.541652334835160400e+04 5.487938217911870197e+03 -2.391375712818432476e+03 2.051586932961602542e+03 -2.509506597473141483e+03 3.774468334439976388e+03 5.162799853388232805e+03 1.707006349575900913e+03 1.643605523803813412e+04 -2.328701136595157368e+04 -5.592925736830999813e+04 4.844322060885660903e+04 -1.025449494974027948e+04
-4.668663859800031787e+04 1.193394364669815513e+04 -1.506963603561076525e+04 1.291824843611284996e+04 4.939484569573539829e+02 -1.366422189835320182e+02 -7.494976057052949727e+02 1.602011024098901362e+04 -9.609431242042113809e+03 -1.055248675828264459e+04 -9.444324095532001593e+03 4.542795406457441277e+04 -3.305968811537598376e+05 1.367060543545980909e+04 9.697221874113858576e+03 -3.878180640561409973e+02 1.238189979480889451e+04 -4.006058635321890051e+03 1.013088019786413315e+04 9.228579150103040547e+02
-4.589368464421356475e+04 -1.203300022316408649e+04 6.078931012906599790e+03 6.449570804826877975e+03 6.258107180087364395e+04 -1.690336489392045905e+03 -2.466131763986878923e+03 -5.761857160954552910e+02 2.130652173283455042e+01 -9.065215702016051864e+02 -4.412910171075056951e+02 3.337734950169693775e+02 -1.240196484897655154e+02 5.811739553175121955e+02 -3.358678130788852627e+02 1.142204032571900143e+02 8.788563715340114868e+01 3.897369094780199106e+01 5.515875041685844735e+02 4.181866744270756158e+02
-1.335784412477532715e+04 5.392653224570921338e+03 2.971616937562581825e+03 1.905387220489508400e+04 -2.967550780421677700e+03 -2.583561633666754005e+03 7.440411009900009276e+02 -2.025390919334139471e+04 -1.802770929451634174e+03 4.385586316204737159e+03 -5.493329614280696660e+03 -1.757388606066574312e+03 4.256477700449544841e+02 -5.472627718535205531e+03 5.260608814052414345e+03 2.075946158333256335e+03 -5.314070374452280703e+03 -3.959156515725744612e+03 6.026868224275362991e+03 -8.006412039263304905e+04
-8.894527799653124021e+03 1.674505037631316736e+04 2.579799685478807078e+04 5.795844967263027456e+02 -2.039126095366428672e+03 -7.497115893757228378e+02 -3.325269414098331708e+03 -5.144621917891680596e+02 -9.451333111623002878e+02 -8.865706949700124824e+03 1.806945899205041496e+04 5.868489209217219468e+03 3.444827270891253193e+02 5.011184384959356066e+02 -3.396532146970471899e+02 -7.616226817299875052e+01 -1.588859539604682595e+03 -5.273943856058328947e+02 8.286332665246977740e+02 -7.077462820958982093e+02
-2.905214177714181278e+04 3.647711192644031689e+04 -4.805401589503967443e+03 2.708769169249828701e+04 -2.255816110445148297e+03 5.418684417173905103e+02 3.418634036052369538e+03 4.230362476878252346e+04 -1.941224405224734437e+04 1.105918002719767856e+03 -3.515214185267611174e+04 1.362442687539173930e+05 2.920770436698220510e+04 -1.260042549086100371e+04 5.499840379461689008e+04 -5.283860204324863298e+04 6.635433276267275505e+04 2.698383581453350416e+04 4.413932260018876150e+03 -4.189794890513888276e+03
-1.611011649114116517e+04 1.156344744671072658e+04 1.573883681674665604e+04 5.844089188313693739e+03 2.323359685998670443e+01 1.650917267783829448e+04 -4.069901790475802954e+03 1.036528042166967680e+04 -3.732503453397876729e+04 1.406149692587713980e+04 1.716117464456626976e+03 -1.463227672067159119e+03 -5.607394662528333811e+02 -2.285596015304124012e+04 -2.648471317864618686e+04 -1.272839499655935697e+03 1.305152916366320824e+03 -5.648928353904715749e+01 3.850664711297870781e+03 4.157000003773740673e+02
-4.604627741940412670e+04 -1.259906075228155714e+04 4.576054832466073094e+03 1.937791861520115390e+03 4.289908033490659705e+02 1.602205318481282848e+04 -3.010843108189032137e+03 8.336419234093516934e+03 -3.707189018879443756e+04 1.345619431214451106e+04 2.521004675497531480e+03 -1.771540826357301512e+03 -5.522307809826711491e+02 -2.169653438903723509e+04 -2.672028257042165205e+04 -1.423384993807663477e+03 1.885098753698848441e+03 -5.605461733229213905e+02 4.342865661380818892e+03 9.581481931211822030e+02
-8.186631709039934321e+03 1.211797707651296878e+04 1.948718688463540821e+04 6.154472103337918725e+02 -9.803803737837739618e+02 -4.126919696821916546e+02 1.479099131750996776e+03 2.000284676099353646e+03 -4.825819710049000264e+02 -5.672173367720150054e+03 1.121677031130380965e+04 2.786607385773167152e+03 1.432157427575697284e+02 -4.501909473204064511e+02 6.065505157896129873e+01 -4.168898538134138221e+02 -1.347654490124385347e+03 -2.518711401470325768e+02 5.484287656808227212e+02 -1.063456691985132466e+03
-1.088619993337642154e+04 1.317526386142096999e+04 2.117236603755645410e+04 4.041711014244255239e+03 -5.259441840792405856e+02 6.075108892591435506e+03 3.246665308080390787e+03 1.386471470263610536e+04 -1.657775357397400512e+04 1.271832615328546672e+04 8.999109552614087079e+03 -3.711002903894227347e+04 -5.679937055062570835e+03 -1.089361498368091852e+05 1.247252232001722878e+05 5.592142791276628850e+04 -1.657627994533283345e+04 7.314047632459643864e+03 -4.732871350326958236e+03 1.832988135824755227e+04
-3.770983126473466837e+04 5.487385780222576614e+03 1.397230955163091676e+04 2.078126879706950422e+04 7.888132223667610560e+03 5.041418500662119914e+04 -7.442846384545428009e+02 4.519229222614926402e+04 -1.758634299516984902e+05 8.380269460526382318e+04 2.220801421463676525e+04 2.007865925857896218e+04 1.205491776937907707e+04 -3.255078927226952510e+05 -2.339856602635043964e+05 -4.201601559623531066e+05 7.102285857723297086e+05 -2.104463607909047045e+06 -2.177633794808288221e+05 5.090580878107423814e+03
-2.429418049826352581e+04 2.698379286851122379e+04 3.446663933046036618e+03 1.005475099803044395e+04 2.920354153869237416e+04 5.099319736358962109e+04 -4.563659200859648990e+03 1.838282746062913793e+04 -1.362001981509630277e+05 1.456843042761191100e+04 -6.664649893696767322e+03 -1.315188246563424946e+04 3.727323548901216327e+03 -4.795021337855275488e+04 -8.657725994715269189e+04 -1.134324678016417420e+04 1.580885480889602695e+04 2.568531512170442875e+04 2.083360383645029215e+05 6.340608926545673967e+03
-2.643763552898166745e+04 3.733526593055090052e+04 6.763889405942482699e+04 1.420863090887261205e+05 4.313969502724552149e+04 1.271015833814267302e+06 -1.308669935687625548e+04 9.499174306960003742e+04 -1.141569845409028232e+06 9.370813689726606244e+05 4.408323173746695393e+05 -4.719446091059840401e+05 1.800154699702349899e+04 1.400029016413799254e+06 1.067892005748613970e+06 -4.399176234783912514e+04 -1.709472291622325429e+04 1.811669281306827033e+05 1.144675960023254156e+06 7.039145206546309055e+04
-4.332376167140884354e+04 4.873417784566304908e+04 -1.491819379816078981e+04 1.183625997982947010e+05 3.774330498322490166e+04 3.272267325405126940e+03 -6.657788197464812583e+03 1.238686921783806029e+05 -1.073264803249460820e+05 -3.239254324847713360e+04 -1.485637644755731453e+05 4.946661070626931614e+05 -2.562450987102032639e+06 7.993945496745551645e+04 8.424003479697836156e+04 3.541244295918357238e+04 9.498511284400306977e+03 -2.362886442389662261e+04 3.937337699184878875e+04 -6.968172246985540551e+04
-3.795841454764308764e+03 1.314845967096605818e+04 1.997656465459243918e+04 -2.454805810082806602e+03 -8.548055203748107260e+02 -2.924160465605647232e+02 3.097136001224949268e+03 1.377085546800760994e+03 7.154321385971453537e+02 7.657393949796463630e+02 -2.038093466185159969e+03 -4.623720908191222634e+02 6.497422879234077797e+00 9.408748597018609416e+02 -8.029854897021921261e+02 2.577784166697236046e+01 2.045581776782364329e+02 4.187558897292289117e+01 2.726541143186766192e+01 1.108183460416322674e+02
-4.161313609180256753e+04 4.485833937187746051e+04 -2.857399822060958104e+04 7.342522059856487613e+04 -7.147547635326703130e+03 3.787462652981036513e+02 7.165916196461229219e+02 3.945571135009588761e+04 -5.615497919158735385e+03 1.074772644658362333e+04 -1.791488276287733970e+04 5.279061122559754585e+04 6.456094998618345016e+03 7.608573222836162131e+02 4.821134528279585538e+03 2.517853316918646669e+03 -5.197553683742189605e+03 1.329530895538381446e+04 -4.473857509560350991e+03 9.885516550589499047e+02
-2.767923547896179298e+04 4.489206569773912634e+04 7.720003365175737417e+04 1.746747542441750993e+05 1.507548967112097307e+04 1.567676777226724895e+06 -1.288925798511497305e+03 -3.254462495609196048e+04 3.898870128479754931e+04 5.308062163697147298e+03 2.088148772018877207e+04 -6.222769935432409511e+03 4.359305603742087101e+02 7.283711934211464541e+04 4.846828836878948641e+04 3.427073325719706190e+03 -1.426255708310408227e+04 4.844068782393197580e+03 -8.618087594848613662e+04 -7.831422362278187393e+03
-2.767076180688202294e+04 1.776653518537931814e+04 2.087913725573470219e+04 2.889994379245839082e+04 1.549278802552213601e+05 -5.301459032815277169e+03 -4.616925246518232598e+03 2.745753871665061979e+03 2.932696146044358102e+03 -2.666585896821975894e+03 2.805329572141761673e+03 -5.798483970190883156e+03 -6.684646854434585066e+02 1.251728653343219321e+03 -7.377700326573807388e+02 -2.601135426630995880e+03 4.566982651614820497e+03 -1.389372273523860486e+03 -7.183203117621433194e+02 2.367362362674682288e+02
-1.585175299064739920e+04 1.073453728225445957e+04 -1.783483701864088516e+03 6.460380231298259605e+04 -7.188129759758409818e+03 -3.174941084579711514e+03 -6.393615530413268289e+02 1.228868923762801387e+04 -2.658506955308105262e+02 3.963617151714041029e+03 -6.124327238957841473e+03 5.727505306517678946e+03 -3.041769448293723030e+02 1.640036190825751419e+03 -3.489700404077624626e+03 3.726331308122771134e+03 -4.353424767202133808e+03 9.872658123079515917e+02 -3.321481953157923272e+03 5.903797660686809650e+02
-6.118336392702911326e+03 1.452206687512630378e+04 2.340050961585958066e+04 1.199350341036896225e+03 -1.123241511912966871e+03 2.269370024592397385e+04 5.795489780464055912e+03 3.888810507206580041e+03 -1.023432068559430081e+04 6.493218951238087357e+03 1.208137926587759466e+04 -1.161099909373802802e+03 -9.477187574415289362e+01 8.841339043272517301e+03 3.430627229176386209e+03 2.299591145979504290e+03 -5.724401449383263753e+03 5.060910923070790886e+03 -2.027118132546699781e+04 -2.315717861225050001e+03
9.686513408885623448e+02 6.536645363697791254e+03 1.022045970746169223e+04 1.422780860622895852e+04 -3.183587318333979510e+03 -2.365954984083315594e+03 6.168580088340206657e+02 -2.390364914945261989e+04 -3.769048102035654210e+03 1.021979095864012493e+03 -2.040418663195337103e+03 2.167110095178918073e+03 -1.882458081498004177e+01 -1.061516167671749827e+03 1.260728218926261661e+03 -9.482122062938650515e+02 1.258679596347382585e+03 2.711037239116004685e+02 8.857980938302145546e+01 3.164730331058022330e+03
2.479180609792249470e+03 8.092827026570278576e+03 9.755691841053829194e+03 4.799563501611053766e+02 -1.808183117297393892e+03 -5.374153251542574026e+02 -3.550523182467023435e+04 5.575254559618266512e+02 1.048446239835922142e+03 1.990892256165292565e+03 -3.451365060166642706e+03 -1.356755796396096457e+03 8.591772869752273323e+01 8.182697297552277860e+02 1.234885241384300230e+02 4.193803990687368241e+03 3.693827712137091567e+03 8.931724249944692247e+02 -9.598941001522513261e+02 -1.272934370411390546e+03
-2.249234199765117955e+04 8.416613765964586491e+03 -4.428282062577655779e+03 4.606251891774415708e+04 -4.978941711916292661e+03 -4.202757609882774887e+03 -7.649546596067672226e+02 5.498442975967758684e+03 3.313094009729822574e+03 -1.411192985721752393e+03 1.432014936631035198e+03 -8.373453983815146785e+03 -6.073901046865237277e+02 2.077169871522638914e+03 -2.186132571391265174e+03 -2.580904753864260783e+02 1.436565630757524332e+03 -1.034773825196377857e+03 -1.166346245929662189e+02 4.411891168736538020e+02
-3.971708240823975211e+04 3.533652917567466648e+04 -2.242828961438010083e+04 -2.428646214063066509e+03 2.563585233510203579e+03 1.252662672263085597e+03 1.240140545929093378e+03 2.375429533712052034e+03 -3.136533762149155518e+04 -4.036546456543909881e+04 -1.588857407859168779e+04 -4.246445413232468127e+03 2.034225586482170002e+03 2.995402991846553050e+03 1.997082639995963291e+03 -1.477031149695435715e+03 -3.017593343290410303e+03 -3.330635728958186519e+02 -1.074014797539954088e+03 -1.884813603049393350e+03
-1.641608874086480137e+04 1.781503969921320459e+04 3.391932557508655009e+04 3.004647648016687890e+04 2.499917312753506121e+05 -6.692097632385707584e+03 -5.099177230338959816e+03 -4.633045393007049825e+03 3.300533643941048922e+03 2.482476980786642343e+03 7.369656543700309612e+02 1.217177745181498494e+03 7.091833332843808648e+02 1.185158462462909029e+03 1.749086552626279172e+02 3.980901744452095272e+02 -4.526640136990730525e+02 5.478677905212875743e+01 -1.976800365014091540e+03 1.416439360140808787e+02
-1.792564718963803898e+04 1.867326140844728070e+04 2.964766928509963327e+04 5.123700933941324183e+04 8.670866189417332862e+03 3.647423599859862006e+05 -7.084917457497375835e+03 4.590400510671852680e+04 -4.396937866792267305e+05 3.530329688495713635e+05 1.520624149758229614e+05 -1.724290875408199208e+05 5.733210854809984085e+03 4.938149533702675835e+05 3.841543657864021952e+05 -1.486594004922091881e+04 -2.323256034307213213e+03 6.009412612440636440e+04 4.194725621765013202e+05 2.808365613295190997e+04
-2.482084502732964029e+04 2.043267898437412805e+04 3.517338988378020440e+04 7.109535350904660299e+04 1.052071348369500447e+04 5.613851297418009490e+05 -4.014346003733443467e+03 2.803447361664914933e+04 -2.266856525516352849e+05 1.732374648790440697e+05 7.270051510509884974e+04 -5.096075020210848015e+04 2.780716695698079093e+03 1.398066516580615134e+05 1.080401593395315722e+05 -1.245196846248688416e+04 1.290219354324661072e+04 -2.521213507767971896e+04 -1.393602897842328821e+04 1.298654032080924559e+01
-4.170324232268446940e+04 3.592800288983647624e+04 -2.631111025582168804e+04 -5.215194680268989032e+03 9.961860748760462911e+02 5.561228440108311588e+02 1.341938083209331126e+03 -4.304916567621630747e+02 4.213094467389594229e+02 1.276632886864747718e+02 1.716021576201648713e+03 -2.214880664581806684e+02 -6.278360627224361679e+02 -2.600806059232396592e+02 -5.757933517513068722e+01 -2.423856012809914660e+02 -3.644378215321171410e+01 -8.380023343760742591e+02 1.149647840141556401e+02 2.120631091592619850e+04
-2.303633143647583711e+04 1.488741972358801468e+04 1.501018869225568778e+04 1.068450230368050143e+04 -1.966698663090617401e+03 -1.493438611197068667e+03 -9.463400267941813127e+02 6.006703544405113462e+03 1.970404422013276644e+03 -9.676112219460886990e+03 1.865482608552222518e+04 -5.056523552368257697e+03 -1.199566647275204559e+03 1.037865298783650815e+03 -1.725232720275484326e+03 -3.309890767069687172e+03 3.680247834455219618e+03 2.131561277730795325e+02 5.380836893473892815e+02 -5.166464980894063501e+02
-2.542804537085599804e+04 5.263999731946839893e+04 -2.684374174848103848e+03 -9.911739945133907895e+03 -1.291125046164696414e+03 2.047050961049812656e+02 -9.121512925665949297e+03 -2.571145297240178024e+03 4.100391563440718983e+02 -2.705738736561323776e+02 2.818111575371608978e+03 2.740856888593694748e+03 1.865416789879874671e+02 1.661588480051607348e+03 -1.336027036956053735e+03 8.615976139179216489e+02 -6.013732896775413792e+02 -5.997337940538905059e+02 1.387151144569479300e+02 6.960906684588649114e+02
-6.005127290914811601e+04 7.905334331719803231e+03 -1.878892802812571608e+04 3.457732678704561840e+04 -3.036844605581678934e+03 -3.079554829838161368e+03 -1.446205083010166163e+03 1.421654105397588137e+04 5.425152551331371797e+03 -3.838522547870279595e+03 5.384756145544508399e+03 -1.182352019896549245e+04 -8.030106341500991221e+02 3.363610611061749751e+03 -2.949330374135569855e+03 -1.385181367608691744e+03 3.342068680274931467e+03 -1.621370887462845758e+03 5.911859417061020849e+02 9.953827283861357955e+02
-4.094656948652191659e+03 1.764033657469856189e+04 2.543181152196653056e+04 -2.975812944316802714e+03 -1.516822783901347066e+03 -4.700332892718257654e+02 -1.088054249238714647e+03 5.653484574318534897e+02 5.821969266541872230e+02 -7.140503175420133175e+02 1.148599432733342837e+03 1.057983206801218785e+03 1.114007968754236089e+02 1.325980099416593475e+03 -9.570663643328733770e+02 2.667812482422823450e+02 6.121038064801832235e+01 -1.623558794947095976e+02 2.692521230819489233e+02 3.006890408971599413e+02
-4.602943147526719258e+04 -1.264689863789241281e+04 3.977983541881246310e+03 -4.699698354103414744e+01 -4.530022228453654520e+02 -1.513452401315360021e+02 -8.306502588745566754e+03 2.768450996686507551e+03 -2.053515310426852466e+03 -3.485854513877725822e+03 -5.982718044148909939e+03 -6.529510876289483349e+03 -1.815652155286429206e+03 -4.565033017427119375e+03 5.397040189435899265e+03 -3.505207940036319633e+04 -2.350753317250121108e+04 -1.858441280671967775e+02 -7.520672148716734000e+02 2.543486747477951724e+02
-1.304274570755792411e+04 8.472862107768003625e+03 -5.555111713920749708e+02 4.546548147495686135e+04 -5.169738137250757973e+03 -3.647183815580191094e+03 -3.717270490454587843e+02 4.447250057552258113e+03 1.393503835062622102e+03 9.938295334622195014e+02 -2.495306506813946271e+03 -9.818672820824061773e+02 3.128725402973100245e+02 1.439824664949026555e+03 -1.438859281865193680e+03 2.200840346640139160e+03 -2.587339298450407568e+03 -1.188302414394017433e+03 -4.548803585017272439e+02 1.999229890108662175e+02
-1.798842538146696825e+04 4.954870057952361094e+04 6.624427122062076523e+04 1.691498248945044761e+05 3.257345805549751822e+04 1.649393917458940065e+06 -4.989629612342580367e+04 -3.554240069386406685e+04 -9.466300144692294998e+04 2.129001645318601732e+04 -3.333268620656186977e+04 -5.057967760211412678e+04 6.858889694239965138e+03 2.927014878705757292e+04 -5.219288908171098592e+04 -2.847925344146874340e+04 3.904351533213146467e+04 4.968354969310510933e+04 5.149812770130569115e+05 2.295569178063119034e+04
-2.188720638574317491e+04 1.059241400413203155e+04 2.038235173054236293e+04 1.070193685679009377e+03 2.980372296831242238e+02 5.426398347164041297e+03 9.807530587024212991e+02 1.513648240063977573e+04 -3.310712545823997789e+04 6.404356264205569460e+03 6.070649570346965447e+03 2.212927586896738649e+04 2.720696677117902254e+03 -7.061930946635433065e+04 -1.077249770298189105e+04 -2.974411617955130350e+04 3.031431920450131656e+04 8.639082772654804285e+04 2.669608991490132175e+05 4.358330732482956478e+02
-3.592031773667739344e+03 1.529192200127650358e+04 2.230986119740761569e+04 -3.047299762627490509e+03 -9.884677906792828708e+02 -2.822444196463576986e+02 1.534157347860284062e+03 2.076264297858931059e+03 8.743910391452833437e+02 1.128006244950509199e+03 -2.816897712768508882e+03 -7.266452058237465508e+02 -5.440426144290595012e+00 7.724588376260448968e+02 -7.161708247455850369e+02 6.347387691905046836e+01 2.047974989655127729e+02 -6.618145123504001859e+00 1.138322653954998742e+02 8.231547303683903749e+01
-2.355501195781554634e+04 2.426984973255989462e+04 3.045530167303907729e+04 5.912451571240432531e+04 8.350890648660182705e+03 8.631646067246637540e+04 -1.990197281742230189e+03 7.837111987679243612e+04 -2.531767388323282066e+05 1.347787085001167434e+05 5.998019736836873199e+04 4.462488080936217739e+04 -7.427769283151555101e+03 -2.174164048649183242e+05 -2.326986299964479113e+05 3.998201027050675475e+04 -6.119156957917978434e+04 7.300509332303369592e+04 -1.949312601985632209e+05 -7.287238835909098270e+03
-4.497560914768552902e+04 -1.201604209123886358e+04 5.309826484159040774e+03 1.043054283205260191e+02 -3.748424338867728238e+02 1.119628517855333882e+02 -1.248291171715571863e+02 3.567363206870639715e+03 2.175775992060211763e+02 -4.081280349976337902e+02 6.180110491064101552e+02 -4.960572751337494083e+03 -8.285484604035053735e+02 -1.363918249631086110e+04 1.185007122673222511e+04 3.586646625777939335e+03 -5.047427174203558593e+02 8.135508620338129049e+01 9.193478737572451109e+02 8.169647232449573266e+02
-1.454041860155225186e+04 1.402143434484787758e+04 1.395498434297413223e+04 -5.441350490139595877e+02 -2.337520860021136286e+02 1.541970171162820407e+02 -5.970835246488077246e+03 4.413264137834898975e+03 -1.350072615306557054e+04 -1.851164535668551616e+04 -1.197110748982137738e+04 -6.547152864775204762e+03 7.526307603227695608e+02 2.908114795804059213e+03 4.912295883615875937e+03 1.406520961339907217e+03 1.878711840809017303e+03 -7.194132209835263438e+02 -5.497069688515829284e+02 -3.977500874474780176e+03
-3.885754238286243344e+04 3.844015346544401837e+04 -1.820402894868577278e+04 3.710542575426932217e+03 6.524432475835753576e+04 -3.876395604497004683e+02 -1.671777369203816988e+03 1.056917082525432761e+03 -3.129947152805522273e+04 -4.010621162932413426e+04 -1.809691994047061235e+04 -3.857216842723534683e+03 2.063647862063735829e+03 3.857529202163734226e+03 1.467494285133613857e+03 2.206912003982021815e+03 -3.207175426645683274e+02 -2.984997100814320561e+02 -3.287676974585270386e+02 -1.296538244802725330e+03
-6.629244265426833408e+03 6.620076920055370465e+03 9.143757332830966334e+03 1.648679619841674867e+04 -2.817448562488637435e+03 -2.427608248905903565e+03 5.435314461937025499e+02 -2.037369770814880030e+04 -3.228234314238910883e+03 2.438171534935606815e+03 -6.058226399072126696e+03 -3.825506215145052010e+03 -5.503483772609977223e+02 -7.508369606687807391e+03 6.016713335206744887e+03 -3.628562234691105459e+03 1.955004233195205870e+03 3.584957117729971742e+03 1.020706796574681107e+03 -1.181906737971700022e+04
-2.463066311429939742e+04 3.564113318389995402e+04 6.347613652090201504e+04 1.407953707534842542e+05 1.203777903815963145e+04 1.208118796853746753e+06 4.199635984710714183e+03 -9.489780259580787970e+03 -6.529289499247827916e+04 7.440852499334572349e+04 4.864127900655932899e+04 -2.779983557637069680e+04 5.430867980603427441e+02 1.212684203756208735e+05 8.520078803695332317e+04 3.920633839913451084e+03 -1.592839759154746571e+04 8.186354298174518590e+03 -7.304671244535982260e+04 -6.295989903181548470e+03
-1.913529545016649718e+04 1.309894660219445177e+04 1.453352869563339300e+04 4.403434424462530842e+03 -1.222438323371874503e+03 -7.603718615573131956e+02 -1.137644360800419054e+04 7.225507967918831127e+03 2.710503453250418261e+03 -1.001230228938398113e+03 -1.048829098461176045e+03 -1.473534401768467251e+04 -1.732788780411631024e+03 -3.338080643682757909e+03 1.263854051140167940e+03 -9.226376344315205642e+03 1.341330300193757830e+04 5.485153959567445781e+03 1.899815488273326309e+03 -5.631661734037932092e+02
-1.892191747407823277e+04 6.277601439154037507e+03 1.200640898566798114e+03 1.825916079555948818e+04 -2.329337960267750077e+03 -2.146835692910975013e+03 6.998164503078081680e+02 -4.132493295011049668e+03 9.961836316198759960e+02 -6.822977394670324429e+02 1.337671181794610675e+03 -5.563995731017227627e+03 -7.716309178022701190e+02 2.410866528420746704e+02 -6.767422929638159985e+02 -1.547057550205361849e+03 2.674247824751253575e+03 1.947713145031259216e+02 -2.705839751455471642e+01 -1.520147396147480379e+02
-3.771315434967391775e+04 4.238908057711128640e+04 -2.853801297099386284e+04 3.704656502632443153e+04 -3.314501203949099818e+03 -2.502345855454220782e+03 9.126710452516171017e+02 2.366173676923341918e+04 1.533847844150578794e+03 1.434145722859728266e+03 -6.376811645720795241e+03 2.880700884749125544e+04 7.910478501275012604e+03 1.935974947744938163e+03 8.840564354322055806e+03 -1.975183679708217142e+03 7.030829980414177953e+02 6.221176710683871534e+03 3.433523332272582593e+03 2.010680806103792975e+02
1.020414119817597748e+04 1.827118255951868832e+03 2.578017258799264710e+03 6.099677361434809200e+02 -1.558317153534177635e+02 -1.446071068172855121e+02 -1.095712575517850382e+03 6.946127096710705473e+01 -5.538277160630134865e+00 9.279283576779507214e+00 -1.604496791496430603e+02 -1.540372208770763223e+02 -1.172426864024603788e+01 -5.217434830459889099e+02 3.836291105050476631e+02 -1.143506120665588526e+02 7.294047955611101486e+01 1.103911014445181706e+02 1.895223703066588428e+02 -4.540301203375191790e+02
-2.443323365443790317e+04 4.536132513201655820e+04 -9.444855868616545195e+03 -8.952351263678736359e+03 -9.495335737379218699e+01 4.671480649245104928e+02 -8.708977431081360692e+02 -4.115391308872301579e+02 8.009655312583229261e+02 2.425305479060958078e+03 -3.114725837222590599e+03 -1.121883816834311318e+02 -1.535080393394087572e+01 7.276643494592668731e+02 -9.162676547383729257e+02 4.524265471750134679e+02 -3.464285270553704663e+02 -3.340383733319209796e+02 -7.151366322125112163e+01 3.633318356765247472e+02
-1.488693302595590467e+04 1.478255494249321055e+04 2.664534105361910406e+04 1.928084242210409866e+04 1.561351211912063009e+05 -4.733379847210085245e+03 -2.697483983625668316e+03 -2.343210482063222571e+03 2.195656119669276904e+03 2.282121685303847585e+02 -1.919955080596000485e+01 6.642244069477890207e+02 2.736744977577719737e+02 5.149184721777588720e+02 4.399730559991189125e+02 2.012792605692914947e+02 -3.242331170797668278e+02 -5.253418916320122634e+01 -1.858598898911402841e+02 -2.520357705802967629e+01
3.746973160122689023e+03 2.652317954581521553e+04 2.346029159606683606e+04 -6.646511466511172330e+03 -4.183702214710055159e+03 -1.169805102144090228e+02 -7.641903516135503014e+04 4.097604150077600934e+03 1.974543662456343782e+03 7.117420238977972986e+03 -1.312492838026994650e+04 -3.537538239449903358e+03 1.718887399583472870e+02 1.194608219258948338e+03 -1.170364369711317778e+02 5.174013177668914977e+03 3.447529355432905959e+03 8.582267939536392305e+02 -1.714933119850373942e+03 -9.714949353375648116e+02
-9.138414068852571290e+03 1.206656073435859071e+04 1.545454968417800774e+04 1.690190559925806519e+04 -4.078922369314501339e+03 -2.840803338606068337e+03 -5.337741717217125370e+03 -2.415719292910408330e+04 -3.748199291787886068e+03 -1.704553525535640119e+03 3.547828810388882630e+03 3.193447071076098382e+03 -4.176106884814647202e+00 -8.693265356749332113e+02 1.264518339674480330e+03 -1.004202738753461745e+03 1.434942775290594909e+03 6.812322477787688513e+01 4.439995559525731323e+02 3.330826752612771088e+03
-3.885188543786621449e+04 3.614554735393062583e+04 -1.928431437533532517e+04 -1.280410324934098014e+02 3.362278403425073975e+03 1.755579447067759247e+04 -2.080799369136945643e+03 1.022364857648575162e+04 -6.862281947477857466e+04 -2.563567161726557970e+04 -1.514341436542061638e+04 -5.569973965455727011e+03 1.649428191045172753e+03 -1.870035693211021498e+04 -2.507868034628783789e+04 7.861500935109967259e+02 1.263293472028774886e+03 -7.942321736600966915e+02 3.267838858233412793e+03 -7.707681745238853637e+02
-1.954455412093602354e+04 1.182274349242806602e+04 1.120484960472221428e+04 1.003930768081965834e+04 -1.204401334248322655e+03 -4.628817916936154120e+02 9.373528188339323606e+02 7.291200004337140854e+03 1.646995839964662537e+03 -1.845553883237883610e+03 2.855362005318286265e+03 -8.607992817945971183e+03 -2.346902946145928581e+03 -1.346127002312729928e+04 1.164225763601104700e+04 1.707698517062558494e+03 1.917082043852629567e+03 -2.408684498502213955e+03 9.831513673118070074e+02 -1.664149819138622775e+02
-4.601127973008412664e+04 6.034997013922144833e+04 -8.410602981615458702e+03 1.829698958256861033e+03 -3.050724467816166907e+03 -3.640690719102975663e+02 -4.218834534224367962e+04 7.241608292069458003e+03 2.263159396184737943e+03 4.622229110686633248e+03 -8.614415612583570692e+03 -3.536146428238437238e+03 1.361354382176909610e+02 5.452428988068099898e+02 -1.157444992908790482e+02 1.598434166122150145e+03 -1.467612118417965348e+03 -1.536380603330819440e+03 3.738995939181675681e+02 1.905382956891593949e+03
-3.524441425842699391e+04 1.178637168715062398e+04 1.445507316343285493e+04 9.359982800882295123e+03 6.119413399034776830e+02 1.304539132590885492e+04 2.595996027179665816e+03 3.831054843540570437e+04 -4.155330466308814357e+04 1.914664494520594235e+04 -2.673154172047445900e+04 1.314564334532577195e+05 3.070207882282851642e+04 -3.772814138030936738e+04 6.163505172778565611e+04 -9.765686909562136861e+04 1.384372998719698517e+05 -9.459192757047674968e+04 -1.584150550664951152e+04 -5.557602230400664666e+03
-5.544660976149203634e+04 3.803708984341526957e+04 -3.273345194077701672e+04 1.624316397288572989e+04 -7.979237539165424096e+02 -1.414302897577484146e+03 9.682452447434438625e+01 7.097484085523438807e+03 4.050871770920521612e+03 -2.332080906932201287e+03 6.265795764508880893e+03 -9.276419658703520327e+03 -1.173529742156119710e+03 1.058577615157076707e+03 -1.479995302630252809e+03 -2.097596679119420514e+03 3.680177211870733572e+03 -7.790115682940243005e+02 5.978799798391487457e+02 9.020101270973299279e+01
