2.099516953713400653e+04 -3.093364704694579359e+03 -3.395692535204427259e+03 -4.312914836620521442e+02 1.632688026197753288e+02 9.576812257691354091e+01 -9.449600280651340256e+01 2.137859068282538146e+02 5.141685828031418382e+00 -4.420235061702753399e+01 1.123771369403966247e+02 4.006630320107286991e+01 4.025076644560061645e+00 8.525736949665249753e+00 -8.427321812719334559e+00 8.718392554902450797e+00 -3.282690032475997555e+01 -2.476360741192647552e+01 5.119356131717525571e+00 1.808562464475250264e+00
-4.938294080645091162e+04 -1.553377250762709991e+04 1.328471788468371244e+02 -1.208724279226717726e+03 -5.533974298478005238e+01 7.447473335153175356e+01 -3.973784522245460380e+02 -1.127078119383691757e+01 2.795798347529026273e+02 3.856709211265655313e+02 -8.250933108529714843e+00 2.695274374368412964e+02 5.680160215459967787e+01 1.203311262613261334e+02 -8.589026457346390941e+01 1.017852227388433448e+02 6.742838163559026654e+00 9.161477425837429678e+01 -1.383905270637925611e+01 -6.551366531183790585e+02
-8.267888401814936515e+03 1.212246070636152399e+04 1.945404198363325486e+04 6.779495573866299765e+02 -9.838299149033252888e+02 -4.177171357135156313e+02 1.470135224901210904e+03 2.022843482776729843e+03 -4.758650232232468511e+02 -5.677521719015793678e+03 1.122342183704788113e+04 2.782978414519618127e+03 1.451467214749310415e+02 -4.466631441976736028e+02 6.152383468965615521e+01 -4.126973326822222816e+02 -1.352606563899265893e+03 -2.602172466681687411e+02 5.567834834365869483e+02 -1.061401708418077988e+03
-4.260886782801830850e+04 3.583846070121286175e+04 -2.622705834739513375e+04 -5.116292441518177839e+03 9.131450870268052995e+02 4.989418012674915417e+02 1.728082558591771203e+03 -2.218037409005854443e+03 3.045188589352402460e+02 8.542148589730441017e+02 1.106520730042738251e+03 -7.830245850897928506e+01 -1.471103529638530745e+02 -5.321498259599050016e+02 1.064526643458166610e+01 1.449673674909902275e+02 -3.402780217800124092e+02 -7.182769634648654744e+01 -1.418870112040549714e+02 -7.905726848944208314e+02
-1.634734480272501060e+04 1.689519701039140273e+04 3.100873103696448015e+04 2.601264623958628363e+04 2.110497511267174559e+05 -5.905270478579878727e+03 -4.248878554481485480e+03 -3.423451831658473566e+03 2.835954355154500263e+03 1.480972562610847035e+03 4.957891204323231591e+02 8.482351965876323447e+02 5.002372427578215479e+02 8.690897002965563161e+02 1.944527582295013985e+02 3.281772234728942976e+02 -4.003895635515268623e+02 8.425132268611480413e+01 -1.216642419325168930e+03 8.708482554572529466e+01
-2.469024097332940073e+04 4.789859711938002147e+04 -9.085154069058422465e+03 -9.726824320267438452e+03 -2.418396611125276934e+02 5.250305904990149202e+02 -4.072051018727528117e+03 -7.753341963384700364e+01 8.834772344683329948e+02 2.849492919837531190e+03 -3.911105984601558703e+03 -3.074901989452816906e+02 -1.089447704750226187e+01 7.382153362192909754e+02 -9.283923078368195547e+02 5.241273963405946006e+02 -3.640367216179267302e+02 -3.389157698613762477e+02 -1.178527218080180461e+02 3.486731772267175984e+02
-3.813840110907995495e+03 1.325031510198426076e+04 2.008377775240015035e+04 -2.485160618960002921e+03 -8.528455436988498377e+02 -2.908189260005312917e+02 3.042784391369908462e+03 1.419413703035902245e+03 7.247181796472408450e+02 7.925651956428424683e+02 -2.096594061267386223e+03 -4.853076939758450976e+02 5.082410435816606231e+00 9.281497402413796181e+02 -7.967814820713263089e+02 2.584189155609047717e+01 2.055890295705816868e+02 4.026183925253386064e+01 3.174665382478693587e+01 1.085614607708455424e+02
-1.262989649485385416e+04 8.145769351365579496e+03 -2.504987053064382394e+02 4.271510843686221779e+04 -4.889920365685657089e+03 -3.636300741222640681e+03 -3.131873429844320071e+02 3.369006318571719476e+03 1.504225446774324837e+03 6.970308405009137687e+02 -2.119309508461125915e+03 -1.725092556380207952e+03 3.352844930417801379e+02 1.379172613130426498e+03 -1.234994767077183496e+03 1.961414728020506573e+03 -2.283466454344411432e+03 -1.327338967281068562e+03 -2.132748561390711473e+02 1.703418019205491589e+02
-2.470522043973839027e+04 3.283739241754169780e+04 5.558900316151861625e+04 1.268321872470199451e+05 1.066302078756356786e+04 1.048712256214575144e+06 2.702077869640602330e+03 5.991992878111711889e+02 -1.075327645476259640e+05 1.003048615728087607e+05 5.498494112533993030e+04 -3.555043031958723441e+04 9.688907690782064037e+02 1.376059011106220423e+05 9.968154624499475176e+04 1.644520210839216361e+03 -1.170453853197853641e+04 2.920703277692668053e+03 -6.092982677334736945e+04 -4.926589912930886385e+03
-3.390361032988087391e+04 7.461490853905177210e+04 1.565464070198635163e+05 6.688038500037605409e+05 9.269461209923577553e+04 7.429178814210163429e+06 -7.226347487304396054e+04 -6.452495208701075753e+05 2.697222315995696001e+06 -1.839428319571936736e+06 -9.099011106334049255e+05 4.952719504703676794e+05 -1.449154183666315657e+04 -1.352397542225514771e+06 -1.006791201424730825e+06 1.677897437323605482e+04 5.029670213864884863e+04 3.157114726211919697e+04 3.748489633779013529e+05 3.634773474928404903e+04
8.980463335149947852e+02 6.698182540217540918e+03 1.044337725563680033e+04 1.422699197970951536e+04 -3.214973780174721924e+03 -2.376346733530072470e+03 4.776762683931149809e+02 -2.397569989846137105e+04 -3.783001756306116931e+03 9.377349049347743630e+02 -1.859458853268376743e+03 2.255567002823717758e+03 -1.242493500894724612e+01 -1.038751692369414741e+03 1.252245430102733053e+03 -9.371918328195292816e+02 1.249572174317262579e+03 2.636656624577718731e+02 9.708558507382413438e+01 3.173497730265218706e+03
-1.140197803729043699e+04 8.719786012648442920e+03 1.251760863002523001e+04 3.301667975405536254e+03 -6.750184700501731641e+02 -1.539525103202647358e+02 1.295449134816165042e+03 3.909156200313354020e+03 3.681459985571586913e+02 -6.169778499287849627e+02 7.587964173120484475e+02 -5.704292932597424624e+03 -9.572548476449825330e+02 -1.447257824993029135e+04 1.230641643960977308e+04 3.376380295548862250e+03 -6.018734946627923819e+02 1.288946590501441278e+02 1.111479127934792359e+03 3.182737824014063790e+02
5.843897944695641854e+03 2.181806057122805942e+04 2.371255022930194173e+04 -3.807772538227310179e+03 -3.956822204251000130e+03 -6.222234278048784972e+02 -5.892746965760763851e+04 -2.915861067138227440e+02 9.950057789539338273e+02 1.446656338548253416e+03 -1.597247025982438799e+03 1.118897170678319299e+03 3.931710171145438153e+02 1.999450127747997612e+03 -4.276354390043000535e+02 5.208714335077780561e+03 3.180962161156081493e+03 5.454113160963167957e+02 -1.009656736318318963e+03 -4.883211261810639598e+02
-4.130708180586922390e+04 3.579571895937543741e+04 -2.403913302155494239e+04 -1.982995825289661070e+03 2.719777544828885311e+03 3.510657956805190224e+03 1.564690214651584938e+03 3.197472184998551711e+03 -3.623682514843745594e+04 -3.783130485755836708e+04 -1.562091427107572599e+04 -4.059766201219152208e+03 2.124181646340717180e+03 4.300258472202515350e+02 -2.209499804986733579e+03 1.968835756759519427e+03 -2.650024808609381921e+02 -3.583782466109962570e+02 -4.344817496604038070e+02 -1.775802492206372108e+03
-2.245463108896074482e+04 2.381924849497112882e+04 5.348096356406367704e+03 1.044882035644989810e+04 -4.696938765762066055e+02 1.937547822800152289e+03 3.157322968723489339e+03 3.041703536390242880e+04 -2.421846800173755400e+04 -4.182577910966295349e+03 -3.095372010130533090e+04 1.150970225758258603e+05 2.605902145428789299e+04 -1.530298377846563199e+04 5.192732222716710385e+04 -5.673299321837219759e+04 7.425853468310000608e+04 7.097665162038289964e+03 1.944492302146079510e+03 -4.789072812554432858e+03
-9.045574359854303111e+03 2.509472781560665680e+03 6.052602049672834710e+02 8.564211321167173082e+03 -5.749691222825024397e+02 -1.042737895624301245e+03 -5.479558260491887722e+02 2.337874444150976615e+03 2.716819043223619246e+03 -5.838273971440327841e+03 9.895888114277093337e+03 -2.375673958914053947e+04 -4.361648984331934116e+03 -3.282483414749742224e+03 -9.360360308197105041e+02 -2.595746211705441601e+04 3.979367801747011254e+04 2.336766508746085674e+04 -3.981866910769649621e+03 -2.856470254596074483e+03
-4.040966580431391776e+04 3.790341380082458636e+04 -2.694744653392092368e+04 1.906220165838011235e+04 -1.255860381890762710e+03 -1.060132632697571808e+03 1.216607939899520488e+03 1.776922803915720942e+04 -5.849513347075408376e+01 1.362335447511810798e+03 -5.586004011319982965e+03 3.066217028010521244e+04 7.666671108682893646e+03 3.428664484846152618e+02 1.038476642244530740e+04 -3.184944488392086896e+03 1.904297567829146601e+03 7.084887761965405844e+03 3.716149629464994177e+03 -3.060773241454134563e+02
-5.569963073253937182e+04 4.000524081454399857e+04 -3.540128080195652728e+04 3.386319163456542447e+04 -2.646326352393198704e+03 -2.978421476435594741e+03 -1.702351305725791235e+02 1.327873263919393503e+04 5.935383108813371109e+03 -3.183994423268693481e+03 6.244542103277305614e+03 -1.249485013510049248e+04 -9.808736907070555162e+02 3.113819815720318729e+03 -3.199804087729557978e+03 -1.210436065684011510e+03 2.932243729220827390e+03 -1.852565111011800127e+03 4.739180552032482865e+02 9.570104494953679932e+02
-4.212645243711327566e+03 3.742772135991553114e+03 6.107475835280440151e+03 8.706050892946137537e+03 -1.813195746860507370e+03 -1.334565838032120382e+03 1.772125749084901372e+03 -8.850982605062255971e+03 -7.097181456769236547e+02 1.517823641007678816e+03 -2.101818142134167374e+03 3.169160799221425506e+01 -7.135697434037153286e+00 -2.518210434091784293e+02 1.434057611754128345e+02 1.874882038116766481e+01 -3.337220789297575596e+00 1.545911192954681610e+02 -8.398918097563341689e+01 -1.131213877487291938e+03
-2.128411478038335918e+04 1.671196225273736854e+04 2.771703052797871715e+04 5.207279915513237211e+04 9.317791135009234495e+03 3.721309663522994379e+05 -2.260779181352364503e+03 2.463827912237064811e+04 -1.705325009545463545e+05 1.048750808091050858e+05 3.874970564214907063e+04 -2.375217987868779528e+04 1.542151963244948547e+03 2.778780750587652801e+04 7.484435198681312613e+02 -9.178534825893046218e+03 1.060184096993941967e+04 -6.086226821645044765e+03 3.912786183906313090e+04 1.626415148310665472e+03
-4.230074632648596162e+04 3.173283367173568331e+04 -1.181595865101451818e+04 7.022798172212296049e+04 3.528531896716216579e+03 7.898680008489934153e+03 -5.763680276387690355e+03 7.020235113786105649e+04 -8.040181862613800331e+04 -3.238103336256204420e+04 -8.247568561438926554e+04 2.313521132912283356e+05 -1.214324406624735100e+06 3.285774123662659258e+04 3.262960412621330761e+04 7.592509437942585464e+03 -2.003601040810386849e+03 -9.984261045926943552e+03 1.619860374059043897e+04 -3.105760709461279839e+04
-4.808924780977144837e+04 -1.485255339997633746e+04 1.097939012517722404e+03 -1.211440992755141679e+03 1.691299157556543378e+02 2.377129467718925184e+02 -6.421762430617193331e+02 2.526668170557678877e+03 -1.452422168334199159e+04 -2.241012966620113002e+04 -1.107028648815332599e+04 -3.394622673410633524e+03 1.212876792445413230e+03 5.162537559607187177e+03 3.986827433081689833e+03 4.181197391549849272e+03 1.095566880804817913e+02 5.078094399224243034e+02 5.703794441827374612e+03 2.107324693156188289e+02
-4.604627741940412670e+04 -1.259906075228155714e+04 4.576054832466073094e+03 1.937791861520115390e+03 4.289908033490660273e+02 1.602205318481283030e+04 -3.010843108189031682e+03 8.336419234093516934e+03 -3.707189018879443756e+04 1.345619431214451288e+04 2.521004675497531480e+03 -1.771540826357301512e+03 -5.522307809826711491e+02 -2.169653438903723872e+04 -2.672028257042164842e+04 -1.423384993807663477e+03 1.885098753698848441e+03 -5.605461733229212768e+02 4.342865661380818892e+03 9.581481931211824303e+02
-1.565431860897010483e+04 1.021999815884061718e+04 1.179740651223026725e+04 2.346213713229607038e+03 -1.086107606658901659e+03 -5.599716063191060584e+02 -1.399614024867304943e+04 2.952116945742137887e+03 -1.992692129882280824e+03 -2.888164469709504374e+03 -7.301874075604537211e+03 -7.402089494802117770e+03 -1.869880277507742221e+03 -5.547891574685118940e+03 6.114283808092419349e+03 -3.519455290090428025e+04 -2.378787923844265970e+04 -1.162953781752269578e+02 -6.242019605014401122e+02 -2.981934544794703470e+02
-4.652826525879964174e+04 1.213875997741946594e+04 -1.497227857815345851e+04 1.345709557168084211e+04 4.471887188175831511e+02 -1.185010782554809055e+02 -7.630248442538734253e+02 1.633801164408109616e+04 -9.797532356457284550e+03 -1.053902465531744929e+04 -9.656823082100312604e+03 4.630159880680538481e+04 -3.338072353093387792e+05 1.376737695154908943e+04 9.763020230155527315e+03 -2.857343737577645015e+02 1.230069856274206904e+04 -3.988842011714605633e+03 1.011427503527930457e+04 8.122767063450439764e+02
-1.563360480309106424e+04 1.496085156551233740e+04 2.630129647140495945e+04 1.984905078287510696e+04 1.560511772892936715e+05 -4.772554956539532213e+03 -2.810459811534920846e+03 -2.046563993186940934e+03 2.250597081058774165e+03 4.850003028675900651e+01 1.465705627972968443e+02 2.751122740204708634e+02 2.155494045568247259e+02 5.696760930554859215e+02 3.653821015610341760e+02 5.708977152275090106e+01 -6.906811676006017819e+01 -7.912500867548281747e+01 -2.077771860339607599e+02 -9.281570467278573489e+00
-2.014504633504052981e+04 1.062716118458732490e+04 2.187704603092172692e+04 -4.004992194874655098e+01 3.034039012240795273e+03 1.463018706878956800e+04 6.418620641592956417e+02 1.249289990751800906e+04 -3.150278965936684835e+04 1.978632355256641313e+04 6.865371924112104125e+02 1.736591445204674528e+04 5.441890239574639054e+03 -2.966854747822356148e+04 8.864651243631262332e+03 -4.525492308549598965e+04 7.173357789663576114e+04 -1.147044286590801348e+05 -2.054939385332365418e+04 -1.202087136806821718e+03
-4.845963014898239635e+04 -1.541570544048269585e+04 9.484239234665999163e+01 -1.433326655135140527e+03 3.801555477882268264e+01 1.424529441474404621e+02 -7.656487647675451171e+02 1.711225375156305063e+03 3.725176719076168297e+02 -3.168186584693014538e+02 5.590535728672609821e+02 1.677176792397174552e+02 -4.114007897165317331e+02 3.639853548981849372e+02 -1.299490310205508479e+02 -2.736757961005951074e+02 2.945139405312567646e+02 -6.726279036900566553e+02 2.380974075089480948e+02 2.133488693548829906e+04
-3.937153958005669847e+04 9.400567375560967776e+03 2.847170868239002084e+04 -7.704187854615644937e+03 -4.774978464673319650e+03 6.019810164568498294e+02 -9.283654984462929133e+04 9.804378563949621821e+03 -1.180067871268931231e+04 -9.444628457886306933e+03 -3.087097540681488681e+04 -2.959314100704528755e+04 -1.036357618702884247e+04 -4.091347559392800031e+04 4.181658393500301463e+04 -5.402395853004804812e+05 -4.130519698641552241e+05 -2.224136468164364123e+04 -2.088010960122931283e+04 2.494672799212529571e+04
-2.081303823523509709e+04 1.817157416201244632e+04 2.201060758109214294e+04 4.077177566681605094e+04 8.554490850500491433e+03 4.733763754826346121e+04 -3.403484791888218751e+03 4.652069384642329533e+04 -1.432079830899474618e+05 7.464975937167486700e+04 2.615881343345425557e+04 2.465849558045705635e+04 -3.992497341237764431e+03 -1.201239800959516724e+05 -1.277858689853067481e+05 1.798070703808469625e+04 -2.675841434647992355e+04 3.179403125142636782e+04 -8.951835829721747723e+04 -2.500594444517756074e+03
-1.088619993337642154e+04 1.317526386142097181e+04 2.117236603755645410e+04 4.041711014244255239e+03 -5.259441840792406992e+02 6.075108892591435506e+03 3.246665308080391696e+03 1.386471470263610536e+04 -1.657775357397400148e+04 1.271832615328547035e+04 8.999109552614088898e+03 -3.711002903894228803e+04 -5.679937055062570835e+03 -1.089361498368092143e+05 1.247252232001722878e+05 5.592142791276628122e+04 -1.657627994533282981e+04 7.314047632459643864e+03 -4.732871350326958236e+03 1.832988135824754863e+04
-2.448657256584902279e+04 2.797099943701601296e+04 2.052226533201764596e+03 8.222337488649029183e+03 3.085224786734197187e+04 4.001531644701428013e+04 -4.486151353705764450e+03 1.712223543420763599e+04 -1.292498644849168195e+05 9.644517132493883764e+03 -8.198171930037005950e+03 -1.264620771802824493e+04 3.593167520912596956e+03 -4.664779942239621596e+04 -8.312876578017159773e+04 -1.026685033984224538e+04 1.452034752345273409e+04 2.528562465180139770e+04 1.984703800129830779e+05 5.976398688457129538e+03
-4.671644323815371172e+04 -8.833421144162351993e+03 -1.316056677328759406e+03 2.173438275559758767e+04 -2.098462895800227670e+03 -2.010084638459700500e+03 -3.622622482187003243e+03 1.541245215691823978e+04 5.479739826316340441e+03 -2.392003593591393837e+03 2.052666039841050406e+03 -2.516322868954957357e+03 3.772502049914236977e+03 5.133511418345481616e+03 1.713029432046041165e+03 1.643663608952853610e+04 -2.328164593565207542e+04 -5.591206601450366725e+04 4.843004162574758084e+04 -1.023217144902201107e+04
-2.733126624298763272e+04 2.316177408775161530e+04 3.970540002960506536e+04 8.006893155692296568e+04 1.085957573068398415e+04 6.599353500887484988e+05 -4.317216504748313127e+03 2.503273613934689638e+04 -2.243247959450769704e+05 1.780163140328800364e+05 7.670462681716731458e+04 -5.445595617728846264e+04 3.800002559703929364e+03 1.649525523218662420e+05 1.332749798996587342e+05 -1.832820341363975240e+04 2.059660408372557504e+04 -3.982100071529376874e+04 -2.068771285943435214e+04 -8.674844323745836618e+02
-8.929048020983113020e+03 1.674665142567621660e+04 2.577719245288386446e+04 6.106456794372957120e+02 -2.040703489948970628e+03 -7.519307466800216844e+02 -3.325275077359710394e+03 -5.048284382923006888e+02 -9.427973019476260106e+02 -8.868039238719436980e+03 1.807312739636527840e+04 5.866331509188387827e+03 3.452446228958814913e+02 5.017657828447660222e+02 -3.391873741643108247e+02 -7.504238932577447940e+01 -1.591029371104985557e+03 -5.296801461821531802e+02 8.300947927413127445e+02 -7.082235341158677784e+02
-6.118336392702911326e+03 1.452206687512630560e+04 2.340050961585958430e+04 1.199350341036896225e+03 -1.123241511912966871e+03 2.269370024592397385e+04 5.795489780464055912e+03 3.888810507206580041e+03 -1.023432068559430627e+04 6.493218951238087357e+03 1.208137926587759284e+04 -1.161099909373802802e+03 -9.477187574415287941e+01 8.841339043272517301e+03 3.430627229176386209e+03 2.299591145979504290e+03 -5.724401449383263753e+03 5.060910923070789977e+03 -2.027118132546699781e+04 -2.315717861225050001e+03
-3.770983126473466837e+04 5.487385780222576614e+03 1.397230955163091676e+04 2.078126879706950422e+04 7.888132223667610560e+03 5.041418500662119914e+04 -7.442846384545428009e+02 4.519229222614926402e+04 -1.758634299516984902e+05 8.380269460526382318e+04 2.220801421463676525e+04 2.007865925857896218e+04 1.205491776937907707e+04 -3.255078927226952510e+05 -2.339856602635043964e+05 -4.201601559623531066e+05 7.102285857723297086e+05 -2.104463607909047045e+06 -2.177633794808288221e+05 5.090580878107423814e+03
2.479180609792249470e+03 8.092827026570278576e+03 9.755691841053829194e+03 4.799563501611052061e+02 -1.808183117297393437e+03 -5.374153251542575163e+02 -3.550523182467022707e+04 5.575254559618268786e+02 1.048446239835922370e+03 1.990892256165292110e+03 -3.451365060166643616e+03 -1.356755796396096230e+03 8.591772869752271902e+01 8.182697297552277860e+02 1.234885241384300230e+02 4.193803990687368241e+03 3.693827712137091112e+03 8.931724249944689973e+02 -9.598941001522513261e+02 -1.272934370411390546e+03
-3.588292062384931796e+03 1.532423092045327940e+04 2.234665657838834159e+04 -3.052683565453615756e+03 -9.931917894972276599e+02 -2.830177507169176465e+02 1.501960356405777702e+03 2.077162105153401626e+03 8.747816165229302214e+02 1.123562521735693508e+03 -2.807172359670656533e+03 -7.212534515665660138e+02 -4.986594594108976430e+00 7.733368755555970893e+02 -7.163333901762366622e+02 6.501638132386304392e+01 2.040265805515764725e+02 -7.893258218952521332e+00 1.153543041157830658e+02 8.297545070030940906e+01
-1.335784412477532533e+04 5.392653224570921338e+03 2.971616937562581825e+03 1.905387220489508400e+04 -2.967550780421677246e+03 -2.583561633666754460e+03 7.440411009900007002e+02 -2.025390919334139471e+04 -1.802770929451634174e+03 4.385586316204738068e+03 -5.493329614280697569e+03 -1.757388606066574539e+03 4.256477700449544841e+02 -5.472627718535204622e+03 5.260608814052414345e+03 2.075946158333255880e+03 -5.314070374452280703e+03 -3.959156515725744612e+03 6.026868224275362081e+03 -8.006412039263304905e+04
-2.246027256702283557e+04 8.394942377572393525e+03 -4.414087563067400879e+03 4.594156544191134890e+04 -4.966449256830714148e+03 -4.197760719717366555e+03 -7.557822392013640638e+02 5.459965622054512096e+03 3.310939221040362554e+03 -1.412389042289090412e+03 1.430477956322612954e+03 -8.384694015834524180e+03 -6.066193705567973211e+02 2.072782910487186655e+03 -2.179999831001264738e+03 -2.626080488672878914e+02 1.441133493821327193e+03 -1.034920733273956557e+03 -1.138845604573793366e+02 4.384279704088529002e+02
-1.612763830003093244e+04 1.158274355663322967e+04 1.572247533678046966e+04 5.850988172101341661e+03 2.507234236957163631e+01 1.651199642620647137e+04 -4.065926117778847583e+03 1.037409128037902701e+04 -3.736731167461715086e+04 1.402449438156965880e+04 1.696463955276641173e+03 -1.460890818791277979e+03 -5.588577948253931709e+02 -2.285853725957543065e+04 -2.649180188885274401e+04 -1.267817658335616898e+03 1.301563141648049850e+03 -5.366234906830835172e+01 3.842133321909738697e+03 4.143754600900441574e+02
-2.643763552898166745e+04 3.733526593055090052e+04 6.763889405942482699e+04 1.420863090887261205e+05 4.313969502724552149e+04 1.271015833814267302e+06 -1.308669935687625548e+04 9.499174306960003742e+04 -1.141569845409028232e+06 9.370813689726606244e+05 4.408323173746695393e+05 -4.719446091059840401e+05 1.800154699702349899e+04 1.400029016413799254e+06 1.067892005748613970e+06 -4.399176234783912514e+04 -1.709472291622325429e+04 1.811669281306827033e+05 1.144675960023254156e+06 7.039145206546309055e+04
-1.553786600637236734e+04 1.052289529699479135e+04 -1.628024994179053238e+03 6.277713397025405720e+04 -6.998049979284799520e+03 -3.207614035483020871e+03 -6.111980496506893132e+02 1.154706576707422028e+04 -1.316556024458130025e+02 3.708368225416750192e+03 -5.815970172315812306e+03 5.150104155971535874e+03 -2.488863388984679261e+02 1.613990360645340161e+03 -3.302012643744618799e+03 3.590919093845727275e+03 -4.199069973077683244e+03 8.003639408361714231e+02 -3.070655285891025869e+03 5.546620104903280435e+02
-4.589368464421356475e+04 -1.203300022316408831e+04 6.078931012906599790e+03 6.449570804826877065e+03 6.258107180087364395e+04 -1.690336489392045905e+03 -2.466131763986879832e+03 -5.761857160954552910e+02 2.130652173283456818e+01 -9.065215702016051864e+02 -4.412910171075056383e+02 3.337734950169694343e+02 -1.240196484897655438e+02 5.811739553175121955e+02 -3.358678130788852627e+02 1.142204032571900001e+02 8.788563715340113447e+01 3.897369094780199106e+01 5.515875041685845872e+02 4.181866744270755589e+02
-4.157625953018226573e+04 4.482515992772862955e+04 -2.852823568381665245e+04 7.351234780397104623e+04 -7.159901042146340842e+03 3.813651937296319829e+02 7.143461575933519043e+02 3.943916701565113181e+04 -5.632672519332652882e+03 1.076492715424086782e+04 -1.793088505995815285e+04 5.279809662088045297e+04 6.442733475390992680e+03 7.581689341357157446e+02 4.799452492867500951e+03 2.529777135204446495e+03 -5.209794063217981602e+03 1.329922407812782330e+04 -4.494590322600690342e+03 9.945830014366813430e+02
-1.850091355810798632e+04 2.115086367093669469e+04 2.101964156009265571e+04 2.916355883627983303e+02 -2.052087481897700854e+03 -1.325954380799296075e+02 -2.780819451648710674e+04 7.993476139345731099e+03 -3.931222294257116118e+03 -5.509196859282464175e+03 -1.045453497937484462e+04 -1.159947763903874329e+04 7.387034663716312366e+01 8.442983553327608206e+02 4.777525987389493821e+03 -2.306009996308806876e+03 6.290623522542182400e+03 9.639769304856773715e+02 -3.416575112689369234e+03 -3.969926126509776623e+03
-9.890799473269522423e+03 1.176825784264930553e+04 1.779229564038411991e+04 1.695261195443228644e+03 -7.147542968071214773e+02 1.790199887889235129e+02 5.131552976208321297e+02 4.415034779584917487e+03 2.451324866500930568e+02 -4.650244539224491973e+02 5.968778477078948299e+02 -5.036753275780659351e+03 -8.839961727597572008e+02 -1.476192090193939475e+04 1.216782256516659800e+04 3.711004690612921877e+03 -9.581968453516548152e+02 9.309458338949470146e+01 1.044605639476987335e+03 2.886571140548946346e+02
-4.142454675950141245e+04 3.523850570149484702e+04 -2.515506530893176387e+04 -4.466433699781151518e+03 3.209028064838178580e+03 1.699567357136364990e+03 1.763476369302904459e+03 4.092785316881572271e+03 -4.750326482840349490e+04 -6.440203181907712860e+04 -2.928720186911209385e+04 -7.725173647918447386e+03 3.226093495274218640e+03 8.890972319773056370e+03 5.042511881140103469e+03 6.726269444693120931e+03 6.023368736693599885e+02 -1.096511664455956407e+03 -5.759330611979780770e+03 -1.424599122030882427e+03
-4.332376167140884354e+04 4.873417784566304908e+04 -1.491819379816078981e+04 1.183625997982947010e+05 3.774330498322490166e+04 3.272267325405126940e+03 -6.657788197464812583e+03 1.238686921783806029e+05 -1.073264803249460820e+05 -3.239254324847713360e+04 -1.485637644755731453e+05 4.946661070626931614e+05 -2.562450987102032639e+06 7.993945496745551645e+04 8.424003479697836156e+04 3.541244295918357238e+04 9.498511284400306977e+03 -2.362886442389662261e+04 3.937337699184878875e+04 -6.968172246985540551e+04
-2.526453035560741046e+04 4.444472669138551282e+04 7.377008612880377041e+04 1.667412331157379376e+05 1.493705606932060800e+04 1.466414314343673177e+06 -2.802717923809582771e+03 -2.346521660321276795e+04 -9.237804425527285275e+03 3.232638898700806749e+04 2.991672128163318848e+04 -1.749737816649088927e+04 4.957015334456363576e+02 9.101359860904086963e+04 5.358278815693397337e+04 5.187350187974318033e+03 -1.797233859911886975e+04 1.889587042832405132e+04 -4.458338193041580962e+04 -5.903833228715079713e+03
-1.551888000954432391e+04 1.140926432861217108e+04 9.407503158159104714e+03 2.343850440497396994e+04 -4.214176902477522162e+03 -3.384897915076853678e+03 -3.247774638600093567e+03 -2.022870627824075564e+04 -1.840117275972902235e+03 -2.488049765096357987e+03 4.505696760670380172e+03 -3.468468219473290446e+03 -9.576354743835179306e+02 -2.019794837552129536e+02 1.578400284085036560e+02 -3.004549641750788851e+03 4.796177649223262051e+03 4.619802699537439707e+02 3.162680788368494404e+02 3.443585933990889771e+03
-2.079872154026664066e+04 2.301262177311371488e+04 2.781233708410477993e+04 5.280752192131114862e+04 1.898121831730266422e+04 3.945801167727387510e+05 -8.629316190962386827e+03 4.870682226124389854e+04 -4.489198651543679298e+05 2.664641288210290950e+05 1.004053454014450544e+05 -1.278585670325097308e+05 8.105133357099221939e+03 2.505880785946081160e+05 1.227242857358850306e+05 -2.785124923055542240e+04 2.327273734393592167e+04 6.953022560114209773e+04 5.475016851465109503e+05 2.539773012891562030e+04
-6.000138963245229388e+04 7.938003462338679128e+03 -1.877506966457908857e+04 3.454373719569764944e+04 -3.027304356066902983e+03 -3.076352617545817793e+03 -1.439935726771705731e+03 1.421157699279099688e+04 5.383105999283036908e+03 -3.902466753319858981e+03 5.366780179608152139e+03 -1.182618369485821313e+04 -7.971834720190870485e+02 3.371499987532758041e+03 -2.939530709279633356e+03 -1.375430672518205029e+03 3.343076090427439340e+03 -1.623485182972989833e+03 5.785108653377072869e+02 9.977766265782233859e+02
-2.552063338020901210e+04 5.266279216575571627e+04 -2.798404738394104243e+03 -9.948871681761524087e+03 -1.280570534625124310e+03 2.184567976733213470e+02 -9.425473741267582227e+03 -2.449311225732770254e+03 4.331486271476982211e+02 -1.272907661827674843e+02 2.522037624845926530e+03 2.613600247286609374e+03 1.798483709463504567e+02 1.627003067563764716e+03 -1.318613796649849974e+03 8.569636621335415612e+02 -5.951825978806002695e+02 -5.900425383519979050e+02 1.224337252121636368e+02 6.810752191968031184e+02
-4.602943147526719986e+04 -1.264689863789240917e+04 3.977983541881245856e+03 -4.699698354103414744e+01 -4.530022228453655089e+02 -1.513452401315360305e+02 -8.306502588745566754e+03 2.768450996686508006e+03 -2.053515310426852466e+03 -3.485854513877726276e+03 -5.982718044148910849e+03 -6.529510876289483349e+03 -1.815652155286428751e+03 -4.565033017427119375e+03 5.397040189435898355e+03 -3.505207940036319633e+04 -2.350753317250121108e+04 -1.858441280671967775e+02 -7.520672148716735137e+02 2.543486747477951155e+02
-2.320699537126685391e+04 1.656496760433384770e+04 1.418165704694103806e+04 1.937397657021288251e+04 1.600728106357899560e+04 9.401874230093875667e+04 -6.701628404913748454e+03 3.449876533256526454e+04 -2.281477810337007104e+05 5.651536804386217409e+04 2.232531362881037694e+03 -1.743596291733194812e+04 5.702695088979800857e+03 -1.006362719869455468e+05 -1.632923204890929919e+05 -2.593529420443025811e+04 3.241792476552522930e+04 6.683192262618632230e+04 4.373139090683216928e+05 1.311443155062196820e+04
-3.437694586748853908e+04 4.363935132112445717e+04 -1.058773209746131761e+04 3.759636389478601632e+04 -3.302473007203103862e+03 5.203090023757314384e+02 3.528001198580455821e+03 5.042707398958567501e+04 -1.763883332873939071e+04 6.285165184307044001e+03 -3.733013923886459088e+04 1.506654891795795702e+05 3.155786175545132210e+04 -1.263532975927212283e+04 5.799432393035825953e+04 -5.395504696814205090e+04 6.698289269311168755e+04 2.988614248480086462e+04 4.635650887536800838e+03 -4.033098752045394576e+03
-2.118899896505007200e+04 1.468828514505003841e+04 1.547195122278153940e+04 1.054259176764074800e+04 -1.944664775258998816e+03 -1.400213356370464226e+03 -6.874432360244301208e+02 5.418763311291288119e+03 1.338122110533157638e+03 -8.791408220695338969e+03 1.700009985554357263e+04 -2.076279728221834830e+03 -5.887867459768000344e+02 6.238060155237145636e+02 -9.712956653708523618e+02 -2.019721017354532933e+03 1.532549861561750049e+03 -2.947197222792373736e+02 8.046400717257315591e+02 -7.061066164274385528e+02
-7.111197277660261534e+03 1.671613074717771451e+04 2.602109262061929621e+04 1.310054089593108984e+04 7.365534336439304752e+03 1.370746437451006495e+05 1.172620556274542650e+03 1.061552744165450531e+04 -8.422719176823229645e+04 7.104301355158185470e+04 2.854730283107777359e+04 -3.038438444722905842e+04 8.256222786621430032e+02 7.471807996751842438e+04 7.327942644449391810e+04 9.231895531006849751e+02 1.069634190199608156e+03 -5.937606871569456416e+03 -9.532356437714999629e+03 9.137684147351307047e+02
-4.103066812972645494e+03 1.767823132499102212e+04 2.548050503731533172e+04 -2.973365947506869816e+03 -1.525792388152749709e+03 -4.733243950717719599e+02 -1.133342273566232279e+03 5.372883358296879805e+02 5.767316090536905904e+02 -7.472948754994471301e+02 1.220242168098284083e+03 1.090259746363517706e+03 1.135347481158478757e+02 1.336580164793132326e+03 -9.618571633868165236e+02 2.703089489537040322e+02 5.862091110781981484e+01 -1.650389392236003232e+02 2.717513035411825513e+02 3.046094458532963927e+02
-8.189256337995714603e+03 2.404447676234104802e+04 1.723942940719455510e+04 -4.549879913042881526e+03 -8.369193017755079609e+02 -1.079688808560315607e+02 -1.891615241103158041e+03 2.138880893914888020e+03 8.127836013812485589e+02 1.485958776813152781e+03 -3.382698319525934494e+03 -2.443574756456215482e+02 1.156130877590726271e+02 8.364694620268267045e+02 -6.249185875859494672e+02 1.458158090131483959e+02 1.433274321685576638e+02 7.796182252785797573e+01 5.044469163344611218e+01 1.008774217653093785e+02
-2.142296379749858534e+04 1.041763452194973070e+04 2.081903354883681095e+04 9.463889251301745844e+02 -2.021471384070288195e+02 3.780841407464974054e+03 1.269368186513014962e+03 1.459802745676941231e+04 -2.806640317478587531e+04 5.089625832834614812e+03 6.098118569305655001e+03 2.280313857896737682e+04 2.641740493399207026e+03 -6.858081959790144174e+04 -6.816523213534762363e+03 -2.935391458730934028e+04 2.976369592426181407e+04 8.545975715258409036e+04 2.587739757612832764e+05 1.352833369631474909e+02
-1.840313280085750739e+04 6.054607366874242871e+03 9.144334526740177580e+02 1.868105693937467368e+04 -2.310089313414927346e+03 -2.107924753702924590e+03 7.845726768431859455e+02 -2.502989441290603281e+03 1.212011231102959300e+03 -5.090027039180060342e+02 9.762673879041282134e+02 -5.223129971757220119e+03 -6.265292862122473707e+02 2.948813625694392613e+02 -6.847884633220073738e+02 -1.029975779132568732e+03 1.973999937020687639e+03 -7.575952336861162983e+00 -4.377694298482911250e+01 -3.605287600229185614e+02
-3.974917303996800911e+04 2.992474114119260776e+04 7.071599825384917494e+04 2.119786576615697704e+05 2.921329843516815163e+04 2.260459814969441388e+06 -1.914860276708381571e+04 -1.197141876558182703e+05 3.777748173153723474e+05 -2.296517968083749874e+05 -1.297108764629842626e+05 6.304044928217919369e+04 5.534690031535938942e+03 -1.422523746465898002e+05 -6.509183787714028585e+04 -5.075145329514676996e+04 9.022648044844013930e+04 -1.260102463768135494e+05 5.543411406090674427e+04 7.031130045779574175e+03
-4.497560914768552902e+04 -1.201604209123886176e+04 5.309826484159040774e+03 1.043054283205260191e+02 -3.748424338867728238e+02 1.119628517855333882e+02 -1.248291171715571721e+02 3.567363206870639715e+03 2.175775992060211763e+02 -4.081280349976337334e+02 6.180110491064103826e+02 -4.960572751337494083e+03 -8.285484604035053735e+02 -1.363918249631085928e+04 1.185007122673222511e+04 3.586646625777939789e+03 -5.047427174203558025e+02 8.135508620338127628e+01 9.193478737572452246e+02 8.169647232449573266e+02
-4.170324232268446212e+04 3.592800288983647624e+04 -2.631111025582168440e+04 -5.215194680268989032e+03 9.961860748760462911e+02 5.561228440108310451e+02 1.341938083209331353e+03 -4.304916567621631884e+02 4.213094467389594229e+02 1.276632886864747718e+02 1.716021576201648486e+03 -2.214880664581807252e+02 -6.278360627224361679e+02 -2.600806059232396592e+02 -5.757933517513068722e+01 -2.423856012809914660e+02 -3.644378215321172831e+01 -8.380023343760742591e+02 1.149647840141556401e+02 2.120631091592619850e+04
-1.641608874086479409e+04 1.781503969921320095e+04 3.391932557508655736e+04 3.004647648016687526e+04 2.499917312753505539e+05 -6.692097632385706675e+03 -5.099177230338959816e+03 -4.633045393007048915e+03 3.300533643941048922e+03 2.482476980786642798e+03 7.369656543700307338e+02 1.217177745181498494e+03 7.091833332843809785e+02 1.185158462462909029e+03 1.749086552626278603e+02 3.980901744452095841e+02 -4.526640136990729388e+02 5.478677905212876453e+01 -1.976800365014091767e+03 1.416439360140808787e+02
-4.845899229903017840e+04 -1.518469172618339144e+04 5.490804515350686188e+02 -1.258017925648692426e+03 2.293554564704067502e+02 2.888840773109240558e+02 -9.811648526350787733e+02 2.956757011064882590e+03 -1.619050208660863063e+04 -2.559017281089114476e+04 -1.229484623508277400e+04 -3.764302293839103186e+03 1.031212099426038321e+03 5.916882614503884724e+03 3.238261330823508615e+03 4.803800870170846792e+03 1.130438384056494897e+03 -1.164959261437985560e+03 -6.859867338433501573e+03 2.864373979955198024e+02
3.746973160122689023e+03 2.652317954581521553e+04 2.346029159606683606e+04 -6.646511466511172330e+03 -4.183702214710055159e+03 -1.169805102144090228e+02 -7.641903516135503014e+04 4.097604150077600934e+03 1.974543662456343782e+03 7.117420238977972986e+03 -1.312492838026994650e+04 -3.537538239449903358e+03 1.718887399583472870e+02 1.194608219258948338e+03 -1.170364369711317778e+02 5.174013177668914977e+03 3.447529355432905959e+03 8.582267939536392305e+02 -1.714933119850373942e+03 -9.714949353375648116e+02
-5.544694615448676632e+04 3.803544562803117151e+04 -3.273157473401235984e+04 1.624197272432399222e+04 -7.976791025262758694e+02 -1.414133146963484251e+03 9.706164526894461630e+01 7.098342673661281879e+03 4.040927274933424997e+03 -2.347650047220588931e+03 6.258473107174155302e+03 -9.278737117918321019e+03 -1.171944501479833662e+03 1.061920202291653595e+03 -1.478445973372469780e+03 -2.094784651697730169e+03 3.680691974509899410e+03 -7.787238627539455820e+02 5.936267906267521539e+02 9.040016389276227926e+01
-3.081537753674434953e+03 1.079691863332108005e+04 1.739929115569397618e+04 -2.030121354547840156e+03 -6.978212521028932542e+02 -2.579120208583125873e+02 4.792324017111736794e+03 1.196496418445710333e+03 6.685173945038750389e+02 9.259099071248577957e+02 -2.369785387898577028e+03 -6.561615695331323650e+02 -7.286631439522953890e+00 9.804770231501665876e+02 -8.353847749856079190e+02 -3.288649559798505351e+01 2.331863937327067333e+02 1.083618489465973909e+02 -8.456499829247623268e+01 8.620455035169503333e+01
1.020414119817597748e+04 1.827118255951869514e+03 2.578017258799264255e+03 6.099677361434810337e+02 -1.558317153534177635e+02 -1.446071068172855689e+02 -1.095712575517850610e+03 6.946127096710705473e+01 -5.538277160630137530e+00 9.279283576779505438e+00 -1.604496791496430603e+02 -1.540372208770763223e+02 -1.172426864024603432e+01 -5.217434830459890236e+02 3.836291105050474926e+02 -1.143506120665587957e+02 7.294047955611100065e+01 1.103911014445181280e+02 1.895223703066588712e+02 -4.540301203375190653e+02
-1.712364892822134789e+04 2.837597530347208522e+04 6.565183406781109625e+03 -4.876054186783176192e+03 1.832364377082080182e+03 1.045915077935065938e+03 1.518910682147216903e+03 3.540386359429419372e+03 -3.096718339717571143e+04 -4.029840048438837403e+04 -1.558234034914190306e+04 -2.686276345500237767e+03 2.365565513867851223e+03 4.392767337687807412e+03 7.524604434667801343e+02 2.230883343354181761e+03 -6.284114757710756294e+02 -4.771743384071604623e+02 -7.178053723748148514e+02 -1.554593448798841337e+03
-6.712558135292384577e+03 6.613863728452713076e+03 9.096900984122652517e+03 1.653732706037074240e+04 -2.818760031767846613e+03 -2.432143410803929783e+03 5.481601088135787450e+02 -2.035070899279128207e+04 -3.214891549906069486e+03 2.425041828030062788e+03 -6.036892792755445043e+03 -3.880765603957966050e+03 -5.593249151757303252e+02 -7.504872761320469181e+03 6.008696191451118466e+03 -3.648656124557020121e+03 1.986841786864942833e+03 3.591309673380016648e+03 1.018311796323352610e+03 -1.181281048754279800e+04
-1.872767860831600046e+04 1.218137747134844540e+04 1.388347573285202452e+04 4.692283898949708600e+03 -1.080971910298062539e+03 -7.367227815624432878e+02 -8.687293830815808178e+03 6.985464359106390475e+03 2.612880351959542168e+03 -9.324276857075237785e+02 -3.805782530760175746e+02 -1.389396297915107607e+04 -2.841386296057793061e+03 -3.418983406734169421e+03 1.705129646274190009e+03 -9.687281033325500175e+03 1.396066150709434805e+04 2.763114098342854959e+03 1.570947838879179471e+03 -1.079748239164034430e+03
-3.771326982514474366e+04 4.239000933868183347e+04 -2.853815264838200164e+04 3.705478664466332702e+04 -3.315402559889471831e+03 -2.502027565408393457e+03 9.126196381152681170e+02 2.366506137727024907e+04 1.532850882152240956e+03 1.435774431144525124e+03 -6.378902247535271272e+03 2.881083727160912895e+04 7.910246910970552563e+03 1.935989140409974425e+03 8.839686355012807326e+03 -1.974290997175739449e+03 7.019583993755516076e+02 6.222255471102900628e+03 3.432093812820364292e+03 2.012357797436087310e+02
-1.356691103047717297e+04 8.763879129300305067e+03 1.256048412639714297e+04 9.483845944640729613e+02 -3.330853690021588136e+02 -1.117351902441802309e+02 -2.281701061805199970e+03 3.580486889884316952e+03 -1.027941138245451839e+04 -1.554507230312526553e+04 -9.436883376207451875e+03 -6.024466083847668415e+03 1.803246915123230849e+02 2.260990407128427705e+03 5.423887149747113654e+03 1.494865224580716131e+03 1.798026338863583987e+03 -7.083119999634199075e+02 1.756021517205898817e+03 -3.759496469968510610e+03
-4.685513072666931112e+04 6.119643875016854872e+04 -9.191402291619480820e+03 1.844413702244467913e+03 -3.047666192524940016e+03 -3.599041456733235691e+02 -4.234561505712323560e+04 7.202996983034811819e+03 2.415859512510348850e+03 4.872073525530961888e+03 -8.480156204359827825e+03 -3.488204833301886083e+03 1.667143581434878854e+02 5.177382093268523704e+02 -1.587715229087074817e+02 1.586101756076240690e+03 -1.498495635986598245e+03 -1.543897456056973851e+03 2.635964408233784297e+02 1.672930959801961080e+03
-2.696516015562861503e+04 2.894751966558534332e+04 1.195837982612678934e+04 2.107060194182688792e+04 5.174707519750154461e+04 1.109300356040638435e+05 -2.007033159428018189e+04 4.736566570034220786e+04 -3.820551462341442239e+05 6.680166177239731769e+04 -8.861535348923142010e+03 -4.996218874146461894e+04 1.031935559464466678e+04 -1.439398753825854510e+05 -2.780244467520566541e+05 -3.954688010126327572e+04 5.415229679102391674e+04 9.452896496047706751e+04 7.513918041840322549e+05 2.418385804091749742e+04
-4.184705124484299631e+03 1.135821122686434501e+04 1.596895000019150757e+04 1.503385373828985394e+04 -4.002832674254159429e+03 -2.686657797734229916e+03 -4.289432326655020915e+03 -2.516828295779682230e+04 -4.063590400740642053e+03 -1.374588583822273677e+03 3.025273422717132235e+03 4.259416360161285411e+03 1.302837879248789932e+02 -7.337664482722015009e+02 1.233645505610507371e+03 -7.015271833830153128e+02 1.007388347793376056e+03 4.805152439476729143e+01 3.865202286234357985e+02 3.349401180365955042e+03
-3.910819667834944994e+04 3.635711850487681659e+04 -2.221929234384713345e+04 -3.315298859977242046e+03 2.599641030019798563e+03 1.304544047363745904e+03 -5.611903468576045270e+03 3.991677738283229701e+03 -3.372209692798650212e+04 -4.277484244078307529e+04 -2.325975603749014772e+04 -1.025429043704729702e+04 4.026306506200048716e+02 -1.524834652175862857e+03 7.162790460024280037e+03 -3.288505210012616590e+04 -2.411315516544608909e+04 -4.502570374609667851e+02 -1.754374631850071637e+03 -1.460548585888313482e+03
-2.355501195781554270e+04 2.426984973255989462e+04 3.045530167303907729e+04 5.912451571240432531e+04 8.350890648660184524e+03 8.631646067246637540e+04 -1.990197281742229734e+03 7.837111987679242156e+04 -2.531767388323282648e+05 1.347787085001167434e+05 5.998019736836873199e+04 4.462488080936217739e+04 -7.427769283151555101e+03 -2.174164048649183242e+05 -2.326986299964479113e+05 3.998201027050674747e+04 -6.119156957917978434e+04 7.300509332303369592e+04 -1.949312601985632209e+05 -7.287238835909098270e+03
-4.319488219543803280e+04 6.242898185686151555e+04 -2.814625898710912952e+04 1.023536748487168079e+05 -1.055835917226787569e+04 1.252674907145240468e+04 7.640337030690906431e+03 1.286150684878382017e+05 -4.581929676430006657e+04 6.699828528121227282e+04 -9.706870537884772057e+04 3.569976381445627194e+05 5.658024740362143348e+04 -3.579412319912680687e+04 7.724263761223779738e+02 1.728781271775501227e+04 -5.843533120013753069e+04 4.947576003282786696e+05 -2.498909080253474167e+04 4.660401905915700627e+04
-3.885754238286243344e+04 3.844015346544403292e+04 -1.820402894868576914e+04 3.710542575426932672e+03 6.524432475835753576e+04 -3.876395604497004683e+02 -1.671777369203816988e+03 1.056917082525432761e+03 -3.129947152805522273e+04 -4.010621162932412699e+04 -1.809691994047061235e+04 -3.857216842723535137e+03 2.063647862063735829e+03 3.857529202163734226e+03 1.467494285133613857e+03 2.206912003982021815e+03 -3.207175426645682705e+02 -2.984997100814321129e+02 -3.287676974585270955e+02 -1.296538244802725330e+03
