2.099516953713400289e+04 -3.093364704694577995e+03 -3.395692535204427713e+03 -4.312914836620520873e+02 1.632688026197752720e+02 9.576812257691354091e+01 -9.449600280651341677e+01 2.137859068282537578e+02 5.141685828031418382e+00 -4.420235061702753399e+01 1.123771369403966247e+02 4.006630320107286991e+01 4.025076644560061645e+00 8.525736949665249753e+00 -8.427321812719338112e+00 8.718392554902450797e+00 -3.282690032475998265e+01 -2.476360741192646842e+01 5.119356131717525571e+00 1.808562464475250264e+00
-4.938294080645091162e+04 -1.553377250762709991e+04 1.328471788468371528e+02 -1.208724279226717726e+03 -5.533974298478005949e+01 7.447473335153175356e+01 -3.973784522245460948e+02 -1.127078119383691934e+01 2.795798347529026273e+02 3.856709211265654176e+02 -8.250933108529716620e+00 2.695274374368412964e+02 5.680160215459967787e+01 1.203311262613261619e+02 -8.589026457346390941e+01 1.017852227388433448e+02 6.742838163559026654e+00 9.161477425837429678e+01 -1.383905270637925788e+01 -6.551366531183790585e+02
-3.154922828485275659e+03 1.105553234910513129e+04 1.768746082339415443e+04 -2.068937590398549673e+03 -7.244724960451851530e+02 -2.645217945807337969e+02 4.585758016858067094e+03 1.182361872640356978e+03 6.670491375633883990e+02 8.774322211603966934e+02 -2.266234957638453125e+03 -6.050744746312594771e+02 -3.850898609172401343e+00 9.884982310168812774e+02 -8.377769915856582656e+02 -2.381186777071024352e+01 2.281657993656322390e+02 9.967147831939121261e+01 -7.215759863817334008e+01 9.296504466550669576e+01
-4.260915290977137192e+04 3.583847558707615826e+04 -2.622743645776657286e+04 -5.116409141767064284e+03 9.131674603346294816e+02 4.989506683640898359e+02 1.728209995826398881e+03 -2.218214770536600099e+03 3.044996429822114123e+02 8.542231734866685429e+02 1.106533335706677917e+03 -7.805536006657669645e+01 -1.468662663993223703e+02 -5.320596999524492503e+02 1.049780656716868243e+01 1.453228801006296464e+02 -3.407853409607558319e+02 -7.140236127904856289e+01 -1.418528474822121268e+02 -7.904609612066500404e+02
-2.251027984536599615e+04 8.378745809421450758e+03 -4.432594343096568991e+03 4.573647313432913506e+04 -4.942136413822492614e+03 -4.213679702565254047e+03 -7.604909971933866473e+02 5.382247904788699088e+03 3.355862665093362921e+03 -1.477166413923653636e+03 1.518445451674864444e+03 -8.540412031603593277e+03 -6.034905818843518546e+02 2.076860174347971679e+03 -2.155906305401788813e+03 -3.004073365787725152e+02 1.493841483401764435e+03 -1.070279396241040786e+03 -6.603406749294514100e+01 4.351433724503209532e+02
-1.636851717304193517e+04 1.728942415423864804e+04 3.224792621828879419e+04 2.771376774574427691e+04 2.276027846861450234e+05 -6.255865905553476296e+03 -4.610109421843749260e+03 -3.952452618400744996e+03 3.079693138582955726e+03 1.882323596433156354e+03 5.896456073421541078e+02 1.000477920767474188e+03 5.906599660826658464e+02 1.041626326162026771e+03 2.292670610692280206e+02 3.540969348057054162e+02 -4.171918047586398757e+02 6.189766868102037023e+01 -1.515398091157969247e+03 1.104779161043364439e+02
-3.390361032988087391e+04 7.461490853905177210e+04 1.565464070198635163e+05 6.688038500037605409e+05 9.269461209923577553e+04 7.429178814210163429e+06 -7.226347487304396054e+04 -6.452495208701075753e+05 2.697222315995696001e+06 -1.839428319571936736e+06 -9.099011106334049255e+05 4.952719504703676794e+05 -1.449154183666315657e+04 -1.352397542225514771e+06 -1.006791201424730825e+06 1.677897437323605482e+04 5.029670213864884863e+04 3.157114726211919697e+04 3.748489633779013529e+05 3.634773474928404903e+04
8.620960112629892365e+02 6.792516234243930739e+03 1.057511948698302876e+04 1.423089073807222849e+04 -3.236796270532257495e+03 -2.383788269099814897e+03 3.925757526436212288e+02 -2.402921353015651766e+04 -3.791837169401469055e+03 8.755694625378524734e+02 -1.726053238013623741e+03 2.311915416254382762e+03 -9.186269878012794265e+00 -1.018605538013163709e+03 1.242430458684949372e+03 -9.324550062725639918e+02 1.248040222681452633e+03 2.595961325302312730e+02 1.014303548832557880e+02 3.180595618139584985e+03
-2.808590599201869554e+04 2.190574726412112796e+04 3.832920825369602971e+04 7.637133764757483732e+04 1.119090482123869333e+04 6.348461530735753477e+05 -4.904037856577439015e+03 2.659039627252650098e+04 -2.329718364095232682e+05 1.833770496435958776e+05 7.794292688847878890e+04 -5.544766649881808553e+04 4.158252899188019001e+03 1.653849515167455538e+05 1.350761828917826351e+05 -2.081598594798517661e+04 2.463201389399441541e+04 -4.517295301917192410e+04 -1.665866421935399558e+04 -4.841510247653829424e+02
-2.491427974686646849e+04 4.970116900217977673e+04 -8.795017160263523692e+03 -1.027211053714660920e+04 -3.515264857030879284e+02 5.652434672292056348e+02 -6.421159906533136564e+03 1.595886570542051288e+02 9.413766221100706844e+02 3.147586819930714682e+03 -4.468726401979399270e+03 -4.465469557767289075e+02 -9.541381621323283824e+00 7.445276255818608888e+02 -9.347949107799730655e+02 5.727090721556388644e+02 -3.729416120655694158e+02 -3.453442242504887645e+02 -1.519977200466294107e+02 3.369018364638864682e+02
-5.569963073253937182e+04 4.000524081454399857e+04 -3.540128080195652728e+04 3.386319163456542447e+04 -2.646326352393198704e+03 -2.978421476435594741e+03 -1.702351305725791235e+02 1.327873263919393503e+04 5.935383108813371109e+03 -3.183994423268694845e+03 6.244542103277305614e+03 -1.249485013510049248e+04 -9.808736907070551752e+02 3.113819815720318729e+03 -3.199804087729558887e+03 -1.210436065684011055e+03 2.932243729220827390e+03 -1.852565111011800127e+03 4.739180552032481160e+02 9.570104494953679932e+02
5.832248846213354227e+03 2.182624425248510306e+04 2.371919044643517191e+04 -3.811142110920418872e+03 -3.956127213978726559e+03 -6.216166283265079073e+02 -5.891102362937384169e+04 -2.857806898775951936e+02 9.957611066585825483e+02 1.450515719586363502e+03 -1.606143566246758837e+03 1.114556590122221451e+03 3.927873926132428437e+02 1.998239952330819278e+03 -4.277685810004421683e+02 5.204813490517174614e+03 3.178335984533800911e+03 5.449794610794659775e+02 -1.009337007938882721e+03 -4.881083112833029531e+02
-4.041094481400935911e+04 3.790191983439731121e+04 -2.695192908294862355e+04 1.906384932679690246e+04 -1.255445913513458891e+03 -1.060205664328336752e+03 1.224668997229334536e+03 1.776851814700388059e+04 -5.802998047850337571e+01 1.362279180864726868e+03 -5.583113922934418042e+03 3.066396964811224098e+04 7.667105559259044639e+03 3.439836619168372067e+02 1.038354147985424061e+04 -3.177092542377833070e+03 1.909585857458884675e+03 7.084826948454288868e+03 3.716490391106118750e+03 -3.060446311303298330e+02
-3.661698451682826544e+03 1.494226153724135838e+04 2.191836416703547002e+04 -2.960856671035253839e+03 -9.514151471700362208e+02 -2.797052346469391750e+02 1.828411355113852323e+03 2.011252564030986377e+03 8.577197324324341707e+02 1.114110579453016499e+03 -2.788782536401463858e+03 -7.286293203439255421e+02 -6.577866683073080090e+00 7.804568484885401176e+02 -7.208999707886251826e+02 5.262188637657212098e+01 2.078483569310565144e+02 3.623748206074390854e+00 9.993954395192766071e+01 8.164328493229743344e+01
-8.928628713382120623e+03 1.674665901302654311e+04 2.577736683744611946e+04 6.102321687053598680e+02 -2.040679600883138846e+03 -7.518980930897862436e+02 -3.325280287823032722e+03 -5.049572418194421743e+02 -9.428342345223013581e+02 -8.867999516089568715e+03 1.807307056304746584e+04 5.866361750680209298e+03 3.452353995058368810e+02 5.017564726951801504e+02 -3.392016767650722500e+02 -7.505352183040331226e+01 -1.591004922325466850e+03 -5.296485687052359026e+02 8.300680884719346295e+02 -7.082173830847630143e+02
-4.142454675950141245e+04 3.523850570149484702e+04 -2.515506530893176750e+04 -4.466433699781153337e+03 3.209028064838177670e+03 1.699567357136364990e+03 1.763476369302904459e+03 4.092785316881571816e+03 -4.750326482840349490e+04 -6.440203181907714315e+04 -2.928720186911207929e+04 -7.725173647918448296e+03 3.226093495274218640e+03 8.890972319773058189e+03 5.042511881140104379e+03 6.726269444693120931e+03 6.023368736693598748e+02 -1.096511664455956407e+03 -5.759330611979780770e+03 -1.424599122030882427e+03
-4.217794811279749410e+03 3.732885029445068540e+03 6.103755747997605795e+03 8.682585144415412287e+03 -1.810472910254206454e+03 -1.332376624854639431e+03 1.776491420541922707e+03 -8.860986214041766289e+03 -7.122932983929130160e+02 1.518808340962301827e+03 -2.100953005013196616e+03 3.595501451776610224e+01 -7.346778731919155092e+00 -2.534440998873339481e+02 1.448684462308090701e+02 1.724975136146158761e+01 -2.150641552473278040e+00 1.560807276833014612e+02 -8.407506182840592146e+01 -1.133236575385326205e+03
-1.035493936875804320e+04 8.512037360358870501e+03 1.310033881704410851e+04 2.517177964706603234e+03 -6.156715190381646607e+02 -9.690435408082585411e+01 1.473373832690523159e+03 3.634375888570003553e+03 2.052964790148924124e+02 -4.729506080712915832e+02 5.509039767525148363e+02 -5.314841901149132354e+03 -9.084710843946681962e+02 -1.454449861782476546e+04 1.234938253169789641e+04 3.490113816977614988e+03 -7.856246010234597179e+02 1.497641599486730115e+02 1.067242941050532409e+03 3.013024137881493516e+02
-2.081303823523509709e+04 1.817157416201244996e+04 2.201060758109213566e+04 4.077177566681605094e+04 8.554490850500491433e+03 4.733763754826346121e+04 -3.403484791888219661e+03 4.652069384642330260e+04 -1.432079830899474327e+05 7.464975937167488155e+04 2.615881343345425557e+04 2.465849558045705999e+04 -3.992497341237764886e+03 -1.201239800959516724e+05 -1.277858689853067335e+05 1.798070703808469261e+04 -2.675841434647992355e+04 3.179403125142636418e+04 -8.951835829721752089e+04 -2.500594444517756074e+03
-4.332376167140884354e+04 4.873417784566304908e+04 -1.491819379816078981e+04 1.183625997982947010e+05 3.774330498322490166e+04 3.272267325405126940e+03 -6.657788197464812583e+03 1.238686921783806029e+05 -1.073264803249460820e+05 -3.239254324847713360e+04 -1.485637644755731453e+05 4.946661070626931614e+05 -2.562450987102032639e+06 7.993945496745551645e+04 8.424003479697836156e+04 3.541244295918357238e+04 9.498511284400306977e+03 -2.362886442389662261e+04 3.937337699184878875e+04 -6.968172246985540551e+04
-4.652826525879964174e+04 1.213875997741946594e+04 -1.497227857815345851e+04 1.345709557168084029e+04 4.471887188175831511e+02 -1.185010782554809055e+02 -7.630248442538735389e+02 1.633801164408109616e+04 -9.797532356457284550e+03 -1.053902465531744929e+04 -9.656823082100312604e+03 4.630159880680538481e+04 -3.338072353093387792e+05 1.376737695154908943e+04 9.763020230155527315e+03 -2.857343737577645015e+02 1.230069856274206722e+04 -3.988842011714606087e+03 1.011427503527930457e+04 8.122767063450439764e+02
-2.550769165106052242e+04 4.117031705531378975e+04 7.110886382951591804e+04 1.570609101735892764e+05 1.291420452019518234e+04 1.363169962398082484e+06 2.878042762010999468e+03 -1.712461109367463723e+04 -2.799593847684831417e+04 5.020142695093206567e+04 4.223558732383511233e+04 -2.002804920006594330e+04 1.738052926647909260e+02 1.072855755632670916e+05 7.172184723150006903e+04 6.844506738767426214e+03 -2.114500665444916012e+04 1.413528013225989707e+04 -8.801684220878165797e+04 -7.949602653414101951e+03
-1.369040345882621659e+04 3.120594007878113644e+03 -1.385887475126264235e+03 1.175210594079696602e+04 -7.743116666322671335e+02 -1.357903941185244094e+03 -8.752295396939065313e+02 4.036718088921748404e+03 3.632178292033510388e+03 -6.786009531532690744e+03 1.154567152629490920e+04 -2.695538082587065219e+04 -4.875741294175187249e+03 -2.898253483194550427e+03 -1.533084114818770104e+03 -2.706808631776786933e+04 4.167927632950596308e+04 2.357865603083511814e+04 -4.015923627872579800e+03 -2.679920956520084019e+03
-1.564355983570645367e+04 1.496367155917337186e+04 2.631165070204524818e+04 1.987639072310277334e+04 1.561801382140241622e+05 -4.760896366825929363e+03 -2.814447542370116935e+03 -2.035990779051772051e+03 2.210698847589648722e+03 7.355419693436570583e+01 1.551070557085980681e+02 2.806271999756807531e+02 2.147695056928539543e+02 5.361499959696120641e+02 3.263696444539818344e+02 6.141728302079202706e+01 -7.513263839520796239e+01 -6.962685523155779777e+01 -2.316930357851312294e+02 -9.199806952990883246e+00
-4.845963014898239635e+04 -1.541570544048269039e+04 9.484239234666000584e+01 -1.433326655135140300e+03 3.801555477882268264e+01 1.424529441474404621e+02 -7.656487647675450035e+02 1.711225375156305063e+03 3.725176719076167160e+02 -3.168186584693015106e+02 5.590535728672609821e+02 1.677176792397174836e+02 -4.114007897165317331e+02 3.639853548981849940e+02 -1.299490310205508479e+02 -2.736757961005950506e+02 2.945139405312567646e+02 -6.726279036900566553e+02 2.380974075089480948e+02 2.133488693548829906e+04
-3.937153958005669847e+04 9.400567375560969595e+03 2.847170868239001720e+04 -7.704187854615644937e+03 -4.774978464673319650e+03 6.019810164568498294e+02 -9.283654984462926222e+04 9.804378563949621821e+03 -1.180067871268931231e+04 -9.444628457886306933e+03 -3.087097540681489045e+04 -2.959314100704528028e+04 -1.036357618702884065e+04 -4.091347559392800031e+04 4.181658393500300735e+04 -5.402395853004804812e+05 -4.130519698641551659e+05 -2.224136468164364123e+04 -2.088010960122931283e+04 2.494672799212529571e+04
-2.905214177714181278e+04 3.647711192644033144e+04 -4.805401589503968353e+03 2.708769169249828701e+04 -2.255816110445147842e+03 5.418684417173906240e+02 3.418634036052369993e+03 4.230362476878251618e+04 -1.941224405224734801e+04 1.105918002719767856e+03 -3.515214185267611174e+04 1.362442687539173930e+05 2.920770436698220510e+04 -1.260042549086100553e+04 5.499840379461689008e+04 -5.283860204324861843e+04 6.635433276267274050e+04 2.698383581453350052e+04 4.413932260018876150e+03 -4.189794890513888276e+03
-1.525515084966596260e+04 7.068934537255774558e+03 9.503301116376213031e+03 3.121698428132366189e+03 -7.076114746245887090e+02 -5.912836234130314779e+02 -7.918347273766398757e+03 2.279529605784464820e+03 -2.163561591483829034e+03 -3.602472688114599805e+03 -5.937944250895327059e+03 -7.067788241221177486e+03 -1.890859733835697625e+03 -5.574403621993936213e+03 6.121072162909317740e+03 -3.533329052816854528e+04 -2.371865933402906012e+04 -7.613118337688955251e+01 -5.621896040197360662e+02 -2.617501143561465256e+02
-1.611011649114116699e+04 1.156344744671072476e+04 1.573883681674665786e+04 5.844089188313693739e+03 2.323359685998670798e+01 1.650917267783829448e+04 -4.069901790475802954e+03 1.036528042166967498e+04 -3.732503453397876729e+04 1.406149692587713798e+04 1.716117464456626976e+03 -1.463227672067159347e+03 -5.607394662528333811e+02 -2.285596015304124012e+04 -2.648471317864619050e+04 -1.272839499655935697e+03 1.305152916366320824e+03 -5.648928353904715038e+01 3.850664711297870326e+03 4.157000003773740104e+02
-1.088619993337642154e+04 1.317526386142097181e+04 2.117236603755645046e+04 4.041711014244255693e+03 -5.259441840792405856e+02 6.075108892591435506e+03 3.246665308080390787e+03 1.386471470263610536e+04 -1.657775357397400148e+04 1.271832615328547035e+04 8.999109552614088898e+03 -3.711002903894228075e+04 -5.679937055062571744e+03 -1.089361498368091416e+05 1.247252232001723023e+05 5.592142791276628850e+04 -1.657627994533283345e+04 7.314047632459643864e+03 -4.732871350326958236e+03 1.832988135824754863e+04
-2.014504633504052617e+04 1.062716118458732308e+04 2.187704603092172692e+04 -4.004992194874646572e+01 3.034039012240794818e+03 1.463018706878956982e+04 6.418620641592956417e+02 1.249289990751800724e+04 -3.150278965936684108e+04 1.978632355256641677e+04 6.865371924112105262e+02 1.736591445204674164e+04 5.441890239574638144e+03 -2.966854747822355057e+04 8.864651243631262332e+03 -4.525492308549598965e+04 7.173357789663574658e+04 -1.147044286590801348e+05 -2.054939385332365418e+04 -1.202087136806821263e+03
-1.298208093234588705e+04 8.369508168466301868e+03 -5.341560463021121450e+02 4.461539649994096544e+04 -5.077923590650183542e+03 -3.674209824612924876e+03 -3.631423902663524927e+02 4.102950329595095354e+03 1.484448317456828363e+03 8.407113604923163166e+02 -2.301388002980224883e+03 -1.339739709178015346e+03 3.355155735573274001e+02 1.436245579321184096e+03 -1.350244255074384910e+03 2.115711487847328044e+03 -2.480971762793989456e+03 -1.288797162251781174e+03 -3.201727474023488185e+02 1.836063116609847725e+02
-7.111197277660262444e+03 1.671613074717771087e+04 2.602109262061929985e+04 1.310054089593108984e+04 7.365534336439307481e+03 1.370746437451006786e+05 1.172620556274542423e+03 1.061552744165450349e+04 -8.422719176823234011e+04 7.104301355158184015e+04 2.854730283107776995e+04 -3.038438444722905479e+04 8.256222786621427758e+02 7.471807996751840983e+04 7.327942644449390355e+04 9.231895531006852025e+02 1.069634190199608156e+03 -5.937606871569456416e+03 -9.532356437714999629e+03 9.137684147351308184e+02
-2.208920497244922808e+04 1.820113074788772064e+04 2.613289470289590827e+04 5.049749003789981361e+04 9.503372790298817563e+03 3.629304227059059194e+05 -2.320284501785015891e+03 2.473693639333710962e+04 -1.735846119021374325e+05 1.007795570218088833e+05 3.664745499348901649e+04 -2.443345538901666441e+04 1.802186194038255962e+03 2.690618405496832565e+04 -2.130191031857504186e+03 -9.428690168568880836e+03 1.098264038888034156e+04 -4.417147216764280529e+03 4.962829724726416316e+04 1.840866414568087521e+03
-3.770983126473466837e+04 5.487385780222576614e+03 1.397230955163091676e+04 2.078126879706950422e+04 7.888132223667610560e+03 5.041418500662119914e+04 -7.442846384545428009e+02 4.519229222614926402e+04 -1.758634299516984902e+05 8.380269460526382318e+04 2.220801421463676525e+04 2.007865925857896218e+04 1.205491776937907707e+04 -3.255078927226952510e+05 -2.339856602635043964e+05 -4.201601559623531066e+05 7.102285857723297086e+05 -2.104463607909047045e+06 -2.177633794808288221e+05 5.090580878107423814e+03
-4.839840400668755319e+04 -1.513266195375624011e+04 6.408219579032250977e+02 -1.251725647349976043e+03 2.194166035563472121e+02 2.805219713514504178e+02 -9.250126502410317926e+02 2.884512938997518631e+03 -1.591349281771031383e+04 -2.506059589159485040e+04 -1.209161766511730639e+04 -3.701931948012017074e+03 1.061754268853506119e+03 5.791281251600208634e+03 3.362955267375227777e+03 4.700431689336658565e+03 9.601660253329035868e+02 -8.868034281148367199e+02 -4.769510833595014446e+03 2.737195772562338334e+02
-4.589368464421355748e+04 -1.203300022316408831e+04 6.078931012906599790e+03 6.449570804826877065e+03 6.258107180087365123e+04 -1.690336489392045905e+03 -2.466131763986879832e+03 -5.761857160954552910e+02 2.130652173283455753e+01 -9.065215702016053001e+02 -4.412910171075056951e+02 3.337734950169694343e+02 -1.240196484897655438e+02 5.811739553175123092e+02 -3.358678130788852627e+02 1.142204032571900001e+02 8.788563715340114868e+01 3.897369094780199106e+01 5.515875041685845872e+02 4.181866744270756726e+02
-1.481595150345340335e+04 1.242803385237396469e+04 1.570190999130454293e+04 1.332070778568963760e+04 7.331774773974003620e+04 2.303748805841373905e+04 -4.776697990587164895e+03 8.826555493126554211e+03 -8.769083453062108310e+04 1.623034366748756656e+04 -1.979901638079014219e+03 -1.235571809333492820e+04 2.497292714653249732e+03 -3.209301768533386712e+04 -6.532737381000786991e+04 -1.050471927483525360e+04 1.397416992311689683e+04 2.449318132345656704e+04 1.970052021911061893e+05 6.292012046977737555e+03
-2.643763552898166745e+04 3.733526593055090052e+04 6.763889405942482699e+04 1.420863090887261205e+05 4.313969502724552149e+04 1.271015833814267302e+06 -1.308669935687625548e+04 9.499174306960003742e+04 -1.141569845409028232e+06 9.370813689726606244e+05 4.408323173746695393e+05 -4.719446091059840401e+05 1.800154699702349899e+04 1.400029016413799254e+06 1.067892005748613970e+06 -4.399176234783912514e+04 -1.709472291622325429e+04 1.811669281306827033e+05 1.144675960023254156e+06 7.039145206546309055e+04
-1.335784412477532533e+04 5.392653224570921338e+03 2.971616937562581370e+03 1.905387220489508400e+04 -2.967550780421677700e+03 -2.583561633666754005e+03 7.440411009900007002e+02 -2.025390919334139471e+04 -1.802770929451634402e+03 4.385586316204738068e+03 -5.493329614280697569e+03 -1.757388606066574539e+03 4.256477700449544841e+02 -5.472627718535205531e+03 5.260608814052413436e+03 2.075946158333255880e+03 -5.314070374452279793e+03 -3.959156515725744157e+03 6.026868224275362991e+03 -8.006412039263304905e+04
-4.671644323815371172e+04 -8.833421144162351993e+03 -1.316056677328759179e+03 2.173438275559759131e+04 -2.098462895800228125e+03 -2.010084638459700500e+03 -3.622622482187003243e+03 1.541245215691823978e+04 5.479739826316340441e+03 -2.392003593591393837e+03 2.052666039841050861e+03 -2.516322868954956903e+03 3.772502049914236977e+03 5.133511418345481616e+03 1.713029432046041165e+03 1.643663608952853610e+04 -2.328164593565207906e+04 -5.591206601450366725e+04 4.843004162574758811e+04 -1.023217144902201107e+04
-8.269029110528232195e+03 1.212154675811130619e+04 1.945407759929927488e+04 6.767131804179446135e+02 -9.838844089094540095e+02 -4.176585057240949936e+02 1.469527142023239094e+03 2.022224161599523541e+03 -4.757918270407507180e+02 -5.676659312880998186e+03 1.122173124365952026e+04 2.782894555635855795e+03 1.451476009953742619e+02 -4.463428084547167600e+02 6.132742896183765424e+01 -4.125908652994268664e+02 -1.352362213029624399e+03 -2.601624098375951917e+02 5.566907421686337329e+02 -1.061129125593249228e+03
-4.161313609180256753e+04 4.485833937187746051e+04 -2.857399822060958104e+04 7.342522059856487613e+04 -7.147547635326703130e+03 3.787462652981036513e+02 7.165916196461229219e+02 3.945571135009588761e+04 -5.615497919158735385e+03 1.074772644658362333e+04 -1.791488276287733970e+04 5.279061122559754585e+04 6.456094998618345016e+03 7.608573222836162131e+02 4.821134528279585538e+03 2.517853316918646669e+03 -5.197553683742189605e+03 1.329530895538381446e+04 -4.473857509560350991e+03 9.885516550589499047e+02
-2.419930139149323804e+04 3.152233424477717926e+04 5.124555876358887326e+04 1.184201979667037813e+05 9.877560096764085756e+03 9.567599549351951573e+05 1.132063993504563541e+03 5.859831763124256213e+03 -1.293479013616237353e+05 1.145487664669373335e+05 5.762644714507655590e+04 -3.982553217175225291e+04 1.183293180891941802e+03 1.456256207372577919e+05 1.073890969390686078e+05 3.815899510461619570e+01 -8.641450114907385796e+03 -6.532393341808386822e+02 -5.168300337250918528e+04 -3.893080040785371693e+03
-5.037963260833575077e+03 1.394982229978603391e+04 2.244798792910777047e+04 4.634998159917356020e+02 -9.838126121540668692e+02 2.188307547688912746e+04 6.680720436196557785e+03 3.809991727582294970e+03 -9.558108704148895413e+03 7.906882260409971423e+03 8.159448338816692740e+03 -2.073601198377928085e+03 -1.364645570610686036e+02 8.590233936270684353e+03 3.286602452524392902e+03 2.330846010659215153e+03 -5.195510105972293786e+03 4.960663501080720380e+03 -1.963008325622725897e+04 -2.008033939217332545e+03
-4.604627741940413398e+04 -1.259906075228155714e+04 4.576054832466072185e+03 1.937791861520115390e+03 4.289908033490659705e+02 1.602205318481282848e+04 -3.010843108189032137e+03 8.336419234093518753e+03 -3.707189018879443756e+04 1.345619431214451470e+04 2.521004675497531480e+03 -1.771540826357301512e+03 -5.522307809826711491e+02 -2.169653438903723145e+04 -2.672028257042164842e+04 -1.423384993807663477e+03 1.885098753698848668e+03 -5.605461733229213905e+02 4.342865661380818892e+03 9.581481931211825440e+02
-3.771315434967391775e+04 4.238908057711128640e+04 -2.853801297099386284e+04 3.704656502632443153e+04 -3.314501203949099818e+03 -2.502345855454220782e+03 9.126710452516171017e+02 2.366173676923341918e+04 1.533847844150578794e+03 1.434145722859728266e+03 -6.376811645720795241e+03 2.880700884749125544e+04 7.910478501275012604e+03 1.935974947744938163e+03 8.840564354322055806e+03 -1.975183679708217142e+03 7.030829980414177953e+02 6.221176710683871534e+03 3.433523332272582593e+03 2.010680806103792975e+02
-2.040965513663885577e+04 1.139395416919340823e+04 1.208346210442397387e+04 6.828971685036619419e+03 -1.053247856364672543e+03 -6.762089117811369761e+02 -5.309408057530598853e+03 7.359393846237109756e+03 2.590270547003556203e+03 -1.909577169715957325e+03 1.233904179157161025e+03 -1.395021987846481534e+04 -2.853498804421580644e+03 -5.439017296467174674e+03 3.729084002623204924e+03 -7.461560080295387706e+03 1.190403836860413503e+04 1.889952677884050217e+03 1.291375721100304418e+03 -8.409978862433332552e+02
-6.590779916431461970e+03 6.614137698002751677e+03 9.158483927634564679e+03 1.646361062012261391e+04 -2.816141118056957566e+03 -2.425423981137369992e+03 5.457053584566788231e+02 -2.038842861450740747e+04 -3.235205230669379944e+03 2.444704539193362962e+03 -6.070202600591824194e+03 -3.804680637561154526e+03 -5.471593869261356531e+02 -7.512098922467746888e+03 6.021510406545688966e+03 -3.622493894049004211e+03 1.943897882410014290e+03 3.584948257398009446e+03 1.020554776040482011e+03 -1.181593545244229426e+04
-4.602943147526719986e+04 -1.264689863789240917e+04 3.977983541881245856e+03 -4.699698354103416165e+01 -4.530022228453655089e+02 -1.513452401315360305e+02 -8.306502588745564935e+03 2.768450996686508006e+03 -2.053515310426852466e+03 -3.485854513877726276e+03 -5.982718044148910849e+03 -6.529510876289482439e+03 -1.815652155286429206e+03 -4.565033017427120285e+03 5.397040189435899265e+03 -3.505207940036319633e+04 -2.350753317250120745e+04 -1.858441280671967775e+02 -7.520672148716735137e+02 2.543486747477951155e+02
-4.170324232268446212e+04 3.592800288983647624e+04 -2.631111025582168440e+04 -5.215194680268989032e+03 9.961860748760464048e+02 5.561228440108310451e+02 1.341938083209331353e+03 -4.304916567621631884e+02 4.213094467389594229e+02 1.276632886864748002e+02 1.716021576201648713e+03 -2.214880664581806684e+02 -6.278360627224361679e+02 -2.600806059232396592e+02 -5.757933517513070854e+01 -2.423856012809914660e+02 -3.644378215321172831e+01 -8.380023343760741454e+02 1.149647840141556259e+02 2.120631091592619850e+04
-4.079585282408016155e+03 1.733383099630749348e+04 2.503530738846162785e+04 -2.948625086711966105e+03 -1.457482426670049790e+03 -4.547505219785497275e+02 -7.954709098088829933e+02 6.442581925634609661e+02 5.964718272434373603e+02 -5.840143726810301814e+02 8.698121725270763136e+02 9.290199201492544034e+02 1.026139890414315801e+02 1.291938530828943613e+03 -9.434544013282895776e+02 2.475993058031031069e+02 7.302789604956198843e+01 -1.457268877134205809e+02 2.491675567510213227e+02 2.837613348791461476e+02
2.483668941150230239e+03 8.092322232614094901e+03 9.756666044355679333e+03 4.776634884990904197e+02 -1.808081001323929286e+03 -5.371919068482351349e+02 -3.550537194786332839e+04 5.564185565285544044e+02 1.047903734684419987e+03 1.991549566536092698e+03 -3.452494625046013880e+03 -1.354902687355410535e+03 8.620948407662751833e+01 8.181156233568655125e+02 1.237785302083914729e+02 4.194436734508967675e+03 3.692769335646191394e+03 8.930508176683496231e+02 -9.598953412417034770e+02 -1.273115121844740088e+03
-3.983432505061507982e+04 3.559815947530821722e+04 -2.219594751676643500e+04 -1.637194304444144336e+03 9.606947567820800032e+03 1.067165710620939080e+03 1.639459180026663716e+03 2.064353280021833598e+03 -3.112135644440938995e+04 -4.006976829076610738e+04 -1.543024467725732393e+04 -3.609687512247258383e+03 2.202596166272519440e+03 3.542975305862064488e+03 1.414795153871990124e+03 2.151096087688228181e+03 -5.536180985246935506e+02 -3.146267861100332084e+02 -9.215678438260006260e+02 -1.867091576464078344e+03
-5.421069240602597347e+03 1.168373017531661935e+04 1.589896642171977328e+04 1.564778600765245938e+04 -4.051018755903303827e+03 -2.746243960021613020e+03 -4.594365517326101326e+03 -2.484982244469736179e+04 -3.942463958207712949e+03 -1.539197471310016454e+03 3.315088264718721803e+03 3.909034045507619794e+03 8.031447858853667299e+01 -7.291607933739319378e+02 1.204955383410552258e+03 -8.086167520037989789e+02 1.183664904274396122e+03 4.869617127111021659e+01 4.111698049251128282e+02 3.358386508917083120e+03
-4.685513072666930384e+04 6.119643875016856327e+04 -9.191402291619480820e+03 1.844413702244467686e+03 -3.047666192524940470e+03 -3.599041456733235691e+02 -4.234561505712323560e+04 7.202996983034812729e+03 2.415859512510348395e+03 4.872073525530962797e+03 -8.480156204359829644e+03 -3.488204833301886538e+03 1.667143581434879138e+02 5.177382093268523704e+02 -1.587715229087074817e+02 1.586101756076240690e+03 -1.498495635986598245e+03 -1.543897456056973851e+03 2.635964408233784297e+02 1.672930959801961080e+03
-1.903737228862897246e+04 6.597644886644092367e+03 1.564057134647880957e+03 1.880996413497433605e+04 -2.471488615233634846e+03 -2.247048568592191259e+03 3.732255252045827092e+02 -5.138205548037557492e+03 8.574894897577479469e+02 -8.250921380567742744e+02 1.649799116958761942e+03 -5.545473327416422762e+03 -8.023827014008618335e+02 1.779162142597212437e+02 -6.233224473637881147e+02 -1.676164571645906335e+03 2.861224998850331303e+03 2.287004793497453363e+02 4.608359518893204054e+00 -1.355592082379052776e+01
-1.798842538146696825e+04 4.954870057952361094e+04 6.624427122062076523e+04 1.691498248945044761e+05 3.257345805549751822e+04 1.649393917458940065e+06 -4.989629612342580367e+04 -3.554240069386406685e+04 -9.466300144692294998e+04 2.129001645318601732e+04 -3.333268620656186977e+04 -5.057967760211412678e+04 6.858889694239965138e+03 2.927014878705757292e+04 -5.219288908171098592e+04 -2.847925344146874340e+04 3.904351533213146467e+04 4.968354969310510933e+04 5.149812770130569115e+05 2.295569178063119034e+04
-1.686647629273000712e+04 1.164040206756673069e+04 -2.284411681821279672e+03 7.211366774051026732e+04 -7.977096638459711357e+03 -3.034195560038077929e+03 -7.520162289066173571e+02 1.532269036065277032e+04 -8.580206545603065251e+02 5.074808605333980267e+03 -7.502917590836965246e+03 8.306835531253616864e+03 -4.936339768602603044e+02 1.731225306269017437e+03 -4.227407900848860663e+03 4.365979783290364139e+03 -5.125535056711830293e+03 1.727169237790719990e+03 -4.341024392292422817e+03 7.239588291368260116e+02
-6.004008459207727719e+04 7.913460621829019146e+03 -1.878221506142156431e+04 3.457082802707944938e+04 -3.036269670481716730e+03 -3.079042337171641520e+03 -1.444804577337296905e+03 1.421526346484775058e+04 5.424075742348812128e+03 -3.841896122053762156e+03 5.391984529097991981e+03 -1.182095030958591815e+04 -8.030675870048700062e+02 3.362586096876473221e+03 -2.948588021874036713e+03 -1.385952961893783367e+03 3.341745710933852024e+03 -1.621036710137293994e+03 5.915590023479228421e+02 9.944468505841805381e+02
-2.442788180502466275e+04 4.522960057693663839e+04 -9.449342318433629771e+03 -8.909091174202636466e+03 -9.106660863425943830e+01 4.641164589048041194e+02 -7.755598703895351491e+02 -4.209348519077624928e+02 7.980454748814689765e+02 2.408951643911662359e+03 -3.084065613765499165e+03 -1.074875531104271289e+02 -1.564455872196993091e+01 7.257957901338098736e+02 -9.143522471681015986e+02 4.497788652163478105e+02 -3.459316200996226485e+02 -3.335497714429816938e+02 -7.041741202996227855e+01 3.633315199684955132e+02
-1.474737250935791963e+04 9.706790779316370390e+03 -1.218594709639550047e+03 5.599930569932251092e+04 -6.283141816194592138e+03 -3.341933106765709908e+03 -5.128673321155887379e+02 8.815809103676439918e+03 4.268465919429743849e+02 2.674647473243412605e+03 -4.522010047861408566e+03 2.727845054611718297e+03 -8.913186735737643573e+01 1.539581617962056271e+03 -2.644752682270767309e+03 2.981942507201863009e+03 -3.451106569617490095e+03 1.337521056895216987e+02 -2.145087459099830539e+03 4.373664169836131919e+02
-4.230074632648596162e+04 3.173283367173568331e+04 -1.181595865101451818e+04 7.022798172212296049e+04 3.528531896716216579e+03 7.898680008489934153e+03 -5.763680276387690355e+03 7.020235113786105649e+04 -8.040181862613800331e+04 -3.238103336256204420e+04 -8.247568561438926554e+04 2.313521132912283356e+05 -1.214324406624735100e+06 3.285774123662659258e+04 3.262960412621330761e+04 7.592509437942585464e+03 -2.003601040810386849e+03 -9.984261045926943552e+03 1.619860374059043897e+04 -3.105760709461279839e+04
-2.355501195781553906e+04 2.426984973255989826e+04 3.045530167303908820e+04 5.912451571240431804e+04 8.350890648660182705e+03 8.631646067246637540e+04 -1.990197281742230189e+03 7.837111987679245067e+04 -2.531767388323281775e+05 1.347787085001167434e+05 5.998019736836872471e+04 4.462488080936217739e+04 -7.427769283151555101e+03 -2.174164048649182951e+05 -2.326986299964479113e+05 3.998201027050675475e+04 -6.119156957917979162e+04 7.300509332303369592e+04 -1.949312601985632209e+05 -7.287238835909098270e+03
-2.115471651102166288e+04 1.468777537520164151e+04 1.549528773345828085e+04 1.052123201480041644e+04 -1.942912570549206293e+03 -1.408099603472245235e+03 -6.714240789538458785e+02 5.404105714365533458e+03 1.326495415502978403e+03 -8.814933166438509943e+03 1.704742151267364534e+04 -1.999916559372989241e+03 -5.772241870349224655e+02 7.035460640436849644e+02 -1.040189971110323995e+03 -2.034412255280050204e+03 1.509523658837644689e+03 -3.013992168443731430e+02 8.063454846102895317e+02 -7.179946345843709423e+02
-2.542813170292926225e+04 5.264018979236546875e+04 -2.684643253146652569e+03 -9.911907657220450346e+03 -1.291064361691763906e+03 2.047457121349256397e+02 -9.121852810924088772e+03 -2.570785223356514052e+03 4.101198027127091450e+02 -2.701488355824576502e+02 2.817228821868909563e+03 2.740472598578631278e+03 1.865226062682626491e+02 1.661482182563574497e+03 -1.335984560740017969e+03 8.615797151775138900e+02 -6.013537733767734608e+02 -5.997160140493635936e+02 1.386853127196532398e+02 6.960461073427655947e+02
1.020414119817597748e+04 1.827118255951869742e+03 2.578017258799264255e+03 6.099677361434809200e+02 -1.558317153534177351e+02 -1.446071068172855405e+02 -1.095712575517850610e+03 6.946127096710704052e+01 -5.538277160630136642e+00 9.279283576779505438e+00 -1.604496791496430603e+02 -1.540372208770763507e+02 -1.172426864024603788e+01 -5.217434830459889099e+02 3.836291105050475494e+02 -1.143506120665588099e+02 7.294047955611101486e+01 1.103911014445181706e+02 1.895223703066588428e+02 -4.540301203375192358e+02
-3.885188543786621449e+04 3.614554735393063311e+04 -1.928431437533532880e+04 -1.280410324934098014e+02 3.362278403425074885e+03 1.755579447067759611e+04 -2.080799369136946098e+03 1.022364857648575162e+04 -6.862281947477858921e+04 -2.563567161726557970e+04 -1.514341436542061820e+04 -5.569973965455727011e+03 1.649428191045172525e+03 -1.870035693211021135e+04 -2.507868034628783425e+04 7.861500935109966122e+02 1.263293472028774886e+03 -7.942321736600965778e+02 3.267838858233412338e+03 -7.707681745238852500e+02
-2.498077186318731401e+04 2.631406486892719113e+04 1.344071925778906370e+04 2.127311319339059992e+04 4.416544705451138725e+04 1.061912859416343563e+05 -1.723220074456118891e+04 4.577454139849750209e+04 -3.619698877772307605e+05 6.661055775790552434e+04 -7.400150531655300256e+03 -4.627292921978038066e+04 9.580569618015855667e+03 -1.375425073673045263e+05 -2.645146302816238021e+05 -3.758171222240931093e+04 5.122431712113193498e+04 8.928945180183404591e+04 7.115093977176988265e+05 2.303182656337289154e+04
-1.810394256565111937e+04 1.953003180563049318e+04 2.011895998053205039e+04 7.710295160291518641e+02 -1.871508618215110573e+03 -2.662367119947157335e+02 -2.460958861230346884e+04 7.711707550718266248e+03 -2.022792404150867014e+03 -3.816353137908732151e+03 -8.265685813094807600e+03 -1.224804237577453205e+04 -3.961811230771975261e+02 -4.888453696419965695e+02 3.821074727946018811e+03 -4.259934473389093910e+03 8.248278409727687176e+03 2.324621854361604164e+03 -1.825177403927675641e+03 -2.987550427185222816e+03
-1.024815746589474838e+04 1.216706574336376980e+04 1.794389158420736931e+04 1.944185226241590954e+03 -7.520773517316459902e+02 1.709333529282451707e+02 3.203568167742139394e+02 4.564757142718347495e+03 2.939499204940571531e+02 -4.976911571302948119e+02 6.416671900994772386e+02 -5.077814742634666800e+03 -8.827124588939044543e+02 -1.475550797658907322e+04 1.215780043173159538e+04 3.721381862315794933e+03 -9.634699868972802506e+02 6.091421253862645102e+01 1.072872459885399167e+03 2.900721848902965121e+02
-6.030135370662675086e+03 2.112730784450778629e+03 1.897920111253504047e+03 6.494619195249426411e+03 -4.455552584721015137e+02 -8.381310173940194090e+02 -3.354886081530000865e+02 1.234979320600348274e+03 2.122564677957637741e+03 -5.223000793794580204e+03 8.824843062173618819e+03 -2.168017072252558501e+04 -4.027898492739444919e+03 -3.531926804751411055e+03 -5.484303659931150605e+02 -2.523644107498582161e+04 3.856954112310610799e+04 2.323068904303375530e+04 -3.959757173165136919e+03 -2.971086664713422124e+03
-2.079872154026664066e+04 2.301262177311371488e+04 2.781233708410477993e+04 5.280752192131115589e+04 1.898121831730266058e+04 3.945801167727387510e+05 -8.629316190962386827e+03 4.870682226124389854e+04 -4.489198651543679298e+05 2.664641288210290950e+05 1.004053454014450399e+05 -1.278585670325097308e+05 8.105133357099221939e+03 2.505880785946081160e+05 1.227242857358850306e+05 -2.785124923055542240e+04 2.327273734393592531e+04 6.953022560114209773e+04 5.475016851465109503e+05 2.539773012891562030e+04
-5.544451390594620898e+04 3.803594900798638264e+04 -3.273231738235102603e+04 1.623971679811086142e+04 -7.975511271009773964e+02 -1.413947179981974159e+03 9.704458943531750492e+01 7.096757272686880242e+03 4.045400276310193476e+03 -2.339448351812870442e+03 6.261456768922998890e+03 -9.276303746860052343e+03 -1.172580081411360879e+03 1.060050754017277541e+03 -1.479025153091939501e+03 -2.095850743452024744e+03 3.679871617666211023e+03 -7.787921638570895766e+02 5.956674259730223184e+02 9.008556553739033745e+01
-2.188720638574317491e+04 1.059241400413203337e+04 2.038235173054235929e+04 1.070193685679009832e+03 2.980372296831243375e+02 5.426398347164041297e+03 9.807530587024210718e+02 1.513648240063977391e+04 -3.310712545823998516e+04 6.404356264205570369e+03 6.070649570346962719e+03 2.212927586896737921e+04 2.720696677117901345e+03 -7.061930946635433065e+04 -1.077249770298189287e+04 -2.974411617955129259e+04 3.031431920450131656e+04 8.639082772654804285e+04 2.669608991490132175e+05 4.358330732482956478e+02
-1.336829415671027527e+04 1.320811105680166111e+04 1.214964966878857194e+04 -8.801665426319525523e+02 1.743017444265556719e+02 1.809654884184618311e+02 -1.008813169123267357e+03 3.450496534475370026e+03 -1.544262429569015148e+04 -2.139491084362948823e+04 -1.189547695640119855e+04 -5.064064549000080660e+03 7.039968457565777271e+02 2.810166616465308834e+03 4.147432762994166296e+03 1.859524201248204463e+03 1.078692131643563243e+03 -6.424321671385589525e+02 1.506773932893776873e+03 -3.004410018550595396e+03
-9.906024173391102522e+03 1.651491514675655708e+04 2.670715643698551503e+04 3.782677458907302480e+03 -1.609962031171879062e+03 2.551474216259529203e+04 2.710400752652353731e+03 4.171319934776122864e+03 -1.258676831635131202e+04 1.560720077909844122e+03 2.575722263090215347e+04 2.010140764455177987e+03 4.933314105897877511e+01 9.716549842656668261e+03 3.930891778569598500e+03 2.187313584280714167e+03 -7.562876713596559966e+03 5.409642482879635281e+03 -2.250276004281621863e+04 -3.387998798970626012e+03
-3.974917303996800911e+04 2.992474114119260776e+04 7.071599825384917494e+04 2.119786576615697704e+05 2.921329843516815163e+04 2.260459814969441388e+06 -1.914860276708381571e+04 -1.197141876558182703e+05 3.777748173153723474e+05 -2.296517968083749874e+05 -1.297108764629842626e+05 6.304044928217919369e+04 5.534690031535938942e+03 -1.422523746465898002e+05 -6.509183787714028585e+04 -5.075145329514676996e+04 9.022648044844013930e+04 -1.260102463768135494e+05 5.543411406090674427e+04 7.031130045779574175e+03
-2.792692321727835588e+04 3.291048970354373159e+04 -2.234309804751875163e+03 7.310034081007825080e+03 1.293059296403060762e+04 5.050455670834301418e+04 -4.563680629456172937e+03 2.188437467038425893e+04 -1.536975844174150261e+05 1.117227228257732895e+04 -9.840743536997619231e+03 -1.307829225813535777e+04 4.181634129473975918e+03 -5.723425539322818804e+04 -9.804465337092500704e+04 -1.108816714020657673e+04 1.581189876335946974e+04 2.824058434252255029e+04 2.164245919499454321e+05 6.501922399179917193e+03
-4.497560914768552902e+04 -1.201604209123886358e+04 5.309826484159040774e+03 1.043054283205260191e+02 -3.748424338867728238e+02 1.119628517855334167e+02 -1.248291171715571721e+02 3.567363206870639260e+03 2.175775992060211763e+02 -4.081280349976337334e+02 6.180110491064101552e+02 -4.960572751337494083e+03 -8.285484604035052598e+02 -1.363918249631086110e+04 1.185007122673222693e+04 3.586646625777939789e+03 -5.047427174203558025e+02 8.135508620338127628e+01 9.193478737572448836e+02 8.169647232449573266e+02
-8.149117484910070743e+03 2.401638808597144816e+04 1.729809089978144038e+04 -4.539621310890803215e+03 -8.380353331595185864e+02 -1.095780191459268451e+02 -1.906184812456488999e+03 2.141226297216681360e+03 8.130096713849512753e+02 1.481148427935575000e+03 -3.376225200751511693e+03 -2.462563373600621901e+02 1.151917793053058716e+02 8.376182532433297183e+02 -6.258681381620175443e+02 1.468896427707765042e+02 1.433414849381478291e+02 7.625006603262387728e+01 5.282349647663127712e+01 1.021189538957644629e+02
-3.910819667834944994e+04 3.635711850487681659e+04 -2.221929234384713345e+04 -3.315298859977243410e+03 2.599641030019797654e+03 1.304544047363745904e+03 -5.611903468576045270e+03 3.991677738283229701e+03 -3.372209692798649485e+04 -4.277484244078306074e+04 -2.325975603749015136e+04 -1.025429043704729884e+04 4.026306506200048148e+02 -1.524834652175862630e+03 7.162790460024280947e+03 -3.288505210012617317e+04 -2.411315516544608909e+04 -4.502570374609667851e+02 -1.754374631850071637e+03 -1.460548585888313255e+03
-1.173125686822836178e+04 7.539570574150880930e+03 5.190713304744236893e+02 3.705897149386828096e+04 -4.326141115971259751e+03 -3.563439969019680120e+03 -1.936494305060627426e+02 1.194640870470037044e+03 1.648633073423929773e+03 1.821305329952509169e+02 -1.461954921674276648e+03 -3.080867751097617202e+03 3.444170183685006918e+02 1.236578131435277328e+03 -8.736559721474428670e+02 1.471734123347227751e+03 -1.647790767589557163e+03 -1.508697160145879707e+03 1.784076742800336604e+02 1.266581740625844503e+02
3.746973160122689023e+03 2.652317954581521553e+04 2.346029159606683606e+04 -6.646511466511172330e+03 -4.183702214710055159e+03 -1.169805102144090228e+02 -7.641903516135503014e+04 4.097604150077600934e+03 1.974543662456343782e+03 7.117420238977972986e+03 -1.312492838026994832e+04 -3.537538239449903358e+03 1.718887399583472870e+02 1.194608219258948338e+03 -1.170364369711317778e+02 5.174013177668914977e+03 3.447529355432905959e+03 8.582267939536390031e+02 -1.714933119850373942e+03 -9.714949353375648116e+02
-3.524441425842699391e+04 1.178637168715062398e+04 1.445507316343285493e+04 9.359982800882295123e+03 6.119413399034775694e+02 1.304539132590885492e+04 2.595996027179665361e+03 3.831054843540570437e+04 -4.155330466308814357e+04 1.914664494520594235e+04 -2.673154172047446264e+04 1.314564334532577195e+05 3.070207882282851642e+04 -3.772814138030936738e+04 6.163505172778567066e+04 -9.765686909562139772e+04 1.384372998719698226e+05 -9.459192757047677878e+04 -1.584150550664951152e+04 -5.557602230400664666e+03
-1.605079361034848625e+04 1.330425162333650587e+04 1.402570069296065594e+04 1.594162991785477516e+03 -1.455751298538428273e+03 -5.295259824985449768e+02 -1.992720043561008424e+04 3.614615051742627202e+03 -1.826226480035929853e+03 -2.190286344499063034e+03 -8.635422420665741811e+03 -7.716092531858575967e+03 -1.846454482125860750e+03 -5.521691121074510193e+03 6.111473870464773427e+03 -3.506047306421799294e+04 -2.385447340302166776e+04 -1.525089501607056661e+02 -6.835272121432525410e+02 -3.337685693420779103e+02
