-4.998708863573140115e+04 -1.530790060886924584e+04 3.549340828261356364e+02 -9.959363170520449557e+02 -8.401845611664819558e+01 4.785985643067357387e+01 -3.919325325583280915e+02 -3.937741310579463416e+00 2.966056783388797271e+02 3.739789164472579159e+02 3.108741807965317072e+00 2.040357365025188585e+02 4.869532516163425129e+01 1.156191583586145271e+02 -8.441345069101700460e+01 8.203609990520951101e+01 3.791366679844157517e+01 9.795997426221069304e+01 -1.300241464168909111e+01 -6.618703778800992268e+02
2.099516953713400653e+04 -3.093364704694578450e+03 -3.395692535204425894e+03 -4.312914836620521442e+02 1.632688026197753004e+02 9.576812257691354091e+01 -9.449600280651341677e+01 2.137859068282538146e+02 5.141685828031418382e+00 -4.420235061702754820e+01 1.123771369403965963e+02 4.006630320107285570e+01 4.025076644560062533e+00 8.525736949665247977e+00 -8.427321812719334559e+00 8.718392554902449021e+00 -3.282690032475997555e+01 -2.476360741192646842e+01 5.119356131717525571e+00 1.808562464475250708e+00
-8.176727612543573741e+03 2.403182878096786590e+04 1.726603441681836193e+04 -4.546710925226690961e+03 -8.366312155030003623e+02 -1.083623890235637646e+02 -1.899085614757831991e+03 2.142443514744700224e+03 8.128989444808003100e+02 1.485668347087577786e+03 -3.384560308930167594e+03 -2.453857908030908561e+02 1.156512429837387259e+02 8.362759877069863705e+02 -6.245296387136731937e+02 1.457132823553366450e+02 1.437014183099541071e+02 7.829797070222011257e+01 5.045042073530328253e+01 1.005008696152287655e+02
-4.260948431411075580e+04 3.583855509581116348e+04 -2.622797651666524689e+04 -5.116649880567122636e+03 9.131961599864264372e+02 4.989456331225945291e+02 1.728144262842204625e+03 -2.218498231378158835e+03 3.045779122336502951e+02 8.541935419314213505e+02 1.106450894734567100e+03 -7.796438708707576382e+01 -1.458836760046524432e+02 -5.319505716565828379e+02 9.963067892269386050e+00 1.461385001137608413e+02 -3.419524236107096158e+02 -6.901205402121807708e+01 -1.414862374861591547e+02 -7.898995258054789019e+02
-1.302574192456281708e+04 8.469806698295926253e+03 -5.494574584381344948e+02 4.544226990980340634e+04 -5.167600743651266384e+03 -3.646868511180160567e+03 -3.708722854173186079e+02 4.436780654845096251e+03 1.392741412873928994e+03 9.936633679690745566e+02 -2.496328043645735761e+03 -9.798052935037776479e+02 3.146709324798245575e+02 1.438697965353941072e+03 -1.435622019465535459e+03 2.202190680293285823e+03 -2.590363848150352624e+03 -1.190741622266238437e+03 -4.522564905030800446e+02 1.991946721502805246e+02
8.618743481693260264e+02 6.792681860413013055e+03 1.057533637943882059e+04 1.423089944747046138e+04 -3.236818634010291589e+03 -2.383797532904206491e+03 3.924468869881164892e+02 -2.402925879083616746e+04 -3.791848338299179431e+03 8.754978719825647886e+02 -1.725903162844978624e+03 2.311978353515246909e+03 -9.182400762312353137e+00 -1.018601245738255443e+03 1.242432689495693012e+03 -9.324500485375100425e+02 1.248034056803925296e+03 2.595915425864141071e+02 1.014399033683822609e+02 3.180600492873187250e+03
-2.139282583514061480e+04 1.669250433376318324e+04 2.858990243256326357e+04 5.493242325921494194e+04 9.489859459523055193e+03 4.036891045099346084e+05 -2.181777798990034171e+03 2.346222866064402842e+04 -1.660655932559117791e+05 1.053476070377410360e+05 3.949592709240561817e+04 -2.283408038272349586e+04 1.219027679153638019e+03 2.697327306639864764e+04 3.204512716034813820e+03 -7.557266005306512852e+03 8.637278020521813232e+03 -6.729975041896844232e+03 2.127200691574783195e+04 1.187797289134248786e+03
-2.440514174565180292e+04 4.542869071134772821e+04 -9.434921015926014661e+03 -8.976456317037738700e+03 -9.886820629055536358e+01 4.687844294517561821e+02 -9.496989104986678285e+02 -4.019755553697843879e+02 8.040241982703842041e+02 2.436390028852640171e+03 -3.135748432576729556e+03 -1.157634862899472381e+02 -1.264826166007128094e+01 7.294427405337866048e+02 -9.186934302705055870e+02 4.571595279537683609e+02 -3.499676108490476736e+02 -3.291188818248395478e+02 -7.124112935816393133e+01 3.647018216640377091e+02
-1.634734480272500696e+04 1.689519701039140637e+04 3.100873103696448743e+04 2.601264623958627635e+04 2.110497511267174559e+05 -5.905270478579878727e+03 -4.248878554481485480e+03 -3.423451831658474475e+03 2.835954355154500718e+03 1.480972562610847035e+03 4.957891204323231591e+02 8.482351965876323447e+02 5.002372427578214911e+02 8.690897002965562024e+02 1.944527582295013701e+02 3.281772234728944113e+02 -4.003895635515268623e+02 8.425132268611481834e+01 -1.216642419325169158e+03 8.708482554572532308e+01
-3.390361032988087391e+04 7.461490853905177210e+04 1.565464070198635163e+05 6.688038500037605409e+05 9.269461209923577553e+04 7.429178814210163429e+06 -7.226347487304396054e+04 -6.452495208701075753e+05 2.697222315995696001e+06 -1.839428319571936736e+06 -9.099011106334049255e+05 4.952719504703676794e+05 -1.449154183666315657e+04 -1.352397542225514771e+06 -1.006791201424730825e+06 1.677897437323605482e+04 5.029670213864884863e+04 3.157114726211919697e+04 3.748489633779013529e+05 3.634773474928404903e+04
5.843897944695641854e+03 2.181806057122805578e+04 2.371255022930194173e+04 -3.807772538227310633e+03 -3.956822204251000130e+03 -6.222234278048786109e+02 -5.892746965760764579e+04 -2.915861067138227440e+02 9.950057789539340547e+02 1.446656338548253643e+03 -1.597247025982439027e+03 1.118897170678319071e+03 3.931710171145438153e+02 1.999450127747997612e+03 -4.276354390043001104e+02 5.208714335077780561e+03 3.180962161156081947e+03 5.454113160963170230e+02 -1.009656736318318963e+03 -4.883211261810638462e+02
-4.216268172905658503e+03 3.734047460145572586e+03 6.104381573402842150e+03 8.685101573047642887e+03 -1.810781171219160115e+03 -1.332611083640357720e+03 1.775989556728668731e+03 -8.859806524836369135e+03 -7.120220357039268038e+02 1.518734783526395404e+03 -2.101158987100639479e+03 3.555808211292359289e+01 -7.299988877647446195e+00 -2.533084230656903912e+02 1.447537832258853712e+02 1.740288116304837018e+01 -2.298422272755886286e+00 1.559930520846696709e+02 -8.400475483571686652e+01 -1.133121652023359275e+03
-3.081763912116778101e+03 1.079586172071061628e+04 1.739797616743162507e+04 -2.029947084607897750e+03 -6.976836682692118075e+02 -2.578795101661394824e+02 4.793007785797530232e+03 1.196639368802532545e+03 6.685216052789565992e+02 9.260853715092955554e+02 -2.370197323411370235e+03 -6.564138579471425601e+02 -7.350785829198665411e+00 9.803865362940665591e+02 -8.353295386052558342e+02 -3.293706613707404784e+01 2.332172340543466476e+02 1.083834877043141205e+02 -8.460168655550154426e+01 8.672372651043806968e+01
-5.569963073253937182e+04 4.000524081454399857e+04 -3.540128080195652728e+04 3.386319163456542447e+04 -2.646326352393198704e+03 -2.978421476435594741e+03 -1.702351305725791235e+02 1.327873263919393503e+04 5.935383108813371109e+03 -3.183994423268694845e+03 6.244542103277305614e+03 -1.249485013510049248e+04 -9.808736907070551752e+02 3.113819815720318729e+03 -3.199804087729558887e+03 -1.210436065684011055e+03 2.932243729220827390e+03 -1.852565111011800127e+03 4.739180552032481160e+02 9.570104494953679932e+02
-3.993089001276782801e+04 3.536312745921887836e+04 -2.271800235531409271e+04 -2.402634137363951595e+03 2.545134313946664861e+03 1.256045480171953159e+03 1.250306852013487742e+03 2.379929070845266779e+03 -3.136573960970882035e+04 -4.034984766596817644e+04 -1.592845120042529925e+04 -4.280027591933932854e+03 2.029576433875516159e+03 2.976339355401359626e+03 2.011844822498239637e+03 -1.516983555006996312e+03 -3.040463137805521910e+03 -3.308109494310948548e+02 -1.077892947251330042e+03 -1.889756226920581184e+03
-2.436483802557143645e+04 3.267222865612317401e+04 5.467944334848033031e+04 1.238246704467444943e+05 1.038165300575338370e+04 1.018446762935484643e+06 2.280250249014074143e+03 2.519107005407495762e+03 -1.155913174114106514e+05 1.060326528952555527e+05 5.682785977506061317e+04 -3.723477255232878815e+04 1.025845527575876986e+03 1.409752744410783635e+05 1.026381412046951154e+05 1.205873104956819816e+03 -1.100631420144206277e+04 2.008147975374210091e+03 -5.913037358805486292e+04 -4.723609915800651834e+03
-4.041682704772891157e+04 3.790480861416200059e+04 -2.695958532765179916e+04 1.906615754994965755e+04 -1.255892572666806018e+03 -1.060734797819115329e+03 1.215485852177157994e+03 1.776780513156793313e+04 -5.714778355135887722e+01 1.361142969201207734e+03 -5.585714397539827587e+03 3.066150245850925785e+04 7.676294154338782391e+03 3.442297488822471792e+02 1.037962450487858769e+04 -3.177315815596893117e+03 1.893264721702515772e+03 7.107640676549087402e+03 3.720064091195793480e+03 -3.002592297900991980e+02
-8.267888401814938334e+03 1.212246070636152581e+04 1.945404198363325850e+04 6.779495573866299765e+02 -9.838299149033251751e+02 -4.177171357135156313e+02 1.470135224901211132e+03 2.022843482776729616e+03 -4.758650232232469079e+02 -5.677521719015793678e+03 1.122342183704787749e+04 2.782978414519618127e+03 1.451467214749310415e+02 -4.466631441976736028e+02 6.152383468965618363e+01 -4.126973326822222816e+02 -1.352606563899265666e+03 -2.602172466681687979e+02 5.567834834365869483e+02 -1.061401708418077760e+03
-1.160239543474899983e+04 8.700414049155691828e+03 1.234942432227224162e+04 3.440613514322626543e+03 -6.855066973607765703e+02 -1.694518044822633556e+02 1.237787738948233709e+03 3.927384918491603912e+03 3.886749038893017314e+02 -6.377714366411033780e+02 7.874980778097722123e+02 -5.754724190821483717e+03 -9.631623939662388239e+02 -1.446163416816110112e+04 1.230811248553522455e+04 3.359561837332642426e+03 -5.802828863819921708e+02 1.218568698106129347e+02 1.124176236308730722e+03 3.217534075407489809e+02
-4.332376167140884354e+04 4.873417784566304908e+04 -1.491819379816078981e+04 1.183625997982947010e+05 3.774330498322490166e+04 3.272267325405126940e+03 -6.657788197464812583e+03 1.238686921783806029e+05 -1.073264803249460820e+05 -3.239254324847713360e+04 -1.485637644755731453e+05 4.946661070626931614e+05 -2.562450987102032639e+06 7.993945496745551645e+04 8.424003479697836156e+04 3.541244295918357238e+04 9.498511284400306977e+03 -2.362886442389662261e+04 3.937337699184878875e+04 -6.968172246985540551e+04
-2.373232634113857421e+04 2.545174517646177628e+04 3.145445566317757766e+04 5.969730220815590292e+04 4.837175127612522374e+03 9.214874778745055664e+04 -1.965769748217116785e+03 8.140936949441189063e+04 -2.641993632214411628e+05 1.407047412161123357e+05 6.379595859571190522e+04 4.619150342207750509e+04 -7.675535307237159941e+03 -2.252513094446283649e+05 -2.413851140647819557e+05 4.192379119557025842e+04 -6.441544747658091364e+04 7.681706582806195365e+04 -2.059616906220752280e+05 -7.920421285768095913e+03
-4.839738572252151789e+04 -1.513308190394907251e+04 6.409942226450532416e+02 -1.252731770495377077e+03 2.195181832320918147e+02 2.805962148393161897e+02 -9.244371693894797772e+02 2.883915304759067112e+03 -1.591441021953684685e+04 -2.506161324020594111e+04 -1.209236609181680979e+04 -3.700644103081533103e+03 1.061877509808283321e+03 5.791360857516984652e+03 3.362777438544843335e+03 4.701169868639892229e+03 9.593807499550662214e+02 -8.868475434455411914e+02 -4.769309988883739607e+03 2.743292296936513139e+02
-9.045574359854301292e+03 2.509472781560665226e+03 6.052602049672834710e+02 8.564211321167173082e+03 -5.749691222825025534e+02 -1.042737895624301245e+03 -5.479558260491886585e+02 2.337874444150977070e+03 2.716819043223619701e+03 -5.838273971440329660e+03 9.895888114277091518e+03 -2.375673958914054674e+04 -4.361648984331933207e+03 -3.282483414749741769e+03 -9.360360308197105041e+02 -2.595746211705441601e+04 3.979367801747011254e+04 2.336766508746085674e+04 -3.981866910769649621e+03 -2.856470254596074483e+03
-1.610941073560614313e+04 1.156123069481412131e+04 1.573583417761863711e+04 5.837334400462806116e+03 2.326162199564836897e+01 1.650356198031033637e+04 -4.068037780515421673e+03 1.035661891079437555e+04 -3.729946746071983216e+04 1.404683879832789353e+04 1.710821710588714495e+03 -1.469335473076033622e+03 -5.597787596941033144e+02 -2.283082617523991212e+04 -2.645860809259167581e+04 -1.277880213074027779e+03 1.312436667495430584e+03 -6.498096393245606350e+01 3.873039812661753331e+03 4.163829232774905336e+02
-4.845963014898239635e+04 -1.541570544048269039e+04 9.484239234665997742e+01 -1.433326655135140300e+03 3.801555477882268264e+01 1.424529441474404337e+02 -7.656487647675451171e+02 1.711225375156304835e+03 3.725176719076168297e+02 -3.168186584693014538e+02 5.590535728672609821e+02 1.677176792397174836e+02 -4.114007897165316763e+02 3.639853548981849372e+02 -1.299490310205508479e+02 -2.736757961005950506e+02 2.945139405312568215e+02 -6.726279036900567689e+02 2.380974075089480664e+02 2.133488693548830270e+04
-4.679770990793898818e+04 1.215091367005377469e+04 -1.520415546602802351e+04 1.343445135677665530e+04 4.547817147043622867e+02 -1.254920919419478338e+02 -8.076833067681865259e+02 1.634449518992396224e+04 -9.798865599246739293e+03 -1.063435613024535269e+04 -9.655854007901918521e+03 4.640001193447296828e+04 -3.351305652708171983e+05 1.387256927966909097e+04 9.702717371192869905e+03 -1.708779389661585810e+02 1.221205099208779575e+04 -3.601216893248256838e+03 1.025727638613317686e+04 9.702828519210299874e+02
-3.770983126473466837e+04 5.487385780222576614e+03 1.397230955163091676e+04 2.078126879706950422e+04 7.888132223667610560e+03 5.041418500662119914e+04 -7.442846384545428009e+02 4.519229222614926402e+04 -1.758634299516984902e+05 8.380269460526382318e+04 2.220801421463676525e+04 2.007865925857896218e+04 1.205491776937907707e+04 -3.255078927226952510e+05 -2.339856602635043964e+05 -4.201601559623531066e+05 7.102285857723297086e+05 -2.104463607909047045e+06 -2.177633794808288221e+05 5.090580878107423814e+03
-2.008164473873664974e+04 1.065318417374776254e+04 2.187360493528798906e+04 -7.381991078603184064e+01 3.033976620498945977e+03 1.452039294904301278e+04 6.625918599139168919e+02 1.241005893952092811e+04 -3.115219639748885675e+04 1.961880453184946600e+04 6.220639219143579339e+02 1.733026325255064512e+04 5.449697202674370601e+03 -2.937888059338344101e+04 9.184822626617113201e+03 -4.528774490624743339e+04 7.178472883193225425e+04 -1.147727399002359161e+05 -2.037921652213393827e+04 -1.197501305758579520e+03
-3.937153958005669847e+04 9.400567375560969595e+03 2.847170868239002084e+04 -7.704187854615644937e+03 -4.774978464673319650e+03 6.019810164568498294e+02 -9.283654984462929133e+04 9.804378563949623640e+03 -1.180067871268931049e+04 -9.444628457886305114e+03 -3.087097540681488681e+04 -2.959314100704528755e+04 -1.036357618702884065e+04 -4.091347559392800031e+04 4.181658393500300735e+04 -5.402395853004804812e+05 -4.130519698641551659e+05 -2.224136468164364123e+04 -2.088010960122931283e+04 2.494672799212529208e+04
-4.602943147526719258e+04 -1.264689863789240917e+04 3.977983541881245856e+03 -4.699698354103416875e+01 -4.530022228453654520e+02 -1.513452401315360021e+02 -8.306502588745566754e+03 2.768450996686508006e+03 -2.053515310426852011e+03 -3.485854513877725822e+03 -5.982718044148910849e+03 -6.529510876289482439e+03 -1.815652155286428751e+03 -4.565033017427120285e+03 5.397040189435899265e+03 -3.505207940036319633e+04 -2.350753317250120745e+04 -1.858441280671967775e+02 -7.520672148716734000e+02 2.543486747477951724e+02
-3.588511178484796346e+03 1.532201509278860794e+04 2.234440803012145625e+04 -3.052259799398099403e+03 -9.929498561496934599e+02 -2.829912787627494026e+02 1.504208206515951815e+03 2.076877185912539517e+03 8.747096412838276365e+02 1.123629002047247695e+03 -2.807333694907742029e+03 -7.214067715720364049e+02 -5.005209232725294832e+00 7.733476861439570484e+02 -7.163555831529853322e+02 6.492281836724770017e+01 2.040678947845582627e+02 -7.817599674805141063e+00 1.152635151776969025e+02 8.295482747927161427e+01
-2.934984718489590887e+04 3.529005710724370147e+04 -3.879417226382004174e+03 2.623539799578598104e+04 -2.117943156101464865e+03 1.142999349611210846e+03 3.379084131779644395e+03 4.211164994506248331e+04 -2.047671812007623521e+04 1.973260644185449564e+03 -3.474730530785872543e+04 1.360140843644625857e+05 2.927954929274404640e+04 -1.380848875477679212e+04 5.531747340678847104e+04 -5.499332642076654884e+04 6.981986002754281799e+04 2.113884719025416416e+04 3.440113136621357171e+03 -4.255554858777675690e+03
-7.111197277660261534e+03 1.671613074717771451e+04 2.602109262061930713e+04 1.310054089593108984e+04 7.365534336439304752e+03 1.370746437451006495e+05 1.172620556274542650e+03 1.061552744165450349e+04 -8.422719176823231101e+04 7.104301355158185470e+04 2.854730283107776995e+04 -3.038438444722905842e+04 8.256222786621430032e+02 7.471807996751840983e+04 7.327942644449393265e+04 9.231895531006850888e+02 1.069634190199608383e+03 -5.937606871569457326e+03 -9.532356437714999629e+03 9.137684147351307047e+02
-4.673913713979131717e+04 -8.853704084947181400e+03 -1.324565717245835685e+03 2.174307085133191140e+04 -2.102600165915474463e+03 -2.011175907480982687e+03 -3.624408771151230667e+03 1.541652334835160400e+04 5.487938217911870197e+03 -2.391375712818432476e+03 2.051586932961602542e+03 -2.509506597473141483e+03 3.774468334439976388e+03 5.162799853388232805e+03 1.707006349575900913e+03 1.643605523803813412e+04 -2.328701136595157368e+04 -5.592925736830999813e+04 4.844322060885660903e+04 -1.025449494974027948e+04
-2.188720638574317491e+04 1.059241400413203337e+04 2.038235173054236657e+04 1.070193685679009604e+03 2.980372296831242238e+02 5.426398347164040388e+03 9.807530587024212991e+02 1.513648240063977391e+04 -3.310712545823999244e+04 6.404356264205569460e+03 6.070649570346965447e+03 2.212927586896738649e+04 2.720696677117901345e+03 -7.061930946635431610e+04 -1.077249770298189287e+04 -2.974411617955129623e+04 3.031431920450131292e+04 8.639082772654805740e+04 2.669608991490132175e+05 4.358330732482955341e+02
-8.929048020983114839e+03 1.674665142567621660e+04 2.577719245288386082e+04 6.106456794372955983e+02 -2.040703489948970855e+03 -7.519307466800217981e+02 -3.325275077359709940e+03 -5.048284382923007456e+02 -9.427973019476261243e+02 -8.868039238719436980e+03 1.807312739636528931e+04 5.866331509188390555e+03 3.452446228958815482e+02 5.017657828447661359e+02 -3.391873741643108247e+02 -7.504238932577449361e+01 -1.591029371104986012e+03 -5.296801461821530665e+02 8.300947927413129719e+02 -7.082235341158677784e+02
-2.643763552898166745e+04 3.733526593055090052e+04 6.763889405942482699e+04 1.420863090887261205e+05 4.313969502724552149e+04 1.271015833814267302e+06 -1.308669935687625548e+04 9.499174306960003742e+04 -1.141569845409028232e+06 9.370813689726606244e+05 4.408323173746695393e+05 -4.719446091059840401e+05 1.800154699702349899e+04 1.400029016413799254e+06 1.067892005748613970e+06 -4.399176234783912514e+04 -1.709472291622325429e+04 1.811669281306827033e+05 1.144675960023254156e+06 7.039145206546309055e+04
-1.565431860897010483e+04 1.021999815884061718e+04 1.179740651223026725e+04 2.346213713229607038e+03 -1.086107606658901659e+03 -5.599716063191060584e+02 -1.399614024867304943e+04 2.952116945742138341e+03 -1.992692129882280824e+03 -2.888164469709503919e+03 -7.301874075604537211e+03 -7.402089494802120498e+03 -1.869880277507742676e+03 -5.547891574685118030e+03 6.114283808092419349e+03 -3.519455290090429480e+04 -2.378787923844265242e+04 -1.162953781752269435e+02 -6.242019605014399986e+02 -2.981934544794703470e+02
-1.335784412477532715e+04 5.392653224570921338e+03 2.971616937562580915e+03 1.905387220489508400e+04 -2.967550780421677700e+03 -2.583561633666754005e+03 7.440411009900009276e+02 -2.025390919334140199e+04 -1.802770929451634402e+03 4.385586316204738068e+03 -5.493329614280697569e+03 -1.757388606066574312e+03 4.256477700449544841e+02 -5.472627718535206441e+03 5.260608814052413436e+03 2.075946158333256335e+03 -5.314070374452279793e+03 -3.959156515725744157e+03 6.026868224275362991e+03 -8.006412039263303450e+04
-6.118336392702911326e+03 1.452206687512630197e+04 2.340050961585958430e+04 1.199350341036895998e+03 -1.123241511912966871e+03 2.269370024592397021e+04 5.795489780464055912e+03 3.888810507206579132e+03 -1.023432068559430445e+04 6.493218951238086447e+03 1.208137926587759284e+04 -1.161099909373802802e+03 -9.477187574415289362e+01 8.841339043272515482e+03 3.430627229176386209e+03 2.299591145979504290e+03 -5.724401449383263753e+03 5.060910923070790886e+03 -2.027118132546699781e+04 -2.315717861225049546e+03
-2.498077186318731401e+04 2.631406486892719113e+04 1.344071925778906370e+04 2.127311319339059992e+04 4.416544705451138725e+04 1.061912859416343563e+05 -1.723220074456118891e+04 4.577454139849750209e+04 -3.619698877772307605e+05 6.661055775790552434e+04 -7.400150531655300256e+03 -4.627292921978038066e+04 9.580569618015855667e+03 -1.375425073673045263e+05 -2.645146302816238021e+05 -3.758171222240931093e+04 5.122431712113193498e+04 8.928945180183404591e+04 7.115093977176988265e+05 2.303182656337289154e+04
-1.552396691043267128e+04 1.080013879021685534e+04 -1.648830107911379855e+03 6.505497064710108680e+04 -7.246256193835607519e+03 -3.143192423801215682e+03 -6.316576946728864641e+02 1.243811583989667088e+04 -3.826850850155877310e+02 4.133500772668001446e+03 -6.374227345743017395e+03 6.197406010196174066e+03 -2.779058082676398840e+02 1.619107628244687021e+03 -3.505084290131286252e+03 3.868766447729166430e+03 -4.569262415518821399e+03 1.027435984953263642e+03 -3.399540463021725827e+03 5.888700492325097002e+02
-1.088619993337642154e+04 1.317526386142097181e+04 2.117236603755645046e+04 4.041711014244255239e+03 -5.259441840792405856e+02 6.075108892591435506e+03 3.246665308080391696e+03 1.386471470263610536e+04 -1.657775357397400148e+04 1.271832615328547035e+04 8.999109552614088898e+03 -3.711002903894228075e+04 -5.679937055062571744e+03 -1.089361498368091852e+05 1.247252232001723023e+05 5.592142791276628122e+04 -1.657627994533283345e+04 7.314047632459645683e+03 -4.732871350326958236e+03 1.832988135824754499e+04
2.479180609792249015e+03 8.092827026570278576e+03 9.755691841053829194e+03 4.799563501611052061e+02 -1.808183117297393892e+03 -5.374153251542574026e+02 -3.550523182467023435e+04 5.575254559618268786e+02 1.048446239835922370e+03 1.990892256165292110e+03 -3.451365060166642706e+03 -1.356755796396095775e+03 8.591772869752273323e+01 8.182697297552275586e+02 1.234885241384299945e+02 4.193803990687368241e+03 3.693827712137091112e+03 8.931724249944691110e+02 -9.598941001522515535e+02 -1.272934370411390773e+03
-2.842767259713615204e+04 2.202014085835574588e+04 3.843850937847622845e+04 7.641800695434909721e+04 1.117293570292627555e+04 6.334007054948603036e+05 -4.970070654650668985e+03 2.720895716834238556e+04 -2.369213658322297852e+05 1.868259611715359206e+05 7.949962123087608779e+04 -5.694504358258752472e+04 4.380868397780793202e+03 1.720011899493260134e+05 1.408766360940266750e+05 -2.195443329025532148e+04 2.607153405276193007e+04 -4.738818130631583335e+04 -1.505359664749407420e+04 -4.956394663383769625e+02
-2.097719425829525062e+04 1.538272545038227145e+04 1.996648400694916927e+04 3.390645432578430336e+04 3.557294073033769109e+03 3.971375432950703544e+04 -2.115957669792243905e+03 3.929972191705018486e+04 -1.193463136492548801e+05 6.140249945144987578e+04 1.971942666546232431e+04 2.132686746441182186e+04 -2.722372889536241473e+03 -9.907679655180253030e+04 -1.031745812954280264e+05 1.028798539607305611e+04 -1.515388858936903125e+04 1.665394749965050869e+04 -6.786274329289338493e+04 -1.751372421477234639e+03
-1.563360480309106060e+04 1.496085156551234104e+04 2.630129647140495581e+04 1.984905078287511060e+04 1.560511772892936715e+05 -4.772554956539533123e+03 -2.810459811534921755e+03 -2.046563993186940934e+03 2.250597081058774165e+03 4.850003028675899941e+01 1.465705627972968443e+02 2.751122740204709203e+02 2.155494045568246975e+02 5.696760930554860352e+02 3.653821015610341192e+02 5.708977152275089395e+01 -6.906811676006019241e+01 -7.912500867548280326e+01 -2.077771860339607883e+02 -9.281570467278571712e+00
-2.587087243678577579e+04 4.401939553404067556e+04 7.439723737115232507e+04 1.665405171341740352e+05 1.346735590380586291e+04 1.451166014084067661e+06 1.121746926158435372e+03 -2.245878459565848971e+04 -2.119038007077644579e+03 3.324608669815990288e+04 3.518750523898276879e+04 -1.474051988018895099e+04 -3.456414662055777143e+01 9.615888609420612920e+04 6.239742792682105210e+04 7.992900490427906334e+03 -2.272365976005639459e+04 1.633023048959229345e+04 -9.121377017570519820e+04 -8.308793646160602293e+03
-1.912645113905147446e+04 1.225837126030542095e+04 1.381862076524587064e+04 4.760217744192044847e+03 -1.107958462753542108e+03 -7.802807962814534903e+02 -9.370676761060465651e+03 7.071206101350441713e+03 2.711722400078584087e+03 -1.238486058880385826e+03 -5.322007494184194911e+02 -1.466592988702487855e+04 -1.753861263362790851e+03 -3.316952670212103385e+03 1.223180667506828740e+03 -9.238957036733163477e+03 1.340197704226849419e+04 5.463368042647185575e+03 1.919048020140759036e+03 -5.383712528571330722e+02
-4.589368464421355748e+04 -1.203300022316408831e+04 6.078931012906599790e+03 6.449570804826877065e+03 6.258107180087365123e+04 -1.690336489392046133e+03 -2.466131763986878468e+03 -5.761857160954552910e+02 2.130652173283456818e+01 -9.065215702016053001e+02 -4.412910171075057519e+02 3.337734950169694343e+02 -1.240196484897655438e+02 5.811739553175123092e+02 -3.358678130788852627e+02 1.142204032571900001e+02 8.788563715340113447e+01 3.897369094780199816e+01 5.515875041685844735e+02 4.181866744270756726e+02
-2.424039997009714352e+04 2.715084858703884311e+04 3.041406667360720803e+03 9.432872077205704045e+03 2.966303850719489492e+04 4.624266314033474191e+04 -4.607289175961780529e+03 1.834351664236438955e+04 -1.363044110741724144e+05 1.357902972422608400e+04 -7.157924429253557719e+03 -1.322187335385433835e+04 3.713515098313133876e+03 -4.901170602111814515e+04 -8.799783809592081525e+04 -1.096932652225889615e+04 1.529584821315523550e+04 2.705060439367658910e+04 2.106171388400908618e+05 6.423193021979446712e+03
-6.004310099900321075e+04 7.924774937782021880e+03 -1.879595546770532383e+04 3.459084938122648600e+04 -3.038164780978526778e+03 -3.081554530313554551e+03 -1.447213723318192251e+03 1.421778993527487364e+04 5.428978387274916713e+03 -3.844846539698084598e+03 5.391615673650050667e+03 -1.182534461357725922e+04 -7.795174690631928343e+02 3.367408728690927546e+03 -2.963292885691935680e+03 -1.366442033770576245e+03 3.314517182779105497e+03 -1.564497486883803958e+03 6.007775587042713141e+02 1.009665157070188457e+03
-4.604627741940411943e+04 -1.259906075228155714e+04 4.576054832466074004e+03 1.937791861520115390e+03 4.289908033490660273e+02 1.602205318481283030e+04 -3.010843108189032591e+03 8.336419234093516934e+03 -3.707189018879443756e+04 1.345619431214451470e+04 2.521004675497531480e+03 -1.771540826357301739e+03 -5.522307809826711491e+02 -2.169653438903723509e+04 -2.672028257042164842e+04 -1.423384993807663477e+03 1.885098753698848668e+03 -5.605461733229213905e+02 4.342865661380818892e+03 9.581481931211825440e+02
-4.161313609180256753e+04 4.485833937187746051e+04 -2.857399822060958104e+04 7.342522059856487613e+04 -7.147547635326703130e+03 3.787462652981036513e+02 7.165916196461229219e+02 3.945571135009588761e+04 -5.615497919158733566e+03 1.074772644658362333e+04 -1.791488276287733970e+04 5.279061122559754585e+04 6.456094998618345016e+03 7.608573222836162131e+02 4.821134528279585538e+03 2.517853316918646669e+03 -5.197553683742189605e+03 1.329530895538381446e+04 -4.473857509560350991e+03 9.885516550589499047e+02
-4.142454675950141245e+04 3.523850570149484702e+04 -2.515506530893176750e+04 -4.466433699781152427e+03 3.209028064838177670e+03 1.699567357136365217e+03 1.763476369302904459e+03 4.092785316881571816e+03 -4.750326482840349490e+04 -6.440203181907712860e+04 -2.928720186911208657e+04 -7.725173647918448296e+03 3.226093495274218640e+03 8.890972319773056370e+03 5.042511881140102560e+03 6.726269444693120931e+03 6.023368736693599885e+02 -1.096511664455956407e+03 -5.759330611979779860e+03 -1.424599122030882199e+03
-2.495503338097984306e+04 4.978341862127539935e+04 -8.772005729088610678e+03 -1.029250326635031161e+04 -3.590788936276451295e+02 5.669130386735946558e+02 -6.580052314899134217e+03 1.747553721445451345e+02 9.444836398762504359e+02 3.164837111433563223e+03 -4.501207540642175445e+03 -4.575987187217741621e+02 -9.688441538285037069e+00 7.431672180486283423e+02 -9.337439787037185397e+02 5.749558859100836798e+02 -3.733270965858126829e+02 -3.449477181839696982e+02 -1.548607130866228090e+02 3.356772538441260849e+02
-9.843307320177797010e+03 1.166186289605328056e+04 1.767970225043985556e+04 1.685410687289911039e+03 -7.076211380190377440e+02 1.744838262080919833e+02 5.757277790613668458e+02 4.387845446995751445e+03 2.395053836119574271e+02 -4.608480149001330233e+02 5.896814175976156776e+02 -5.038019108434585178e+03 -8.839071529157976101e+02 -1.475674369916136857e+04 1.217133225016368306e+04 3.706894491732006372e+03 -9.552155271806618657e+02 9.700722442631982290e+01 1.041468052243660850e+03 2.885758971491937359e+02
-4.102469543119076661e+03 1.767677691922178201e+04 2.547833227705197714e+04 -2.973524199897609378e+03 -1.525447468684735668e+03 -4.731720369876546783e+02 -1.131542343344418441e+03 5.386136230917581997e+02 5.769910793663055983e+02 -7.457621281053454823e+02 1.216947041382486077e+03 1.088793007951766867e+03 1.134399444177998646e+02 1.336106805392585329e+03 -9.616462137331312761e+02 2.701518872057647513e+02 5.873489217699776788e+01 -1.649157523183392016e+02 2.716263161363742142e+02 3.044181088511069220e+02
-6.590779916431462880e+03 6.614137698002751677e+03 9.158483927634566498e+03 1.646361062012261755e+04 -2.816141118056957566e+03 -2.425423981137371356e+03 5.457053584566785958e+02 -2.038842861450740020e+04 -3.235205230669378579e+03 2.444704539193362962e+03 -6.070202600591824194e+03 -3.804680637561153617e+03 -5.471593869261357668e+02 -7.512098922467744160e+03 6.021510406545688056e+03 -3.622493894049004666e+03 1.943897882410014518e+03 3.584948257398009900e+03 1.020554776040482011e+03 -1.181593545244229426e+04
3.746973160122688114e+03 2.652317954581521553e+04 2.346029159606683606e+04 -6.646511466511172330e+03 -4.183702214710055159e+03 -1.169805102144090512e+02 -7.641903516135504469e+04 4.097604150077601844e+03 1.974543662456343782e+03 7.117420238977971167e+03 -1.312492838026994832e+04 -3.537538239449903358e+03 1.718887399583472586e+02 1.194608219258948338e+03 -1.170364369711317778e+02 5.174013177668914977e+03 3.447529355432905049e+03 8.582267939536390031e+02 -1.714933119850374169e+03 -9.714949353375645842e+02
-4.170324232268446212e+04 3.592800288983647624e+04 -2.631111025582168440e+04 -5.215194680268989941e+03 9.961860748760464048e+02 5.561228440108310451e+02 1.341938083209331353e+03 -4.304916567621630747e+02 4.213094467389594797e+02 1.276632886864748002e+02 1.716021576201648713e+03 -2.214880664581806684e+02 -6.278360627224360542e+02 -2.600806059232396592e+02 -5.757933517513069432e+01 -2.423856012809914375e+02 -3.644378215321172121e+01 -8.380023343760741454e+02 1.149647840141556259e+02 2.120631091592619487e+04
-4.230074632648596162e+04 3.173283367173568331e+04 -1.181595865101451818e+04 7.022798172212296049e+04 3.528531896716216579e+03 7.898680008489934153e+03 -5.763680276387690355e+03 7.020235113786105649e+04 -8.040181862613800331e+04 -3.238103336256204420e+04 -8.247568561438926554e+04 2.313521132912283356e+05 -1.214324406624735100e+06 3.285774123662659258e+04 3.262960412621330761e+04 7.592509437942585464e+03 -2.003601040810386849e+03 -9.984261045926943552e+03 1.619860374059043897e+04 -3.105760709461279839e+04
-2.118757366878202811e+04 1.468986780439260474e+04 1.547315440863211734e+04 1.054141676556118000e+04 -1.944459973832827700e+03 -1.400137386644369826e+03 -6.853461577969926566e+02 5.419184937573195384e+03 1.338215074515905371e+03 -8.791026259991351253e+03 1.699917502710560439e+04 -2.074159779617765707e+03 -5.883378923542276198e+02 6.293662572962272179e+02 -9.761769742641661196e+02 -2.021009470704753767e+03 1.532261654042168402e+03 -2.948807193239131834e+02 8.043154155002594052e+02 -7.065860935716042377e+02
-1.641608874086479409e+04 1.781503969921320459e+04 3.391932557508655736e+04 3.004647648016687162e+04 2.499917312753506121e+05 -6.692097632385709403e+03 -5.099177230338958907e+03 -4.633045393007048915e+03 3.300533643941050286e+03 2.482476980786641889e+03 7.369656543700308475e+02 1.217177745181498267e+03 7.091833332843808648e+02 1.185158462462908801e+03 1.749086552626279172e+02 3.980901744452095841e+02 -4.526640136990729388e+02 5.478677905212877874e+01 -1.976800365014091767e+03 1.416439360140808787e+02
1.020414119817597566e+04 1.827118255951869514e+03 2.578017258799264255e+03 6.099677361434809200e+02 -1.558317153534177351e+02 -1.446071068172855405e+02 -1.095712575517850155e+03 6.946127096710705473e+01 -5.538277160630137530e+00 9.279283576779508991e+00 -1.604496791496430319e+02 -1.540372208770763223e+02 -1.172426864024603788e+01 -5.217434830459890236e+02 3.836291105050475494e+02 -1.143506120665588099e+02 7.294047955611101486e+01 1.103911014445182275e+02 1.895223703066588428e+02 -4.540301203375191790e+02
-2.206268620267188453e+04 8.953939049667795189e+03 -4.398596729063121529e+03 5.095523176143453020e+04 -5.519908631652031545e+03 -4.071834128464380683e+03 -7.937303766425449112e+02 7.347885213589450359e+03 2.732469366813310899e+03 -4.237594483470628575e+02 7.821305010633378174e+01 -5.823454090807637840e+03 -5.875482389265414440e+02 2.076097955682063912e+03 -2.545076376290240205e+03 4.930652256861142746e+02 3.882500284258941292e+02 -6.410620791745793667e+02 -7.652312560868930404e+02 4.872844826403656384e+02
-5.423374607354367072e+03 1.168487539857067168e+04 1.589928511810668715e+04 1.564913971432549442e+04 -4.051249499242670481e+03 -2.746406155169599970e+03 -4.595695117225022841e+03 -2.484931213847187973e+04 -3.942207792332593272e+03 -1.539793072276702333e+03 3.316242549050443813e+03 3.908453936752505342e+03 8.021443660224367989e+01 -7.290082562536065325e+02 1.204808026440697404e+03 -8.088318250056573788e+02 1.184070174017167801e+03 4.867548432460854002e+01 4.112291477346306579e+02 3.358444862896001723e+03
-5.546119298651985446e+04 3.804472669580615184e+04 -3.275563738231145180e+04 1.625516144212416293e+04 -7.987058034341428083e+02 -1.416083918428052584e+03 9.379621780746411730e+01 7.096371587050633934e+03 4.055630058253591869e+03 -2.334524437464613129e+03 6.265412748652393020e+03 -9.276827293513179029e+03 -1.143420311903015772e+03 1.063000791825436181e+03 -1.496643316399691912e+03 -2.072633125466175443e+03 3.644683421991551768e+03 -7.076062114956390587e+02 6.102212604987062150e+02 1.081607420375244857e+02
-1.339752381781361146e+04 1.327797225628455271e+04 1.208748544871374907e+04 -8.881577422729709497e+02 2.377364848637561465e+02 1.833600405243359432e+02 -9.493393458987072790e+02 3.448109923725751742e+03 -1.551679563140523169e+04 -2.148782598569553738e+04 -1.192581942077552048e+04 -5.058480937936048576e+03 7.080689021378241250e+02 2.818636222492697925e+03 4.123123432982388294e+03 1.861969841642380516e+03 1.073004737506422771e+03 -6.391688917106166627e+02 1.514953111474608249e+03 -2.987542774118921898e+03
-2.542838832798656586e+04 5.264082954806809721e+04 -2.684368950924755609e+03 -9.911764498937307508e+03 -1.291189551314585515e+03 2.046842529681122471e+02 -9.121786836740935541e+03 -2.571393265938972490e+03 4.099772573768665893e+02 -2.709009205547997112e+02 2.818807720223308934e+03 2.741186052826416471e+03 1.865625825101770090e+02 1.661661364965453913e+03 -1.336048989562995075e+03 8.616346333482265436e+02 -6.014066485284517967e+02 -5.997583515881731273e+02 1.387434570239625202e+02 6.961256146255440171e+02
-2.273987781075631210e+04 8.156292476346578042e+03 -4.363779462575376783e+03 4.341398610679116973e+04 -4.688412223149150122e+03 -4.242625889355421350e+03 -7.354465698968673451e+02 4.559143105251588167e+03 3.581055746932743659e+03 -1.896874141555981396e+03 2.110611540949906157e+03 -9.643362096473834754e+03 -6.347739426408187455e+02 2.056611321360008333e+03 -2.013186085437218708e+03 -6.555331723387357670e+02 1.996286644209124688e+03 -1.193893576015524786e+03 1.800589057160801190e+02 4.237932589216457586e+02
-2.130938889778809244e+04 2.024725584230927780e+04 2.429887475513185927e+04 4.738347676248026983e+04 1.455621381767653475e+04 5.508879087998624891e+04 -4.465444905055349409e+03 5.435053106258465414e+04 -1.698385153071232198e+05 8.943039060796951526e+04 3.332646412832969509e+04 2.898225803095066294e+04 -5.134241308324977581e+03 -1.448103949187922990e+05 -1.548359870387014234e+05 2.450459367245388421e+04 -3.651255650931109267e+04 4.378404419864970987e+04 -1.137178689429304213e+05 -3.364760011158657107e+03
-3.771315434967391047e+04 4.238908057711128640e+04 -2.853801297099385920e+04 3.704656502632443153e+04 -3.314501203949099818e+03 -2.502345855454220327e+03 9.126710452516171017e+02 2.366173676923341918e+04 1.533847844150578339e+03 1.434145722859728266e+03 -6.376811645720795241e+03 2.880700884749126271e+04 7.910478501275012604e+03 1.935974947744938163e+03 8.840564354322053987e+03 -1.975183679708217596e+03 7.030829980414177953e+02 6.221176710683871534e+03 3.433523332272582593e+03 2.010680806103792975e+02
-4.883475526724453084e+04 -1.574500662195101540e+04 -7.627507283322576370e+01 -1.406214522565381230e+03 -2.846740915880760170e+01 9.928268714086763680e+01 -3.909997004199820481e+02 -2.743925463387529717e+01 2.606481982496808882e+02 3.984559392581187467e+02 -1.730442681059449583e+01 3.524129323855244706e+02 6.698977832721668335e+01 1.303584125920638428e+02 -8.923704133845021147e+01 1.367720052252465734e+02 -4.614627263417852276e+01 7.544812473471675673e+01 -1.841896997810507486e+01 -6.504229166271690019e+02
-4.685513072666931112e+04 6.119643875016854872e+04 -9.191402291619480820e+03 1.844413702244467686e+03 -3.047666192524940016e+03 -3.599041456733235691e+02 -4.234561505712324288e+04 7.202996983034812729e+03 2.415859512510348850e+03 4.872073525530961888e+03 -8.480156204359827825e+03 -3.488204833301886083e+03 1.667143581434878854e+02 5.177382093268523704e+02 -1.587715229087074817e+02 1.586101756076240235e+03 -1.498495635986598245e+03 -1.543897456056973851e+03 2.635964408233783729e+02 1.672930959801960853e+03
-4.673057547320421872e+04 -1.330123731210838014e+04 3.041955185525939214e+03 1.500666408680052371e+02 -3.675614821615441770e+02 -1.483081015935028688e+02 -6.226915345604433242e+03 4.849528602887559828e+03 1.983583654158700710e+03 -6.980519144486839878e+02 -7.028730696866392691e+02 -1.148583089082352308e+04 -1.359306493465251606e+03 -2.795717192459385387e+03 9.385528488100652567e+02 -8.555801264765776068e+03 1.248342805998642689e+04 5.392874640072011971e+03 1.930658666241055698e+03 8.537323746823189197e+01
-3.885754238286244072e+04 3.844015346544401837e+04 -1.820402894868576914e+04 3.710542575426932672e+03 6.524432475835753576e+04 -3.876395604497004115e+02 -1.671777369203816988e+03 1.056917082525432761e+03 -3.129947152805522637e+04 -4.010621162932412699e+04 -1.809691994047061235e+04 -3.857216842723536502e+03 2.063647862063735374e+03 3.857529202163733771e+03 1.467494285133613403e+03 2.206912003982021815e+03 -3.207175426645682705e+02 -2.984997100814320561e+02 -3.287676974585270955e+02 -1.296538244802725330e+03
-3.974917303996800911e+04 2.992474114119260776e+04 7.071599825384917494e+04 2.119786576615697704e+05 2.921329843516815163e+04 2.260459814969441388e+06 -1.914860276708381571e+04 -1.197141876558182703e+05 3.777748173153723474e+05 -2.296517968083749874e+05 -1.297108764629842626e+05 6.304044928217919369e+04 5.534690031535938942e+03 -1.422523746465898002e+05 -6.509183787714028585e+04 -5.075145329514676996e+04 9.022648044844013930e+04 -1.260102463768135494e+05 5.543411406090674427e+04 7.031130045779574175e+03
-3.885188543786620721e+04 3.614554735393062583e+04 -1.928431437533532880e+04 -1.280410324934098298e+02 3.362278403425074430e+03 1.755579447067759611e+04 -2.080799369136946098e+03 1.022364857648575526e+04 -6.862281947477858921e+04 -2.563567161726557606e+04 -1.514341436542061820e+04 -5.569973965455727011e+03 1.649428191045172753e+03 -1.870035693211021862e+04 -2.507868034628783425e+04 7.861500935109968395e+02 1.263293472028774659e+03 -7.942321736600965778e+02 3.267838858233412338e+03 -7.707681745238853637e+02
-1.798842538146696825e+04 4.954870057952361094e+04 6.624427122062076523e+04 1.691498248945044761e+05 3.257345805549751822e+04 1.649393917458940065e+06 -4.989629612342580367e+04 -3.554240069386406685e+04 -9.466300144692294998e+04 2.129001645318601732e+04 -3.333268620656186977e+04 -5.057967760211412678e+04 6.858889694239965138e+03 2.927014878705757292e+04 -5.219288908171098592e+04 -2.847925344146874340e+04 3.904351533213146467e+04 4.968354969310510933e+04 5.149812770130569115e+05 2.295569178063119034e+04
-3.813125596937048158e+03 1.324414160405810253e+04 2.007722992925878498e+04 -2.483424642893572582e+03 -8.527589182067010825e+02 -2.908747474958349244e+02 3.046000644221849143e+03 1.417285264534172484e+03 7.242442602567920176e+02 7.913280019225504702e+02 -2.093890043842416162e+03 -4.842856665978456476e+02 5.145807498947717384e+00 9.287813602186191702e+02 -7.970909758798272833e+02 2.582227638818567783e+01 2.055448076144949425e+02 4.035889153944680885e+01 3.149553808062567839e+01 1.086748413181895927e+02
-1.172870517751531042e+04 7.562973755449928831e+03 4.906571458252491880e+02 3.733619246421525168e+04 -4.354255361730000914e+03 -3.565053893576521205e+03 -1.981533422863909948e+02 1.297044470402234310e+03 1.634170016366535719e+03 2.166064837305936521e+02 -1.509684684041069204e+03 -2.984686187897105810e+03 3.501419456606681138e+02 1.240777063767212894e+03 -8.884816023338648847e+02 1.507627003729562375e+03 -1.698201959976871876e+03 -1.496756026337857975e+03 1.588551474973144479e+02 1.283960253470884538e+02
-4.497560914768552902e+04 -1.201604209123886358e+04 5.309826484159038955e+03 1.043054283205260191e+02 -3.748424338867728238e+02 1.119628517855334167e+02 -1.248291171715571579e+02 3.567363206870639260e+03 2.175775992060211195e+02 -4.081280349976337902e+02 6.180110491064101552e+02 -4.960572751337494083e+03 -8.285484604035052598e+02 -1.363918249631086110e+04 1.185007122673222511e+04 3.586646625777939335e+03 -5.047427174203558025e+02 8.135508620338130470e+01 9.193478737572451109e+02 8.169647232449574403e+02
-1.894270785517898912e+04 6.540631890264965477e+03 1.557159931335724423e+03 1.868838140139327515e+04 -2.459556183587546002e+03 -2.232108080571212668e+03 3.848996668737142954e+02 -5.199789359182316730e+03 8.323457328955595358e+02 -8.151492470708434439e+02 1.606983372521176079e+03 -5.517361182343621294e+03 -7.978885063502203820e+02 1.365452932229250109e+02 -5.703897324223808027e+02 -1.661595225927448610e+03 2.848463361611407436e+03 2.309683219753233914e+02 4.458487490271931364e+00 -3.123119580691908581e+01
-1.834481402386965055e+04 2.085726787787984722e+04 2.095393070779656773e+04 1.959853397623811020e+02 -1.991521651852850027e+03 -1.038569788153738216e+02 -2.720182679270557492e+04 7.888756901854818352e+03 -4.328388694946450414e+03 -5.918123684632369987e+03 -1.065394277565031189e+04 -1.141233479259261730e+04 1.633343865848362384e+02 1.030628717697343518e+03 4.988074558228126989e+03 -2.048294649634780399e+03 6.015846664213514487e+03 7.781098520773895189e+02 -3.681744909296909100e+03 -4.182993037736167025e+03
-2.079872154026664066e+04 2.301262177311371488e+04 2.781233708410477993e+04 5.280752192131114862e+04 1.898121831730266422e+04 3.945801167727387510e+05 -8.629316190962386827e+03 4.870682226124389854e+04 -4.489198651543679298e+05 2.664641288210290950e+05 1.004053454014450544e+05 -1.278585670325097308e+05 8.105133357099221939e+03 2.505880785946081160e+05 1.227242857358850306e+05 -2.785124923055542240e+04 2.327273734393592167e+04 6.953022560114209773e+04 5.475016851465109503e+05 2.539773012891562030e+04
-1.796564183407655582e+04 1.416536463670041485e+04 9.573164648238633163e+03 5.271567534849915319e+03 -5.911500651686019410e+02 1.008822259990534036e+02 3.239996251780798048e+03 6.674103169258969501e+03 -1.769927287507920255e+03 1.205961761533652862e+03 1.323473009105641268e+03 1.499482221025775459e+02 -2.443610763422934178e+04 -2.893628392368378172e+03 1.219406926536243554e+04 -1.700304116570880797e+04 2.419280560340997545e+04 -5.141848025089805742e+04 -7.727279143571267923e+03 -1.330974776082315657e+04
