-4.938294080645090435e+04 -1.553377250762709991e+04 1.328471788468371528e+02 -1.208724279226717726e+03 -5.533974298478004528e+01 7.447473335153175356e+01 -3.973784522245461517e+02 -1.127078119383691579e+01 2.795798347529026273e+02 3.856709211265655313e+02 -8.250933108529714843e+00 2.695274374368412964e+02 5.680160215459967787e+01 1.203311262613261334e+02 -8.589026457346390941e+01 1.017852227388433732e+02 6.742838163559026654e+00 9.161477425837428257e+01 -1.383905270637925611e+01 -6.551366531183790585e+02
2.099516953713400653e+04 -3.093364704694578450e+03 -3.395692535204427259e+03 -4.312914836620521442e+02 1.632688026197752720e+02 9.576812257691351249e+01 -9.449600280651341677e+01 2.137859068282537578e+02 5.141685828031417493e+00 -4.420235061702754820e+01 1.123771369403966389e+02 4.006630320107285570e+01 4.025076644560063421e+00 8.525736949665251529e+00 -8.427321812719334559e+00 8.718392554902449021e+00 -3.282690032475998265e+01 -2.476360741192646842e+01 5.119356131717524683e+00 1.808562464475250708e+00
-3.822607153731246399e+03 1.334022721031191759e+04 2.018536755480343345e+04 -2.513100358458676055e+03 -8.548287785722958461e+02 -2.897807706434610964e+02 2.994749664061039766e+03 1.454606674068502571e+03 7.325545175083540244e+02 8.141149773779488896e+02 -2.143711337872008244e+03 -5.031207815755710158e+02 4.021633932490346730e+00 9.181448402676134037e+02 -7.919744027892777467e+02 2.627251756134489469e+01 2.063555827410817756e+02 3.847111276872665542e+01 3.614277840915771378e+01 1.070542397611784651e+02
-4.260948431411076308e+04 3.583855509581115621e+04 -2.622797651666525417e+04 -5.116649880567122636e+03 9.131961599864264372e+02 4.989456331225946428e+02 1.728144262842204398e+03 -2.218498231378158835e+03 3.045779122336502382e+02 8.541935419314213505e+02 1.106450894734566873e+03 -7.796438708707576382e+01 -1.458836760046524148e+02 -5.319505716565829516e+02 9.963067892269386050e+00 1.461385001137608413e+02 -3.419524236107096726e+02 -6.901205402121807708e+01 -1.414862374861591547e+02 -7.898995258054789019e+02
-1.584416244184460993e+04 1.073221235969767622e+04 -1.778066845640180873e+03 6.457677200089976395e+04 -7.185520311305467658e+03 -3.174705864544583164e+03 -6.389255616471764370e+02 1.227789627708350054e+04 -2.653979756918211592e+02 3.961617315120607145e+03 -6.122220089661694146e+03 5.723143375557574473e+03 -3.034850956988839812e+02 1.639173282363099815e+03 -3.487282220513875018e+03 3.725080804743451154e+03 -4.352248698141885143e+03 9.856392665166326879e+02 -3.319036184914991281e+03 5.899574114283998370e+02
-1.647305053727971972e+04 1.746456503427818461e+04 3.264841207009941354e+04 2.837607478542299577e+04 2.331496947451460874e+05 -6.368543462013867611e+03 -4.748292577293247632e+03 -4.077668205530621435e+03 3.137384743019154030e+03 2.014524435061107397e+03 6.365722347173233402e+02 1.030153511668393776e+03 6.139265895720309345e+02 1.080326754835357178e+03 2.049501247954402459e+02 3.645862257961531441e+02 -4.208535761931287311e+02 6.816353769887238911e+01 -1.625653456702136509e+03 1.232078337994027208e+02
-2.753953000344535394e+04 1.908906878098412562e+04 3.273458291356124755e+04 6.740633892385516083e+04 1.197264988265510874e+04 5.485150529152305098e+05 -2.614035287940643229e+03 3.359389723983936710e+04 -2.819707823241258739e+05 2.173147590577820665e+05 9.226860801131642074e+04 -7.110554609978874214e+04 4.545134097852877858e+03 2.033684527927056770e+05 1.619489154083482863e+05 -2.038358591701707701e+04 2.203899407034438991e+04 -3.334324669871352671e+04 2.825287137625792457e+04 2.544097928537469670e+03
-4.755490762037231434e+03 1.137023279507263578e+04 1.567093044095247205e+04 1.545513767286956318e+04 -4.012459410866487360e+03 -2.720670194895824807e+03 -4.237595422125531513e+03 -2.491932501435046652e+04 -3.960102805613046257e+03 -1.414758099003993721e+03 3.068366948617472644e+03 3.914081199856677358e+03 8.505362466368966068e+01 -7.151083923051263582e+02 1.191641423745023303e+03 -7.971519861795933366e+02 1.164023578357462839e+03 5.937075469734315902e+01 3.883414493100066807e+02 3.354632891336058492e+03
-3.390361032988087391e+04 7.461490853905177210e+04 1.565464070198635163e+05 6.688038500037605409e+05 9.269461209923577553e+04 7.429178814210163429e+06 -7.226347487304396054e+04 -6.452495208701075753e+05 2.697222315995696001e+06 -1.839428319571936736e+06 -9.099011106334049255e+05 4.952719504703676794e+05 -1.449154183666315657e+04 -1.352397542225514771e+06 -1.006791201424730825e+06 1.677897437323605482e+04 5.029670213864884863e+04 3.157114726211919697e+04 3.748489633779013529e+05 3.634773474928404903e+04
-2.442409248127339379e+04 4.521009954601598292e+04 -9.448792526139626716e+03 -8.903160838362289724e+03 -9.058915772713392300e+01 4.635841997696272756e+02 -7.615245597453957771e+02 -4.225441343196453090e+02 7.980124325922555499e+02 2.406457010782740326e+03 -3.079918237284588031e+03 -1.067882942642256978e+02 -1.312997455217569254e+01 7.260172938237263907e+02 -9.156457358681856249e+02 4.515043089595959032e+02 -3.487655041914454728e+02 -3.272416849750462120e+02 -6.923804180587433166e+01 3.649783388421655559e+02
-4.217502889977025006e+03 3.734050524842381492e+03 6.103688645314139649e+03 8.685957665315016129e+03 -1.810805600437115345e+03 -1.332672013659724371e+03 1.775792702054523033e+03 -8.859286977911713620e+03 -7.118774985843863305e+02 1.518547834189115065e+03 -2.100878876583510191e+03 3.511356757439531862e+01 -7.349424895491138088e+00 -2.533661978339866891e+02 1.447796707763983477e+02 1.723889711971191829e+01 -2.067511077222609739e+00 1.560898214205930685e+02 -8.392245409557482105e+01 -1.133233471463882324e+03
3.749558053808759723e+03 2.652323914233172763e+04 2.345675984804666950e+04 -6.648578568814038590e+03 -4.183270083533191610e+03 -1.164785018458423025e+02 -7.642554506508655322e+04 4.101615622006891499e+03 1.975487295723471334e+03 7.122825402596137792e+03 -1.313612769508205565e+04 -3.542092329328891537e+03 1.716485928551269637e+02 1.193855563441032928e+03 -1.168212736684039328e+02 5.173827759661508935e+03 3.447860358106839612e+03 8.585222476082865342e+02 -1.715509127154778298e+03 -9.719371644115707340e+02
-3.771315434967391047e+04 4.238908057711128640e+04 -2.853801297099386284e+04 3.704656502632443880e+04 -3.314501203949099818e+03 -2.502345855454220327e+03 9.126710452516171017e+02 2.366173676923341918e+04 1.533847844150578567e+03 1.434145722859728266e+03 -6.376811645720796150e+03 2.880700884749126271e+04 7.910478501275012604e+03 1.935974947744938163e+03 8.840564354322053987e+03 -1.975183679708217596e+03 7.030829980414177953e+02 6.221176710683871534e+03 3.433523332272582593e+03 2.010680806103792690e+02
-8.929048020983113020e+03 1.674665142567622024e+04 2.577719245288385719e+04 6.106456794372954846e+02 -2.040703489948970855e+03 -7.519307466800216844e+02 -3.325275077359710394e+03 -5.048284382923007456e+02 -9.427973019476261243e+02 -8.868039238719436980e+03 1.807312739636528568e+04 5.866331509188388736e+03 3.452446228958814913e+02 5.017657828447660222e+02 -3.391873741643109383e+02 -7.504238932577449361e+01 -1.591029371104985785e+03 -5.296801461821532939e+02 8.300947927413129719e+02 -7.082235341158677784e+02
-5.569963073253937182e+04 4.000524081454399857e+04 -3.540128080195653456e+04 3.386319163456542447e+04 -2.646326352393198704e+03 -2.978421476435594286e+03 -1.702351305725791235e+02 1.327873263919393503e+04 5.935383108813371109e+03 -3.183994423268694391e+03 6.244542103277306524e+03 -1.249485013510049248e+04 -9.808736907070554025e+02 3.113819815720319184e+03 -3.199804087729558887e+03 -1.210436065684011282e+03 2.932243729220827390e+03 -1.852565111011800127e+03 4.739180552032482296e+02 9.570104494953681069e+02
-9.045574359854301292e+03 2.509472781560665226e+03 6.052602049672834710e+02 8.564211321167173082e+03 -5.749691222825023260e+02 -1.042737895624301473e+03 -5.479558260491886585e+02 2.337874444150976615e+03 2.716819043223619701e+03 -5.838273971440328751e+03 9.895888114277091518e+03 -2.375673958914054674e+04 -4.361648984331934116e+03 -3.282483414749741769e+03 -9.360360308197102768e+02 -2.595746211705441601e+04 3.979367801747011981e+04 2.336766508746085674e+04 -3.981866910769649621e+03 -2.856470254596074483e+03
-9.696073545374552850e+03 8.522928143864786762e+03 1.345119902871698832e+04 1.938362759822248336e+03 -5.767687624376868598e+02 -3.811560232836893647e+01 1.481933039940907975e+03 3.442544642294872119e+03 1.140103513213960298e+02 -3.837744699290129802e+02 4.117781173146406104e+02 -5.103730414197087157e+03 -8.866768170160014506e+02 -1.459548565201749989e+04 1.237036642228746496e+04 3.545024310916790455e+03 -8.725067009827000675e+02 1.688715938109812384e+02 1.040557027736127793e+03 2.950389385044335313e+02
-4.142454675950141973e+04 3.523850570149485429e+04 -2.515506530893177114e+04 -4.466433699781151518e+03 3.209028064838178125e+03 1.699567357136365217e+03 1.763476369302904004e+03 4.092785316881571816e+03 -4.750326482840349490e+04 -6.440203181907712860e+04 -2.928720186911209385e+04 -7.725173647918445567e+03 3.226093495274218640e+03 8.890972319773056370e+03 5.042511881140103469e+03 6.726269444693120931e+03 6.023368736693599885e+02 -1.096511664455956407e+03 -5.759330611979780770e+03 -1.424599122030882427e+03
-1.303446378347080827e+04 8.465624074607254443e+03 -5.522170815791483847e+02 4.541430786308954703e+04 -5.164392491242273536e+03 -3.647458050720895699e+03 -3.705843086787810421e+02 4.426805668115516710e+03 1.396414519318562725e+03 9.873488891095422559e+02 -2.487110646185244605e+03 -9.974998554535127369e+02 3.136345250045043827e+02 1.438951524908745569e+03 -1.434573600313800171e+03 2.196353524274135907e+03 -2.581712882916579474e+03 -1.191875514354515872e+03 -4.493883309569386029e+02 1.992324551674157362e+02
-2.587087243678577579e+04 4.401939553404067556e+04 7.439723737115233962e+04 1.665405171341740643e+05 1.346735590380586291e+04 1.451166014084067428e+06 1.121746926158435826e+03 -2.245878459565848971e+04 -2.119038007077645489e+03 3.324608669815990288e+04 3.518750523898276879e+04 -1.474051988018895099e+04 -3.456414662055777143e+01 9.615888609420612920e+04 6.239742792682105210e+04 7.992900490427906334e+03 -2.272365976005639459e+04 1.633023048959229345e+04 -9.121377017570519820e+04 -8.308793646160600474e+03
-2.355501195781554270e+04 2.426984973255990553e+04 3.045530167303908092e+04 5.912451571240433987e+04 8.350890648660182705e+03 8.631646067246637540e+04 -1.990197281742229734e+03 7.837111987679245067e+04 -2.531767388323282066e+05 1.347787085001167143e+05 5.998019736836872471e+04 4.462488080936217739e+04 -7.427769283151555101e+03 -2.174164048649183242e+05 -2.326986299964479113e+05 3.998201027050674747e+04 -6.119156957917978434e+04 7.300509332303369592e+04 -1.949312601985632791e+05 -7.287238835909098270e+03
-4.679770990793898818e+04 1.215091367005377469e+04 -1.520415546602802351e+04 1.343445135677665530e+04 4.547817147043622867e+02 -1.254920919419478196e+02 -8.076833067681862985e+02 1.634449518992396224e+04 -9.798865599246739293e+03 -1.063435613024535269e+04 -9.655854007901918521e+03 4.640001193447296828e+04 -3.351305652708171401e+05 1.387256927966908916e+04 9.702717371192869905e+03 -1.708779389661585810e+02 1.221205099208779575e+04 -3.601216893248257293e+03 1.025727638613317686e+04 9.702828519210299874e+02
-4.861994350039277924e+04 -1.529076518472422504e+04 3.913850842014908835e+02 -1.313031943552553685e+03 2.646506053950230921e+02 2.708049082935667116e+02 -4.017752491102252179e+02 2.769372530978703708e+03 -1.704733485109961475e+04 -2.703503956258780818e+04 -1.266405714165504651e+04 -3.363740128734430527e+03 1.209467593621817059e+03 6.325922858562742476e+03 3.038921435278329227e+03 5.305897512489069413e+03 7.844200453548816085e+02 -9.054696999461181122e+02 -5.975979309772074885e+03 1.023426654755687764e+03
-4.845963014898240363e+04 -1.541570544048269221e+04 9.484239234665997742e+01 -1.433326655135140527e+03 3.801555477882267553e+01 1.424529441474404337e+02 -7.656487647675451171e+02 1.711225375156304835e+03 3.725176719076168297e+02 -3.168186584693014538e+02 5.590535728672609821e+02 1.677176792397174836e+02 -4.114007897165316763e+02 3.639853548981849372e+02 -1.299490310205508763e+02 -2.736757961005950506e+02 2.945139405312567646e+02 -6.726279036900567689e+02 2.380974075089480948e+02 2.133488693548829906e+04
-1.565431860897010483e+04 1.021999815884061718e+04 1.179740651223026907e+04 2.346213713229607038e+03 -1.086107606658901659e+03 -5.599716063191061721e+02 -1.399614024867304943e+04 2.952116945742138341e+03 -1.992692129882280824e+03 -2.888164469709504374e+03 -7.301874075604537211e+03 -7.402089494802118679e+03 -1.869880277507742676e+03 -5.547891574685118030e+03 6.114283808092419349e+03 -3.519455290090428025e+04 -2.378787923844265242e+04 -1.162953781752269578e+02 -6.242019605014401122e+02 -2.981934544794702902e+02
-1.611011649114116517e+04 1.156344744671072658e+04 1.573883681674665422e+04 5.844089188313693739e+03 2.323359685998671509e+01 1.650917267783829448e+04 -4.069901790475802500e+03 1.036528042166967680e+04 -3.732503453397877456e+04 1.406149692587713980e+04 1.716117464456627204e+03 -1.463227672067159119e+03 -5.607394662528333811e+02 -2.285596015304124012e+04 -2.648471317864619778e+04 -1.272839499655935697e+03 1.305152916366320824e+03 -5.648928353904716460e+01 3.850664711297871236e+03 4.157000003773740104e+02
-7.111197277660261534e+03 1.671613074717771087e+04 2.602109262061929985e+04 1.310054089593108802e+04 7.365534336439303843e+03 1.370746437451006495e+05 1.172620556274542878e+03 1.061552744165450531e+04 -8.422719176823232556e+04 7.104301355158185470e+04 2.854730283107776995e+04 -3.038438444722905842e+04 8.256222786621428895e+02 7.471807996751842438e+04 7.327942644449391810e+04 9.231895531006850888e+02 1.069634190199608383e+03 -5.937606871569456416e+03 -9.532356437714999629e+03 9.137684147351307047e+02
-1.565308818826778042e+04 1.510309361996446205e+04 2.669913722387505914e+04 2.029722318137588809e+04 1.603472847325682233e+05 -4.850448272068863844e+03 -2.920080594967135767e+03 -2.163856524843046827e+03 2.268056715755915775e+03 1.847081694816602919e+02 1.715060463031065581e+02 3.404483086326216039e+02 2.407272130691121674e+02 5.660200377030621439e+02 3.321019754309942300e+02 8.681056966963875254e+01 -1.106513175226916985e+02 -5.927020020772140896e+01 -2.994168038663023026e+02 -4.551292092528330890e+00
-2.014504633504052617e+04 1.062716118458732490e+04 2.187704603092172692e+04 -4.004992194874635913e+01 3.034039012240794818e+03 1.463018706878956618e+04 6.418620641592956417e+02 1.249289990751801088e+04 -3.150278965936684835e+04 1.978632355256641313e+04 6.865371924112106399e+02 1.736591445204674164e+04 5.441890239574638144e+03 -2.966854747822355421e+04 8.864651243631262332e+03 -4.525492308549598238e+04 7.173357789663574658e+04 -1.147044286590801348e+05 -2.054939385332365418e+04 -1.202087136806821718e+03
-3.086889194813004906e+03 1.081100312911561559e+04 1.741399000580680149e+04 -2.031862297324847077e+03 -6.999530046640120418e+02 -2.583614260673706440e+02 4.780142989445655076e+03 1.194775934967162129e+03 6.681876526630206854e+02 9.221993315442911126e+02 -2.361891734211390940e+03 -6.525475864611539691e+02 -7.143879757065096037e+00 9.811850938653749381e+02 -8.355984245926475751e+02 -3.237667140537942601e+01 2.328945310560104645e+02 1.078648135371862509e+02 -8.393962814962533514e+01 8.777348760680843043e+01
-3.440633898858170141e+04 4.370198342291024892e+04 -1.064626052042681113e+04 3.781222159796579217e+04 -3.326659294419986963e+03 5.603304692726537724e+02 3.541708984687490101e+03 5.068770063791319262e+04 -1.773276820685792700e+04 6.487542251296727954e+03 -3.752926779266454105e+04 1.513532630094628839e+05 3.164126970761188932e+04 -1.271252573740497246e+04 5.780358427184413449e+04 -5.371757076918907114e+04 6.656483194680088491e+04 3.143571401094579778e+04 4.536901748569895972e+03 -3.864308359341386677e+03
-4.230074632648596162e+04 3.173283367173568331e+04 -1.181595865101451818e+04 7.022798172212296049e+04 3.528531896716216579e+03 7.898680008489934153e+03 -5.763680276387690355e+03 7.020235113786105649e+04 -8.040181862613800331e+04 -3.238103336256204420e+04 -8.247568561438926554e+04 2.313521132912283356e+05 -1.214324406624735100e+06 3.285774123662659258e+04 3.262960412621330761e+04 7.592509437942585464e+03 -2.003601040810386849e+03 -9.984261045926943552e+03 1.619860374059043897e+04 -3.105760709461279839e+04
-2.188720638574317491e+04 1.059241400413203337e+04 2.038235173054235929e+04 1.070193685679009832e+03 2.980372296831243375e+02 5.426398347164041297e+03 9.807530587024210718e+02 1.513648240063977391e+04 -3.310712545823998516e+04 6.404356264205569460e+03 6.070649570346965447e+03 2.212927586896738649e+04 2.720696677117901345e+03 -7.061930946635431610e+04 -1.077249770298189105e+04 -2.974411617955129259e+04 3.031431920450131656e+04 8.639082772654805740e+04 2.669608991490132175e+05 4.358330732482956478e+02
1.738928441306889681e+03 6.843213631081606763e+03 8.531467678471712134e+03 1.083538979174961014e+03 -1.670651335036310456e+03 -5.674844815284768629e+02 -3.330016375247720134e+04 3.962663414658703687e+02 1.017693788135951877e+03 1.700182883964809889e+03 -2.909084779738142061e+03 -1.415834346245154620e+03 5.697014841847937561e+01 7.948456366624274096e+02 1.251278137912151180e+02 4.070776333860069371e+03 3.768437647410522004e+03 9.169782788587677942e+02 -9.394797042841429402e+02 -1.375070731146679918e+03
-3.937153958005669847e+04 9.400567375560967776e+03 2.847170868239002084e+04 -7.704187854615644937e+03 -4.774978464673319650e+03 6.019810164568498294e+02 -9.283654984462929133e+04 9.804378563949623640e+03 -1.180067871268931231e+04 -9.444628457886305114e+03 -3.087097540681489045e+04 -2.959314100704528755e+04 -1.036357618702884247e+04 -4.091347559392800031e+04 4.181658393500300735e+04 -5.402395853004804812e+05 -4.130519698641551659e+05 -2.224136468164364123e+04 -2.088010960122931283e+04 2.494672799212529571e+04
-8.266331929358017078e+03 1.212244143976780651e+04 1.945488213837611329e+04 6.766039892614006703e+02 -9.837413702398731630e+02 -4.176444763870913448e+02 1.470284360384890988e+03 2.022378978723890668e+03 -4.758661068497764290e+02 -5.677497948358471149e+03 1.122326652056128842e+04 2.783052246106472921e+03 1.451143695930246622e+02 -4.465933437142692242e+02 6.162488249147826025e+01 -4.127714329489846818e+02 -1.352483123750738741e+03 -2.601442611097148756e+02 5.568098170786498713e+02 -1.061383581297882301e+03
-1.088619993337642154e+04 1.317526386142096999e+04 2.117236603755645774e+04 4.041711014244255239e+03 -5.259441840792405856e+02 6.075108892591435506e+03 3.246665308080390787e+03 1.386471470263610172e+04 -1.657775357397400148e+04 1.271832615328546672e+04 8.999109552614088898e+03 -3.711002903894228075e+04 -5.679937055062570835e+03 -1.089361498368091707e+05 1.247252232001722878e+05 5.592142791276628122e+04 -1.657627994533283345e+04 7.314047632459642955e+03 -4.732871350326958236e+03 1.832988135824754863e+04
-6.118336392702911326e+03 1.452206687512630378e+04 2.340050961585958430e+04 1.199350341036896225e+03 -1.123241511912967098e+03 2.269370024592397749e+04 5.795489780464055912e+03 3.888810507206579132e+03 -1.023432068559430445e+04 6.493218951238087357e+03 1.208137926587759284e+04 -1.161099909373802575e+03 -9.477187574415287941e+01 8.841339043272519120e+03 3.430627229176386209e+03 2.299591145979504290e+03 -5.724401449383263753e+03 5.060910923070790886e+03 -2.027118132546699781e+04 -2.315717861225049546e+03
-3.770983126473466837e+04 5.487385780222576614e+03 1.397230955163091676e+04 2.078126879706950422e+04 7.888132223667610560e+03 5.041418500662119914e+04 -7.442846384545428009e+02 4.519229222614926402e+04 -1.758634299516984902e+05 8.380269460526382318e+04 2.220801421463676525e+04 2.007865925857896218e+04 1.205491776937907707e+04 -3.255078927226952510e+05 -2.339856602635043964e+05 -4.201601559623531066e+05 7.102285857723297086e+05 -2.104463607909047045e+06 -2.177633794808288221e+05 5.090580878107423814e+03
-4.673913713979131717e+04 -8.853704084947183219e+03 -1.324565717245835458e+03 2.174307085133191504e+04 -2.102600165915474918e+03 -2.011175907480983142e+03 -3.624408771151230667e+03 1.541652334835160400e+04 5.487938217911870197e+03 -2.391375712818432476e+03 2.051586932961602542e+03 -2.509506597473141483e+03 3.774468334439976388e+03 5.162799853388232805e+03 1.707006349575900913e+03 1.643605523803813776e+04 -2.328701136595157368e+04 -5.592925736830999813e+04 4.844322060885661631e+04 -1.025449494974027948e+04
-1.335784412477532533e+04 5.392653224570922248e+03 2.971616937562581370e+03 1.905387220489508400e+04 -2.967550780421677246e+03 -2.583561633666754005e+03 7.440411009900009276e+02 -2.025390919334139471e+04 -1.802770929451634174e+03 4.385586316204737159e+03 -5.493329614280699388e+03 -1.757388606066574539e+03 4.256477700449544841e+02 -5.472627718535205531e+03 5.260608814052413436e+03 2.075946158333255880e+03 -5.314070374452279793e+03 -3.959156515725744157e+03 6.026868224275362081e+03 -8.006412039263304905e+04
-2.643763552898166745e+04 3.733526593055090052e+04 6.763889405942482699e+04 1.420863090887261205e+05 4.313969502724552149e+04 1.271015833814267302e+06 -1.308669935687625548e+04 9.499174306960003742e+04 -1.141569845409028232e+06 9.370813689726606244e+05 4.408323173746695393e+05 -4.719446091059840401e+05 1.800154699702349899e+04 1.400029016413799254e+06 1.067892005748613970e+06 -4.399176234783912514e+04 -1.709472291622325429e+04 1.811669281306827033e+05 1.144675960023254156e+06 7.039145206546309055e+04
-2.248955613588682536e+04 8.413910680626349858e+03 -4.432464491092206117e+03 4.606569034708655818e+04 -4.978518065618496621e+03 -4.202239469912490677e+03 -7.621459268286504312e+02 5.508925202747348521e+03 3.314387764131519816e+03 -1.408939352096482025e+03 1.427543293077353155e+03 -8.373843517016590340e+03 -6.072946721673058619e+02 2.077544029148894879e+03 -2.187042487436438478e+03 -2.566325592839197611e+02 1.434612745376745124e+03 -1.034670278420905106e+03 -1.175302178616773148e+02 4.397868922549045010e+02
-4.140985007607438456e+04 3.578637604821207788e+04 -2.446633808414151645e+04 -2.333260933340389329e+03 2.607783802910891609e+03 1.273529798957117009e+03 1.263595057168875655e+03 2.326372915013752845e+03 -3.135038504411276881e+04 -4.008934316372132889e+04 -1.652964872025600198e+04 -4.561929286535965730e+03 1.994875311066967242e+03 2.909601560404515567e+03 2.071226853358359222e+03 -1.808932389963789547e+03 -3.177503663770177809e+03 -3.070629019740777039e+02 -1.124444537913430850e+03 -1.874979410894962484e+03
-2.428375906424167988e+04 2.697030181279815224e+04 3.483550647753835619e+03 9.886276943506096359e+03 2.931987466829622645e+04 5.008673544491598295e+04 -4.581829386188568606e+03 1.863374571696983185e+04 -1.378615021219994815e+05 1.523747540942859268e+04 -6.379897108794797532e+03 -1.332968884971963416e+04 3.743879503032261255e+03 -4.844324722780457523e+04 -8.743012153513509838e+04 -1.137901791670433158e+04 1.583415252031886484e+04 2.602337057152436319e+04 2.097113795372236636e+05 6.377099477774897423e+03
-4.041682704772891884e+04 3.790480861416200787e+04 -2.695958532765179916e+04 1.906615754994966119e+04 -1.255892572666806018e+03 -1.060734797819115329e+03 1.215485852177157994e+03 1.776780513156793677e+04 -5.714778355135888432e+01 1.361142969201207507e+03 -5.585714397539826678e+03 3.066150245850925057e+04 7.676294154338782391e+03 3.442297488822471223e+02 1.037962450487858951e+04 -3.177315815596892662e+03 1.893264721702516226e+03 7.107640676549086493e+03 3.720064091195793480e+03 -3.002592297900991980e+02
-2.491398663125019812e+04 4.969496121693932218e+04 -8.797995533549872562e+03 -1.027048474512551365e+04 -3.507424397762693502e+02 5.651161027214474188e+02 -6.405957125383263701e+03 1.578345074171889735e+02 9.409951462410951990e+02 3.145994564491102665e+03 -4.465739082884872005e+03 -4.455680958142478971e+02 -9.543661015562650007e+00 7.446163199404601301e+02 -9.348916064732773066e+02 5.724000672451273886e+02 -3.728629868459097452e+02 -3.453049718559923917e+02 -1.517882680877724511e+02 3.370067296919289106e+02
5.906625090631243438e+03 2.244378603518496311e+04 2.422598314303820007e+04 -4.004137492180899244e+03 -4.056508325399463502e+03 -6.199152757266243725e+02 -6.022144670987379504e+04 -2.630794266499915466e+02 1.014021235464093934e+03 1.512865329384959068e+03 -1.699485504794184862e+03 1.115284497254631106e+03 3.977179802204414045e+02 2.047592080128308908e+03 -4.567170565383835310e+02 5.237373176436986796e+03 3.178621241428154008e+03 5.388663886979921926e+02 -1.028107932040280502e+03 -4.828224172839753692e+02
-4.103808159838820757e+03 1.769224231632712326e+04 2.550050594513790929e+04 -2.971569722510189422e+03 -1.529615104362130978e+03 -4.748235718445127418e+02 -1.146510991212009003e+03 5.246828434923460236e+02 5.742431034510964309e+02 -7.622262665352559452e+02 1.252308003090285638e+03 1.104472503492250326e+03 1.144438323154454054e+02 1.340938640834542184e+03 -9.637601530799323655e+02 2.716970424938554061e+02 5.753298242941832541e+01 -1.660686565736862690e+02 2.727106832971898598e+02 3.061593784932340441e+02
-1.897571296116431040e+04 1.301199099212173678e+04 1.453565837118011768e+04 4.346513527466203413e+03 -1.211000045229623993e+03 -7.611759165053161951e+02 -1.121352599352969628e+04 7.159214219055926151e+03 2.829495294236317932e+03 -8.374316364109712367e+02 -9.437640181095994194e+02 -1.467087955152699760e+04 -1.751883339225228838e+03 -3.438821702976541474e+03 1.200910414370051967e+03 -9.319099971805282621e+03 1.347501424167245750e+04 5.568190703307245712e+03 2.022920640745566061e+03 -4.871087130739712165e+02
-4.589368464421356475e+04 -1.203300022316408831e+04 6.078931012906598880e+03 6.449570804826877065e+03 6.258107180087365123e+04 -1.690336489392045905e+03 -2.466131763986879832e+03 -5.761857160954552910e+02 2.130652173283455042e+01 -9.065215702016053001e+02 -4.412910171075057519e+02 3.337734950169694343e+02 -1.240196484897655154e+02 5.811739553175123092e+02 -3.358678130788853196e+02 1.142204032571900143e+02 8.788563715340113447e+01 3.897369094780199106e+01 5.515875041685844735e+02 4.181866744270756158e+02
-4.604627741940411943e+04 -1.259906075228156078e+04 4.576054832466073094e+03 1.937791861520115390e+03 4.289908033490660273e+02 1.602205318481283030e+04 -3.010843108189032137e+03 8.336419234093516934e+03 -3.707189018879443756e+04 1.345619431214451288e+04 2.521004675497531935e+03 -1.771540826357301512e+03 -5.522307809826711491e+02 -2.169653438903723509e+04 -2.672028257042165205e+04 -1.423384993807663477e+03 1.885098753698848668e+03 -5.605461733229213905e+02 4.342865661380819802e+03 9.581481931211824303e+02
-4.170324232268446212e+04 3.592800288983647624e+04 -2.631111025582168440e+04 -5.215194680268989941e+03 9.961860748760462911e+02 5.561228440108310451e+02 1.341938083209331353e+03 -4.304916567621631884e+02 4.213094467389594229e+02 1.276632886864747860e+02 1.716021576201648486e+03 -2.214880664581806684e+02 -6.278360627224361679e+02 -2.600806059232396592e+02 -5.757933517513069432e+01 -2.423856012809914375e+02 -3.644378215321172121e+01 -8.380023343760742591e+02 1.149647840141556259e+02 2.120631091592619487e+04
-2.443166923366604533e+04 2.608771228623114075e+04 1.613150960295272489e+04 2.773704619716450179e+04 4.015963651985817705e+04 1.668528277865305427e+05 -1.566606370718793187e+04 4.664127928649932437e+04 -3.802824911001722794e+05 9.792438796767604072e+04 8.995241697526984353e+03 -5.813300473149523168e+04 9.522674616061452980e+03 -8.423907765248793294e+04 -2.132098550831737812e+05 -3.693415054217198485e+04 4.819360050351703831e+04 8.628121650936923106e+04 6.915107675004622433e+05 2.323641467607781306e+04
-3.885188543786621449e+04 3.614554735393062583e+04 -1.928431437533532517e+04 -1.280410324934098867e+02 3.362278403425074430e+03 1.755579447067759611e+04 -2.080799369136946098e+03 1.022364857648575344e+04 -6.862281947477858921e+04 -2.563567161726557242e+04 -1.514341436542061638e+04 -5.569973965455726102e+03 1.649428191045172753e+03 -1.870035693211021498e+04 -2.507868034628783425e+04 7.861500935109967259e+02 1.263293472028774659e+03 -7.942321736600964641e+02 3.267838858233413248e+03 -7.707681745238854774e+02
-5.546119298651985446e+04 3.804472669580615184e+04 -3.275563738231144816e+04 1.625516144212416111e+04 -7.987058034341426946e+02 -1.416083918428052584e+03 9.379621780746411730e+01 7.096371587050633025e+03 4.055630058253591869e+03 -2.334524437464613129e+03 6.265412748652393020e+03 -9.276827293513179029e+03 -1.143420311903015772e+03 1.063000791825436181e+03 -1.496643316399691685e+03 -2.072633125466175443e+03 3.644683421991551768e+03 -7.076062114956390587e+02 6.102212604987062150e+02 1.081607420375244999e+02
9.154968062259052886e+02 6.695212390111007153e+03 1.044001767581497188e+04 1.422738149964148033e+04 -3.216111912521549129e+03 -2.376673461690274507e+03 4.797827009771966118e+02 -2.397892264655858162e+04 -3.782460857269251846e+03 9.345679350886189241e+02 -1.852529225273424345e+03 2.254455632589766992e+03 -1.302880595846896661e+01 -1.035288262834793386e+03 1.249397586669533439e+03 -9.384210828725194915e+02 1.252489903172081767e+03 2.640873767545147075e+02 9.641975795704516372e+01 3.174399052397039668e+03
-6.002113017986519844e+04 7.926670056886121529e+03 -1.878305286837801759e+04 3.457014521257548040e+04 -3.033299777136762714e+03 -3.079664197709731070e+03 -1.444629626250244655e+03 1.421275046484895938e+04 5.407431626283047990e+03 -3.874194855634844316e+03 5.377424526403411619e+03 -1.182623395426199568e+04 -7.765977956120017325e+02 3.371364040755484893e+03 -2.958502649812170603e+03 -1.361104073103065502e+03 3.314998175672914385e+03 -1.565122885316880001e+03 5.937291765720764261e+02 1.011297894841049242e+03
-3.858059992308718211e+04 2.096890080560295974e+04 4.583775863031060726e+04 7.468799582374175952e+04 1.160687076392815470e+04 7.443638593625924550e+05 -6.457790820097686264e+03 1.892907596679800190e+04 -2.034017656895818363e+05 1.648234936251690960e+05 6.898828040884171787e+04 -4.102827416192831151e+04 8.005031840386468502e+03 1.393468547921607387e+05 1.391532098210334079e+05 -5.184044293269556510e+04 7.404181318975231261e+04 -1.272403417395900324e+05 -4.416896534546770272e+04 -2.721862481348342953e+03
-4.650102982893297303e+04 6.066818856215381675e+04 -8.738643874617597248e+03 1.978918934380067412e+03 -3.064907159162015887e+03 -3.739390700768497595e+02 -4.235846532364519226e+04 7.271396262787636260e+03 2.404606662606568534e+03 4.819147362512152540e+03 -8.493346405768284967e+03 -3.517255069518452274e+03 1.424973572224434406e+02 5.241854578131806193e+02 -1.478411996822011929e+02 1.577785417278215618e+03 -1.483559338547566767e+03 -1.552235796779236807e+03 2.822817075771217787e+02 1.972950470076975080e+03
-4.161313609180256753e+04 4.485833937187746051e+04 -2.857399822060958104e+04 7.342522059856487613e+04 -7.147547635326703130e+03 3.787462652981037081e+02 7.165916196461229219e+02 3.945571135009588761e+04 -5.615497919158735385e+03 1.074772644658362333e+04 -1.791488276287733970e+04 5.279061122559754585e+04 6.456094998618345016e+03 7.608573222836162131e+02 4.821134528279585538e+03 2.517853316918646669e+03 -5.197553683742189605e+03 1.329530895538381446e+04 -4.473857509560351900e+03 9.885516550589499047e+02
-4.332376167140884354e+04 4.873417784566304908e+04 -1.491819379816078981e+04 1.183625997982947010e+05 3.774330498322490166e+04 3.272267325405126940e+03 -6.657788197464812583e+03 1.238686921783806029e+05 -1.073264803249460820e+05 -3.239254324847713360e+04 -1.485637644755731453e+05 4.946661070626931614e+05 -2.562450987102032639e+06 7.993945496745551645e+04 8.424003479697836156e+04 3.541244295918357238e+04 9.498511284400306977e+03 -2.362886442389662261e+04 3.937337699184878875e+04 -6.968172246985540551e+04
-4.602943147526719986e+04 -1.264689863789240917e+04 3.977983541881245401e+03 -4.699698354103416165e+01 -4.530022228453654520e+02 -1.513452401315360021e+02 -8.306502588745566754e+03 2.768450996686508006e+03 -2.053515310426852466e+03 -3.485854513877725822e+03 -5.982718044148910849e+03 -6.529510876289483349e+03 -1.815652155286429206e+03 -4.565033017427120285e+03 5.397040189435900174e+03 -3.505207940036319633e+04 -2.350753317250120745e+04 -1.858441280671967775e+02 -7.520672148716734000e+02 2.543486747477951155e+02
-2.542813170292925861e+04 5.264018979236548330e+04 -2.684643253146652569e+03 -9.911907657220452165e+03 -1.291064361691763679e+03 2.047457121349256113e+02 -9.121852810924090591e+03 -2.570785223356514052e+03 4.101198027127091450e+02 -2.701488355824576502e+02 2.817228821868909108e+03 2.740472598578631278e+03 1.865226062682625923e+02 1.661482182563574725e+03 -1.335984560740017741e+03 8.615797151775141174e+02 -6.013537733767734608e+02 -5.997160140493637073e+02 1.386853127196532398e+02 6.960461073427655947e+02
-1.798842538146696825e+04 4.954870057952361094e+04 6.624427122062076523e+04 1.691498248945044761e+05 3.257345805549751822e+04 1.649393917458940065e+06 -4.989629612342580367e+04 -3.554240069386406685e+04 -9.466300144692294998e+04 2.129001645318601732e+04 -3.333268620656186977e+04 -5.057967760211412678e+04 6.858889694239965138e+03 2.927014878705757292e+04 -5.219288908171098592e+04 -2.847925344146874340e+04 3.904351533213146467e+04 4.968354969310510933e+04 5.149812770130569115e+05 2.295569178063119034e+04
-2.081303823523509709e+04 1.817157416201244996e+04 2.201060758109213566e+04 4.077177566681605094e+04 8.554490850500493252e+03 4.733763754826346121e+04 -3.403484791888219661e+03 4.652069384642330260e+04 -1.432079830899474618e+05 7.464975937167486700e+04 2.615881343345425194e+04 2.465849558045705999e+04 -3.992497341237764431e+03 -1.201239800959516724e+05 -1.277858689853067481e+05 1.798070703808469261e+04 -2.675841434647992355e+04 3.179403125142636782e+04 -8.951835829721747723e+04 -2.500594444517755619e+03
-4.497560914768552902e+04 -1.201604209123886176e+04 5.309826484159040774e+03 1.043054283205260191e+02 -3.748424338867728238e+02 1.119628517855334167e+02 -1.248291171715571579e+02 3.567363206870639715e+03 2.175775992060211763e+02 -4.081280349976337902e+02 6.180110491064103826e+02 -4.960572751337493173e+03 -8.285484604035053735e+02 -1.363918249631086110e+04 1.185007122673222511e+04 3.586646625777939335e+03 -5.047427174203558025e+02 8.135508620338129049e+01 9.193478737572452246e+02 8.169647232449573266e+02
-1.177842154121426574e+04 7.559965217566010324e+03 4.811168087002725429e+02 3.730271428017481958e+04 -4.350094038743919555e+03 -3.565299704187476436e+03 -1.976014739796448794e+02 1.286995819673562210e+03 1.640363482524788196e+03 2.054225151388494055e+02 -1.491022745706563228e+03 -3.021426295945466791e+03 3.444767142217731362e+02 1.242012185917050601e+03 -8.917553777634897187e+02 1.492667833715117240e+03 -1.674627436602892203e+03 -1.492939322904048367e+03 1.587811206758444200e+02 1.300983014178376607e+02
-2.534434069040828763e+04 3.396268185427751450e+04 5.716933630449621705e+04 1.301562504691552167e+05 1.100800229108985877e+04 1.086683117322465172e+06 2.824695953699034362e+03 -1.608708077272069886e+03 -9.834537627845157112e+04 9.360248262943615555e+04 5.327208482873861067e+04 -3.385055137217840092e+04 9.199640382927922246e+02 1.340101329143467301e+05 9.634983561098290375e+04 2.280787723886362073e+03 -1.281373795700763003e+04 4.217252365556621953e+03 -6.414609025450699846e+04 -5.311855209047732387e+03
1.020414119817597748e+04 1.827118255951869514e+03 2.578017258799264710e+03 6.099677361434810337e+02 -1.558317153534177635e+02 -1.446071068172855405e+02 -1.095712575517850610e+03 6.946127096710705473e+01 -5.538277160630133977e+00 9.279283576779505438e+00 -1.604496791496430603e+02 -1.540372208770763223e+02 -1.172426864024603965e+01 -5.217434830459889099e+02 3.836291105050475494e+02 -1.143506120665587673e+02 7.294047955611101486e+01 1.103911014445181706e+02 1.895223703066588712e+02 -4.540301203375190653e+02
-2.112779854184488795e+04 1.467120031410303272e+04 1.545800117676297668e+04 1.049970853219532728e+04 -1.934771402113079830e+03 -1.401910861750085587e+03 -6.371501981782979556e+02 5.406019518617785252e+03 1.332198696213114772e+03 -8.768865751397264830e+03 1.695855853290302184e+04 -2.037929333721460807e+03 -5.812949231859040538e+02 7.181129530067890983e+02 -1.054343603072148426e+03 -2.041579679202339321e+03 1.527680115747308264e+03 -2.928082721697645638e+02 7.914616275586389520e+02 -7.109614691835807889e+02
-2.062068012733793512e+04 1.705764674933793140e+04 2.977546666810550232e+04 6.029167675716402300e+04 8.971739561216429138e+03 4.403688180986195803e+05 -1.355168730665195881e+03 2.147301761994774643e+04 -1.554318618755040516e+05 1.060526860774646921e+05 4.155657232366439712e+04 -2.413237624694190890e+04 5.017344879430529545e+02 4.063009214750189130e+04 1.858515715416035891e+04 -2.655916480326502551e+03 1.360435620691059057e+03 -2.287109053937617773e+03 -6.794624813733416886e+03 3.326112304815033553e+02
-6.547479238511005860e+03 6.608909413596493323e+03 9.176163459214645627e+03 1.643575524228654467e+04 -2.814516378310330310e+03 -2.422661055909741663e+03 5.479999999304826588e+02 -2.040346353428399016e+04 -3.243317719298067459e+03 2.453079953626709539e+03 -6.084711097126341883e+03 -3.776036824500556122e+03 -5.425213728758006937e+02 -7.515271084577418151e+03 6.026685455656557679e+03 -3.612660503252398030e+03 1.927328172574027349e+03 3.582811568220749450e+03 1.021071804432482736e+03 -1.181731965358411071e+04
-4.728824940603465075e+04 -1.430966043195198654e+04 1.873231300495087225e+03 -9.301749862709275476e+02 -5.971836265009383027e+00 3.269321570387311908e+02 -3.518141723939901567e+03 3.464094542000721503e+03 -1.028552514995207093e+04 -1.527063952559631434e+04 -9.245584360149421627e+03 -5.389705270277639102e+03 3.213888460680867070e+02 3.140056888332243034e+03 4.968948099168415865e+03 1.693915729826573852e+03 1.837452250509891655e+03 -7.927914754486522497e+02 1.214907964505210657e+03 -3.445662742028666344e+03
-1.708636728398345076e+04 2.835189174431264473e+04 6.586308687313712653e+03 -4.901950806097448549e+03 1.834501097847514757e+03 1.047673046542375914e+03 1.521118082522548093e+03 3.529827770442487235e+03 -3.096794889893597428e+04 -4.028766569875828282e+04 -1.560307267959708588e+04 -2.689018817350478002e+03 2.364681543432397575e+03 4.393882550741889645e+03 7.508663857060430473e+02 2.230344054615501136e+03 -6.242688887996140465e+02 -4.744686105552486879e+02 -7.202272152496885838e+02 -1.552508230545669221e+03
-1.906889661836300365e+04 6.698120099630876211e+03 1.667097117788962350e+03 1.895672997543638485e+04 -2.506290085865614856e+03 -2.272915412547069536e+03 2.845088424453178959e+02 -5.359433378296142109e+03 8.215174833760573847e+02 -8.741306346994103933e+02 1.708767892046544148e+03 -5.584458728411391348e+03 -8.098747174615806443e+02 1.762124558203685751e+02 -6.143332073721001052e+02 -1.728041124086586933e+03 2.929471831252310039e+03 2.487251322685332013e+02 3.462323396081257165e+00 -6.066594261119174547e+01
-3.885754238286243344e+04 3.844015346544403292e+04 -1.820402894868576914e+04 3.710542575426932672e+03 6.524432475835754303e+04 -3.876395604497004115e+02 -1.671777369203816988e+03 1.056917082525432761e+03 -3.129947152805522637e+04 -4.010621162932413426e+04 -1.809691994047061235e+04 -3.857216842723536047e+03 2.063647862063735829e+03 3.857529202163734226e+03 1.467494285133613403e+03 2.206912003982021815e+03 -3.207175426645682705e+02 -2.984997100814320561e+02 -3.287676974585270955e+02 -1.296538244802725330e+03
-1.005341834963390829e+04 1.213641658824970000e+04 1.817350313873911364e+04 1.714789855957684722e+03 -7.408279133508659697e+02 1.843959116353897514e+02 2.444975524695844058e+02 4.496065351564413504e+03 2.675497520722768741e+02 -4.771013940214430704e+02 6.120155950935916280e+02 -5.029914149674639702e+03 -8.850452313545789593e+02 -1.477168156946361887e+04 1.216768640507533746e+04 3.724001583051404850e+03 -9.674959868392064664e+02 7.622526455363836817e+01 1.063189970326840466e+03 2.900320623050136533e+02
-1.503770116877309374e+04 1.150342516715732563e+04 1.454700729588133254e+04 8.033024687457633490e+02 -6.935446117270400919e+02 -5.942813219555173276e+01 -8.156862265921301514e+03 4.704378421153544878e+03 -9.708015983549212251e+03 -1.415808130215159326e+04 -1.031378516967039650e+04 -7.416295126127936783e+03 4.002160468846898880e+02 2.552060426054801610e+03 5.859916157692636261e+03 1.113158213490169828e+03 2.456407205955324116e+03 -7.842639197467133272e+02 -5.728533790524188589e+02 -4.602166077005974330e+03
-3.524441425842699391e+04 1.178637168715062398e+04 1.445507316343285493e+04 9.359982800882291485e+03 6.119413399034776830e+02 1.304539132590885492e+04 2.595996027179665361e+03 3.831054843540570437e+04 -4.155330466308814357e+04 1.914664494520594235e+04 -2.673154172047446264e+04 1.314564334532577195e+05 3.070207882282851642e+04 -3.772814138030936738e+04 6.163505172778567066e+04 -9.765686909562135406e+04 1.384372998719698226e+05 -9.459192757047674968e+04 -1.584150550664950970e+04 -5.557602230400664666e+03
-2.192820624812998358e+04 2.971743218990878449e+04 4.730782823193766671e+04 1.038588272724574781e+05 9.139889810203803791e+03 8.064285959375401726e+05 -4.112508474782120174e+03 1.604807056351114807e+04 -1.732489785440782725e+05 1.477440587594148819e+05 6.760591095738115837e+04 -5.011505452337215684e+04 1.504038834026046061e+03 1.674395130996995722e+05 1.258839664162013796e+05 -2.376049333842359374e+03 -4.982309424271976241e+03 -4.489977061493792462e+03 -3.614605056694000814e+04 -2.371572668017930482e+03
4.684902051808593569e+03 1.645649511839923798e+04 1.848021964937805024e+04 -2.368707554355567936e+03 -2.941404784325161472e+03 -5.222593462655876237e+02 -4.812117094545248983e+04 5.611320159710055577e+02 9.006703904549463005e+02 1.834954839002544531e+03 -3.321101586525714993e+03 -2.170443460567540512e+02 2.871644535763502404e+02 1.328725772015080565e+03 3.939164935701641923e+01 4.633650765923518520e+03 3.371383993996662866e+03 6.992108135618032065e+02 -1.016364291193531471e+03 -7.531136295899699462e+02
-3.583643264157161411e+03 1.535492304515999422e+04 2.237922235622974040e+04 -3.058134037196843565e+03 -9.963110994523128738e+02 -2.834486508229746278e+02 1.470951744880323531e+03 2.080633945982296609e+03 8.756840088610623525e+02 1.122012134361347762e+03 -2.803554428672719951e+03 -7.185874855659352534e+02 -4.711025408172213602e+00 7.731860849592206932e+02 -7.159945609832462878e+02 6.625413796038776582e+01 2.034331589001403415e+02 -8.825475135453807241e+00 1.164026071523289971e+02 8.310483693892797419e+01
-8.183140516395116720e+03 2.405158922387485291e+04 1.731201907157518872e+04 -4.551799993770505353e+03 -8.427212575542848754e+02 -1.084823886343741322e+02 -1.998138546910331570e+03 2.154311440582677278e+03 8.154303916695379257e+02 1.492856806152424497e+03 -3.398866275079060415e+03 -2.514668048625683525e+02 1.156151105650808830e+02 8.363238260969906150e+02 -6.243605911667865485e+02 1.481542697415974317e+02 1.429849305837350357e+02 7.648161664073175814e+01 5.195021910254725839e+01 1.013808846622150810e+02
-1.796564183407655219e+04 1.416536463670041485e+04 9.573164648238634982e+03 5.271567534849915319e+03 -5.911500651686018273e+02 1.008822259990533894e+02 3.239996251780798048e+03 6.674103169258969501e+03 -1.769927287507920482e+03 1.205961761533652634e+03 1.323473009105641040e+03 1.499482221025775175e+02 -2.443610763422934178e+04 -2.893628392368377718e+03 1.219406926536243736e+04 -1.700304116570881160e+04 2.419280560340997545e+04 -5.141848025089806470e+04 -7.727279143571267923e+03 -1.330974776082315657e+04
-2.081491529800353965e+04 2.536192500879427826e+04 4.180535227300408224e+03 1.058841491485599727e+04 -6.083650581761662579e+02 5.134653224016007016e+02 3.229287961229107168e+03 2.940504650858150126e+04 -2.199605304515415628e+04 -7.173503918167863958e+03 -3.149502502192467364e+04 1.129996622069243458e+05 2.546375768909037652e+04 -1.242796357310105122e+04 5.068274152195959323e+04 -5.148634246487870405e+04 6.603048786401413963e+04 2.013479243543765915e+04 4.224748431478848033e+03 -4.690543400010044934e+03
-1.975279732357382818e+04 1.188896676397127703e+04 1.111619161521476053e+04 1.026547776009725931e+04 -1.230277706200320608e+03 -4.889341961081767636e+02 8.468010766779689220e+02 7.342521935907757324e+03 1.804033169218152807e+03 -1.973082836182892834e+03 2.919771365860566220e+03 -9.017182091690283414e+03 -1.342837847044487717e+03 -1.396346573268299653e+04 1.160959129600610140e+04 2.582753342512626659e+03 8.747951525559013817e+02 -7.818023262406876484e+01 1.366325193159149194e+03 4.422388689908412971e+02
-3.974917303996800911e+04 2.992474114119260776e+04 7.071599825384917494e+04 2.119786576615697704e+05 2.921329843516815163e+04 2.260459814969441388e+06 -1.914860276708381571e+04 -1.197141876558182703e+05 3.777748173153723474e+05 -2.296517968083749874e+05 -1.297108764629842626e+05 6.304044928217919369e+04 5.534690031535938942e+03 -1.422523746465898002e+05 -6.509183787714028585e+04 -5.075145329514676996e+04 9.022648044844013930e+04 -1.260102463768135494e+05 5.543411406090674427e+04 7.031130045779574175e+03
