2.099516953713400653e+04 -3.093364704694577085e+03 -3.395692535204427713e+03 -4.312914836620521442e+02 1.632688026197752720e+02 9.576812257691351249e+01 -9.449600280651343098e+01 2.137859068282538146e+02 5.141685828031418382e+00 -4.420235061702753399e+01 1.123771369403966247e+02 4.006630320107285570e+01 4.025076644560062533e+00 8.525736949665251529e+00 -8.427321812719334559e+00 8.718392554902452574e+00 -3.282690032475997555e+01 -2.476360741192646842e+01 5.119356131717523795e+00 1.808562464475250264e+00
-4.998160960171653278e+04 -1.529878194725380672e+04 3.666378876298228420e+02 -9.916011653471708769e+02 -8.516926300624926682e+01 4.710395580748996025e+01 -4.040888972296772295e+02 6.694659046812298619e+00 3.004215300731092952e+02 3.712858634246643987e+02 2.074226245338282926e+00 1.784185707215684715e+02 4.559631410153519937e+01 1.095465986668813514e+02 -8.240323287879687086e+01 6.312492538670037590e+01 6.505920553897465197e+01 1.094218395835023045e+02 -8.753476503402589870e+00 -6.601318396399866515e+02
-3.686749751842673959e+03 1.282101609757377082e+04 1.964034181477523816e+04 -2.366976681652522529e+03 -8.683823140422689448e+02 -2.973921904585938023e+02 3.265502085572824853e+03 1.241779935528800706e+03 6.870332746626075959e+02 6.851578244011288916e+02 -1.860829803481924046e+03 -3.911306321313373360e+02 1.108502185502747039e+01 9.859076990995707774e+02 -8.261674173884251786e+02 2.584345299037740418e+01 2.020943075065353298e+02 4.697566691115919468e+01 1.150757142150084356e+01 1.182217561429052637e+02
-4.260917692178471043e+04 3.583847917768632033e+04 -2.622746435512907192e+04 -5.116352699861324254e+03 9.131633115401070881e+02 4.989458666009964531e+02 1.728203491519383306e+03 -2.218188706391760206e+03 3.045097054992895664e+02 8.542148623848898978e+02 1.106547236058142516e+03 -7.807876723426961973e+01 -1.468686851604936976e+02 -5.320553789895971022e+02 1.049387011734835795e+01 1.453178545522193303e+02 -3.407756274778932379e+02 -7.140439827958149976e+01 -1.418507791904333146e+02 -7.904602579596235046e+02
-1.634734480272500696e+04 1.689519701039140273e+04 3.100873103696448743e+04 2.601264623958627999e+04 2.110497511267174559e+05 -5.905270478579877818e+03 -4.248878554481485480e+03 -3.423451831658474021e+03 2.835954355154500718e+03 1.480972562610847035e+03 4.957891204323230454e+02 8.482351965876324584e+02 5.002372427578214911e+02 8.690897002965562024e+02 1.944527582295013417e+02 3.281772234728943545e+02 -4.003895635515269191e+02 8.425132268611480413e+01 -1.216642419325169158e+03 8.708482554572530887e+01
-2.516306191507626500e+04 3.364928701971432019e+04 5.667608663591428922e+04 1.296082849828258040e+05 1.094596507402368479e+04 1.079277343748195330e+06 2.750287945664146264e+03 -1.290779368621389494e+03 -9.959438614885779680e+04 9.455989907412628236e+04 5.322351473900814744e+04 -3.405441091477330338e+04 9.263244357733773313e+02 1.343422361497482925e+05 9.680323863228666596e+04 2.099348346707683504e+03 -1.244385628095963148e+04 3.837286509402664251e+03 -6.291952391668855125e+04 -5.169012551376620650e+03
-1.304137445379964265e+04 8.471111160498056051e+03 -5.548781220946322037e+02 4.545251143412697274e+04 -5.168363250361135215e+03 -3.647375943093599290e+03 -3.714522200353179073e+02 4.442027683236608027e+03 1.394479240252862382e+03 9.919194849809919106e+02 -2.492876603873893146e+03 -9.864361537519225749e+02 3.131026763620088786e+02 1.439669474423198835e+03 -1.437697709137178663e+03 2.199606590248793509e+03 -2.585787682132109239e+03 -1.189410023309503686e+03 -4.532665829285623431e+02 1.997259433328770513e+02
8.620987907451379897e+02 6.792679780465035037e+03 1.057537810411311330e+04 1.423082640999269643e+04 -3.236815952690666563e+03 -2.383790844747652955e+03 3.924673581010417251e+02 -2.402927591764120370e+04 -3.791857633224255551e+03 8.755300185593998776e+02 -1.725963908458496007e+03 2.312020993964149511e+03 -9.174367873980804333e+00 -1.018600308365856790e+03 1.242435842398263958e+03 -9.324309653893319592e+02 1.248006298771141928e+03 2.595861901950021888e+02 1.014405290217439131e+02 3.180599106569527066e+03
-2.492716715816013675e+04 4.974750766462199681e+04 -8.777307457744385829e+03 -1.028381968442149810e+04 -3.569590503095388954e+02 5.662322107743924562e+02 -6.530718648378380749e+03 1.710685139669268153e+02 9.437757587542826059e+02 3.159060630038653926e+03 -4.490235675675994571e+03 -4.538843566528023530e+02 -9.569544581577705600e+00 7.437388326829201333e+02 -9.340406157679625494e+02 5.746397110418424745e+02 -3.734142886353069457e+02 -3.453453706081280075e+02 -1.537913777692998849e+02 3.360646895677986663e+02
3.746973160122689023e+03 2.652317954581521553e+04 2.346029159606683243e+04 -6.646511466511171420e+03 -4.183702214710055159e+03 -1.169805102144090228e+02 -7.641903516135503014e+04 4.097604150077601844e+03 1.974543662456343782e+03 7.117420238977971167e+03 -1.312492838026995014e+04 -3.537538239449903358e+03 1.718887399583472870e+02 1.194608219258948111e+03 -1.170364369711317778e+02 5.174013177668915887e+03 3.447529355432905959e+03 8.582267939536392305e+02 -1.714933119850373942e+03 -9.714949353375645842e+02
-4.142454675950141973e+04 3.523850570149485429e+04 -2.515506530893177114e+04 -4.466433699781151518e+03 3.209028064838177670e+03 1.699567357136365445e+03 1.763476369302904459e+03 4.092785316881571816e+03 -4.750326482840349490e+04 -6.440203181907712860e+04 -2.928720186911208657e+04 -7.725173647918447386e+03 3.226093495274218640e+03 8.890972319773056370e+03 5.042511881140102560e+03 6.726269444693121841e+03 6.023368736693599885e+02 -1.096511664455956407e+03 -5.759330611979780770e+03 -1.424599122030882199e+03
-8.500318631053931313e+03 1.065137499920450136e+04 1.787307814639525532e+04 6.970431669971699193e+02 -8.840641535681120331e+02 -3.837015805987142016e+02 2.149027183390018308e+03 1.632008560934547859e+03 -5.747686030185758455e+02 -5.733540935151336271e+03 1.135107300095428036e+04 2.820630426873985925e+03 1.361031230671233914e+02 -4.155845386384964968e+02 6.247175371647951181e+01 -4.609504910401468010e+02 -1.326002497671296624e+03 -1.911269475806856235e+02 4.757021499579435044e+02 -1.060282838372146671e+03
-3.390361032988087391e+04 7.461490853905177210e+04 1.565464070198635163e+05 6.688038500037605409e+05 9.269461209923577553e+04 7.429178814210163429e+06 -7.226347487304396054e+04 -6.452495208701075753e+05 2.697222315995696001e+06 -1.839428319571936736e+06 -9.099011106334049255e+05 4.952719504703676794e+05 -1.449154183666315657e+04 -1.352397542225514771e+06 -1.006791201424730825e+06 1.677897437323605482e+04 5.029670213864884863e+04 3.157114726211919697e+04 3.748489633779013529e+05 3.634773474928404903e+04
-3.563311272829989775e+03 1.500718361056642425e+04 2.196521590892730092e+04 -3.015171162343106516e+03 -9.381840995211945256e+02 -2.701131386122446543e+02 1.838341164990236848e+03 2.142856146683621319e+03 8.858766829122220088e+02 1.232207697173055294e+03 -3.042745648398629783e+03 -8.338658665745233520e+02 -1.289265210161087793e+01 7.417900859798828606e+02 -7.032291364643339193e+02 4.717956809831516551e+01 2.145473936152140482e+02 6.322271455727069167e+00 1.000831401906956728e+02 6.902671724995477121e+01
-1.136036667050999677e+04 8.727238879745444137e+03 1.256202449001023524e+04 3.267819420519873802e+03 -6.724086333426027977e+02 -1.515930606242668546e+02 1.308332268098555915e+03 3.906315319080615154e+03 3.639335568981412621e+02 -6.128501513240001941e+02 7.533052848309112051e+02 -5.695197368890065263e+03 -9.562301161591093432e+02 -1.447479265101171404e+04 1.230636661570243632e+04 3.379448665476046699e+03 -6.053820842355750074e+02 1.302491444015921616e+02 1.109292240685409979e+03 3.177681896225259948e+02
-4.668663859800031787e+04 1.193394364669815513e+04 -1.506963603561076525e+04 1.291824843611285178e+04 4.939484569573539829e+02 -1.366422189835320182e+02 -7.494976057052949727e+02 1.602011024098901362e+04 -9.609431242042113809e+03 -1.055248675828264641e+04 -9.444324095532003412e+03 4.542795406457442004e+04 -3.305968811537598376e+05 1.367060543545980909e+04 9.697221874113858576e+03 -3.878180640561408836e+02 1.238189979480889451e+04 -4.006058635321890051e+03 1.013088019786413315e+04 9.228579150103040547e+02
-1.605360713544218925e+04 1.331171778999356320e+04 1.402809815700037689e+04 1.594058914726217836e+03 -1.456637047424875391e+03 -5.294813177554634649e+02 -1.994483734139042645e+04 3.618309587815469513e+03 -1.825175552106582927e+03 -2.187245824521771738e+03 -8.641544363793400407e+03 -7.719275668535688965e+03 -1.846575121176081666e+03 -5.521646523692228584e+03 6.111357288432768655e+03 -3.506046045825767942e+04 -2.385408218577676234e+04 -1.525133017549877934e+02 -6.838598188429757556e+02 -3.339699211165384440e+02
-5.544660976149203634e+04 3.803708984341526229e+04 -3.273345194077701672e+04 1.624316397288573171e+04 -7.979237539165421822e+02 -1.414302897577484146e+03 9.682452447434438625e+01 7.097484085523438807e+03 4.050871770920521612e+03 -2.332080906932201287e+03 6.265795764508880893e+03 -9.276419658703520327e+03 -1.173529742156119710e+03 1.058577615157076707e+03 -1.479995302630253036e+03 -2.097596679119420969e+03 3.680177211870734482e+03 -7.790115682940243005e+02 5.978799798391486320e+02 9.020101270973297858e+01
-6.030135370662675086e+03 2.112730784450778629e+03 1.897920111253503819e+03 6.494619195249426411e+03 -4.455552584721016274e+02 -8.381310173940192954e+02 -3.354886081530000865e+02 1.234979320600348274e+03 2.122564677957638196e+03 -5.223000793794580204e+03 8.824843062173618819e+03 -2.168017072252558864e+04 -4.027898492739446283e+03 -3.531926804751411055e+03 -5.484303659931150605e+02 -2.523644107498583617e+04 3.856954112310611526e+04 2.323068904303375530e+04 -3.959757173165136919e+03 -2.971086664713422579e+03
-3.946213952321841498e+04 3.949767642248555785e+04 -2.754007323842792903e+04 2.538477278393082088e+04 -1.981102937056800101e+03 -1.579587047522347120e+03 1.111933737294311186e+03 1.982954028583516629e+04 5.235978884157957509e+02 1.365341142118590597e+03 -5.837106292827176730e+03 2.995156464341637184e+04 7.760264943329969356e+03 9.121220536331699122e+02 9.843191480237752330e+03 -2.756857677219148627e+03 1.489244919892201096e+03 6.769260729482979514e+03 3.635799977851757831e+03 -1.255526260240383465e+02
-1.335784412477532533e+04 5.392653224570922248e+03 2.971616937562581370e+03 1.905387220489508400e+04 -2.967550780421677700e+03 -2.583561633666754005e+03 7.440411009900007002e+02 -2.025390919334139471e+04 -1.802770929451634402e+03 4.385586316204737159e+03 -5.493329614280699388e+03 -1.757388606066574539e+03 4.256477700449545409e+02 -5.472627718535205531e+03 5.260608814052413436e+03 2.075946158333255880e+03 -5.314070374452279793e+03 -3.959156515725744157e+03 6.026868224275362081e+03 -8.006412039263304905e+04
-2.188720638574317854e+04 1.059241400413203337e+04 2.038235173054235929e+04 1.070193685679009832e+03 2.980372296831243375e+02 5.426398347164040388e+03 9.807530587024212991e+02 1.513648240063977391e+04 -3.310712545823998516e+04 6.404356264205570369e+03 6.070649570346963628e+03 2.212927586896738649e+04 2.720696677117901345e+03 -7.061930946635433065e+04 -1.077249770298189105e+04 -2.974411617955128895e+04 3.031431920450131292e+04 8.639082772654805740e+04 2.669608991490132175e+05 4.358330732482956478e+02
-3.609910514739592327e+04 4.670923226139968392e+03 1.664317417428351473e+04 6.768882256749428052e+03 2.693890935057644583e+03 3.095466946728115363e+04 -3.645510394263108992e+03 2.143821520901633630e+04 -7.219191292946082831e+04 3.621830376089012861e+04 5.116451949997094744e+03 1.787770398027557167e+04 5.057578541646216763e+03 -5.542368456570979470e+04 -2.354038284646143438e+04 -4.517478554310861364e+04 7.084718145760505286e+04 -1.126247696839611890e+05 -2.351707868901270922e+04 -1.048938860589909609e+03
-4.217114926677641961e+03 3.734579966661658545e+03 6.103859720702280356e+03 8.687404314863913896e+03 -1.810981480667338701e+03 -1.332809349875073622e+03 1.775579568624335025e+03 -8.858815476517791467e+03 -7.117399264166091370e+02 1.518523809932782115e+03 -2.100965997981595592e+03 3.494267250773327760e+01 -7.326800426672199329e+00 -2.531851544879326639e+02 1.446279550928001925e+02 1.743510229072889928e+01 -2.251629294247802449e+00 1.558767600890953418e+02 -8.399599419288851720e+01 -1.132958751510411503e+03
-2.056357624467112691e+04 1.839243296796777577e+04 2.197480438373515790e+04 4.129065331256240461e+04 8.645989009602566512e+03 4.718002961958427477e+04 -3.469942695772922434e+03 4.667505962692148751e+04 -1.432944065854788932e+05 7.468523690157216333e+04 2.614986679832513983e+04 2.459043048585571523e+04 -4.120044653371849563e+03 -1.202653313813173590e+05 -1.285894760530842032e+05 1.892170200725812538e+04 -2.820720506803717217e+04 3.403503075490195624e+04 -8.958239629488653736e+04 -2.474958168741758982e+03
-3.937153958005669847e+04 9.400567375560969595e+03 2.847170868239001720e+04 -7.704187854615644937e+03 -4.774978464673319650e+03 6.019810164568498294e+02 -9.283654984462929133e+04 9.804378563949621821e+03 -1.180067871268931231e+04 -9.444628457886306933e+03 -3.087097540681489045e+04 -2.959314100704528028e+04 -1.036357618702884065e+04 -4.091347559392800031e+04 4.181658393500300735e+04 -5.402395853004804812e+05 -4.130519698641551659e+05 -2.224136468164364123e+04 -2.088010960122930919e+04 2.494672799212529571e+04
-4.839529317431305390e+04 -1.512340539185899070e+04 6.397133912222273011e+02 -1.247336276904545684e+03 2.191746376413582311e+02 2.800668100045715505e+02 -9.242208527357809089e+02 2.886537477439007034e+03 -1.591287179248045686e+04 -2.506214840773108881e+04 -1.209010047808919262e+04 -3.704580995585406981e+03 1.060536622302139676e+03 5.791589004612215831e+03 3.362464398790280939e+03 4.699787117210296856e+03 9.614765066969828240e+02 -8.866269301566919694e+02 -4.769855776889452500e+03 2.739907803280652843e+02
-4.845963014898240363e+04 -1.541570544048269585e+04 9.484239234665999163e+01 -1.433326655135140527e+03 3.801555477882268264e+01 1.424529441474404337e+02 -7.656487647675451171e+02 1.711225375156304835e+03 3.725176719076168297e+02 -3.168186584693014538e+02 5.590535728672609821e+02 1.677176792397174552e+02 -4.114007897165317331e+02 3.639853548981849372e+02 -1.299490310205508194e+02 -2.736757961005951074e+02 2.945139405312567646e+02 -6.726279036900567689e+02 2.380974075089480948e+02 2.133488693548830270e+04
-1.088619993337642154e+04 1.317526386142096999e+04 2.117236603755645046e+04 4.041711014244255239e+03 -5.259441840792405856e+02 6.075108892591435506e+03 3.246665308080391696e+03 1.386471470263610172e+04 -1.657775357397400512e+04 1.271832615328547035e+04 8.999109552614088898e+03 -3.711002903894228075e+04 -5.679937055062570835e+03 -1.089361498368091707e+05 1.247252232001722878e+05 5.592142791276628122e+04 -1.657627994533282981e+04 7.314047632459643864e+03 -4.732871350326958236e+03 1.832988135824754863e+04
-4.332376167140884354e+04 4.873417784566304908e+04 -1.491819379816078981e+04 1.183625997982947010e+05 3.774330498322490166e+04 3.272267325405126940e+03 -6.657788197464812583e+03 1.238686921783806029e+05 -1.073264803249460820e+05 -3.239254324847713360e+04 -1.485637644755731453e+05 4.946661070626931614e+05 -2.562450987102032639e+06 7.993945496745551645e+04 8.424003479697836156e+04 3.541244295918357238e+04 9.498511284400306977e+03 -2.362886442389662261e+04 3.937337699184878875e+04 -6.968172246985540551e+04
-6.118336392702912235e+03 1.452206687512630197e+04 2.340050961585958430e+04 1.199350341036896225e+03 -1.123241511912966871e+03 2.269370024592397021e+04 5.795489780464055912e+03 3.888810507206580041e+03 -1.023432068559430263e+04 6.493218951238087357e+03 1.208137926587759648e+04 -1.161099909373802802e+03 -9.477187574415289362e+01 8.841339043272517301e+03 3.430627229176386209e+03 2.299591145979504290e+03 -5.724401449383264662e+03 5.060910923070790886e+03 -2.027118132546699781e+04 -2.315717861225049546e+03
-3.440633898858170141e+04 4.370198342291024892e+04 -1.064626052042681113e+04 3.781222159796578489e+04 -3.326659294419986963e+03 5.603304692726537724e+02 3.541708984687491011e+03 5.068770063791318535e+04 -1.773276820685792336e+04 6.487542251296727954e+03 -3.752926779266454105e+04 1.513532630094628839e+05 3.164126970761189295e+04 -1.271252573740497246e+04 5.780358427184413449e+04 -5.371757076918907114e+04 6.656483194680088491e+04 3.143571401094579778e+04 4.536901748569896881e+03 -3.864308359341385767e+03
-3.770983126473466837e+04 5.487385780222576614e+03 1.397230955163091676e+04 2.078126879706950422e+04 7.888132223667610560e+03 5.041418500662119914e+04 -7.442846384545428009e+02 4.519229222614926402e+04 -1.758634299516984902e+05 8.380269460526382318e+04 2.220801421463676525e+04 2.007865925857896218e+04 1.205491776937907707e+04 -3.255078927226952510e+05 -2.339856602635043964e+05 -4.201601559623531066e+05 7.102285857723297086e+05 -2.104463607909047045e+06 -2.177633794808288221e+05 5.090580878107423814e+03
-2.249018499398249696e+04 8.414262791184868547e+03 -4.432242546800649507e+03 4.606526822357499623e+04 -4.978637034324466185e+03 -4.202551120595258908e+03 -7.628593435571023065e+02 5.506041471706440461e+03 3.314337005471136308e+03 -1.409660455173681157e+03 1.428766637984713952e+03 -8.374507755505563182e+03 -6.072618295251995733e+02 2.077521546121278334e+03 -2.186726237703448078e+03 -2.570400501309196670e+02 1.435165847818598650e+03 -1.034953575168607131e+03 -1.170677441529628879e+02 4.400388657593842936e+02
-7.192981951820223912e+03 1.670060329714207182e+04 2.599551046109496383e+04 1.336464522392806794e+04 7.382401571526009320e+03 1.386778536377016280e+05 1.149157479296770134e+03 1.056141953714920419e+04 -8.393689252980596211e+04 7.074216967113057035e+04 2.840228422645918909e+04 -3.021597797392802750e+04 8.200907059194507838e+02 7.427057635411132651e+04 7.274134804802971485e+04 8.900125531926868234e+02 1.079366809850047503e+03 -5.918550775528115992e+03 -9.420769621569517767e+03 9.106193435830131193e+02
-4.671644323815371172e+04 -8.833421144162351993e+03 -1.316056677328759179e+03 2.173438275559759131e+04 -2.098462895800228125e+03 -2.010084638459700500e+03 -3.622622482187003243e+03 1.541245215691823978e+04 5.479739826316340441e+03 -2.392003593591393837e+03 2.052666039841050861e+03 -2.516322868954956903e+03 3.772502049914236977e+03 5.133511418345481616e+03 1.713029432046041165e+03 1.643663608952853610e+04 -2.328164593565207906e+04 -5.591206601450366725e+04 4.843004162574758811e+04 -1.023217144902201107e+04
-1.611011649114116335e+04 1.156344744671072658e+04 1.573883681674665604e+04 5.844089188313693739e+03 2.323359685998671509e+01 1.650917267783829448e+04 -4.069901790475802500e+03 1.036528042166967498e+04 -3.732503453397876729e+04 1.406149692587713980e+04 1.716117464456627204e+03 -1.463227672067159119e+03 -5.607394662528333811e+02 -2.285596015304124012e+04 -2.648471317864619778e+04 -1.272839499655935697e+03 1.305152916366320596e+03 -5.648928353904716460e+01 3.850664711297870781e+03 4.157000003773740104e+02
-8.929734399951556043e+03 1.674828597091365737e+04 2.577925496869665585e+04 6.111252570064906422e+02 -2.041009702918732046e+03 -7.520251546709821469e+02 -3.326165882167083964e+03 -5.052426903406865222e+02 -9.430738687195274679e+02 -8.868948625919696497e+03 1.807533358017483988e+04 5.867165245565736768e+03 3.452885717421093545e+02 5.018045784097093929e+02 -3.395233064547232402e+02 -7.492155636264054408e+01 -1.591131674378406842e+03 -5.297320854691116665e+02 8.300510678420740760e+02 -7.081233960093601354e+02
-4.140985007607438456e+04 3.578637604821207060e+04 -2.446633808414152008e+04 -2.333260933340390693e+03 2.607783802910891154e+03 1.273529798957116782e+03 1.263595057168875201e+03 2.326372915013752845e+03 -3.135038504411276881e+04 -4.008934316372132162e+04 -1.652964872025600198e+04 -4.561929286535963911e+03 1.994875311066967470e+03 2.909601560404516476e+03 2.071226853358359222e+03 -1.808932389963789547e+03 -3.177503663770178264e+03 -3.070629019740777039e+02 -1.124444537913430850e+03 -1.874979410894962484e+03
-1.563360480309106060e+04 1.496085156551233922e+04 2.630129647140495581e+04 1.984905078287511060e+04 1.560511772892937006e+05 -4.772554956539534032e+03 -2.810459811534920846e+03 -2.046563993186941389e+03 2.250597081058773711e+03 4.850003028675901362e+01 1.465705627972968159e+02 2.751122740204708634e+02 2.155494045568247259e+02 5.696760930554859215e+02 3.653821015610342897e+02 5.708977152275089395e+01 -6.906811676006019241e+01 -7.912500867548281747e+01 -2.077771860339607883e+02 -9.281570467278569936e+00
-2.526453035560741046e+04 4.444472669138551282e+04 7.377008612880377041e+04 1.667412331157379376e+05 1.493705606932060800e+04 1.466414314343673177e+06 -2.802717923809582771e+03 -2.346521660321276431e+04 -9.237804425527285275e+03 3.232638898700806749e+04 2.991672128163318121e+04 -1.749737816649088927e+04 4.957015334456363576e+02 9.101359860904086963e+04 5.358278815693398792e+04 5.187350187974319851e+03 -1.797233859911886975e+04 1.889587042832405132e+04 -4.458338193041580962e+04 -5.903833228715078803e+03
-2.127898194896987115e+04 1.477354661803089766e+04 1.547712765231088633e+04 1.061050172449204001e+04 -1.953056804563645983e+03 -1.408531516124765403e+03 -7.296595593706011869e+02 5.458617370123042747e+03 1.367119201238722781e+03 -8.826770130979242822e+03 1.706516390520222922e+04 -2.173913434557599430e+03 -6.065224592986830885e+02 6.315471537442097087e+02 -9.862902079094194505e+02 -2.051079380881438738e+03 1.596148219136855005e+03 -2.865816905166868196e+02 8.034019450180031754e+02 -6.971347418993458405e+02
-2.550595847982085252e+04 2.756829785942817398e+04 4.670957259517924103e+04 9.652100735605512455e+04 1.012409986243463209e+04 7.873051328492201865e+05 -4.483913046059084081e+03 1.830300193230095465e+04 -1.926530434650249663e+05 1.606206606667307788e+05 7.240201903585722903e+04 -5.177649190897706285e+04 2.946086758607671072e+03 1.689542694933678140e+05 1.337772667310994584e+05 -1.279844224379169282e+04 1.110533569299022020e+04 -2.835480137467991517e+04 -3.080998940312948980e+04 -1.933705532752451290e+03
4.442165250609692521e+03 8.397752871697528462e+03 1.067289358314284436e+04 -4.024845227190361356e+02 -1.803961240819748127e+03 -4.629666989233529648e+02 -3.578224202600562421e+04 2.697032066831092720e+02 8.746326967436198174e+02 2.273467108517361339e+03 -3.954317338623132855e+03 -6.435308976977808015e+02 2.054631650756159900e+02 7.476948403558784548e+02 2.447102041360242026e+02 4.453542848371181208e+03 3.261041488187062896e+03 8.160906652025902304e+02 -9.245049815462786000e+02 -1.359318898990952221e+03
-5.569963073253937182e+04 4.000524081454399857e+04 -3.540128080195652728e+04 3.386319163456542447e+04 -2.646326352393198704e+03 -2.978421476435593831e+03 -1.702351305725791235e+02 1.327873263919393503e+04 5.935383108813371109e+03 -3.183994423268694391e+03 6.244542103277305614e+03 -1.249485013510049248e+04 -9.808736907070554025e+02 3.113819815720319639e+03 -3.199804087729558887e+03 -1.210436065684011055e+03 2.932243729220827390e+03 -1.852565111011800127e+03 4.739180552032481160e+02 9.570104494953679932e+02
-2.498077186318732129e+04 2.631406486892719113e+04 1.344071925778906370e+04 2.127311319339059992e+04 4.416544705451138725e+04 1.061912859416343563e+05 -1.723220074456119255e+04 4.577454139849750209e+04 -3.619698877772307605e+05 6.661055775790552434e+04 -7.400150531655300256e+03 -4.627292921978038066e+04 9.580569618015855667e+03 -1.375425073673045263e+05 -2.645146302816238021e+05 -3.758171222240931093e+04 5.122431712113192043e+04 8.928945180183403136e+04 7.115093977176988265e+05 2.303182656337289154e+04
-1.585050805141086494e+04 1.073449791701536742e+04 -1.782147770084802460e+03 6.459973354054976517e+04 -7.187767659487546553e+03 -3.174833693078455781e+03 -6.393995028000767888e+02 1.228717807323411762e+04 -2.659098628066361698e+02 3.963480247339380639e+03 -6.124228794514350739e+03 5.727174806331413492e+03 -3.041121643457404957e+02 1.639851701783465614e+03 -3.489394299135569327e+03 3.726179317191241353e+03 -4.353285204780733693e+03 9.871585939547394446e+02 -3.321249665405768155e+03 5.903348527379516781e+02
-2.443232982300793446e+04 4.537083548681199318e+04 -9.444393291606240382e+03 -8.955476463269977103e+03 -9.535001107268318776e+01 4.673789793730518909e+02 -8.800406725844852645e+02 -4.105235132953368407e+02 8.012422583749040541e+02 2.426668856680726094e+03 -3.117265774048001276e+03 -1.126405384945340131e+02 -1.531710554818272563e+01 7.277867176892721091e+02 -9.163768034603908745e+02 4.527114920622730097e+02 -3.465142656114729220e+02 -3.341054317346185485e+02 -7.161175967850891766e+01 3.633087428099630642e+02
-2.426091936731514579e+04 2.694714427095975407e+04 3.667572126514651245e+03 1.044606899719618923e+04 2.913220854107989726e+04 5.306778203106478759e+04 -4.594949134260181381e+03 1.867452406596787114e+04 -1.378775680242415983e+05 1.558192104766846387e+04 -6.290820204573907176e+03 -1.329812095294551364e+04 3.729025513047743516e+03 -4.820284070918577345e+04 -8.729026335838045634e+04 -1.137769096384951263e+04 1.580632494886757377e+04 2.600998357425364884e+04 2.095865324660608021e+05 6.383567378700519839e+03
-2.643763552898166745e+04 3.733526593055090052e+04 6.763889405942482699e+04 1.420863090887261205e+05 4.313969502724552149e+04 1.271015833814267302e+06 -1.308669935687625548e+04 9.499174306960003742e+04 -1.141569845409028232e+06 9.370813689726606244e+05 4.408323173746695393e+05 -4.719446091059840401e+05 1.800154699702349899e+04 1.400029016413799254e+06 1.067892005748613970e+06 -4.399176234783912514e+04 -1.709472291622325429e+04 1.811669281306827033e+05 1.144675960023254156e+06 7.039145206546309055e+04
-2.355501195781553906e+04 2.426984973255989826e+04 3.045530167303908092e+04 5.912451571240433987e+04 8.350890648660182705e+03 8.631646067246637540e+04 -1.990197281742229734e+03 7.837111987679245067e+04 -2.531767388323282066e+05 1.347787085001167143e+05 5.998019736836872471e+04 4.462488080936217739e+04 -7.427769283151555101e+03 -2.174164048649183242e+05 -2.326986299964479113e+05 3.998201027050674747e+04 -6.119156957917978434e+04 7.300509332303369592e+04 -1.949312601985632209e+05 -7.287238835909098270e+03
-4.604627741940413398e+04 -1.259906075228155714e+04 4.576054832466072185e+03 1.937791861520115162e+03 4.289908033490660273e+02 1.602205318481282848e+04 -3.010843108189032591e+03 8.336419234093516934e+03 -3.707189018879443756e+04 1.345619431214451470e+04 2.521004675497531935e+03 -1.771540826357301512e+03 -5.522307809826711491e+02 -2.169653438903723872e+04 -2.672028257042165205e+04 -1.423384993807663477e+03 1.885098753698848668e+03 -5.605461733229212768e+02 4.342865661380819802e+03 9.581481931211825440e+02
-6.002358596475352533e+04 7.935124604120196636e+03 -1.878730271655573233e+04 3.456444058611383662e+04 -3.032175488218025748e+03 -3.078245464409472788e+03 -1.442547143828236585e+03 1.421662793470500219e+04 5.404574120327004493e+03 -3.873220972054181402e+03 5.380896723630242377e+03 -1.182529920573803065e+04 -8.001316603297068468e+02 3.367564205460234007e+03 -2.944283861369656734e+03 -1.380782624839692517e+03 3.342653204503297275e+03 -1.622958139898291165e+03 5.855203697179706523e+02 9.961282335853464929e+02
-4.589368464421355020e+04 -1.203300022316408649e+04 6.078931012906599790e+03 6.449570804826877975e+03 6.258107180087365123e+04 -1.690336489392045905e+03 -2.466131763986880287e+03 -5.761857160954554047e+02 2.130652173283453976e+01 -9.065215702016049590e+02 -4.412910171075057519e+02 3.337734950169693775e+02 -1.240196484897655438e+02 5.811739553175121955e+02 -3.358678130788852627e+02 1.142204032571900143e+02 8.788563715340114868e+01 3.897369094780198395e+01 5.515875041685844735e+02 4.181866744270755589e+02
5.683724862258427493e+03 2.187358767858856663e+04 2.374785909859975072e+04 -3.807140052220273446e+03 -3.951826412473492383e+03 -6.170725446073408875e+02 -5.884059642786463519e+04 -2.325381758539821249e+02 9.674702047708711916e+02 1.421578358813606656e+03 -1.681543747686456072e+03 1.035292404404461649e+03 3.917384918614610001e+02 1.990780496368254262e+03 -3.956606350502255509e+02 5.161208050554043439e+03 3.197392133426848886e+03 5.486879729512928634e+02 -1.026402303707401643e+03 -5.118725125795747317e+02
-4.602943147526719258e+04 -1.264689863789241281e+04 3.977983541881245856e+03 -4.699698354103416875e+01 -4.530022228453655089e+02 -1.513452401315360305e+02 -8.306502588745566754e+03 2.768450996686508006e+03 -2.053515310426852011e+03 -3.485854513877726276e+03 -5.982718044148912668e+03 -6.529510876289482439e+03 -1.815652155286429206e+03 -4.565033017427119375e+03 5.397040189435898355e+03 -3.505207940036319633e+04 -2.350753317250120745e+04 -1.858441280671968059e+02 -7.520672148716735137e+02 2.543486747477951155e+02
-4.170324232268446212e+04 3.592800288983648352e+04 -2.631111025582168440e+04 -5.215194680268989032e+03 9.961860748760464048e+02 5.561228440108310451e+02 1.341938083209331353e+03 -4.304916567621630747e+02 4.213094467389594797e+02 1.276632886864748002e+02 1.716021576201648713e+03 -2.214880664581806400e+02 -6.278360627224361679e+02 -2.600806059232396592e+02 -5.757933517513070143e+01 -2.423856012809914375e+02 -3.644378215321171410e+01 -8.380023343760742591e+02 1.149647840141556401e+02 2.120631091592619850e+04
-5.423696703577671542e+03 1.168447655913151357e+04 1.589868555523929717e+04 1.564929665699187717e+04 -4.051191888861252210e+03 -2.746401180177796959e+03 -4.595357506612859652e+03 -2.484917952421101654e+04 -3.942160317509455581e+03 -1.539713265152505073e+03 3.316051999318174239e+03 3.908160776035618710e+03 8.017677827918822686e+01 -7.290358560842980751e+02 1.204799289871245037e+03 -8.089139093095030830e+02 1.184179942471933600e+03 4.871315748443372939e+01 4.112010420554335610e+02 3.358435296048457076e+03
-3.868561255314465234e+04 3.287639700443525362e+04 -9.732993637808676795e+03 7.193125068376815761e+04 1.378783827118318641e+03 6.429548388281088592e+03 -4.912569955537302121e+03 6.611435765563252789e+04 -6.829972993396531092e+04 -2.652339914827760731e+04 -7.053969008508218394e+04 2.108620045659361931e+05 -1.088900561385466950e+06 3.093990988999097317e+04 2.885400965542808262e+04 8.634417348819602921e+03 -8.229624858936269902e+02 -7.977515890958977252e+03 1.418766926801020782e+04 -2.635228179999850909e+04
-2.584185223552514071e+04 1.813848625889944378e+04 3.267187939491446741e+04 6.461578606948767265e+04 1.052966602607068489e+04 5.173017651817458682e+05 -2.065481282621441551e+03 2.876442039300635952e+04 -2.255769682190010790e+05 1.686761889714036952e+05 7.012727768095361535e+04 -4.662832559019500331e+04 3.013098163334516357e+03 1.224517730798176781e+05 9.575022466605318186e+04 -1.487288844893514397e+04 1.760511960849488969e+04 -3.204096445937037061e+04 -1.796154084058290391e+04 -1.573212768787786615e+02
-4.146431789693681822e+03 1.840208000401788013e+04 2.639196423038396824e+04 -2.943561681535145908e+03 -1.679586836294483874e+03 -5.319882471405968545e+02 -1.920872486925806925e+03 6.043503668348897406e+01 4.843415761257570011e+02 -1.329019955582349439e+03 2.475426954239053885e+03 1.655881245444988963e+03 1.507686469879276672e+02 1.512182668662024298e+03 -1.038007386321232616e+03 3.338509101113111797e+02 1.244120011452359265e+01 -2.112630692821647074e+02 3.134826130576703349e+02 3.689260819876132018e+02
-4.143194439734111074e+04 4.484228981908001879e+04 -2.858539044520583775e+04 7.259260333068377804e+04 -7.064001523544519841e+03 2.771969462974639100e+02 7.208525684075864319e+02 3.906729044659725332e+04 -5.385709631857901513e+03 1.048470285050104212e+04 -1.759744032777686880e+04 5.207129716938638740e+04 6.499521134707255442e+03 8.182937939878567022e+02 4.915421920691188461e+03 2.402189762005840294e+03 -5.040236734664472351e+03 1.307832762866300436e+04 -4.256148820583467568e+03 9.697312495868145561e+02
-1.179351125793204301e+04 7.565372242598995399e+03 4.654651467942495628e+02 3.738256166153231607e+04 -4.357624792705040818e+03 -3.566609853727868085e+03 -1.984850346103670233e+02 1.317953698763094280e+03 1.638822382605546409e+03 2.116546725841562306e+02 -1.498571626969302770e+03 -3.003723838977090963e+03 3.427094462677163733e+02 1.243879344256863760e+03 -8.952066508070121245e+02 1.498141081933752275e+03 -1.681795933377385381e+03 -1.495365793196791174e+03 1.535519215744923258e+02 1.294328888720319526e+02
-1.588983197829705568e+04 7.716240255053779038e+03 3.168582616666206832e+03 8.079312115368305967e+03 -2.009192231591071959e+03 -1.162769502396928146e+03 -3.403576409202126524e+04 3.902780404918044042e+03 2.244297258613291433e+03 -7.735646885278598575e+02 -1.144099255777885844e+02 -8.023281490966181082e+03 -9.460908065634840796e+02 1.421137629413252171e+03 -6.586229207409529636e+02 1.611974388775920715e+03 7.258599451115147531e+03 1.442598622185756312e+03 -1.103996322318936791e+03 -2.419164011218574899e+02
-1.802726877319109553e+04 1.142166989840197130e+04 2.260319014032753694e+04 -9.139733807701292108e+02 3.083079246320142374e+03 1.258714693810273639e+04 1.226799866614653638e+03 1.138722964073171352e+04 -2.642931391206449916e+04 1.778254858409382359e+04 2.005853710970411612e+02 1.734690905854991797e+04 5.482976717622821525e+03 -2.652690127629526978e+04 1.286973045765755705e+04 -4.521043423722127045e+04 7.176427765084995190e+04 -1.148760572103326849e+05 -2.044699102695754846e+04 -1.235560726068546046e+03
-6.590779916431461061e+03 6.614137698002751677e+03 9.158483927634566498e+03 1.646361062012261391e+04 -2.816141118056958021e+03 -2.425423981137369992e+03 5.457053584566787094e+02 -2.038842861450740020e+04 -3.235205230669379489e+03 2.444704539193362962e+03 -6.070202600591824194e+03 -3.804680637561153617e+03 -5.471593869261357668e+02 -7.512098922467746888e+03 6.021510406545688056e+03 -3.622493894049004211e+03 1.943897882410014290e+03 3.584948257398009446e+03 1.020554776040482011e+03 -1.181593545244229426e+04
-4.884160425946480245e+04 -1.574625065148680187e+04 -7.856623966149467719e+01 -1.405005894124637052e+03 -2.837152951969753545e+01 9.921988057650698067e+01 -3.913122502304493651e+02 -2.749643650007963558e+01 2.607413227097355275e+02 3.986730220801313749e+02 -1.758141738746393656e+01 3.518923604116295110e+02 6.693211059485879844e+01 1.300885003639839681e+02 -8.904910544559686514e+01 1.367410032054172291e+02 -4.598336231969626198e+01 7.551153333626429287e+01 -1.843835625357834473e+01 -6.506159622876242565e+02
-1.641608874086479773e+04 1.781503969921320095e+04 3.391932557508655736e+04 3.004647648016687526e+04 2.499917312753506121e+05 -6.692097632385708494e+03 -5.099177230338959816e+03 -4.633045393007049825e+03 3.300533643941048922e+03 2.482476980786642798e+03 7.369656543700307338e+02 1.217177745181498722e+03 7.091833332843808648e+02 1.185158462462909029e+03 1.749086552626278319e+02 3.980901744452095841e+02 -4.526640136990730525e+02 5.478677905212878585e+01 -1.976800365014091767e+03 1.416439360140808787e+02
-4.677586674321992177e+04 6.110391143961851049e+04 -9.079970257046954430e+03 1.869425674622155839e+03 -3.051456339574841422e+03 -3.627785200167104449e+02 -4.234285001066478435e+04 7.221226861252171147e+03 2.399682567710455714e+03 4.840254948371131832e+03 -8.498000216386686589e+03 -3.497131765796645595e+03 1.647511865368456654e+02 5.224960436563953863e+02 -1.534028228957547242e+02 1.589816627011477522e+03 -1.497037225597092402e+03 -1.545152509999914173e+03 2.772561602760022765e+02 1.690157855882765489e+03
-3.986100106145604059e+03 1.630836672046002604e+04 2.363727858689098503e+04 -3.039009064700488125e+03 -1.203067604026389972e+03 -3.560643204457376783e+02 3.590320031407425745e+02 1.481304749940604779e+03 7.583523867774347309e+02 4.013037073261247656e+02 -1.252357969902470359e+03 -2.383748458720578967e+01 4.026243942589501756e+01 9.870286115949869554e+02 -8.090630889606345590e+02 1.434773152452387421e+02 1.483725521754331567e+02 -6.888090992953893021e+01 1.784320407986007524e+02 1.705694683729753081e+02
-2.542824873926888540e+04 5.264041157906039734e+04 -2.684496499681485147e+03 -9.911713269468196813e+03 -1.291142054770336244e+03 2.046894386377296087e+02 -9.121282368784020946e+03 -2.571337831550979445e+03 4.099903394175418043e+02 -2.708258186013586055e+02 2.818636672521115088e+03 2.741095534073119325e+03 1.865553763887060654e+02 1.661632164347806111e+03 -1.336039119188407312e+03 8.616156098399618486e+02 -6.013949130757688408e+02 -5.997501153025808662e+02 1.387412879279760602e+02 6.961154035191190133e+02
-9.903093879620326334e+03 1.180261810602070909e+04 1.782490474099022322e+04 1.699852390460946481e+03 -7.176230669328119802e+02 1.811807417651686762e+02 4.860152514780037905e+02 4.424632457065073140e+03 2.473855056008078748e+02 -4.653251021674341814e+02 5.970788109832952841e+02 -5.037385608795958433e+03 -8.840277848699838614e+02 -1.476340698310010157e+04 1.216607228087722251e+04 3.712479419047933334e+03 -9.591194248934250481e+02 9.179909111668823130e+01 1.045231205324657594e+03 2.886602441703651607e+02
-3.885754238286244072e+04 3.844015346544401837e+04 -1.820402894868577278e+04 3.710542575426932217e+03 6.524432475835753576e+04 -3.876395604497004115e+02 -1.671777369203816988e+03 1.056917082525432761e+03 -3.129947152805522273e+04 -4.010621162932413426e+04 -1.809691994047061235e+04 -3.857216842723536047e+03 2.063647862063735829e+03 3.857529202163734226e+03 1.467494285133612948e+03 2.206912003982021815e+03 -3.207175426645683274e+02 -2.984997100814320561e+02 -3.287676974585270955e+02 -1.296538244802725330e+03
-2.079872154026664066e+04 2.301262177311371488e+04 2.781233708410477993e+04 5.280752192131114862e+04 1.898121831730266422e+04 3.945801167727387510e+05 -8.629316190962386827e+03 4.870682226124389854e+04 -4.489198651543679298e+05 2.664641288210290950e+05 1.004053454014450544e+05 -1.278585670325097308e+05 8.105133357099221939e+03 2.505880785946081160e+05 1.227242857358850306e+05 -2.785124923055542240e+04 2.327273734393592531e+04 6.953022560114209773e+04 5.475016851465109503e+05 2.539773012891562030e+04
-1.892229870997017861e+04 1.296011530351655711e+04 1.452878960839078900e+04 4.335243908294563880e+03 -1.201843444702803254e+03 -7.582437364627446641e+02 -1.107325449451794157e+04 7.138146825348858329e+03 2.854159477564910958e+03 -8.092249158289170055e+02 -9.084458764085766234e+02 -1.466363190506827232e+04 -1.758064420877406064e+03 -3.481249217964369564e+03 1.200927222686606683e+03 -9.348273205290657643e+03 1.349547423471525690e+04 5.591454333264850902e+03 2.054356212768866953e+03 -4.679648416363798447e+02
-3.524441425842699391e+04 1.178637168715062398e+04 1.445507316343285493e+04 9.359982800882295123e+03 6.119413399034775694e+02 1.304539132590885492e+04 2.595996027179665816e+03 3.831054843540570437e+04 -4.155330466308814357e+04 1.914664494520594235e+04 -2.673154172047445900e+04 1.314564334532577195e+05 3.070207882282851642e+04 -3.772814138030936738e+04 6.163505172778567066e+04 -9.765686909562136861e+04 1.384372998719698226e+05 -9.459192757047677878e+04 -1.584150550664950970e+04 -5.557602230400664666e+03
-1.912331475790171680e+04 6.674548506418312172e+03 1.635343411876434402e+03 1.876088723058095275e+04 -2.457821902570952261e+03 -2.232542557882188248e+03 4.035978549111073335e+02 -4.930866936548401100e+03 8.907125641349329044e+02 -8.628746911908965558e+02 1.681755291291942058e+03 -5.643778156778823359e+03 -8.357366759744902538e+02 1.196108782409479403e+02 -5.638727388187443239e+02 -1.691339478457583482e+03 2.912916388741726223e+03 1.863472521262922896e+02 7.057957888332630603e+00 -2.321299503919333063e+01
-1.525451294989102462e+04 7.078816584352945938e+03 9.513547808860170335e+03 3.117517244516242954e+03 -7.088074440918658183e+02 -5.911558641045876357e+02 -7.934055392018985003e+03 2.279506752463022622e+03 -2.163687199262518334e+03 -3.601611749436531682e+03 -5.939268229214694657e+03 -7.066359631434173934e+03 -1.890611994002184247e+03 -5.574301181268784603e+03 6.121164189061820252e+03 -3.533253766526612162e+04 -2.371943974556523972e+04 -7.634111503688900768e+01 -5.621907584728513712e+02 -2.617467819258735631e+02
1.020414119817597748e+04 1.827118255951869287e+03 2.578017258799264710e+03 6.099677361434806926e+02 -1.558317153534177351e+02 -1.446071068172855689e+02 -1.095712575517850610e+03 6.946127096710705473e+01 -5.538277160630136642e+00 9.279283576779508991e+00 -1.604496791496430603e+02 -1.540372208770763507e+02 -1.172426864024603432e+01 -5.217434830459890236e+02 3.836291105050476631e+02 -1.143506120665588242e+02 7.294047955611101486e+01 1.103911014445181564e+02 1.895223703066588428e+02 -4.540301203375190653e+02
-3.974917303996800911e+04 2.992474114119260776e+04 7.071599825384917494e+04 2.119786576615697704e+05 2.921329843516815163e+04 2.260459814969441388e+06 -1.914860276708381571e+04 -1.197141876558182703e+05 3.777748173153723474e+05 -2.296517968083749874e+05 -1.297108764629842626e+05 6.304044928217919369e+04 5.534690031535938942e+03 -1.422523746465898002e+05 -6.509183787714028585e+04 -5.075145329514676996e+04 9.022648044844013930e+04 -1.260102463768135494e+05 5.543411406090674427e+04 7.031130045779574175e+03
-8.200027179232421986e+03 2.411846361358885406e+04 1.719638288671700138e+04 -4.557719060737036671e+03 -8.369958091547543972e+02 -1.061954767982279861e+02 -1.933935183606253304e+03 2.159823860748263996e+03 8.134371173777693684e+02 1.499736113807251513e+03 -3.413338968097020825e+03 -2.251864407518466180e+02 1.219341558447213458e+02 8.379152909454822975e+02 -6.174701057444081016e+02 1.436809800722977570e+02 1.456298619115175654e+02 8.503659119632386876e+01 5.095664879108512935e+01 1.000201670831241501e+02
-8.119083377531262158e+03 1.324128102497407417e+04 2.064970609966629127e+04 6.830856914036221497e+02 -1.061590430966963595e+03 -4.454306935046173521e+02 9.469560226195070527e+02 2.325031674756431130e+03 -3.984485198857134378e+02 -5.637007685645970014e+03 1.112951834238341507e+04 2.754012273580772217e+03 1.526623575515609730e+02 -4.684407194525919635e+02 6.105293284538716136e+01 -3.749720632698824261e+02 -1.373786561039748221e+03 -3.154888536004072535e+02 6.204435556837477179e+02 -1.060531253996530268e+03
-1.708636728398345076e+04 2.835189174431263746e+04 6.586308687313713563e+03 -4.901950806097448549e+03 1.834501097847514984e+03 1.047673046542375914e+03 1.521118082522548093e+03 3.529827770442487235e+03 -3.096794889893596701e+04 -4.028766569875827554e+04 -1.560307267959708588e+04 -2.689018817350478002e+03 2.364681543432398030e+03 4.393882550741889645e+03 7.508663857060429336e+02 2.230344054615500681e+03 -6.242688887996137055e+02 -4.744686105552486310e+02 -7.202272152496884701e+02 -1.552508230545669448e+03
-3.068935714603709584e+03 1.074402696070252023e+04 1.733387439494248611e+04 -2.024699631277666413e+03 -6.871587517801706326e+02 -2.554300247613261377e+02 4.841083901364948360e+03 1.210930298583984495e+03 6.711570017628362166e+02 9.469146356487364073e+02 -2.415006475628173575e+03 -6.771499115582477089e+02 -8.728989834750805699e+00 9.748787941965564414e+02 -8.330574141775093722e+02 -3.555062662507444315e+01 2.348701158051230209e+02 1.106222096977436280e+02 -8.716250779621638856e+01 8.429944020107339497e+01
-4.497560914768552175e+04 -1.201604209123886358e+04 5.309826484159038955e+03 1.043054283205260191e+02 -3.748424338867728238e+02 1.119628517855333882e+02 -1.248291171715571579e+02 3.567363206870639260e+03 2.175775992060211763e+02 -4.081280349976337902e+02 6.180110491064102689e+02 -4.960572751337494083e+03 -8.285484604035053735e+02 -1.363918249631086655e+04 1.185007122673222693e+04 3.586646625777939335e+03 -5.047427174203558025e+02 8.135508620338127628e+01 9.193478737572451109e+02 8.169647232449574403e+02
-3.885188543786620721e+04 3.614554735393063311e+04 -1.928431437533532880e+04 -1.280410324934096877e+02 3.362278403425074430e+03 1.755579447067759975e+04 -2.080799369136945643e+03 1.022364857648575344e+04 -6.862281947477858921e+04 -2.563567161726557606e+04 -1.514341436542061638e+04 -5.569973965455725192e+03 1.649428191045172980e+03 -1.870035693211021135e+04 -2.507868034628783062e+04 7.861500935109968395e+02 1.263293472028774886e+03 -7.942321736600966915e+02 3.267838858233412793e+03 -7.707681745238853637e+02
-1.369040345882621841e+04 3.120594007878114098e+03 -1.385887475126264462e+03 1.175210594079696784e+04 -7.743116666322670198e+02 -1.357903941185244094e+03 -8.752295396939065313e+02 4.036718088921748404e+03 3.632178292033510843e+03 -6.786009531532689834e+03 1.154567152629490738e+04 -2.695538082587065946e+04 -4.875741294175188159e+03 -2.898253483194549972e+03 -1.533084114818770104e+03 -2.706808631776786933e+04 4.167927632950596308e+04 2.357865603083511451e+04 -4.015923627872579800e+03 -2.679920956520084019e+03
-2.081491529800353965e+04 2.536192500879427826e+04 4.180535227300407314e+03 1.058841491485599727e+04 -6.083650581761662579e+02 5.134653224016007016e+02 3.229287961229107168e+03 2.940504650858150490e+04 -2.199605304515415628e+04 -7.173503918167863958e+03 -3.149502502192467364e+04 1.129996622069243313e+05 2.546375768909037652e+04 -1.242796357310104941e+04 5.068274152195959323e+04 -5.148634246487870405e+04 6.603048786401413963e+04 2.013479243543765915e+04 4.224748431478848033e+03 -4.690543400010044934e+03
-1.482811696684710842e+04 1.130695695550724122e+04 1.450270906338109307e+04 1.014548337946591346e+03 -6.644675386773153605e+02 -3.816896370578943731e+01 -7.053501615214790036e+03 4.766615595870467587e+03 -9.151379022233501018e+03 -1.301743760056407882e+04 -9.450971864584716968e+03 -6.820571048625248295e+03 -1.343847612073202527e+03 2.139247101419547107e+03 6.349601077864192121e+03 -2.079463238331937589e+02 4.026904955061351302e+03 -4.474605786552415339e+03 -1.150608624726290827e+03 -5.264622464627264890e+03
