-4.260966353705705842e+04 3.583838911518056557e+04 -2.622815977753814877e+04 -5.117060438928055191e+03 9.132507374384794048e+02 4.989864307850650107e+02 1.728190405902269049e+03 -2.218654507818680941e+03 3.045332343646000481e+02 8.542001023567688662e+02 1.106479041805524503e+03 -7.791489996846372890e+01 -1.458922910936935011e+02 -5.319862803801905784e+02 9.987924042213641940e+00 1.461103619154592650e+02 -3.419239114847707697e+02 -6.897937750407707824e+01 -1.414956603151325680e+02 -7.899263506485862081e+02
2.099516953713400653e+04 -3.093364704694577995e+03 -3.395692535204426349e+03 -4.312914836620519736e+02 1.632688026197752720e+02 9.576812257691354091e+01 -9.449600280651343098e+01 2.137859068282537578e+02 5.141685828031417493e+00 -4.420235061702754109e+01 1.123771369403965963e+02 4.006630320107284859e+01 4.025076644560063421e+00 8.525736949665246200e+00 -8.427321812719334559e+00 8.718392554902450797e+00 -3.282690032475998265e+01 -2.476360741192646842e+01 5.119356131717525571e+00 1.808562464475250264e+00
-4.938297867639283504e+04 -1.553380707157657525e+04 1.328181116236431762e+02 -1.208725830139257596e+03 -5.534251238193302669e+01 7.447567822312549879e+01 -3.973793375971131354e+02 -1.127596859619816883e+01 2.795791890533978972e+02 3.856792224411404391e+02 -8.265225965043926593e+00 2.695268266616163828e+02 5.680182424156742371e+01 1.203285540958222839e+02 -8.588807812779340622e+01 1.017866685660553259e+02 6.742083583733026408e+00 9.161533312810747987e+01 -1.383952645175449092e+01 -6.551382442529836680e+02
-4.215519168158085449e+03 3.733438008245067067e+03 6.105218980170757277e+03 8.680807797901125014e+03 -1.810356371107672885e+03 -1.332231987081690932e+03 1.776411197506532289e+03 -8.860860402731310387e+03 -7.123881869627421111e+02 1.518896583766171261e+03 -2.101262618121450032e+03 3.610545075867788967e+01 -7.335642606872605498e+00 -2.539593840534268452e+02 1.452802827792070843e+02 1.693564381535813013e+01 -1.881187479222434122e+00 1.566797908200210543e+02 -8.344012198412356440e+01 -1.134089100726241440e+03
-3.661877020059989718e+03 1.494245187078730305e+04 2.191834064304171989e+04 -2.960840868030667025e+03 -9.513702429821694295e+02 -2.797069012097039149e+02 1.828241726564603368e+03 2.011223473229056026e+03 8.577183297360529650e+02 1.114063812607761292e+03 -2.788679982863180157e+03 -7.286101401715008024e+02 -6.578976024368601294e+00 7.804699467028582376e+02 -7.209081427113368363e+02 5.261969561438566245e+01 2.078566699445141523e+02 3.624010525573460928e+00 9.993751656711987152e+01 8.164813205906375515e+01
-1.473905533894263135e+04 9.701346745606286277e+03 -1.213603662421268155e+03 5.595014365142116003e+04 -6.278083853631505008e+03 -3.342495536159943185e+03 -5.120845939805504941e+02 8.795999967621066389e+03 4.299389152339898601e+02 2.668285145016242950e+03 -4.514254700966420387e+03 2.713110709136689366e+03 -8.794486602610950854e+01 1.538740133915294791e+03 -2.640093657865595105e+03 2.978141972818535123e+03 -3.446636302704620448e+03 1.294752847119818000e+02 -2.139042439491568985e+03 4.365421459897401064e+02
-2.419930139149323077e+04 3.152233424477718290e+04 5.124555876358887326e+04 1.184201979667037813e+05 9.877560096764089394e+03 9.567599549351952737e+05 1.132063993504563541e+03 5.859831763124254394e+03 -1.293479013616237353e+05 1.145487664669373189e+05 5.762644714507655590e+04 -3.982553217175226018e+04 1.183293180891941347e+03 1.456256207372577919e+05 1.073890969390686078e+05 3.815899510461609623e+01 -8.641450114907385796e+03 -6.532393341808385685e+02 -5.168300337250917801e+04 -3.893080040785371693e+03
-3.390361032988087391e+04 7.461490853905177210e+04 1.565464070198635163e+05 6.688038500037605409e+05 9.269461209923577553e+04 7.429178814210163429e+06 -7.226347487304396054e+04 -6.452495208701075753e+05 2.697222315995696001e+06 -1.839428319571936736e+06 -9.099011106334049255e+05 4.952719504703676794e+05 -1.449154183666315657e+04 -1.352397542225514771e+06 -1.006791201424730825e+06 1.677897437323605482e+04 5.029670213864884863e+04 3.157114726211919697e+04 3.748489633779013529e+05 3.634773474928404903e+04
-1.650666982890504005e+04 1.774149940408443945e+04 3.354194217966894939e+04 2.950019933723993745e+04 2.445404479301906249e+05 -6.592987705253838612e+03 -4.996337265476840003e+03 -4.437134037346884725e+03 3.271684621877502650e+03 2.327225036297279075e+03 7.192095948217832984e+02 1.107512370020260732e+03 6.724402912618127175e+02 1.151739383039563791e+03 1.858193690529452340e+02 3.745353200078664031e+02 -4.245219336441814448e+02 7.460463922584183649e+01 -1.860304572619632609e+03 1.331164923114179146e+02
5.691561053274851474e+03 2.187154472023690687e+04 2.374722557341083666e+04 -3.807920625267787273e+03 -3.952039926364126131e+03 -6.171381155171349064e+02 -5.884447490303866653e+04 -2.357434567985859246e+02 9.667139678248627206e+02 1.420726188878607900e+03 -1.678865834438853881e+03 1.040557401477577969e+03 3.923211376782294906e+02 1.992513411407014246e+03 -3.962181744600486013e+02 5.165482126289291045e+03 3.194471127026801696e+03 5.471430086923434146e+02 -1.027228402717778181e+03 -5.118095628085326325e+02
-2.753461860043318302e+04 4.527958536409538647e+04 -1.190546067916474385e+04 -8.001164073494266631e+03 8.305529652866380275e+01 4.280446385914913208e+02 1.134138889425639491e+03 -6.389132822989516853e+02 6.886329948332841013e+02 2.005634546095292535e+03 -2.310410273607446925e+03 1.818688907271264910e+01 -9.251817676579046079e+00 5.982824010171058262e+02 -8.128118688765987372e+02 3.928746463511963043e+02 -3.809831264749596471e+02 -3.027607210796724075e+02 -5.070919229287676444e+01 3.568270182390409104e+02
-9.883340195586353730e+03 1.050353014864707620e+04 1.604548065474784380e+04 1.807189866581172055e+03 -6.660273481834353788e+02 8.418118236443935132e+01 8.070972594433108043e+02 4.017987303525044354e+03 1.968325093907907046e+02 -4.335413005890739555e+02 5.201212420801720100e+02 -5.062002575899244221e+03 -8.860304277150473808e+02 -1.469363030106401857e+04 1.226030502308468022e+04 3.643427343487775033e+03 -9.248461866931864961e+02 1.195331902145867673e+02 1.049627448646800303e+03 2.925788327530651713e+02
-8.261522409655099182e+03 1.212276530910828842e+04 1.945766860776557223e+04 6.727680800453516667e+02 -9.838837912888607207e+02 -4.173827620357912451e+02 1.470049867624721855e+03 2.020967763698585713e+03 -4.760820737811597496e+02 -5.676271255791921249e+03 1.122114074426746811e+04 2.782916484033028155e+03 1.450012081091861944e+02 -4.466615046809910723e+02 6.145398484083108315e+01 -4.130098540094054442e+02 -1.351975344887823667e+03 -2.594802230279281048e+02 5.559055898505461073e+02 -1.061560839542954682e+03
-5.569963073253937182e+04 4.000524081454399857e+04 -3.540128080195652728e+04 3.386319163456542447e+04 -2.646326352393198704e+03 -2.978421476435593831e+03 -1.702351305725791235e+02 1.327873263919393503e+04 5.935383108813371109e+03 -3.183994423268694391e+03 6.244542103277305614e+03 -1.249485013510049248e+04 -9.808736907070554025e+02 3.113819815720319639e+03 -3.199804087729558887e+03 -1.210436065684011055e+03 2.932243729220827390e+03 -1.852565111011800127e+03 4.739180552032481160e+02 9.570104494953679932e+02
-2.081491529800353601e+04 2.536192500879427826e+04 4.180535227300409133e+03 1.058841491485600091e+04 -6.083650581761662579e+02 5.134653224016005879e+02 3.229287961229107623e+03 2.940504650858150126e+04 -2.199605304515414900e+04 -7.173503918167863048e+03 -3.149502502192466636e+04 1.129996622069243167e+05 2.546375768909037288e+04 -1.242796357310104941e+04 5.068274152195960050e+04 -5.148634246487870405e+04 6.603048786401413963e+04 2.013479243543765915e+04 4.224748431478848033e+03 -4.690543400010046753e+03
-4.142454675950141973e+04 3.523850570149484702e+04 -2.515506530893176750e+04 -4.466433699781151518e+03 3.209028064838178125e+03 1.699567357136364990e+03 1.763476369302904004e+03 4.092785316881571816e+03 -4.750326482840348763e+04 -6.440203181907712860e+04 -2.928720186911209385e+04 -7.725173647918447386e+03 3.226093495274218640e+03 8.890972319773056370e+03 5.042511881140103469e+03 6.726269444693120931e+03 6.023368736693601022e+02 -1.096511664455956407e+03 -5.759330611979780770e+03 -1.424599122030882427e+03
-4.679770990793898818e+04 1.215091367005377469e+04 -1.520415546602802351e+04 1.343445135677665530e+04 4.547817147043622867e+02 -1.254920919419478338e+02 -8.076833067681865259e+02 1.634449518992396224e+04 -9.798865599246739293e+03 -1.063435613024535269e+04 -9.655854007901918521e+03 4.640001193447296828e+04 -3.351305652708171983e+05 1.387256927966909097e+04 9.702717371192869905e+03 -1.708779389661585810e+02 1.221205099208779575e+04 -3.601216893248256838e+03 1.025727638613317686e+04 9.702828519210299874e+02
-2.355501195781554270e+04 2.426984973255989462e+04 3.045530167303907729e+04 5.912451571240432531e+04 8.350890648660182705e+03 8.631646067246637540e+04 -1.990197281742229734e+03 7.837111987679245067e+04 -2.531767388323282066e+05 1.347787085001167434e+05 5.998019736836873199e+04 4.462488080936217739e+04 -7.427769283151555101e+03 -2.174164048649182951e+05 -2.326986299964479113e+05 3.998201027050675475e+04 -6.119156957917978434e+04 7.300509332303369592e+04 -1.949312601985632209e+05 -7.287238835909100089e+03
-4.041810824644750392e+04 3.790331428892401891e+04 -2.696407262980828455e+04 1.906780685152600199e+04 -1.255477924842210086e+03 -1.060807997969785902e+03 1.223550287891417383e+03 1.776709459916868218e+04 -5.668211757354421820e+01 1.361086408632591201e+03 -5.582822942084318129e+03 3.066330248663213206e+04 7.676730967966014759e+03 3.453477726134021282e+02 1.037839785242203652e+04 -3.169458614500471413e+03 1.898552908569445435e+03 7.107584960174808657e+03 3.720405887968678144e+03 -3.002252116668205986e+02
-1.231220588498967118e+03 8.583915204931579865e+03 1.257054495665426111e+04 1.458540582906744748e+04 -3.480412675543242131e+03 -2.493145054412600075e+03 -1.057128025716429875e+03 -2.425664391277041068e+04 -3.841068197707043510e+03 1.967841184902134444e+02 -3.146233609698848568e+02 2.813243435808883078e+03 2.120303284514957198e+01 -9.795340872735561106e+02 1.265070267866281483e+03 -8.813834728349796706e+02 1.212154555896996271e+03 1.976774516755570517e+02 2.096754884718600636e+02 3.225102836308985843e+03
-1.525733646628230235e+04 7.052267613872038055e+03 9.485947163567912867e+03 3.130808008648310533e+03 -7.057260496260660148e+02 -5.917567549216412317e+02 -7.888572898783895653e+03 2.279094103474677922e+03 -2.163384286282074754e+03 -3.605528524441152967e+03 -5.932496269942871550e+03 -7.069272939164737181e+03 -1.891213997385467337e+03 -5.574253057455358430e+03 6.120782095513493005e+03 -3.533453006177162752e+04 -2.371737817308156809e+04 -7.598072075462201269e+01 -5.619170887527683362e+02 -2.616215289265180672e+02
-9.045574359854303111e+03 2.509472781560664771e+03 6.052602049672834710e+02 8.564211321167173082e+03 -5.749691222825025534e+02 -1.042737895624301473e+03 -5.479558260491886585e+02 2.337874444150976615e+03 2.716819043223619701e+03 -5.838273971440328751e+03 9.895888114277093337e+03 -2.375673958914054310e+04 -4.361648984331934116e+03 -3.282483414749741769e+03 -9.360360308197102768e+02 -2.595746211705441965e+04 3.979367801747012709e+04 2.336766508746085674e+04 -3.981866910769650531e+03 -2.856470254596074483e+03
-2.014504633504052981e+04 1.062716118458732672e+04 2.187704603092172692e+04 -4.004992194874652967e+01 3.034039012240794818e+03 1.463018706878956982e+04 6.418620641592955280e+02 1.249289990751801088e+04 -3.150278965936683744e+04 1.978632355256641677e+04 6.865371924112107536e+02 1.736591445204674164e+04 5.441890239574639054e+03 -2.966854747822355421e+04 8.864651243631264151e+03 -4.525492308549598238e+04 7.173357789663574658e+04 -1.147044286590801639e+05 -2.054939385332365055e+04 -1.202087136806821263e+03
-3.937153958005669847e+04 9.400567375560967776e+03 2.847170868239002084e+04 -7.704187854615644937e+03 -4.774978464673319650e+03 6.019810164568498294e+02 -9.283654984462929133e+04 9.804378563949621821e+03 -1.180067871268931231e+04 -9.444628457886305114e+03 -3.087097540681488317e+04 -2.959314100704528391e+04 -1.036357618702884065e+04 -4.091347559392800031e+04 4.181658393500300735e+04 -5.402395853004804812e+05 -4.130519698641551659e+05 -2.224136468164363396e+04 -2.088010960122931283e+04 2.494672799212529571e+04
-7.111197277660261534e+03 1.671613074717771451e+04 2.602109262061929621e+04 1.310054089593108802e+04 7.365534336439305662e+03 1.370746437451006495e+05 1.172620556274542423e+03 1.061552744165450349e+04 -8.422719176823231101e+04 7.104301355158185470e+04 2.854730283107777359e+04 -3.038438444722905479e+04 8.256222786621427758e+02 7.471807996751840983e+04 7.327942644449391810e+04 9.231895531006850888e+02 1.069634190199608156e+03 -5.937606871569458235e+03 -9.532356437714999629e+03 9.137684147351308184e+02
-4.845963014898239635e+04 -1.541570544048269221e+04 9.484239234665999163e+01 -1.433326655135140527e+03 3.801555477882268264e+01 1.424529441474404337e+02 -7.656487647675451171e+02 1.711225375156305063e+03 3.725176719076167160e+02 -3.168186584693015106e+02 5.590535728672610958e+02 1.677176792397174836e+02 -4.114007897165317331e+02 3.639853548981849372e+02 -1.299490310205508763e+02 -2.736757961005950506e+02 2.945139405312567646e+02 -6.726279036900567689e+02 2.380974075089480664e+02 2.133488693548829906e+04
-4.839598666095692170e+04 -1.512657299624675215e+04 6.404358424609667964e+02 -1.249245464805802158e+03 2.192887656873961930e+02 2.802436196847394854e+02 -9.245031962151634843e+02 2.885736072798606074e+03 -1.591304824693345836e+04 -2.506163305635041615e+04 -1.209064973155676125e+04 -3.703521491831187177e+03 1.060472619973270184e+03 5.791266850814572535e+03 3.362463566559285937e+03 4.700006790148628170e+03 9.610860974869231086e+02 -8.868553812338357147e+02 -4.770595867797972460e+03 2.739177015924938701e+02
-1.088619993337642154e+04 1.317526386142097181e+04 2.117236603755645410e+04 4.041711014244255693e+03 -5.259441840792405856e+02 6.075108892591435506e+03 3.246665308080390787e+03 1.386471470263609990e+04 -1.657775357397400148e+04 1.271832615328546672e+04 8.999109552614088898e+03 -3.711002903894228075e+04 -5.679937055062569925e+03 -1.089361498368091707e+05 1.247252232001722878e+05 5.592142791276628850e+04 -1.657627994533283345e+04 7.314047632459643864e+03 -4.732871350326958236e+03 1.832988135824754499e+04
-2.428375906424168352e+04 2.697030181279815588e+04 3.483550647753836074e+03 9.886276943506098178e+03 2.931987466829623008e+04 5.008673544491598295e+04 -4.581829386188568606e+03 1.863374571696983185e+04 -1.378615021219994524e+05 1.523747540942859086e+04 -6.379897108794797532e+03 -1.332968884971963598e+04 3.743879503032261255e+03 -4.844324722780458251e+04 -8.743012153513512749e+04 -1.137901791670433340e+04 1.583415252031886484e+04 2.602337057152437046e+04 2.097113795372236345e+05 6.377099477774894694e+03
-1.563360480309106060e+04 1.496085156551234286e+04 2.630129647140495945e+04 1.984905078287511060e+04 1.560511772892937006e+05 -4.772554956539533123e+03 -2.810459811534921755e+03 -2.046563993186940934e+03 2.250597081058774165e+03 4.850003028675902073e+01 1.465705627972968159e+02 2.751122740204709203e+02 2.155494045568246975e+02 5.696760930554859215e+02 3.653821015610341192e+02 5.708977152275087974e+01 -6.906811676006019241e+01 -7.912500867548280326e+01 -2.077771860339607599e+02 -9.281570467278573489e+00
-5.037963260833575077e+03 1.394982229978603755e+04 2.244798792910776683e+04 4.634998159917356020e+02 -9.838126121540672102e+02 2.188307547688912746e+04 6.680720436196558694e+03 3.809991727582294516e+03 -9.558108704148895413e+03 7.906882260409970513e+03 8.159448338816694559e+03 -2.073601198377928540e+03 -1.364645570610686036e+02 8.590233936270684353e+03 3.286602452524392902e+03 2.330846010659214699e+03 -5.195510105972294696e+03 4.960663501080720380e+03 -1.963008325622725897e+04 -2.008033939217332545e+03
-4.332376167140884354e+04 4.873417784566304908e+04 -1.491819379816078981e+04 1.183625997982947010e+05 3.774330498322490166e+04 3.272267325405126940e+03 -6.657788197464812583e+03 1.238686921783806029e+05 -1.073264803249460820e+05 -3.239254324847713360e+04 -1.485637644755731453e+05 4.946661070626931614e+05 -2.562450987102032639e+06 7.993945496745551645e+04 8.424003479697836156e+04 3.541244295918357238e+04 9.498511284400306977e+03 -2.362886442389662261e+04 3.937337699184878875e+04 -6.968172246985540551e+04
-3.770983126473466837e+04 5.487385780222576614e+03 1.397230955163091676e+04 2.078126879706950422e+04 7.888132223667610560e+03 5.041418500662119914e+04 -7.442846384545428009e+02 4.519229222614926402e+04 -1.758634299516984902e+05 8.380269460526382318e+04 2.220801421463676525e+04 2.007865925857896218e+04 1.205491776937907707e+04 -3.255078927226952510e+05 -2.339856602635043964e+05 -4.201601559623531066e+05 7.102285857723297086e+05 -2.104463607909047045e+06 -2.177633794808288221e+05 5.090580878107423814e+03
-3.156333610891014359e+03 1.105509066949549378e+04 1.768668939257801321e+04 -2.068740878716524549e+03 -7.244141726716145513e+02 -2.645161940307821169e+02 4.585596546871590363e+03 1.182439272819608732e+03 6.670190306881030438e+02 8.772765489439432258e+02 -2.265994967357236874e+03 -6.051491085981399465e+02 -3.979427145790965348e+00 9.883935686402774081e+02 -8.376854503212811096e+02 -2.386521222035567646e+01 2.282123104192733933e+02 9.965302372240628870e+01 -7.215022032184222667e+01 9.434852996777300405e+01
-1.173433280384934915e+04 7.539419633252588028e+03 5.161686221722352457e+02 3.705348371801753092e+04 -4.325587491902297188e+03 -3.563470240369692419e+03 -1.932066756858415886e+02 1.190302881393620055e+03 1.648860841805072823e+03 1.813473821075160117e+02 -1.461036457920945622e+03 -3.083581924766606789e+03 3.462180221745050517e+02 1.236774235217006662e+03 -8.747162187203836083e+02 1.472142545518878251e+03 -1.648238335910310298e+03 -1.504084354830986513e+03 1.790339895821725236e+02 1.278756081642971338e+02
-2.643763552898166745e+04 3.733526593055090052e+04 6.763889405942482699e+04 1.420863090887261205e+05 4.313969502724552149e+04 1.271015833814267302e+06 -1.308669935687625548e+04 9.499174306960003742e+04 -1.141569845409028232e+06 9.370813689726606244e+05 4.408323173746695393e+05 -4.719446091059840401e+05 1.800154699702349899e+04 1.400029016413799254e+06 1.067892005748613970e+06 -4.399176234783912514e+04 -1.709472291622325429e+04 1.811669281306827033e+05 1.144675960023254156e+06 7.039145206546309055e+04
-2.842767259713615567e+04 2.202014085835574588e+04 3.843850937847622845e+04 7.641800695434909721e+04 1.117293570292627555e+04 6.334007054948603036e+05 -4.970070654650668985e+03 2.720895716834238920e+04 -2.369213658322297852e+05 1.868259611715359497e+05 7.949962123087610235e+04 -5.694504358258752472e+04 4.380868397780793202e+03 1.720011899493260426e+05 1.408766360940266750e+05 -2.195443329025532148e+04 2.607153405276193371e+04 -4.738818130631583335e+04 -1.505359664749407057e+04 -4.956394663383769625e+02
-4.604627741940412670e+04 -1.259906075228155714e+04 4.576054832466072185e+03 1.937791861520115390e+03 4.289908033490659705e+02 1.602205318481283030e+04 -3.010843108189031682e+03 8.336419234093516934e+03 -3.707189018879443756e+04 1.345619431214451106e+04 2.521004675497531480e+03 -1.771540826357302194e+03 -5.522307809826710354e+02 -2.169653438903723509e+04 -2.672028257042164842e+04 -1.423384993807663705e+03 1.885098753698848441e+03 -5.605461733229213905e+02 4.342865661380819802e+03 9.581481931211822030e+02
-4.170324232268446212e+04 3.592800288983647624e+04 -2.631111025582168440e+04 -5.215194680268989032e+03 9.961860748760465185e+02 5.561228440108311588e+02 1.341938083209331353e+03 -4.304916567621630747e+02 4.213094467389594229e+02 1.276632886864747860e+02 1.716021576201648713e+03 -2.214880664581806684e+02 -6.278360627224361679e+02 -2.600806059232396024e+02 -5.757933517513068722e+01 -2.423856012809914375e+02 -3.644378215321171410e+01 -8.380023343760741454e+02 1.149647840141556401e+02 2.120631091592619850e+04
-6.006161047553747630e+04 7.894677954418315494e+03 -1.880738110902896733e+04 3.459798178904224187e+04 -3.035901602447444475e+03 -3.081729891828898872e+03 -1.444945404242054565e+03 1.421846031518933887e+04 5.416403517531157377e+03 -3.858517514814690458e+03 5.370218015614877913e+03 -1.182516284886417634e+04 -7.750070251585253800e+02 3.375790950980575872e+03 -2.963952325649227987e+03 -1.355630293396274510e+03 3.307296221108828377e+03 -1.569698053096895592e+03 5.866193692660534680e+02 1.014648743158400180e+03
-4.673913713979130989e+04 -8.853704084947181400e+03 -1.324565717245835685e+03 2.174307085133191140e+04 -2.102600165915474463e+03 -2.011175907480983142e+03 -3.624408771151230667e+03 1.541652334835160582e+04 5.487938217911870197e+03 -2.391375712818432476e+03 2.051586932961602542e+03 -2.509506597473141483e+03 3.774468334439976388e+03 5.162799853388232805e+03 1.707006349575900913e+03 1.643605523803813412e+04 -2.328701136595157368e+04 -5.592925736830999813e+04 4.844322060885660903e+04 -1.025449494974027766e+04
-4.140985007607438456e+04 3.578637604821207788e+04 -2.446633808414151645e+04 -2.333260933340389329e+03 2.607783802910890699e+03 1.273529798957117009e+03 1.263595057168875655e+03 2.326372915013752845e+03 -3.135038504411276881e+04 -4.008934316372132162e+04 -1.652964872025600198e+04 -4.561929286535963911e+03 1.994875311066967470e+03 2.909601560404515112e+03 2.071226853358359222e+03 -1.808932389963789547e+03 -3.177503663770178264e+03 -3.070629019740777039e+02 -1.124444537913430850e+03 -1.874979410894962484e+03
-8.925021374444308094e+03 1.674718258535510904e+04 2.577967365195074672e+04 6.066381576238464959e+02 -2.040504682983039629e+03 -7.516291241480413419e+02 -3.325573389220827721e+03 -5.059173723016152167e+02 -9.431209504813100466e+02 -8.867644637528535895e+03 1.807254408404474452e+04 5.866605406625329124e+03 3.451549708528639258e+02 5.016361027243168564e+02 -3.393078670457393287e+02 -7.514152110704098675e+01 -1.590797738859323317e+03 -5.293956217235848953e+02 8.298725968161295441e+02 -7.081656333637446323e+02
-1.335784412477532533e+04 5.392653224570922248e+03 2.971616937562581825e+03 1.905387220489508400e+04 -2.967550780421677700e+03 -2.583561633666754460e+03 7.440411009900009276e+02 -2.025390919334139107e+04 -1.802770929451634402e+03 4.385586316204738068e+03 -5.493329614280697569e+03 -1.757388606066574539e+03 4.256477700449543136e+02 -5.472627718535204622e+03 5.260608814052413436e+03 2.075946158333256335e+03 -5.314070374452280703e+03 -3.959156515725744612e+03 6.026868224275362081e+03 -8.006412039263304905e+04
-4.589368464421355748e+04 -1.203300022316408649e+04 6.078931012906599790e+03 6.449570804826876156e+03 6.258107180087364395e+04 -1.690336489392046133e+03 -2.466131763986878923e+03 -5.761857160954552910e+02 2.130652173283455753e+01 -9.065215702016051864e+02 -4.412910171075057519e+02 3.337734950169694343e+02 -1.240196484897655580e+02 5.811739553175121955e+02 -3.358678130788852627e+02 1.142204032571900143e+02 8.788563715340113447e+01 3.897369094780199106e+01 5.515875041685844735e+02 4.181866744270756158e+02
-2.498077186318732129e+04 2.631406486892719113e+04 1.344071925778906552e+04 2.127311319339059992e+04 4.416544705451139453e+04 1.061912859416343708e+05 -1.723220074456119255e+04 4.577454139849750936e+04 -3.619698877772307605e+05 6.661055775790552434e+04 -7.400150531655300256e+03 -4.627292921978038066e+04 9.580569618015855667e+03 -1.375425073673045263e+05 -2.645146302816238021e+05 -3.758171222240931093e+04 5.122431712113193498e+04 8.928945180183403136e+04 7.115093977176988265e+05 2.303182656337289154e+04
-4.230074632648596162e+04 3.173283367173568331e+04 -1.181595865101451818e+04 7.022798172212296049e+04 3.528531896716216579e+03 7.898680008489934153e+03 -5.763680276387690355e+03 7.020235113786105649e+04 -8.040181862613800331e+04 -3.238103336256204420e+04 -8.247568561438926554e+04 2.313521132912283356e+05 -1.214324406624735100e+06 3.285774123662659258e+04 3.262960412621330761e+04 7.592509437942585464e+03 -2.003601040810386849e+03 -9.984261045926943552e+03 1.619860374059043897e+04 -3.105760709461279839e+04
4.448060000426287843e+03 8.388641596383788055e+03 1.066407026887997563e+04 -3.995850920209522883e+02 -1.803578588679275072e+03 -4.631845739880339465e+02 -3.578486198845131730e+04 2.672288183787494518e+02 8.742780845907080902e+02 2.272270546474728235e+03 -3.951546042113526710e+03 -6.423029759254114879e+02 2.055835319360003268e+02 7.478006529046740525e+02 2.450813440822067264e+02 4.455413959818005424e+03 3.262517850796667517e+03 8.164498743379249390e+02 -9.247267120199038573e+02 -1.359875866944739755e+03
-4.161313609180256753e+04 4.485833937187746051e+04 -2.857399822060958104e+04 7.342522059856487613e+04 -7.147547635326703130e+03 3.787462652981036513e+02 7.165916196461229219e+02 3.945571135009588761e+04 -5.615497919158733566e+03 1.074772644658362333e+04 -1.791488276287733970e+04 5.279061122559754585e+04 6.456094998618345016e+03 7.608573222836162131e+02 4.821134528279585538e+03 2.517853316918646669e+03 -5.197553683742189605e+03 1.329530895538381446e+04 -4.473857509560350991e+03 9.885516550589499047e+02
-4.602943147526719258e+04 -1.264689863789240735e+04 3.977983541881245401e+03 -4.699698354103414744e+01 -4.530022228453654520e+02 -1.513452401315360021e+02 -8.306502588745566754e+03 2.768450996686507551e+03 -2.053515310426852011e+03 -3.485854513877725822e+03 -5.982718044148910849e+03 -6.529510876289482439e+03 -1.815652155286428751e+03 -4.565033017427118466e+03 5.397040189435899265e+03 -3.505207940036320360e+04 -2.350753317250120745e+04 -1.858441280671968059e+02 -7.520672148716734000e+02 2.543486747477951155e+02
-1.298199361742193832e+04 8.368793084116243335e+03 -5.343794984345894363e+02 4.460950618490364286e+04 -5.077258687538867889e+03 -3.674576159456603818e+03 -3.631242780888458697e+02 4.100478241719184552e+03 1.485396407332359558e+03 8.393108848125006034e+02 -2.299628733151393590e+03 -1.342890143549901495e+03 3.357820489975596843e+02 1.436305669333798051e+03 -1.349462216837506276e+03 2.115090159434637826e+03 -2.480221098082962271e+03 -1.289851929684716197e+03 -3.188764565410423302e+02 1.834447395324075103e+02
-2.543315243545419435e+04 5.266556993396844337e+04 -2.683416208966801605e+03 -9.916835923652304700e+03 -1.292220220654331570e+03 2.048569640394499629e+02 -9.137122574067549067e+03 -2.571509321402476871e+03 4.099627121681291442e+02 -2.713463324920127206e+02 2.820207488139347333e+03 2.742889439106370446e+03 1.867438681627808137e+02 1.662186543363900910e+03 -1.336265742352451753e+03 8.622961634126949093e+02 -6.017504381573697856e+02 -6.000836291438689614e+02 1.388959323741718777e+02 6.963620761277047677e+02
-2.513172833758084016e+04 4.158923623152429354e+04 7.086563419907115167e+04 1.576653559096350218e+05 1.389716719696029759e+04 1.377481160151125630e+06 2.393258177391589356e+02 -1.804550057368410853e+04 -3.132929162535204523e+04 4.875585642604476743e+04 3.845717364731527050e+04 -2.155563062016835829e+04 5.080595127435497034e+02 1.033848042244566313e+05 6.552611041583951737e+04 5.078318729755618733e+03 -1.813558055512013016e+04 1.591269361030215805e+04 -5.786693624768972222e+04 -6.404337931711838792e+03
-1.879087455582406619e+04 1.292552323068239275e+04 1.456920417670535426e+04 4.208680501154397462e+03 -1.190775753235342563e+03 -7.515099580868791236e+02 -1.104751251652783685e+04 7.077182977986186415e+03 2.841578230843015717e+03 -7.724367685985916978e+02 -9.323143562076271564e+02 -1.460161149054725502e+04 -1.753464935956856834e+03 -3.498314088622983945e+03 1.203509745820982062e+03 -9.347468012750812704e+03 1.347960309120631428e+04 5.606046440680165688e+03 2.064210112913346165e+03 -4.677206387121365765e+02
-2.188720638574317491e+04 1.059241400413203337e+04 2.038235173054236293e+04 1.070193685679009832e+03 2.980372296831243375e+02 5.426398347164041297e+03 9.807530587024212991e+02 1.513648240063977391e+04 -3.310712545823999244e+04 6.404356264205569460e+03 6.070649570346966357e+03 2.212927586896739012e+04 2.720696677117901345e+03 -7.061930946635431610e+04 -1.077249770298189105e+04 -2.974411617955128895e+04 3.031431920450131292e+04 8.639082772654804285e+04 2.669608991490132175e+05 4.358330732482956478e+02
-4.075590049835425361e+03 1.733296358902478460e+04 2.503662445037575162e+04 -2.947978672581768933e+03 -1.457694848054533168e+03 -4.549937102487820653e+02 -7.900213306166402845e+02 6.416827276345047721e+02 5.960225894919087750e+02 -5.865383995552541592e+02 8.751686777464492479e+02 9.313768304310366375e+02 1.027381371232029181e+02 1.292724036812701570e+03 -9.438786767521694401e+02 2.475975735602220880e+02 7.296049192918388826e+01 -1.457264145963198985e+02 2.490805989881862672e+02 2.838488800579397093e+02
-1.611011649114116335e+04 1.156344744671072658e+04 1.573883681674665240e+04 5.844089188313693739e+03 2.323359685998671864e+01 1.650917267783829448e+04 -4.069901790475802954e+03 1.036528042166967498e+04 -3.732503453397876729e+04 1.406149692587713798e+04 1.716117464456626976e+03 -1.463227672067159347e+03 -5.607394662528333811e+02 -2.285596015304124012e+04 -2.648471317864618686e+04 -1.272839499655935924e+03 1.305152916366320824e+03 -5.648928353904716460e+01 3.850664711297870781e+03 4.157000003773740104e+02
-3.974917303996800911e+04 2.992474114119260776e+04 7.071599825384917494e+04 2.119786576615697704e+05 2.921329843516815163e+04 2.260459814969441388e+06 -1.914860276708381571e+04 -1.197141876558182703e+05 3.777748173153723474e+05 -2.296517968083749874e+05 -1.297108764629842626e+05 6.304044928217919369e+04 5.534690031535938942e+03 -1.422523746465898002e+05 -6.509183787714028585e+04 -5.075145329514676996e+04 9.022648044844013930e+04 -1.260102463768135494e+05 5.543411406090674427e+04 7.031130045779574175e+03
-2.332030732242989689e+04 4.606851876952747989e+04 -8.593021861397341127e+03 -9.462796503408733770e+03 -1.893595314351998695e+02 4.937692429716175866e+02 -2.249214453930594573e+03 -2.566872922697986041e+02 8.603982517677043234e+02 2.654694958055930783e+03 -3.547640452025480045e+03 -1.842001651559339734e+02 -1.146063051104137109e+01 7.829085104032820936e+02 -9.607287951999140887e+02 4.977677296058333809e+02 -3.460631347051802891e+02 -3.449511611783029821e+02 -8.392700414996984648e+01 3.664410483096555140e+02
-1.685699526534444885e+04 1.163168892512117782e+04 -2.280311234716678882e+03 7.205259616394381737e+04 -7.970730763675010166e+03 -3.034470852296408793e+03 -7.505157353109025280e+02 1.529828452687641038e+04 -8.546817384063427880e+02 5.067245733035362719e+03 -7.493406653333549912e+03 8.288652603311735220e+03 -4.926859789415372006e+02 1.730170061777823321e+03 -4.222304445069334179e+03 4.360777485706915286e+03 -5.119065933441199377e+03 1.722940517109706661e+03 -4.334551216150793152e+03 7.231163739740790106e+02
-2.249419942238535805e+04 8.368136710429545928e+03 -4.452705456926529223e+03 4.577112415904953377e+04 -4.946358637570947394e+03 -4.216473905338830264e+03 -7.624605245879578206e+02 5.367597558946372374e+03 3.352916391759256840e+03 -1.473472899782080731e+03 1.512229402346641336e+03 -8.532725984693932332e+03 -6.019989297526103655e+02 2.078447280316504020e+03 -2.156306352061475536e+03 -2.970493318391135631e+02 1.488471001147622928e+03 -1.071805388652036299e+03 -6.629973701359662641e+01 4.347943293671480660e+02
1.527901004990225829e+03 6.165051918745316470e+03 9.859179484884787598e+03 1.413550404359906679e+04 -3.151823563083292356e+03 -2.347585039578918440e+03 8.871383067909722513e+02 -2.393271339996350434e+04 -3.769658512873834297e+03 1.108202567696145707e+03 -2.212378759651696782e+03 2.120408641952641574e+03 -2.154489122345552943e+01 -1.033786910019286324e+03 1.234705205180674966e+03 -9.546620308091975176e+02 1.265834521248719739e+03 2.807763758537148533e+02 6.464141202933352304e+01 3.164776496863086777e+03
-1.708636728398345076e+04 2.835189174431263746e+04 6.586308687313712653e+03 -4.901950806097448549e+03 1.834501097847514984e+03 1.047673046542375914e+03 1.521118082522548093e+03 3.529827770442487235e+03 -3.096794889893596701e+04 -4.028766569875828282e+04 -1.560307267959708406e+04 -2.689018817350478002e+03 2.364681543432398030e+03 4.393882550741890554e+03 7.508663857060430473e+02 2.230344054615500681e+03 -6.242688887996137055e+02 -4.744686105552485742e+02 -7.202272152496885838e+02 -1.552508230545669448e+03
-4.684967937829738366e+04 6.111137927128848241e+04 -9.104573402313009865e+03 1.934621533489453668e+03 -3.057969052114055103e+03 -3.677365900494097559e+02 -4.239610353364545153e+04 7.242601567039399924e+03 2.403972023908704614e+03 4.836394412478106460e+03 -8.494381737950208844e+03 -3.502849895741363525e+03 1.656622606990147517e+02 5.221654057028681564e+02 -1.504275467996146176e+02 1.592992561248405536e+03 -1.501914745805227994e+03 -1.550768990997092715e+03 2.811242573032280916e+02 1.696941591999274578e+03
-1.962280307909020485e+04 1.188229526992747560e+04 1.119933419613901606e+04 1.015890023755315997e+04 -1.224863305604722882e+03 -4.741695148331219229e+02 8.082053890808632559e+02 7.291727335494196268e+03 1.780993090537112494e+03 -1.954185893833645196e+03 2.881027220907534229e+03 -8.929448555148610467e+03 -1.327502612131055457e+03 -1.397283912561765646e+04 1.162125131740511279e+04 2.620515558959736609e+03 8.209010009866847213e+02 -1.047428000293167827e+02 1.393036151080702439e+03 4.533213529823477188e+02
-3.885754238286244072e+04 3.844015346544401837e+04 -1.820402894868576914e+04 3.710542575426932672e+03 6.524432475835753576e+04 -3.876395604497004115e+02 -1.671777369203816988e+03 1.056917082525432761e+03 -3.129947152805522273e+04 -4.010621162932413426e+04 -1.809691994047061235e+04 -3.857216842723536047e+03 2.063647862063735374e+03 3.857529202163734226e+03 1.467494285133613175e+03 2.206912003982021815e+03 -3.207175426645683274e+02 -2.984997100814320561e+02 -3.287676974585271523e+02 -1.296538244802725558e+03
-2.081303823523509709e+04 1.817157416201244996e+04 2.201060758109214294e+04 4.077177566681605094e+04 8.554490850500491433e+03 4.733763754826345394e+04 -3.403484791888219206e+03 4.652069384642330260e+04 -1.432079830899474618e+05 7.464975937167488155e+04 2.615881343345425557e+04 2.465849558045705999e+04 -3.992497341237764431e+03 -1.201239800959516870e+05 -1.277858689853067626e+05 1.798070703808469625e+04 -2.675841434647992719e+04 3.179403125142637145e+04 -8.951835829721749178e+04 -2.500594444517755619e+03
-2.519191786160342963e+04 5.006505522243749147e+04 -8.743036005847852721e+03 -1.035437317796646857e+04 -3.765015776475802340e+02 5.725951090214093711e+02 -7.017680991112752054e+03 2.122110529722684760e+02 9.504760895982725515e+02 3.213101962835626182e+03 -4.592712044731580136e+03 -4.904557735966829455e+02 -1.061737897456831625e+01 7.346987020158250061e+02 -9.280052722731824133e+02 5.785519367326076008e+02 -3.737994771646092431e+02 -3.416902549375441822e+02 -1.638050942761051942e+02 3.314766444775560785e+02
3.746973160122689023e+03 2.652317954581521553e+04 2.346029159606683606e+04 -6.646511466511172330e+03 -4.183702214710055159e+03 -1.169805102144090228e+02 -7.641903516135503014e+04 4.097604150077600934e+03 1.974543662456343782e+03 7.117420238977972986e+03 -1.312492838026994832e+04 -3.537538239449903358e+03 1.718887399583472870e+02 1.194608219258948338e+03 -1.170364369711317778e+02 5.174013177668914977e+03 3.447529355432905959e+03 8.582267939536390031e+02 -1.714933119850373942e+03 -9.714949353375648116e+02
-2.052077178298959552e+04 1.660445905542360561e+04 2.879499857316013367e+04 5.835947051512953476e+04 9.273331474815549882e+03 4.280261819462065469e+05 -2.010907309082510665e+03 2.165491414647410784e+04 -1.567524556811203947e+05 1.054399511423039075e+05 4.013965190847684426e+04 -2.344780617543647895e+04 5.249393993683895587e+02 3.442656397561045742e+04 1.320083604415836271e+04 -3.233084803397930045e+03 2.593060172749635058e+03 -2.943761578096971334e+03 -1.982721462025698656e+03 7.377554888684237540e+02
-2.544885430894459569e+04 1.104059328636417195e+04 6.535927740962178177e+03 2.049881962850965283e+04 -2.079077763793350641e+03 -2.026671524520377943e+03 9.735629348047320946e+02 8.682385390168368758e+03 2.773424508090072322e+03 -3.488284571954768580e+03 4.988899460489820740e+03 -7.845865698441295535e+03 -8.006848239152977840e+02 9.560712992462227930e+02 -1.618896932595384897e+03 -1.357466663746876065e+03 2.445008122717811602e+03 -3.036538588985407614e+02 8.926196637870059192e+01 5.812662105714998688e+02
-3.885188543786620721e+04 3.614554735393063311e+04 -1.928431437533532517e+04 -1.280410324934097730e+02 3.362278403425074430e+03 1.755579447067759611e+04 -2.080799369136945643e+03 1.022364857648575526e+04 -6.862281947477857466e+04 -2.563567161726557242e+04 -1.514341436542061820e+04 -5.569973965455726102e+03 1.649428191045172753e+03 -1.870035693211021498e+04 -2.507868034628783789e+04 7.861500935109967259e+02 1.263293472028774886e+03 -7.942321736600965778e+02 3.267838858233412793e+03 -7.707681745238854774e+02
-2.083841168112042214e+04 1.470085818973565074e+04 1.571047098658882896e+04 1.022068422473075043e+04 -1.934251317275787414e+03 -1.384775366658710254e+03 -7.141091432925337585e+02 5.251854591805753444e+03 1.260924433969057645e+03 -8.786668711657275708e+03 1.701856113468043986e+04 -1.794983869872704418e+03 -5.519914765301324451e+02 6.928996673412034397e+02 -1.023842469382894706e+03 -1.985304441630753672e+03 1.421645957561222303e+03 -3.013765734142137944e+02 7.964075450781239169e+02 -7.258707595552760949e+02
-8.171077158213091934e+03 2.398775459320634036e+04 1.739246690817209674e+04 -4.540758117984778437e+03 -8.502356470380146902e+02 -1.102282214944172836e+02 -2.058014673603398023e+03 2.160026972809493145e+03 8.170671875817986347e+02 1.492817894471523005e+03 -3.399735308298409564e+03 -2.608265634861737112e+02 1.141670507957556850e+02 8.352933037243459466e+02 -6.249574886104330744e+02 1.497500019346935858e+02 1.426066191660923721e+02 7.396537010359777753e+01 5.365155857831296515e+01 1.022470356422297044e+02
-1.604465303670416506e+04 1.328872524763759793e+04 1.401951842580749326e+04 1.593118492166010128e+03 -1.453778091417751739e+03 -5.293826382410744600e+02 -1.989505490446106705e+04 3.608268588552356960e+03 -1.828107185501021831e+03 -2.194496201573178951e+03 -8.627005691102138371e+03 -7.711374754669239337e+03 -1.846337842847146021e+03 -5.522103502821252732e+03 6.111802293287015345e+03 -3.506066020686803677e+04 -2.385502077506346541e+04 -1.522669749401599688e+02 -6.831750927923254721e+02 -3.335275870567302832e+02
-1.483804821499963873e+04 1.132511400383315959e+04 1.460136625604775327e+04 6.641336417577679185e+02 -6.670773044699972161e+02 -4.523823399542917656e+01 -7.924347571284172773e+03 4.623782736745116381e+03 -9.727563728366949363e+03 -1.413397470306441028e+04 -1.029706273436459196e+04 -7.365059609731560158e+03 4.082971234233206133e+02 2.541330068581107298e+03 5.884543221196050581e+03 1.106856281373670754e+03 2.454029945945283998e+03 -7.768030311299787627e+02 -6.255067192024470160e+02 -4.625033619031180024e+03
-4.497560914768552175e+04 -1.201604209123886176e+04 5.309826484159040774e+03 1.043054283205260333e+02 -3.748424338867727670e+02 1.119628517855333882e+02 -1.248291171715571863e+02 3.567363206870640170e+03 2.175775992060211195e+02 -4.081280349976337902e+02 6.180110491064102689e+02 -4.960572751337494083e+03 -8.285484604035053735e+02 -1.363918249631085928e+04 1.185007122673222693e+04 3.586646625777939789e+03 -5.047427174203558025e+02 8.135508620338127628e+01 9.193478737572451109e+02 8.169647232449573266e+02
1.020414119817597748e+04 1.827118255951869287e+03 2.578017258799264255e+03 6.099677361434809200e+02 -1.558317153534177635e+02 -1.446071068172855689e+02 -1.095712575517850610e+03 6.946127096710705473e+01 -5.538277160630134865e+00 9.279283576779508991e+00 -1.604496791496430887e+02 -1.540372208770762938e+02 -1.172426864024603432e+01 -5.217434830459890236e+02 3.836291105050476631e+02 -1.143506120665588099e+02 7.294047955611101486e+01 1.103911014445181706e+02 1.895223703066588428e+02 -4.540301203375191790e+02
-3.524441425842699391e+04 1.178637168715062580e+04 1.445507316343285493e+04 9.359982800882291485e+03 6.119413399034775694e+02 1.304539132590885492e+04 2.595996027179665361e+03 3.831054843540570437e+04 -4.155330466308815085e+04 1.914664494520594235e+04 -2.673154172047446264e+04 1.314564334532577195e+05 3.070207882282852006e+04 -3.772814138030936738e+04 6.163505172778567066e+04 -9.765686909562136861e+04 1.384372998719698517e+05 -9.459192757047677878e+04 -1.584150550664950970e+04 -5.557602230400664666e+03
-3.771315434967391047e+04 4.238908057711128640e+04 -2.853801297099386284e+04 3.704656502632443153e+04 -3.314501203949099818e+03 -2.502345855454220327e+03 9.126710452516171017e+02 2.366173676923341918e+04 1.533847844150578567e+03 1.434145722859728266e+03 -6.376811645720796150e+03 2.880700884749126271e+04 7.910478501275012604e+03 1.935974947744938163e+03 8.840564354322055806e+03 -1.975183679708217596e+03 7.030829980414177953e+02 6.221176710683871534e+03 3.433523332272582593e+03 2.010680806103792690e+02
-3.440633898858170869e+04 4.370198342291025619e+04 -1.064626052042681113e+04 3.781222159796579217e+04 -3.326659294419986963e+03 5.603304692726538860e+02 3.541708984687491011e+03 5.068770063791318535e+04 -1.773276820685792336e+04 6.487542251296727954e+03 -3.752926779266454105e+04 1.513532630094628839e+05 3.164126970761188932e+04 -1.271252573740497064e+04 5.780358427184413449e+04 -5.371757076918907114e+04 6.656483194680088491e+04 3.143571401094579778e+04 4.536901748569896881e+03 -3.864308359341385767e+03
-1.796564183407655582e+04 1.416536463670041849e+04 9.573164648238633163e+03 5.271567534849915319e+03 -5.911500651686019410e+02 1.008822259990534036e+02 3.239996251780798048e+03 6.674103169258969501e+03 -1.769927287507920482e+03 1.205961761533652634e+03 1.323473009105641040e+03 1.499482221025775459e+02 -2.443610763422934178e+04 -2.893628392368377718e+03 1.219406926536243918e+04 -1.700304116570880797e+04 2.419280560340997908e+04 -5.141848025089805742e+04 -7.727279143571267923e+03 -1.330974776082315657e+04
-2.079872154026664066e+04 2.301262177311371488e+04 2.781233708410477993e+04 5.280752192131114862e+04 1.898121831730266422e+04 3.945801167727387510e+05 -8.629316190962386827e+03 4.870682226124389854e+04 -4.489198651543679298e+05 2.664641288210290950e+05 1.004053454014450544e+05 -1.278585670325097308e+05 8.105133357099221939e+03 2.505880785946081160e+05 1.227242857358850306e+05 -2.785124923055542240e+04 2.327273734393592167e+04 6.953022560114209773e+04 5.475016851465109503e+05 2.539773012891562030e+04
-9.906024173391098884e+03 1.651491514675655708e+04 2.670715643698551867e+04 3.782677458907302480e+03 -1.609962031171879062e+03 2.551474216259529203e+04 2.710400752652353731e+03 4.171319934776123773e+03 -1.258676831635131384e+04 1.560720077909843667e+03 2.575722263090215711e+04 2.010140764455177532e+03 4.933314105897877511e+01 9.716549842656664623e+03 3.930891778569598955e+03 2.187313584280713712e+03 -7.562876713596562695e+03 5.409642482879638010e+03 -2.250276004281621863e+04 -3.387998798970625103e+03
-5.742116715103744355e+03 1.213246820077510165e+04 1.648747875657646364e+04 1.567498923975803154e+04 -4.144487244305638342e+03 -2.775499583347710541e+03 -5.164797618459750083e+03 -2.505329030729298029e+04 -3.996487153172048238e+03 -1.810861638647702193e+03 3.901192602193334096e+03 4.220922600011992472e+03 1.074027594835453812e+02 -6.772845439609328650e+02 1.198848914312953639e+03 -7.594281417442695101e+02 1.122726739804865019e+03 1.884377552367438824e+01 4.400131693602775158e+02 3.381098545076476057e+03
-6.474047161427502942e+03 6.598012089047164409e+03 9.207125043345979066e+03 1.638575402581446542e+04 -2.811424837270234548e+03 -2.417630940727095094e+03 5.529752535762804655e+02 -2.043145211017422480e+04 -3.258424347976698300e+03 2.468292165125603333e+03 -6.111053333335046773e+03 -3.723237733582550845e+03 -5.339519967260449675e+02 -7.521297747189780239e+03 6.036386951225646953e+03 -3.594631200363196058e+03 1.896659942215961564e+03 3.578933452856546410e+03 1.021971406851613438e+03 -1.181994394885642760e+04
-1.621563402925638366e+04 1.671563674605774941e+04 3.061869901781621229e+04 2.550072979578249942e+04 2.063264607276915922e+05 -5.796250796879025984e+03 -4.125813466516582594e+03 -3.309473599514585203e+03 2.735053857057269397e+03 1.378037532165206358e+03 4.468311595059715273e+02 8.749198407539633990e+02 4.841205176252078104e+02 8.174247916209596951e+02 1.867582980756261009e+02 3.366489349512785907e+02 -4.196885287780967815e+02 6.850331459134952183e+01 -1.136859645562293736e+03 8.156310703055041245e+01
-5.546119298651985446e+04 3.804472669580615184e+04 -3.275563738231145180e+04 1.625516144212416111e+04 -7.987058034341426946e+02 -1.416083918428052584e+03 9.379621780746411730e+01 7.096371587050633934e+03 4.055630058253592324e+03 -2.334524437464613129e+03 6.265412748652393020e+03 -9.276827293513179029e+03 -1.143420311903015772e+03 1.063000791825436181e+03 -1.496643316399691685e+03 -2.072633125466175443e+03 3.644683421991551768e+03 -7.076062114956390587e+02 6.102212604987063287e+02 1.081607420375244857e+02
-1.820791594830731265e+04 6.193222852201119167e+03 1.066588020101086158e+03 1.871333560821125502e+04 -2.594813028077183844e+03 -2.335843272028171668e+03 1.180377861404190867e+02 -7.877071789457699197e+03 4.655674114714166194e+02 -7.488566577116497456e+02 1.661536295836309591e+03 -5.347309363110372942e+03 -8.481661319515470723e+02 -4.619413632346427434e+00 -3.682724305039266142e+02 -1.982575492731251188e+03 3.228748965681667414e+03 3.940490177359014865e+02 6.413699161287678407e+01 -3.190675403203703127e+02
-1.602216025518858260e+04 7.998776773472956847e+03 3.434507153381480748e+03 8.025657456524035297e+03 -2.029422332734789052e+03 -1.159891421138838041e+03 -3.417131280410122417e+04 4.011378377227335477e+03 2.273613696138253545e+03 -7.439602188563987966e+02 -1.783821066422378294e+02 -8.158774165111040020e+03 -9.610994092432331399e+02 1.372126069515958307e+03 -6.475525799617953453e+02 1.476075749726095637e+03 7.338721479081224061e+03 1.487695159496822725e+03 -1.072515457200575383e+03 -2.459871955784341537e+02
