-3.070349217481670166e+03 1.075253762631560494e+04 1.734383911514715874e+04 -2.026018700946950958e+03 -6.885850970903334201e+02 -2.557169906393302199e+02 4.833623174232974634e+03 1.209659329206812345e+03 6.709493986228258109e+02 9.447513968201390071e+02 -2.410249595341616441e+03 -6.747405928084560855e+02 -8.578581586102389522e+00 9.754610043372921382e+02 -8.332555296153791460e+02 -3.524808300719694643e+01 2.347445087151332928e+02 1.099709255267961652e+02 -8.677185433533082914e+01 8.371939195064290118e+01
2.099516953713400289e+04 -3.093364704694577995e+03 -3.395692535204426349e+03 -4.312914836620520873e+02 1.632688026197752720e+02 9.576812257691351249e+01 -9.449600280651343098e+01 2.137859068282538146e+02 5.141685828031416605e+00 -4.420235061702754109e+01 1.123771369403966247e+02 4.006630320107284859e+01 4.025076644560062533e+00 8.525736949665247977e+00 -8.427321812719334559e+00 8.718392554902450797e+00 -3.282690032475997555e+01 -2.476360741192647552e+01 5.119356131717524683e+00 1.808562464475250708e+00
-5.162675178655255877e+04 -1.270869130213211429e+04 -3.129791774650768161e+02 5.742445120426911672e+03 -7.446523453442638356e+02 -6.210522150132507022e+02 -1.846623220882865326e+03 3.616917134825452649e+03 1.779626642810352905e+03 -8.239592789564952682e+02 1.196740098566960341e+03 -5.570178100905292013e+03 -6.495565146574281243e+02 1.889650107993271035e+02 -6.463352187865136784e+02 -2.497645015813300688e+03 4.074347181823478877e+03 1.175089969036482671e+03 3.291732425658930197e+02 -1.158443662526120903e+02
-4.260886782801831578e+04 3.583846070121286175e+04 -2.622705834739513739e+04 -5.116292441518177839e+03 9.131450870268052995e+02 4.989418012674914280e+02 1.728082558591771203e+03 -2.218037409005853988e+03 3.045188589352402460e+02 8.542148589730441017e+02 1.106520730042738023e+03 -7.830245850897928506e+01 -1.471103529638531029e+02 -5.321498259599050016e+02 1.064526643458166788e+01 1.449673674909902275e+02 -3.402780217800124092e+02 -7.182769634648654744e+01 -1.418870112040549714e+02 -7.905726848944208314e+02
-1.256230200121881535e+04 8.023616469036556737e+03 -2.073655259013215186e+02 4.168417854985918530e+04 -4.779466434515291439e+03 -3.660139958633229526e+03 -2.997201999831667649e+02 2.956729173107950828e+03 1.599632627271767660e+03 5.266067145471271260e+02 -1.901665911037495562e+03 -2.132031156979103343e+03 3.553108484471754878e+02 1.371189113437187189e+03 -1.137614505106911565e+03 1.856605937145368898e+03 -2.150169044620782643e+03 -1.429876190693509898e+03 -6.911266176315399434e+01 1.534385901643289287e+02
-1.621563402925638184e+04 1.671563674605774941e+04 3.061869901781621593e+04 2.550072979578249942e+04 2.063264607276915631e+05 -5.796250796879026893e+03 -4.125813466516583503e+03 -3.309473599514585658e+03 2.735053857057268942e+03 1.378037532165206358e+03 4.468311595059714705e+02 8.749198407539637401e+02 4.841205176252078104e+02 8.174247916209595815e+02 1.867582980756261293e+02 3.366489349512784770e+02 -4.196885287780968952e+02 6.850331459134952183e+01 -1.136859645562293508e+03 8.156310703055042666e+01
-3.390361032988087391e+04 7.461490853905177210e+04 1.565464070198635163e+05 6.688038500037605409e+05 9.269461209923577553e+04 7.429178814210163429e+06 -7.226347487304396054e+04 -6.452495208701075753e+05 2.697222315995696001e+06 -1.839428319571936736e+06 -9.099011106334049255e+05 4.952719504703676794e+05 -1.449154183666315657e+04 -1.352397542225514771e+06 -1.006791201424730825e+06 1.677897437323605482e+04 5.029670213864884863e+04 3.157114726211919697e+04 3.748489633779013529e+05 3.634773474928404903e+04
-8.929048020983114839e+03 1.674665142567621660e+04 2.577719245288386082e+04 6.106456794372955983e+02 -2.040703489948970628e+03 -7.519307466800215707e+02 -3.325275077359710394e+03 -5.048284382923006888e+02 -9.427973019476263516e+02 -8.868039238719436980e+03 1.807312739636528204e+04 5.866331509188389646e+03 3.452446228958815482e+02 5.017657828447659085e+02 -3.391873741643108815e+02 -7.504238932577449361e+01 -1.591029371104986012e+03 -5.296801461821530665e+02 8.300947927413129719e+02 -7.082235341158677784e+02
-4.212361771689383204e+03 3.743027575934966535e+03 6.107542160154827798e+03 8.707254907384753096e+03 -1.813317501236290354e+03 -1.334669187583073608e+03 1.771927026930518196e+03 -8.850514329018353237e+03 -7.096205159933261939e+02 1.517789731923116278e+03 -2.101872822994906983e+03 3.160418161083034860e+01 -7.102042638996032942e+00 -2.517685926640646414e+02 1.433769047397698841e+02 1.886431461236341178e+01 -3.477920737293468623e+00 1.544951619952738326e+02 -8.397228727635400958e+01 -1.131131894143427644e+03
-5.569963073253937182e+04 4.000524081454399857e+04 -3.540128080195653456e+04 3.386319163456542447e+04 -2.646326352393198704e+03 -2.978421476435594286e+03 -1.702351305725791235e+02 1.327873263919393503e+04 5.935383108813371109e+03 -3.183994423268694391e+03 6.244542103277306524e+03 -1.249485013510049248e+04 -9.808736907070554025e+02 3.113819815720319184e+03 -3.199804087729558887e+03 -1.210436065684011282e+03 2.932243729220827390e+03 -1.852565111011800127e+03 4.739180552032482296e+02 9.570104494953681069e+02
-2.476029596204999325e+04 3.632401082147636043e+04 6.497840744970778178e+04 1.449388408518014767e+05 1.238282876076669527e+04 1.248392132826576009e+06 4.842346769624013177e+03 -1.196355488747168238e+04 -5.440350265927211876e+04 6.710946936223628290e+04 4.639504054879951582e+04 -2.552647861647496757e+04 4.477684988424879862e+02 1.167802367634338589e+05 8.129403758334663871e+04 4.502344148423728257e+03 -1.689030751550531204e+04 9.411938831219253188e+03 -7.550771284210836166e+04 -6.569709674630652444e+03
-6.030135370662675086e+03 2.112730784450778629e+03 1.897920111253503819e+03 6.494619195249426411e+03 -4.455552584721016274e+02 -8.381310173940192954e+02 -3.354886081530000865e+02 1.234979320600348274e+03 2.122564677957637741e+03 -5.223000793794580204e+03 8.824843062173618819e+03 -2.168017072252558864e+04 -4.027898492739446283e+03 -3.531926804751411055e+03 -5.484303659931150605e+02 -2.523644107498583253e+04 3.856954112310610799e+04 2.323068904303375530e+04 -3.959757173165136919e+03 -2.971086664713422579e+03
5.683724862258427493e+03 2.187358767858856663e+04 2.374785909859975072e+04 -3.807140052220272537e+03 -3.951826412473491473e+03 -6.170725446073408875e+02 -5.884059642786464246e+04 -2.325381758539821249e+02 9.674702047708713053e+02 1.421578358813606428e+03 -1.681543747686456072e+03 1.035292404404461649e+03 3.917384918614610569e+02 1.990780496368254262e+03 -3.956606350502255509e+02 5.161208050554044348e+03 3.197392133426847977e+03 5.486879729512928634e+02 -1.026402303707401870e+03 -5.118725125795746180e+02
-2.469054965877363793e+04 4.789896293030612287e+04 -9.085463713114560960e+03 -9.726930476268045823e+03 -2.418471858682163997e+02 5.250423511282413074e+02 -4.072435974391318268e+03 -7.753934849728057088e+01 8.834923044046319092e+02 2.849568967563333445e+03 -3.911203113200321695e+03 -3.075264987142246014e+02 -1.089797362501244393e+01 7.382103213478656016e+02 -9.283964985779803101e+02 5.241350055808703701e+02 -3.640428653374365240e+02 -3.389213675742341820e+02 -1.178623894119826048e+02 3.486747772394523395e+02
-3.987931418445893087e+03 1.632468808076604182e+04 2.366322797092674227e+04 -3.041917104662207748e+03 -1.205465460460753320e+03 -3.565677314249876986e+02 3.387707365125798447e+02 1.481570880502002865e+03 7.585686646838688603e+02 3.986991604155455207e+02 -1.246689091653009882e+03 -2.100304452947035827e+01 4.048342214708514319e+01 9.874456142878796072e+02 -8.091541567769426138e+02 1.442449448872345954e+02 1.480374067532252695e+02 -6.958306703538181637e+01 1.793788495367469125e+02 1.710003354233926984e+02
-4.140985007607437728e+04 3.578637604821207788e+04 -2.446633808414151281e+04 -2.333260933340390238e+03 2.607783802910891154e+03 1.273529798957117009e+03 1.263595057168875201e+03 2.326372915013752845e+03 -3.135038504411276517e+04 -4.008934316372132162e+04 -1.652964872025600198e+04 -4.561929286535963911e+03 1.994875311066967697e+03 2.909601560404515567e+03 2.071226853358359222e+03 -1.808932389963789547e+03 -3.177503663770177809e+03 -3.070629019740777039e+02 -1.124444537913430850e+03 -1.874979410894962484e+03
-2.268955508934072714e+04 2.217990958168550060e+04 2.524409818088449174e+04 5.256338488738879096e+04 1.670060596218267528e+04 5.815192330433253665e+04 -4.714875716108374036e+03 6.135382377817633096e+04 -1.888653760664935980e+05 9.935863825625657046e+04 3.801799002635345823e+04 3.542285258769345091e+04 -5.586948865209730684e+03 -1.665052940725451335e+05 -1.773031543669729435e+05 2.847058459683305045e+04 -4.266009008677528618e+04 5.156972328555530839e+04 -1.331344025221370393e+05 -4.167404635186236192e+03
-9.869085507034924376e+03 1.171013711452240750e+04 1.772991847798936215e+04 1.689002421398637580e+03 -7.106878585841895983e+02 1.773186195568995629e+02 5.444323912328984534e+02 4.401497345016980034e+03 2.378938063725247787e+02 -4.596334884146573927e+02 5.924582829231982259e+02 -5.037665692807511732e+03 -8.837349836435047337e+02 -1.476282193384161110e+04 1.216560351834622452e+04 3.709427103987285136e+03 -9.575204748518021916e+02 9.686207411527398392e+01 1.038809581625575674e+03 2.883291383732785107e+02
-4.668663859800031787e+04 1.193394364669815513e+04 -1.506963603561076525e+04 1.291824843611284996e+04 4.939484569573540398e+02 -1.366422189835320182e+02 -7.494976057052949727e+02 1.602011024098901362e+04 -9.609431242042113809e+03 -1.055248675828264641e+04 -9.444324095532001593e+03 4.542795406457442004e+04 -3.305968811537597794e+05 1.367060543545980909e+04 9.697221874113858576e+03 -3.878180640561409973e+02 1.238189979480889269e+04 -4.006058635321890051e+03 1.013088019786413315e+04 9.228579150103040547e+02
-3.946213952321841498e+04 3.949767642248556513e+04 -2.754007323842793267e+04 2.538477278393082452e+04 -1.981102937056799647e+03 -1.579587047522346893e+03 1.111933737294311186e+03 1.982954028583516629e+04 5.235978884157957509e+02 1.365341142118590597e+03 -5.837106292827176730e+03 2.995156464341637184e+04 7.760264943329970265e+03 9.121220536331699122e+02 9.843191480237752330e+03 -2.756857677219148627e+03 1.489244919892201324e+03 6.769260729482978604e+03 3.635799977851758285e+03 -1.255526260240383465e+02
-2.827368067574715678e+04 2.154562053257994557e+04 3.812238303689270106e+04 7.520144374634241103e+04 1.111032600014356103e+04 6.280627697765401099e+05 -4.786782318526973540e+03 2.634233488546352601e+04 -2.305875819918085763e+05 1.813862185940222989e+05 7.678862133548635757e+04 -5.438562712979287608e+04 4.261693514725538989e+03 1.623609827135235537e+05 1.337622314959291252e+05 -2.187064827284368585e+04 2.650267617927835090e+04 -4.809146895726594812e+04 -1.702126761255096790e+04 -4.768977312473965640e+02
-1.610941073560614313e+04 1.156123069481412131e+04 1.573583417761863711e+04 5.837334400462807025e+03 2.326162199564837607e+01 1.650356198031033273e+04 -4.068037780515422128e+03 1.035661891079437555e+04 -3.729946746071983216e+04 1.404683879832789717e+04 1.710821710588714495e+03 -1.469335473076033395e+03 -5.597787596941034280e+02 -2.283082617523990848e+04 -2.645860809259167945e+04 -1.277880213074027779e+03 1.312436667495430811e+03 -6.498096393245606350e+01 3.873039812661753331e+03 4.163829232774905904e+02
-1.551888000954432391e+04 1.140926432861217472e+04 9.407503158159106533e+03 2.343850440497397358e+04 -4.214176902477521253e+03 -3.384897915076853678e+03 -3.247774638600092658e+03 -2.022870627824076291e+04 -1.840117275972902235e+03 -2.488049765096357078e+03 4.505696760670380172e+03 -3.468468219473290446e+03 -9.576354743835181580e+02 -2.019794837552128968e+02 1.578400284085036560e+02 -3.004549641750788396e+03 4.796177649223262051e+03 4.619802699537440844e+02 3.162680788368494404e+02 3.443585933990890680e+03
-1.565431860897010665e+04 1.021999815884061900e+04 1.179740651223026543e+04 2.346213713229607038e+03 -1.086107606658901886e+03 -5.599716063191059447e+02 -1.399614024867304943e+04 2.952116945742137887e+03 -1.992692129882280824e+03 -2.888164469709504374e+03 -7.301874075604535392e+03 -7.402089494802118679e+03 -1.869880277507741766e+03 -5.547891574685118940e+03 6.114283808092419349e+03 -3.519455290090428753e+04 -2.378787923844265606e+04 -1.162953781752269578e+02 -6.242019605014398849e+02 -2.981934544794702902e+02
-4.845963014898239635e+04 -1.541570544048269221e+04 9.484239234665999163e+01 -1.433326655135140527e+03 3.801555477882268264e+01 1.424529441474404337e+02 -7.656487647675451171e+02 1.711225375156304835e+03 3.725176719076167160e+02 -3.168186584693015106e+02 5.590535728672609821e+02 1.677176792397174836e+02 -4.114007897165316763e+02 3.639853548981849372e+02 -1.299490310205508763e+02 -2.736757961005950506e+02 2.945139405312567646e+02 -6.726279036900566553e+02 2.380974075089480948e+02 2.133488693548829178e+04
-3.937153958005670574e+04 9.400567375560969595e+03 2.847170868239001720e+04 -7.704187854615644937e+03 -4.774978464673319650e+03 6.019810164568498294e+02 -9.283654984462926222e+04 9.804378563949621821e+03 -1.180067871268931231e+04 -9.444628457886306933e+03 -3.087097540681488681e+04 -2.959314100704528028e+04 -1.036357618702884065e+04 -4.091347559392800031e+04 4.181658393500301463e+04 -5.402395853004804812e+05 -4.130519698641552241e+05 -2.224136468164364123e+04 -2.088010960122930919e+04 2.494672799212529208e+04
-2.643763552898166745e+04 3.733526593055090052e+04 6.763889405942482699e+04 1.420863090887261205e+05 4.313969502724552149e+04 1.271015833814267302e+06 -1.308669935687625548e+04 9.499174306960003742e+04 -1.141569845409028232e+06 9.370813689726606244e+05 4.408323173746695393e+05 -4.719446091059840401e+05 1.800154699702349899e+04 1.400029016413799254e+06 1.067892005748613970e+06 -4.399176234783912514e+04 -1.709472291622325429e+04 1.811669281306827033e+05 1.144675960023254156e+06 7.039145206546309055e+04
-2.014504633504052981e+04 1.062716118458732308e+04 2.187704603092172329e+04 -4.004992194874646572e+01 3.034039012240794818e+03 1.463018706878956800e+04 6.418620641592955280e+02 1.249289990751801270e+04 -3.150278965936684108e+04 1.978632355256641313e+04 6.865371924112106399e+02 1.736591445204674164e+04 5.441890239574639963e+03 -2.966854747822355421e+04 8.864651243631264151e+03 -4.525492308549598965e+04 7.173357789663576114e+04 -1.147044286590801348e+05 -2.054939385332365782e+04 -1.202087136806821718e+03
-4.332376167140884354e+04 4.873417784566304908e+04 -1.491819379816078981e+04 1.183625997982947010e+05 3.774330498322490166e+04 3.272267325405126940e+03 -6.657788197464812583e+03 1.238686921783806029e+05 -1.073264803249460820e+05 -3.239254324847713360e+04 -1.485637644755731453e+05 4.946661070626931614e+05 -2.562450987102032639e+06 7.993945496745551645e+04 8.424003479697836156e+04 3.541244295918357238e+04 9.498511284400306977e+03 -2.362886442389662261e+04 3.937337699184878875e+04 -6.968172246985540551e+04
-3.440633898858170869e+04 4.370198342291025619e+04 -1.064626052042681113e+04 3.781222159796579217e+04 -3.326659294419986963e+03 5.603304692726538860e+02 3.541708984687490101e+03 5.068770063791318535e+04 -1.773276820685792336e+04 6.487542251296728864e+03 -3.752926779266454105e+04 1.513532630094628839e+05 3.164126970761188932e+04 -1.271252573740497246e+04 5.780358427184413449e+04 -5.371757076918907114e+04 6.656483194680087036e+04 3.143571401094579778e+04 4.536901748569896881e+03 -3.864308359341386677e+03
-2.439693726185385094e+04 2.785909549516777042e+04 2.033006668368079545e+03 8.018086732002615463e+03 3.104164919969540642e+04 3.805463467722253699e+04 -4.499613902855902779e+03 1.703136772963531621e+04 -1.283704271042754262e+05 9.303126154037641754e+03 -8.353870090060090661e+03 -1.243080261888084715e+04 3.574485723900153062e+03 -4.726609492910985864e+04 -8.353985356829439115e+04 -1.023994110119387915e+04 1.450223151607293403e+04 2.534962119119770432e+04 1.984889253367295896e+05 5.987845300035765831e+03
-8.267601923009744496e+03 1.212217026408520360e+04 1.945375670383271790e+04 6.780210839564368825e+02 -9.837669909414477161e+02 -4.177051950263153230e+02 1.470733067447735948e+03 2.022832816699705745e+03 -4.759280551408953670e+02 -5.677720081887991910e+03 1.122382610309583470e+04 2.783037411687063923e+03 1.451404725227283166e+02 -4.467404233608756954e+02 6.155150732685903137e+01 -4.127435954852763871e+02 -1.352647920515368924e+03 -2.602019692253463745e+02 5.567797551798092854e+02 -1.061459668513243969e+03
-6.885724935957828166e+03 1.665625871182941410e+04 2.590182299127784790e+04 1.285852926881003077e+04 7.209044232068185920e+03 1.359106757683623000e+05 1.255462500916595218e+03 1.018036716806816730e+04 -8.264374236973558436e+04 7.014792801531747682e+04 2.806728217481349566e+04 -2.964695692814120048e+04 9.503420380840810822e+02 7.721361212155292742e+04 7.149716320108277432e+04 -2.450084105213037446e+02 1.533066703255069797e+03 -6.287510835684982339e+03 -9.272427919467159882e+03 5.318100502226117214e+02
-4.880264363350129861e+04 -1.576534414037815259e+04 -1.027120724958082150e+02 -1.415651714298260686e+03 -2.632827909916496623e+01 1.008616571652601834e+02 -3.921715478830283246e+02 -2.474671445894043131e+01 2.605573124962560883e+02 3.976430046290449241e+02 -1.494730820424366513e+01 3.540870430078252298e+02 6.712835077698647979e+01 1.313029635095442416e+02 -9.005125063739895097e+01 1.379427745029435073e+02 -4.770330612687532579e+01 7.451985347922880010e+01 -1.866088247663716615e+01 -6.497437272755659023e+02
-3.770983126473466837e+04 5.487385780222576614e+03 1.397230955163091676e+04 2.078126879706950422e+04 7.888132223667610560e+03 5.041418500662119914e+04 -7.442846384545428009e+02 4.519229222614926402e+04 -1.758634299516984902e+05 8.380269460526382318e+04 2.220801421463676525e+04 2.007865925857896218e+04 1.205491776937907707e+04 -3.255078927226952510e+05 -2.339856602635043964e+05 -4.201601559623531066e+05 7.102285857723297086e+05 -2.104463607909047045e+06 -2.177633794808288221e+05 5.090580878107423814e+03
-6.118336392702911326e+03 1.452206687512630378e+04 2.340050961585958066e+04 1.199350341036896225e+03 -1.123241511912966871e+03 2.269370024592397385e+04 5.795489780464055912e+03 3.888810507206579132e+03 -1.023432068559430445e+04 6.493218951238086447e+03 1.208137926587759284e+04 -1.161099909373802575e+03 -9.477187574415289362e+01 8.841339043272517301e+03 3.430627229176385754e+03 2.299591145979504290e+03 -5.724401449383263753e+03 5.060910923070789977e+03 -2.027118132546699781e+04 -2.315717861225049546e+03
-4.839318549983854609e+04 -1.512609662382432361e+04 6.404366841810038977e+02 -1.251466135979016599e+03 2.196160174163548504e+02 2.803475781149855948e+02 -9.219339691347508960e+02 2.884284996775539639e+03 -1.591632063534210101e+04 -2.506654610507574034e+04 -1.209249271016753119e+04 -3.700663182876538940e+03 1.060766853912705074e+03 5.791996337654532908e+03 3.361504952592948484e+03 4.702192073788690323e+03 9.592300670035259600e+02 -8.865521198052915679e+02 -4.769181453310382494e+03 2.765122766733376238e+02
-1.335784412477532533e+04 5.392653224570921338e+03 2.971616937562581370e+03 1.905387220489508763e+04 -2.967550780421677700e+03 -2.583561633666754005e+03 7.440411009900009276e+02 -2.025390919334139471e+04 -1.802770929451634629e+03 4.385586316204738068e+03 -5.493329614280696660e+03 -1.757388606066574312e+03 4.256477700449544841e+02 -5.472627718535205531e+03 5.260608814052413436e+03 2.075946158333255880e+03 -5.314070374452279793e+03 -3.959156515725744157e+03 6.026868224275362991e+03 -8.006412039263304905e+04
-1.085920375403121398e+04 1.307296181514396267e+04 2.098139479013857635e+04 3.813224548891688755e+03 -6.877767673705361631e+02 4.140565509036176991e+03 3.288779178016751757e+03 1.354234792500429285e+04 -1.481321359566234059e+04 1.147797889160729210e+04 8.472478065959425294e+03 -3.651370692576099827e+04 -5.629075951953972435e+03 -1.083810986183628847e+05 1.233341660602059419e+05 5.532367128966005112e+04 -1.634244594809509726e+04 7.207423893429444433e+03 -4.248126563769073982e+03 1.813302489245689867e+04
-4.673913713979131717e+04 -8.853704084947181400e+03 -1.324565717245835685e+03 2.174307085133191140e+04 -2.102600165915474463e+03 -2.011175907480983142e+03 -3.624408771151230667e+03 1.541652334835160400e+04 5.487938217911870197e+03 -2.391375712818432476e+03 2.051586932961602542e+03 -2.509506597473141483e+03 3.774468334439976388e+03 5.162799853388232805e+03 1.707006349575900913e+03 1.643605523803813412e+04 -2.328701136595157368e+04 -5.592925736830999813e+04 4.844322060885660903e+04 -1.025449494974027948e+04
-2.251712174954387228e+04 8.373227093646260982e+03 -4.439964002926430112e+03 4.572016567952671176e+04 -4.939995269169417952e+03 -4.214060932421526559e+03 -7.583367611875954708e+02 5.375999540560381320e+03 3.358394941346046380e+03 -1.480127625322525773e+03 1.522234036009277361e+03 -8.552725955026273368e+03 -6.042772582486520605e+02 2.078575932368394206e+03 -2.157071614883772781e+03 -3.043106230881861620e+02 1.499310778200285540e+03 -1.070549894429055939e+03 -6.517859246551908825e+01 4.343799887597584188e+02
-1.588983197829705568e+04 7.716240255053779947e+03 3.168582616666206832e+03 8.079312115368305967e+03 -2.009192231591071959e+03 -1.162769502396928146e+03 -3.403576409202126524e+04 3.902780404918044951e+03 2.244297258613290523e+03 -7.735646885278597438e+02 -1.144099255777885986e+02 -8.023281490966181082e+03 -9.460908065634840796e+02 1.421137629413251943e+03 -6.586229207409529636e+02 1.611974388775920261e+03 7.258599451115147531e+03 1.442598622185756540e+03 -1.103996322318936791e+03 -2.419164011218574615e+02
-4.602943147526719986e+04 -1.264689863789240917e+04 3.977983541881245856e+03 -4.699698354103414744e+01 -4.530022228453654520e+02 -1.513452401315360021e+02 -8.306502588745566754e+03 2.768450996686507551e+03 -2.053515310426852466e+03 -3.485854513877726276e+03 -5.982718044148910849e+03 -6.529510876289483349e+03 -1.815652155286429206e+03 -4.565033017427120285e+03 5.397040189435899265e+03 -3.505207940036319633e+04 -2.350753317250120745e+04 -1.858441280671968059e+02 -7.520672148716736274e+02 2.543486747477951155e+02
-4.604627741940412670e+04 -1.259906075228155714e+04 4.576054832466074004e+03 1.937791861520115390e+03 4.289908033490659705e+02 1.602205318481283030e+04 -3.010843108189031682e+03 8.336419234093516934e+03 -3.707189018879443029e+04 1.345619431214451288e+04 2.521004675497531480e+03 -1.771540826357301512e+03 -5.522307809826711491e+02 -2.169653438903723872e+04 -2.672028257042164842e+04 -1.423384993807663250e+03 1.885098753698848213e+03 -5.605461733229213905e+02 4.342865661380818892e+03 9.581481931211825440e+02
-4.170324232268446940e+04 3.592800288983647624e+04 -2.631111025582168804e+04 -5.215194680268989032e+03 9.961860748760464048e+02 5.561228440108310451e+02 1.341938083209331353e+03 -4.304916567621631884e+02 4.213094467389594797e+02 1.276632886864748002e+02 1.716021576201648713e+03 -2.214880664581806400e+02 -6.278360627224360542e+02 -2.600806059232396024e+02 -5.757933517513069432e+01 -2.423856012809914375e+02 -3.644378215321171410e+01 -8.380023343760741454e+02 1.149647840141556259e+02 2.120631091592619487e+04
-1.395428623498523484e+04 9.251383097190242552e+03 -8.708366656713062639e+02 5.209125629622560518e+04 -5.877396681721904315e+03 -3.423157605244156457e+03 -4.494296452769577854e+02 7.196717425223687314e+03 7.162255005726213994e+02 2.130129220727603752e+03 -3.879643050709993986e+03 1.542367983431174935e+03 5.660123238836371939e+01 1.482921568289847528e+03 -2.211856491935707709e+03 2.729007702876217991e+03 -3.185445463049545197e+03 -3.085137793991880244e+02 -1.573568104382919728e+03 3.530101576650911852e+02
-4.589368464421356475e+04 -1.203300022316408649e+04 6.078931012906599790e+03 6.449570804826877065e+03 6.258107180087364395e+04 -1.690336489392045905e+03 -2.466131763986879832e+03 -5.761857160954554047e+02 2.130652173283455397e+01 -9.065215702016053001e+02 -4.412910171075057519e+02 3.337734950169693775e+02 -1.240196484897655154e+02 5.811739553175121955e+02 -3.358678130788853196e+02 1.142204032571900143e+02 8.788563715340114868e+01 3.897369094780199106e+01 5.515875041685845872e+02 4.181866744270756158e+02
-1.650666982890503641e+04 1.774149940408444309e+04 3.354194217966894939e+04 2.950019933723993017e+04 2.445404479301905958e+05 -6.592987705253837703e+03 -4.996337265476839093e+03 -4.437134037346884725e+03 3.271684621877502195e+03 2.327225036297279075e+03 7.192095948217831847e+02 1.107512370020260505e+03 6.724402912618126038e+02 1.151739383039563791e+03 1.858193690529451771e+02 3.745353200078664599e+02 -4.245219336441813880e+02 7.460463922584183649e+01 -1.860304572619632609e+03 1.331164923114179430e+02
-1.563360480309106424e+04 1.496085156551234104e+04 2.630129647140495217e+04 1.984905078287511060e+04 1.560511772892936715e+05 -4.772554956539534032e+03 -2.810459811534920391e+03 -2.046563993186940934e+03 2.250597081058774165e+03 4.850003028675901362e+01 1.465705627972968159e+02 2.751122740204708634e+02 2.155494045568246975e+02 5.696760930554859215e+02 3.653821015610341192e+02 5.708977152275090816e+01 -6.906811676006017819e+01 -7.912500867548280326e+01 -2.077771860339607599e+02 -9.281570467278573489e+00
-3.868561255314465234e+04 3.287639700443525362e+04 -9.732993637808676795e+03 7.193125068376815761e+04 1.378783827118318641e+03 6.429548388281088592e+03 -4.912569955537302121e+03 6.611435765563252789e+04 -6.829972993396531092e+04 -2.652339914827760731e+04 -7.053969008508218394e+04 2.108620045659361931e+05 -1.088900561385466950e+06 3.093990988999097317e+04 2.885400965542808262e+04 8.634417348819602921e+03 -8.229624858936269902e+02 -7.977515890958977252e+03 1.418766926801020782e+04 -2.635228179999850909e+04
-4.143194439734111074e+04 4.484228981908001879e+04 -2.858539044520583775e+04 7.259260333068376349e+04 -7.064001523544519841e+03 2.771969462974639100e+02 7.208525684075864319e+02 3.906729044659725332e+04 -5.385709631857901513e+03 1.048470285050104212e+04 -1.759744032777686880e+04 5.207129716938638740e+04 6.499521134707255442e+03 8.182937939878567022e+02 4.915421920691188461e+03 2.402189762005840294e+03 -5.040236734664472351e+03 1.307832762866300436e+04 -4.256148820583466659e+03 9.697312495868145561e+02
-2.467241753456292281e+04 1.946981767477556423e+04 1.108752027874770101e+04 1.637299893815936048e+04 1.712719012880454829e+04 8.822192562171141617e+04 -7.322484672119194329e+03 3.492444142748544255e+04 -2.510012816787262564e+05 5.825845414798062120e+04 1.860252343298320284e+03 -2.730290334718192753e+04 6.654825483586392693e+03 -8.405718300979968626e+04 -1.568720546067304676e+05 -2.768191844857759497e+04 3.477302041096038010e+04 6.990775268810635316e+04 4.843518907211943297e+05 1.527622826394140247e+04
-6.002843080112493772e+04 7.962162363119879046e+03 -1.881926039600311924e+04 3.464719857819140452e+04 -3.040087898404719908e+03 -3.085194123404815400e+03 -1.445748820713451096e+03 1.424845999833117094e+04 5.413196267636033554e+03 -3.878225118166132233e+03 5.382369358315465433e+03 -1.183745473754979139e+04 -7.986539891436634662e+02 3.375964000780178139e+03 -2.949842462218821765e+03 -1.375695401657536650e+03 3.337773546075857212e+03 -1.630297269364225031e+03 5.869036160084583571e+02 1.001724064847462046e+03
-2.142296379749858534e+04 1.041763452194973070e+04 2.081903354883681095e+04 9.463889251301739023e+02 -2.021471384070287911e+02 3.780841407464974964e+03 1.269368186513015189e+03 1.459802745676941231e+04 -2.806640317478587531e+04 5.089625832834613902e+03 6.098118569305655001e+03 2.280313857896738409e+04 2.641740493399207480e+03 -6.858081959790144174e+04 -6.816523213534762363e+03 -2.935391458730932936e+04 2.976369592426181771e+04 8.545975715258411947e+04 2.587739757612833055e+05 1.352833369631474909e+02
-1.653653570289048366e+04 1.131271712266899158e+04 -2.136135034663482202e+03 6.943944673095425242e+04 -7.693932035723534682e+03 -3.093107059951588781e+03 -7.127485787791017628e+02 1.424152907290889380e+04 -6.289302814216125626e+02 4.659022804163428191e+03 -6.985238318567383430e+03 7.342145880074325760e+03 -4.234560936837524991e+02 1.704039258665016632e+03 -3.959227802693706053e+03 4.131391126351860294e+03 -4.841142610977570257e+03 1.448615306238030371e+03 -3.961778063940314496e+03 6.743741808311469867e+02
-1.891456624535354058e+04 1.295527515969628257e+04 1.452363049052835231e+04 4.339167882977682893e+03 -1.201157033072496006e+03 -7.593213434143143559e+02 -1.104892132007325199e+04 7.137627626390198202e+03 2.858030960405858877e+03 -7.977036976778448434e+02 -8.955114781953387819e+02 -1.465056674028865018e+04 -1.785752918610846564e+03 -3.486050020238617890e+03 1.209881629469302652e+03 -9.366680384848226822e+03 1.351803546205455677e+04 5.522602230103934744e+03 2.049227376683503280e+03 -4.790706544816176233e+02
-6.716441755637222741e+03 6.614812436083684588e+03 9.094444297933230700e+03 1.653904025800111776e+04 -2.818783591825708299e+03 -2.432189553783933661e+03 5.481201593585117280e+02 -2.034765309172445268e+04 -3.214072466250664093e+03 2.424835011295474942e+03 -6.035834831509893775e+03 -3.880115013193387767e+03 -5.590644843180464250e+02 -7.503415014980650085e+03 6.007684725549085670e+03 -3.647397743981331587e+03 1.985636724490341521e+03 3.589801109035485752e+03 1.018748608085457818e+03 -1.181692992546995083e+04
-2.552026105475410077e+04 5.266273587529201177e+04 -2.798037127195959329e+03 -9.948783934994327865e+03 -1.280619427754882963e+03 2.184217910341137667e+02 -9.425013317099226697e+03 -2.449594269022287790e+03 4.330972775590579431e+02 -1.276355602570856576e+02 2.522758127952033192e+03 2.613915899499170791e+03 1.798666259501961804e+02 1.627099138009854187e+03 -1.318660994860979827e+03 8.569849409234061568e+02 -5.952012094750539291e+02 -5.900699817697341132e+02 1.224704718794388327e+02 6.811130737292352251e+02
3.746973160122688114e+03 2.652317954581521553e+04 2.346029159606683606e+04 -6.646511466511172330e+03 -4.183702214710055159e+03 -1.169805102144090512e+02 -7.641903516135503014e+04 4.097604150077601844e+03 1.974543662456344236e+03 7.117420238977972986e+03 -1.312492838026995014e+04 -3.537538239449903813e+03 1.718887399583472870e+02 1.194608219258948338e+03 -1.170364369711317778e+02 5.174013177668914977e+03 3.447529355432905959e+03 8.582267939536390031e+02 -1.714933119850374169e+03 -9.714949353375645842e+02
-2.235486604198661735e+04 2.416618014640865294e+04 3.543543075524071173e+04 5.851090217953130195e+04 3.042747491571457431e+03 1.027573094784686837e+05 -1.545225160012829519e+03 8.473671837969534681e+04 -2.834340067104515620e+05 1.528325215690183977e+05 7.295172196053873631e+04 4.584430656133818411e+04 -8.686675688953486315e+03 -2.396390756303377566e+05 -2.578815349616229942e+05 4.549441773519771232e+04 -7.038444680056499783e+04 8.313739693864823494e+04 -2.266985218417839787e+05 -9.124035227075941293e+03
-4.142454675950141973e+04 3.523850570149485429e+04 -2.515506530893177114e+04 -4.466433699781152427e+03 3.209028064838177670e+03 1.699567357136365217e+03 1.763476369302904004e+03 4.092785316881571816e+03 -4.750326482840349490e+04 -6.440203181907714315e+04 -2.928720186911208657e+04 -7.725173647918447386e+03 3.226093495274218185e+03 8.890972319773056370e+03 5.042511881140103469e+03 6.726269444693121841e+03 6.023368736693599885e+02 -1.096511664455956407e+03 -5.759330611979780770e+03 -1.424599122030882199e+03
-4.185286312587828434e+03 1.135821544598908622e+04 1.596896359839913202e+04 1.503396700382248673e+04 -4.002856916335258120e+03 -2.686673042073662145e+03 -4.289503125884168185e+03 -2.516840291927069120e+04 -4.063618887462546354e+03 -1.374708017807832221e+03 3.025524497373544364e+03 4.259497150179121491e+03 1.302883748821660390e+02 -7.337440028467284492e+02 1.233637728075855648e+03 -7.015330563508208570e+02 1.007383193993127975e+03 4.805399019281831130e+01 3.865175838661463672e+02 3.349407576767992396e+03
-4.675830469947936945e+04 6.107976523150078719e+04 -9.076990655728915954e+03 1.883819017007511093e+03 -3.051522626126298292e+03 -3.633221754231598766e+02 -4.233154936738267133e+04 7.241199663180745119e+03 2.393087250957162723e+03 4.835549433714409133e+03 -8.512469278199534529e+03 -3.458988166148372329e+03 1.728737673865438467e+02 5.149999916722816806e+02 -1.301092890256884118e+02 1.532013266500211557e+03 -1.526321843296610041e+03 -1.532178495585412975e+03 2.800626183799606679e+02 1.687036197642197294e+03
-3.974917303996800911e+04 2.992474114119260776e+04 7.071599825384917494e+04 2.119786576615697704e+05 2.921329843516815163e+04 2.260459814969441388e+06 -1.914860276708381571e+04 -1.197141876558182703e+05 3.777748173153723474e+05 -2.296517968083749874e+05 -1.297108764629842626e+05 6.304044928217919369e+04 5.534690031535938942e+03 -1.422523746465898002e+05 -6.509183787714028585e+04 -5.075145329514676996e+04 9.022648044844013930e+04 -1.260102463768135494e+05 5.543411406090674427e+04 7.031130045779574175e+03
-2.550316071311169071e+04 4.685446164157221938e+04 7.675286094843455066e+04 1.703918709674685670e+05 1.541150563315390900e+04 1.506570187475675019e+06 -4.363695134145697011e+03 -2.412744625989654378e+04 -8.255080591431993525e+03 3.040224348985324832e+04 3.051930674583101063e+04 -1.758478262386174174e+04 5.683505266446113637e+02 8.998937168547938927e+04 4.975818324833241059e+04 5.654293311087509210e+03 -1.938085359473494464e+04 2.241344838938507019e+04 -4.022615965327111189e+04 -6.238966188793024230e+03
-3.555569275208564704e+03 1.502474810429481477e+04 2.198464567034676656e+04 -3.020178958958628755e+03 -9.405197189992863969e+02 -2.702110362440458289e+02 1.823131032812611693e+03 2.146280626873442998e+03 8.868121171942993897e+02 1.233283520695016477e+03 -3.044893477363381407e+03 -8.338294181831421383e+02 -1.281791411448337392e+01 7.416604586855496564e+02 -7.031794009138176307e+02 4.783917480449201776e+01 2.143926694593868660e+02 5.729689101822232900e+00 1.007967491105772382e+02 6.913410378481368923e+01
-1.369040345882621841e+04 3.120594007878113644e+03 -1.385887475126264462e+03 1.175210594079696966e+04 -7.743116666322671335e+02 -1.357903941185244094e+03 -8.752295396939067587e+02 4.036718088921748404e+03 3.632178292033510843e+03 -6.786009531532690744e+03 1.154567152629490920e+04 -2.695538082587065946e+04 -4.875741294175187249e+03 -2.898253483194550427e+03 -1.533084114818770331e+03 -2.706808631776787297e+04 4.167927632950597035e+04 2.357865603083511087e+04 -4.015923627872579800e+03 -2.679920956520084019e+03
-4.149191048029328158e+03 1.840903678865704569e+04 2.640057049146083591e+04 -2.939934969900063152e+03 -1.681609803190422781e+03 -5.331793841902708664e+02 -1.930939800332906771e+03 4.993748349957769506e+01 4.820913436363663891e+02 -1.341870270302406425e+03 2.502962222476674924e+03 1.667696747033826796e+03 1.515555228809361950e+02 1.515844875836464325e+03 -1.039538316630098052e+03 3.350560136904052229e+02 1.127696720353302240e+01 -2.122484398680658160e+02 3.144006630087480403e+02 3.702631801333990893e+02
4.442165250609692521e+03 8.397752871697528462e+03 1.067289358314284254e+04 -4.024845227190361925e+02 -1.803961240819748127e+03 -4.629666989233529648e+02 -3.578224202600561694e+04 2.697032066831092152e+02 8.746326967436199311e+02 2.273467108517361794e+03 -3.954317338623133310e+03 -6.435308976977809152e+02 2.054631650756160468e+02 7.476948403558784548e+02 2.447102041360241742e+02 4.453542848371180298e+03 3.261041488187062896e+03 8.160906652025902304e+02 -9.245049815462787137e+02 -1.359318898990952448e+03
-1.792564718963803898e+04 1.867326140844728070e+04 2.964766928509963327e+04 5.123700933941324183e+04 8.670866189417332862e+03 3.647423599859862006e+05 -7.084917457497375835e+03 4.590400510671852680e+04 -4.396937866792267305e+05 3.530329688495713635e+05 1.520624149758229614e+05 -1.724290875408199208e+05 5.733210854809984085e+03 4.938149533702675835e+05 3.841543657864021952e+05 -1.486594004922091881e+04 -2.323256034307213213e+03 6.009412612440636440e+04 4.194725621765013202e+05 2.808365613295190997e+04
1.020414119817597748e+04 1.827118255951869514e+03 2.578017258799264710e+03 6.099677361434809200e+02 -1.558317153534177635e+02 -1.446071068172855689e+02 -1.095712575517850610e+03 6.946127096710705473e+01 -5.538277160630136642e+00 9.279283576779507214e+00 -1.604496791496430319e+02 -1.540372208770763791e+02 -1.172426864024603965e+01 -5.217434830459890236e+02 3.836291105050474926e+02 -1.143506120665588099e+02 7.294047955611101486e+01 1.103911014445181848e+02 1.895223703066587859e+02 -4.540301203375190653e+02
-2.119358187037507741e+04 1.469356668189018819e+04 1.547250887848393722e+04 1.054816480420596417e+04 -1.944871515759127988e+03 -1.398946965315463558e+03 -6.917076749852300281e+02 5.427050930514557876e+03 1.340047245528859776e+03 -8.783623217401451257e+03 1.698457211387421557e+04 -2.083001491317908858e+03 -5.974541907522441306e+02 6.197781078453131158e+02 -9.641534011956131280e+02 -2.025026807858564098e+03 1.542723900110649765e+03 -3.159217844758588853e+02 8.017538871731404697e+02 -7.108917134897221786e+02
-2.385462484451163618e+04 2.486420997840818018e+04 1.985899062703092932e+04 2.606566015606248766e+04 6.524290081974829081e+04 1.197540857949026831e+05 -2.522104053184604345e+04 5.138320005340837088e+04 -4.068107338129751734e+05 8.717485765783698298e+04 -3.440020882090481336e+03 -5.435636039916195296e+04 1.055315242262187348e+04 -1.586191986537564371e+05 -3.060571469498720253e+05 -4.426287458800330933e+04 5.977519011678751849e+04 1.055942142556195031e+05 8.310966173137951409e+05 2.717668291618834337e+04
-5.544660976149203634e+04 3.803708984341526957e+04 -3.273345194077701672e+04 1.624316397288572989e+04 -7.979237539165421822e+02 -1.414302897577483918e+03 9.682452447434438625e+01 7.097484085523438807e+03 4.050871770920522522e+03 -2.332080906932201287e+03 6.265795764508880893e+03 -9.276419658703520327e+03 -1.173529742156119710e+03 1.058577615157076707e+03 -1.479995302630253036e+03 -2.097596679119420969e+03 3.680177211870733572e+03 -7.790115682940243005e+02 5.978799798391487457e+02 9.020101270973299279e+01
-2.081491529800353965e+04 2.536192500879427098e+04 4.180535227300408224e+03 1.058841491485599727e+04 -6.083650581761662579e+02 5.134653224016005879e+02 3.229287961229107168e+03 2.940504650858150490e+04 -2.199605304515415628e+04 -7.173503918167863958e+03 -3.149502502192466636e+04 1.129996622069243458e+05 2.546375768909037288e+04 -1.242796357310104941e+04 5.068274152195960050e+04 -5.148634246487870405e+04 6.603048786401413963e+04 2.013479243543766279e+04 4.224748431478848033e+03 -4.690543400010045843e+03
-1.855339141382068919e+04 6.089712063812403358e+03 9.875205240966237170e+02 1.830919270280638739e+04 -2.264712693758275691e+03 -2.070548427342899686e+03 8.282238017114241302e+02 -2.420912863120059228e+03 1.215181205355375141e+03 -5.364299808686298547e+02 1.038885456643678026e+03 -5.278295172128091508e+03 -7.185708356191680650e+02 2.836250609182361586e+02 -6.567000695489663258e+02 -1.134994158333737005e+03 2.127860182578974673e+03 -1.243576812829137594e+02 -6.302865473165978472e+01 -3.735817811030323696e+02
-1.151440945891166484e+04 8.710052764787267733e+03 1.241932436186945597e+04 3.380929880609453903e+03 -6.804060767475149305e+02 -1.627463332641927423e+02 1.268937584218939946e+03 3.922887787577778909e+03 3.748469807875517859e+02 -6.229967201498319582e+02 7.728743469894697000e+02 -5.704943601440325438e+03 -1.065974927846265018e+03 -1.440778142768098223e+04 1.231484842153224963e+04 3.273558316879218182e+03 -4.768317642338721498e+02 -1.161069398559945114e+02 1.085144370340209434e+03 2.579258011903910415e+02
-2.419930139149323077e+04 3.152233424477717926e+04 5.124555876358885871e+04 1.184201979667037813e+05 9.877560096764089394e+03 9.567599549351953901e+05 1.132063993504563541e+03 5.859831763124255303e+03 -1.293479013616237062e+05 1.145487664669373189e+05 5.762644714507655590e+04 -3.982553217175226018e+04 1.183293180891941802e+03 1.456256207372578210e+05 1.073890969390686078e+05 3.815899510461618149e+01 -8.641450114907389434e+03 -6.532393341808386822e+02 -5.168300337250918528e+04 -3.893080040785372148e+03
-2.056971678662709746e+04 1.702555855435663761e+04 2.045649171014644526e+04 3.740814682978676137e+04 4.541791249386498748e+03 4.469572968837908411e+04 -2.352739791646743925e+03 4.244209567748149129e+04 -1.304777905288098700e+05 6.738371272935564048e+04 2.263772298003108517e+04 2.193214536960747137e+04 -3.388877225657052804e+03 -1.062388178635332442e+05 -1.127981821204400185e+05 1.471166672576062956e+04 -2.182835740864170657e+04 2.567555675515198527e+04 -7.662994788404024439e+04 -2.015071085562205326e+03
-3.885188543786620721e+04 3.614554735393063311e+04 -1.928431437533532517e+04 -1.280410324934097730e+02 3.362278403425073975e+03 1.755579447067759611e+04 -2.080799369136946098e+03 1.022364857648575526e+04 -6.862281947477857466e+04 -2.563567161726557606e+04 -1.514341436542061638e+04 -5.569973965455727011e+03 1.649428191045172753e+03 -1.870035693211021862e+04 -2.507868034628783425e+04 7.861500935109968395e+02 1.263293472028774659e+03 -7.942321736600965778e+02 3.267838858233412793e+03 -7.707681745238853637e+02
-1.487750722019535169e+04 1.132885282837866544e+04 1.457706966214027307e+04 6.909447607307403132e+02 -6.676210822609560864e+02 -4.752626198037119565e+01 -7.911789171233128400e+03 4.635326041427631935e+03 -9.721671964030856543e+03 -1.414129323711124925e+04 -1.028293086235283772e+04 -7.384221444354165214e+03 4.054997750446552800e+02 2.544007404748526369e+03 5.881326856896054778e+03 1.100123837136600287e+03 2.465044930442706118e+03 -7.758540389861199174e+02 -6.268428898434622170e+02 -4.624739290272791550e+03
-1.701236223235198486e+04 1.815595655731366423e+04 3.131977328248260892e+04 3.732615511453305953e+04 1.167925069360098860e+04 2.819427752016082522e+05 -1.485872622979878315e+03 2.770157394315318743e+04 -1.516157055501529248e+05 1.084649725810247182e+05 4.714664357611108426e+04 -5.163363585137786140e+04 -3.973837470096420475e+03 -2.825895041215969468e+04 1.166075172117106267e+05 4.260321694317999209e+04 -1.712662377650001508e+04 7.864400362647308611e+03 -3.159196719288137319e+04 1.375930860771525840e+04
-4.497560914768552902e+04 -1.201604209123886358e+04 5.309826484159040774e+03 1.043054283205260191e+02 -3.748424338867727670e+02 1.119628517855334167e+02 -1.248291171715571721e+02 3.567363206870639715e+03 2.175775992060212047e+02 -4.081280349976337902e+02 6.180110491064101552e+02 -4.960572751337494083e+03 -8.285484604035053735e+02 -1.363918249631085928e+04 1.185007122673222693e+04 3.586646625777939789e+03 -5.047427174203558025e+02 8.135508620338129049e+01 9.193478737572451109e+02 8.169647232449574403e+02
-1.708636728398345440e+04 2.835189174431263746e+04 6.586308687313713563e+03 -4.901950806097448549e+03 1.834501097847515211e+03 1.047673046542375914e+03 1.521118082522548093e+03 3.529827770442487235e+03 -3.096794889893596701e+04 -4.028766569875828282e+04 -1.560307267959708588e+04 -2.689018817350478002e+03 2.364681543432397575e+03 4.393882550741890554e+03 7.508663857060430473e+02 2.230344054615500681e+03 -6.242688887996137055e+02 -4.744686105552486310e+02 -7.202272152496884701e+02 -1.552508230545669448e+03
-8.219332801549990108e+03 2.414178606582475186e+04 1.716047492761203102e+04 -4.560083340037817834e+03 -8.355747932676620167e+02 -1.055310817057497843e+02 -1.925121418468444062e+03 2.158696556476687874e+03 8.125787374937626737e+02 1.500251954637722520e+03 -3.411375013866609606e+03 -2.176314646489016695e+02 1.197593897270579220e+02 8.377910581998442012e+02 -6.140769691974038551e+02 1.403943956455797206e+02 1.496687671515751106e+02 7.736350238305261939e+01 5.014415109792016523e+01 9.824818296227843462e+01
-3.524441425842699391e+04 1.178637168715062398e+04 1.445507316343285493e+04 9.359982800882293304e+03 6.119413399034775694e+02 1.304539132590885492e+04 2.595996027179665816e+03 3.831054843540570437e+04 -4.155330466308814357e+04 1.914664494520594235e+04 -2.673154172047445900e+04 1.314564334532577195e+05 3.070207882282851642e+04 -3.772814138030936738e+04 6.163505172778567066e+04 -9.765686909562136861e+04 1.384372998719698226e+05 -9.459192757047677878e+04 -1.584150550664950970e+04 -5.557602230400664666e+03
-4.991949941730187857e+04 -1.533842557536449203e+04 3.637552457385054367e+02 -1.077780722242100410e+03 -7.648710147577479290e+01 5.591108099442676860e+01 -3.881509281239318625e+02 -3.390732388702505062e+01 2.830667946010710807e+02 3.858944939108660037e+02 -1.366762035732489444e+01 2.454803442941815774e+02 5.381632625523558744e+01 1.091628987175430012e+02 -7.632784289167523184e+01 9.258018888127602963e+01 1.914117291933472842e+01 9.736319420541956049e+01 -1.264233226992420889e+01 -6.656940012206030133e+02
-3.885754238286243344e+04 3.844015346544401837e+04 -1.820402894868576914e+04 3.710542575426932672e+03 6.524432475835753576e+04 -3.876395604497002978e+02 -1.671777369203816988e+03 1.056917082525432761e+03 -3.129947152805522273e+04 -4.010621162932413426e+04 -1.809691994047061235e+04 -3.857216842723536047e+03 2.063647862063735829e+03 3.857529202163733771e+03 1.467494285133613175e+03 2.206912003982021815e+03 -3.207175426645682705e+02 -2.984997100814321129e+02 -3.287676974585270955e+02 -1.296538244802725330e+03
8.981015987360709687e+02 6.698288234959660258e+03 1.044350003946804645e+04 1.422697699364660184e+04 -3.214984690162348215e+03 -2.376349345733704467e+03 4.775878099345818555e+02 -2.397569178370802183e+04 -3.782999769462419408e+03 9.377171668085806004e+02 -1.859421018936088103e+03 2.255589092251541842e+03 -1.242301676613689665e+01 -1.038751332388802666e+03 1.252247303762391994e+03 -9.371846874074469724e+02 1.249568140892245765e+03 2.636599849865351075e+02 9.709300958146047833e+01 3.173499875078168316e+03
-3.714525029464078671e+03 1.288327181576138901e+04 1.970117871331652714e+04 -2.378679518156712675e+03 -8.674902265071311831e+02 -2.969466487877895702e+02 3.231983728282773427e+03 1.261781453257954581e+03 6.899990746645653417e+02 6.934846373884720379e+02 -1.878050272030095812e+03 -3.980179196073723347e+02 2.755751893519395423e+00 9.782066695917135348e+02 -8.183159076762766517e+02 2.054711036826053316e+01 2.100430307126046330e+02 2.854348265779984573e+01 1.170508390264931009e+01 1.127650731958873820e+02
-2.420770495501159894e+04 2.411926798694156241e+04 2.416641334112565892e+04 5.143044234807892644e+04 1.442762090796116718e+04 3.316416564786544186e+05 -5.043353610417101663e+03 3.828483449714494054e+04 -2.677833001662608003e+05 1.182693557285167190e+05 3.578114344381851697e+04 -3.496328060295006435e+04 4.602378805874015598e+03 -1.108927643532213779e+03 -6.758558335547090974e+04 -1.987840652066244365e+04 2.398606414382309231e+04 2.050439205023919203e+04 2.431605553043171531e+05 7.629253930847054107e+03
