2.099516953713400653e+04 -3.093364704694577995e+03 -3.395692535204426349e+03 -4.312914836620520873e+02 1.632688026197752720e+02 9.576812257691351249e+01 -9.449600280651343098e+01 2.137859068282537578e+02 5.141685828031418382e+00 -4.420235061702753399e+01 1.123771369403966247e+02 4.006630320107286281e+01 4.025076644560062533e+00 8.525736949665246200e+00 -8.427321812719334559e+00 8.718392554902449021e+00 -3.282690032475997555e+01 -2.476360741192646486e+01 5.119356131717524683e+00 1.808562464475250264e+00
-4.884144884798616113e+04 -1.574432445896082572e+04 -7.574791864310789435e+01 -1.404764631619723104e+03 -2.856601913663934056e+01 9.913137552139016861e+01 -3.911632678134748176e+02 -2.764249753253193731e+01 2.606650391580391783e+02 3.984000076935064385e+02 -1.716048539194810374e+01 3.521134836400977974e+02 6.695192442422040813e+01 1.300986394935734438e+02 -8.904174217438217909e+01 1.366601616866590803e+02 -4.599926866906872647e+01 7.554041921508891733e+01 -1.839746234118977597e+01 -6.506063977446971194e+02
-8.154922855413200523e+03 2.407295757889321249e+04 1.728393922177650529e+04 -4.554257970299485351e+03 -8.405624976432341100e+02 -1.072825343892991583e+02 -1.955328115187961657e+03 2.162075996791887974e+03 8.142535110181250957e+02 1.497248178557872734e+03 -3.414875049342595048e+03 -2.481046833138332204e+02 1.174374362678096162e+02 8.369537717990882584e+02 -6.223611947066291350e+02 1.457211707707757000e+02 1.449125569186000178e+02 8.094635997581883657e+01 4.928624998626384723e+01 9.887332029682966095e+01
-5.569963073253937182e+04 4.000524081454399857e+04 -3.540128080195652728e+04 3.386319163456542447e+04 -2.646326352393198704e+03 -2.978421476435593831e+03 -1.702351305725791235e+02 1.327873263919393503e+04 5.935383108813371109e+03 -3.183994423268694391e+03 6.244542103277305614e+03 -1.249485013510049248e+04 -9.808736907070554025e+02 3.113819815720319639e+03 -3.199804087729558887e+03 -1.210436065684011055e+03 2.932243729220827390e+03 -1.852565111011800127e+03 4.739180552032481160e+02 9.570104494953679932e+02
-2.273664445120394885e+04 8.154920633351415745e+03 -4.366028727064280247e+03 4.342099045480909263e+04 -4.689244603705476948e+03 -4.243242463992768535e+03 -7.359508936391613361e+02 4.558147706666271915e+03 3.580972270144625327e+03 -1.896544091759722278e+03 2.109812845076938629e+03 -9.642913247771959504e+03 -6.345512457661005783e+02 2.056873593404986423e+03 -2.013226486959978047e+03 -6.549394446345760343e+02 1.995487485943473985e+03 -1.194300541655976531e+03 1.801052693352521601e+02 4.239322750880990043e+02
-4.260948431411075580e+04 3.583855509581115621e+04 -2.622797651666524689e+04 -5.116649880567123546e+03 9.131961599864264372e+02 4.989456331225945291e+02 1.728144262842204625e+03 -2.218498231378158380e+03 3.045779122336502951e+02 8.541935419314211231e+02 1.106450894734567100e+03 -7.796438708707576382e+01 -1.458836760046524432e+02 -5.319505716565829516e+02 9.963067892269387826e+00 1.461385001137608413e+02 -3.419524236107096158e+02 -6.901205402121807708e+01 -1.414862374861591547e+02 -7.898995258054791293e+02
-1.641608874086480137e+04 1.781503969921320095e+04 3.391932557508655009e+04 3.004647648016687890e+04 2.499917312753506121e+05 -6.692097632385706675e+03 -5.099177230338958907e+03 -4.633045393007048915e+03 3.300533643941050286e+03 2.482476980786642798e+03 7.369656543700307338e+02 1.217177745181498494e+03 7.091833332843809785e+02 1.185158462462909256e+03 1.749086552626279172e+02 3.980901744452096409e+02 -4.526640136990729388e+02 5.478677905212877874e+01 -1.976800365014091767e+03 1.416439360140808787e+02
8.618743481693256854e+02 6.792681860413012146e+03 1.057533637943881877e+04 1.423089944747045774e+04 -3.236818634010292499e+03 -2.383797532904206037e+03 3.924468869881164892e+02 -2.402925879083616746e+04 -3.791848338299179431e+03 8.754978719825647886e+02 -1.725903162844978624e+03 2.311978353515247363e+03 -9.182400762312354914e+00 -1.018601245738255329e+03 1.242432689495693012e+03 -9.324500485375100425e+02 1.248034056803925523e+03 2.595915425864140502e+02 1.014399033683822324e+02 3.180600492873187250e+03
-2.559400985572477293e+04 3.428097015186752105e+04 5.772900669905743416e+04 1.310006499146273272e+05 1.103030853743476109e+04 1.094352566299147671e+06 3.121109171216853156e+03 -1.611650706105656354e+03 -9.816990368064978975e+04 9.339761231787710858e+04 5.400499876588274492e+04 -3.368977527361875400e+04 9.033617901439619118e+02 1.343895736168387521e+05 9.621994304750456649e+04 2.614895601202584203e+03 -1.354974953671155163e+04 4.926767123871683907e+03 -6.667677767627772118e+04 -5.584930442959514039e+03
-3.390361032988087391e+04 7.461490853905177210e+04 1.565464070198635163e+05 6.688038500037605409e+05 9.269461209923577553e+04 7.429178814210163429e+06 -7.226347487304396054e+04 -6.452495208701075753e+05 2.697222315995696001e+06 -1.839428319571936736e+06 -9.099011106334049255e+05 4.952719504703676794e+05 -1.449154183666315657e+04 -1.352397542225514771e+06 -1.006791201424730825e+06 1.677897437323605482e+04 5.029670213864884863e+04 3.157114726211919697e+04 3.748489633779013529e+05 3.634773474928404903e+04
5.656151207927687210e+03 2.187679825241013168e+04 2.374030268035075278e+04 -3.797823165853043520e+03 -3.950467335141241165e+03 -6.170279708533768144e+02 -5.882004699740628712e+04 -2.147508670833533984e+02 9.716399879441013354e+02 1.425599073228449015e+03 -1.693495090959771233e+03 1.014099608384773887e+03 3.896697546140618442e+02 1.984759552187367717e+03 -3.938353595012091546e+02 5.146386216819851143e+03 3.206888985537212648e+03 5.533118126162089538e+02 -1.023207809094355980e+03 -5.125832745011158522e+02
-8.266813753872876987e+03 1.212204642962485195e+04 1.945420813073687532e+04 6.771832858230987995e+02 -9.837185737658630842e+02 -4.176436143452619376e+02 1.470832381956306563e+03 2.022508418898944683e+03 -4.759984489084021675e+02 -5.677578296664380105e+03 1.122358745880072274e+04 2.783080398634651374e+03 1.451192753519781604e+02 -4.467389807674442181e+02 6.150806970496991966e+01 -4.127619076355416610e+02 -1.352568500435879287e+03 -2.601277071102069272e+02 5.567158134387811970e+02 -1.061420508869566902e+03
-4.679770990793898818e+04 1.215091367005377469e+04 -1.520415546602802351e+04 1.343445135677665530e+04 4.547817147043622867e+02 -1.254920919419478196e+02 -8.076833067681862985e+02 1.634449518992396224e+04 -9.798865599246741112e+03 -1.063435613024535269e+04 -9.655854007901918521e+03 4.640001193447296828e+04 -3.351305652708171401e+05 1.387256927966909097e+04 9.702717371192869905e+03 -1.708779389661585810e+02 1.221205099208779575e+04 -3.601216893248256838e+03 1.025727638613317686e+04 9.702828519210299874e+02
-4.216119619179073197e+03 3.734270499703554378e+03 6.104429385449686379e+03 8.685736139131449818e+03 -1.810851784499732958e+03 -1.332669014261786515e+03 1.775879744156794231e+03 -8.859542172868274065e+03 -7.119540814092405299e+02 1.518707156758231122e+03 -2.101176978817785766e+03 3.544776325190228761e+01 -7.293722487878715910e+00 -2.532630509276561668e+02 1.447143965806043866e+02 1.744583232415945417e+01 -2.334030122729201739e+00 1.559494505121791974e+02 -8.400418574183372300e+01 -1.133065104588571103e+03
-2.498601225865764718e+04 4.994193455853752675e+04 -8.700658785537018048e+03 -1.033288445094475537e+04 -3.773394846031733323e+02 5.702840286797489853e+02 -6.953192072702086080e+03 2.194868068264277667e+02 9.537847958646204916e+02 3.205731526712954292e+03 -4.578785995335971165e+03 -4.842061328416702395e+02 -9.871894574568505831e+00 7.390313526641829185e+02 -9.302659360010023875e+02 5.818713495446546631e+02 -3.750628390595911128e+02 -3.454241981749981392e+02 -1.600959848392174081e+02 3.326402598663127606e+02
-1.563360480309106060e+04 1.496085156551233922e+04 2.630129647140495581e+04 1.984905078287511787e+04 1.560511772892936715e+05 -4.772554956539533123e+03 -2.810459811534921300e+03 -2.046563993186941389e+03 2.250597081058773711e+03 4.850003028675901362e+01 1.465705627972967875e+02 2.751122740204708634e+02 2.155494045568246975e+02 5.696760930554860352e+02 3.653821015610341760e+02 5.708977152275090106e+01 -6.906811676006020662e+01 -7.912500867548280326e+01 -2.077771860339607883e+02 -9.281570467278571712e+00
-9.907440271412257061e+03 1.181905908548202751e+04 1.784242275452306421e+04 1.701099563815761030e+03 -7.188717670384270377e+02 1.810574658030029696e+02 4.755214220854691689e+02 4.428530111524206404e+03 2.479937739631503746e+02 -4.657658258170292811e+02 5.982082594310735431e+02 -5.036633029265511141e+03 -8.839556105092890448e+02 -1.476384381466044033e+04 1.216569719529029317e+04 3.713316127776373833e+03 -9.598401024578913621e+02 9.102596215268543745e+01 1.045844985071846622e+03 2.887170392879648944e+02
-4.141499029296176741e+04 3.523389691399723233e+04 -2.514939815165924301e+04 -4.486413228246024119e+03 3.210761851899198973e+03 1.701461253297565008e+03 1.765085193148376220e+03 4.084728176569177776e+03 -4.751029415505034558e+04 -6.440499767024156608e+04 -2.929359132122882511e+04 -7.718367561886318072e+03 3.228152816442269796e+03 8.892472415198079034e+03 5.043836511395173147e+03 6.729303875668983892e+03 6.001466756242308520e+02 -1.096116912750500205e+03 -5.771613114198947187e+03 -1.423974634808773089e+03
-3.771315434967391047e+04 4.238908057711128640e+04 -2.853801297099386284e+04 3.704656502632443153e+04 -3.314501203949099818e+03 -2.502345855454220327e+03 9.126710452516171017e+02 2.366173676923341918e+04 1.533847844150578567e+03 1.434145722859728266e+03 -6.376811645720796150e+03 2.880700884749126271e+04 7.910478501275012604e+03 1.935974947744938163e+03 8.840564354322055806e+03 -1.975183679708217596e+03 7.030829980414177953e+02 6.221176710683871534e+03 3.433523332272582593e+03 2.010680806103792690e+02
-4.604627741940412670e+04 -1.259906075228156078e+04 4.576054832466073094e+03 1.937791861520115390e+03 4.289908033490660273e+02 1.602205318481282848e+04 -3.010843108189032137e+03 8.336419234093516934e+03 -3.707189018879443029e+04 1.345619431214451288e+04 2.521004675497531935e+03 -1.771540826357301512e+03 -5.522307809826711491e+02 -2.169653438903723509e+04 -2.672028257042164842e+04 -1.423384993807663477e+03 1.885098753698848668e+03 -5.605461733229212768e+02 4.342865661380818892e+03 9.581481931211824303e+02
-3.559056550506657004e+03 1.502045300668892924e+04 2.198051100943038909e+04 -3.018579688129616898e+03 -9.400286074305897728e+02 -2.702841108744927965e+02 1.826405022543682662e+03 2.144261385389907900e+03 8.863159562184082461e+02 1.231828344843976765e+03 -3.041820661074352302e+03 -8.327936550363227752e+02 -1.277998215627331113e+01 7.419626345995883412e+02 -7.032981476905225691e+02 4.771798340730408938e+01 2.143635473052834755e+02 5.853566195269763739e+00 1.006459983747330540e+02 6.920990363501719855e+01
-4.845963014898240363e+04 -1.541570544048269585e+04 9.484239234665996321e+01 -1.433326655135140527e+03 3.801555477882267553e+01 1.424529441474404337e+02 -7.656487647675451171e+02 1.711225375156304835e+03 3.725176719076166592e+02 -3.168186584693015106e+02 5.590535728672609821e+02 1.677176792397174836e+02 -4.114007897165316194e+02 3.639853548981849372e+02 -1.299490310205508479e+02 -2.736757961005951074e+02 2.945139405312567646e+02 -6.726279036900567689e+02 2.380974075089480664e+02 2.133488693548829906e+04
-9.045574359854301292e+03 2.509472781560665226e+03 6.052602049672834710e+02 8.564211321167173082e+03 -5.749691222825025534e+02 -1.042737895624301245e+03 -5.479558260491887722e+02 2.337874444150976615e+03 2.716819043223620156e+03 -5.838273971440327841e+03 9.895888114277091518e+03 -2.375673958914053947e+04 -4.361648984331932297e+03 -3.282483414749741769e+03 -9.360360308197106178e+02 -2.595746211705441601e+04 3.979367801747012709e+04 2.336766508746085674e+04 -3.981866910769650531e+03 -2.856470254596074483e+03
-2.014504633504052981e+04 1.062716118458732490e+04 2.187704603092172692e+04 -4.004992194874640887e+01 3.034039012240793909e+03 1.463018706878956800e+04 6.418620641592956417e+02 1.249289990751801088e+04 -3.150278965936683380e+04 1.978632355256641313e+04 6.865371924112107536e+02 1.736591445204674164e+04 5.441890239574639963e+03 -2.966854747822355421e+04 8.864651243631264151e+03 -4.525492308549598965e+04 7.173357789663574658e+04 -1.147044286590801639e+05 -2.054939385332365782e+04 -1.202087136806821263e+03
-6.885724935957828166e+03 1.665625871182941410e+04 2.590182299127783699e+04 1.285852926881003259e+04 7.209044232068185920e+03 1.359106757683623000e+05 1.255462500916595218e+03 1.018036716806816548e+04 -8.264374236973556981e+04 7.014792801531749137e+04 2.806728217481349930e+04 -2.964695692814120048e+04 9.503420380840810822e+02 7.721361212155292742e+04 7.149716320108277432e+04 -2.450084105213037446e+02 1.533066703255069797e+03 -6.287510835684982339e+03 -9.272427919467159882e+03 5.318100502226118351e+02
-3.937153958005670574e+04 9.400567375560967776e+03 2.847170868239002084e+04 -7.704187854615644937e+03 -4.774978464673319650e+03 6.019810164568498294e+02 -9.283654984462930588e+04 9.804378563949621821e+03 -1.180067871268931231e+04 -9.444628457886306933e+03 -3.087097540681488681e+04 -2.959314100704528391e+04 -1.036357618702884065e+04 -4.091347559392800031e+04 4.181658393500300735e+04 -5.402395853004804812e+05 -4.130519698641551659e+05 -2.224136468164364123e+04 -2.088010960122931283e+04 2.494672799212529208e+04
-3.440633898858170141e+04 4.370198342291024892e+04 -1.064626052042681113e+04 3.781222159796579217e+04 -3.326659294419986509e+03 5.603304692726538860e+02 3.541708984687491011e+03 5.068770063791319990e+04 -1.773276820685792336e+04 6.487542251296727954e+03 -3.752926779266454105e+04 1.513532630094628839e+05 3.164126970761188932e+04 -1.271252573740497064e+04 5.780358427184413449e+04 -5.371757076918907114e+04 6.656483194680088491e+04 3.143571401094579778e+04 4.536901748569896881e+03 -3.864308359341386677e+03
-3.704823187809504361e+03 1.286668840923857715e+04 1.968430458148525213e+04 -2.376514170730522892e+03 -8.682240674335268977e+02 -2.972392673493624784e+02 3.240609154326600674e+03 1.254449797799703902e+03 6.896889501576943076e+02 6.904848638139352488e+02 -1.872782815912390788e+03 -3.957171655191109494e+02 1.079039027223972269e+01 9.816199102038225419e+02 -8.238164900762246816e+02 2.613177497421004603e+01 2.020840084757739987e+02 4.617304606200990236e+01 1.350074680509722924e+01 1.176352511358649622e+02
-2.355501195781554634e+04 2.426984973255989462e+04 3.045530167303908092e+04 5.912451571240433987e+04 8.350890648660182705e+03 8.631646067246636085e+04 -1.990197281742230189e+03 7.837111987679245067e+04 -2.531767388323282066e+05 1.347787085001167434e+05 5.998019736836874654e+04 4.462488080936217739e+04 -7.427769283151555101e+03 -2.174164048649182951e+05 -2.326986299964479113e+05 3.998201027050674747e+04 -6.119156957917978434e+04 7.300509332303369592e+04 -1.949312601985632791e+05 -7.287238835909100089e+03
-2.426456234946432232e+04 2.086001490144516720e+04 1.397451108555033534e+04 2.058903754031943754e+04 2.805059187539776758e+04 1.059540817619552399e+05 -1.133962803740291383e+04 3.946176052356514992e+04 -2.895915472866793280e+05 6.850695687827693473e+04 2.514091251858721080e+03 -3.343041887039986614e+04 7.368976808126461947e+03 -1.001784456011799921e+05 -1.905158853489122121e+05 -3.067127718626436763e+04 3.925989256418733567e+04 7.738339751791823073e+04 5.537834406815627590e+05 1.768926090065139215e+04
-4.230074632648596162e+04 3.173283367173568331e+04 -1.181595865101451818e+04 7.022798172212296049e+04 3.528531896716216579e+03 7.898680008489934153e+03 -5.763680276387690355e+03 7.020235113786105649e+04 -8.040181862613800331e+04 -3.238103336256204420e+04 -8.247568561438926554e+04 2.313521132912283356e+05 -1.214324406624735100e+06 3.285774123662659258e+04 3.262960412621330761e+04 7.592509437942585464e+03 -2.003601040810386849e+03 -9.984261045926943552e+03 1.619860374059043897e+04 -3.105760709461279839e+04
-4.840114109231323528e+04 -1.514497317643400675e+04 6.457440717067914875e+02 -1.259377487963858812e+03 2.198665342452973164e+02 2.812407879378666848e+02 -9.257063336987851017e+02 2.881741575665919299e+03 -1.591423603685462876e+04 -2.505838871416565962e+04 -1.209364484261473444e+04 -3.697889169128703998e+03 1.061496256781550528e+03 5.790710354648084831e+03 3.363427439471076923e+03 4.701661939122616786e+03 9.579719034946333522e+02 -8.859808117431191476e+02 -4.769235804071168786e+03 2.739082978359492699e+02
-1.085920375403121216e+04 1.307296181514396267e+04 2.098139479013857272e+04 3.813224548891689210e+03 -6.877767673705359357e+02 4.140565509036177900e+03 3.288779178016752212e+03 1.354234792500429467e+04 -1.481321359566234059e+04 1.147797889160729210e+04 8.472478065959425294e+03 -3.651370692576099100e+04 -5.629075951953971526e+03 -1.083810986183628993e+05 1.233341660602059710e+05 5.532367128966004384e+04 -1.634244594809509726e+04 7.207423893429443524e+03 -4.248126563769072163e+03 1.813302489245689503e+04
-3.770983126473466837e+04 5.487385780222576614e+03 1.397230955163091676e+04 2.078126879706950422e+04 7.888132223667610560e+03 5.041418500662119914e+04 -7.442846384545428009e+02 4.519229222614926402e+04 -1.758634299516984902e+05 8.380269460526382318e+04 2.220801421463676525e+04 2.007865925857896218e+04 1.205491776937907707e+04 -3.255078927226952510e+05 -2.339856602635043964e+05 -4.201601559623531066e+05 7.102285857723297086e+05 -2.104463607909047045e+06 -2.177633794808288221e+05 5.090580878107423814e+03
-2.441916114927985836e+04 2.788419671664615089e+04 2.262275501637663183e+03 8.488682644348426038e+03 3.063835576325114380e+04 4.190243069915545493e+04 -4.484240988419035602e+03 1.721976299867574198e+04 -1.298792794820962445e+05 1.041130392045187546e+04 -7.849459597239046161e+03 -1.281178244620928308e+04 3.586244970339742395e+03 -4.613874958234927908e+04 -8.280195195178274298e+04 -1.030296190615244814e+04 1.452220914260553218e+04 2.524750418524984707e+04 1.984022727637327625e+05 5.976188785448664930e+03
2.479180609792249470e+03 8.092827026570278576e+03 9.755691841053829194e+03 4.799563501611053766e+02 -1.808183117297393437e+03 -5.374153251542574026e+02 -3.550523182467023435e+04 5.575254559618267649e+02 1.048446239835922370e+03 1.990892256165293020e+03 -3.451365060166643161e+03 -1.356755796396096230e+03 8.591772869752273323e+01 8.182697297552278997e+02 1.234885241384299945e+02 4.193803990687368241e+03 3.693827712137091567e+03 8.931724249944692247e+02 -9.598941001522513261e+02 -1.272934370411390319e+03
-1.565431860897010483e+04 1.021999815884061718e+04 1.179740651223026725e+04 2.346213713229607038e+03 -1.086107606658901659e+03 -5.599716063191059447e+02 -1.399614024867304943e+04 2.952116945742138796e+03 -1.992692129882281279e+03 -2.888164469709503919e+03 -7.301874075604533573e+03 -7.402089494802118679e+03 -1.869880277507742221e+03 -5.547891574685118940e+03 6.114283808092419349e+03 -3.519455290090428025e+04 -2.378787923844265970e+04 -1.162953781752269435e+02 -6.242019605014399986e+02 -2.981934544794703470e+02
-4.170324232268446940e+04 3.592800288983647624e+04 -2.631111025582168804e+04 -5.215194680268988122e+03 9.961860748760462911e+02 5.561228440108311588e+02 1.341938083209331353e+03 -4.304916567621630747e+02 4.213094467389594229e+02 1.276632886864747860e+02 1.716021576201648486e+03 -2.214880664581806684e+02 -6.278360627224361679e+02 -2.600806059232396592e+02 -5.757933517513070143e+01 -2.423856012809914660e+02 -3.644378215321172121e+01 -8.380023343760741454e+02 1.149647840141556259e+02 2.120631091592619487e+04
-5.037963260833575077e+03 1.394982229978603755e+04 2.244798792910776683e+04 4.634998159917356588e+02 -9.838126121540668692e+02 2.188307547688912018e+04 6.680720436196559604e+03 3.809991727582295425e+03 -9.558108704148897232e+03 7.906882260409969604e+03 8.159448338816695468e+03 -2.073601198377928540e+03 -1.364645570610686036e+02 8.590233936270684353e+03 3.286602452524391538e+03 2.330846010659214699e+03 -5.195510105972294696e+03 4.960663501080720380e+03 -1.963008325622725897e+04 -2.008033939217332545e+03
-1.552820266424753754e+04 1.080237947515271844e+04 -1.650544338214638401e+03 6.507150417368865601e+04 -7.247943556685102521e+03 -3.143141436748936940e+03 -6.320688672341660777e+02 1.244487494483444243e+04 -3.833864857099531491e+02 4.135258948157019404e+03 -6.376280778594983531e+03 6.201311902051270408e+03 -2.783575697006373275e+02 1.619474031741797262e+03 -3.506653987365110879e+03 3.869767004083455049e+03 -4.570335514087038973e+03 1.028739737297742067e+03 -3.401372333301413619e+03 5.891546063128721471e+02
-4.671644323815370444e+04 -8.833421144162351993e+03 -1.316056677328759406e+03 2.173438275559758767e+04 -2.098462895800227670e+03 -2.010084638459700500e+03 -3.622622482187003243e+03 1.541245215691824160e+04 5.479739826316340441e+03 -2.392003593591393837e+03 2.052666039841050406e+03 -2.516322868954957357e+03 3.772502049914236977e+03 5.133511418345481616e+03 1.713029432046041165e+03 1.643663608952853610e+04 -2.328164593565207542e+04 -5.591206601450366725e+04 4.843004162574758084e+04 -1.023217144902200926e+04
-1.335784412477532715e+04 5.392653224570921338e+03 2.971616937562581825e+03 1.905387220489508400e+04 -2.967550780421677246e+03 -2.583561633666754460e+03 7.440411009900007002e+02 -2.025390919334139471e+04 -1.802770929451634174e+03 4.385586316204737159e+03 -5.493329614280697569e+03 -1.757388606066574539e+03 4.256477700449543704e+02 -5.472627718535205531e+03 5.260608814052414345e+03 2.075946158333255880e+03 -5.314070374452279793e+03 -3.959156515725744157e+03 6.026868224275362081e+03 -8.006412039263304905e+04
-2.545694429017838047e+04 2.765035688218086580e+04 4.692695606551448873e+04 9.951546673345087038e+04 9.437703264538971780e+03 8.150611578681985848e+05 -3.364861168919799184e+03 1.400543213099666355e+04 -1.641893240450981248e+05 1.390128891336044471e+05 6.228664381514630804e+04 -4.253369685667182057e+04 2.639587890062432052e+03 1.431204216540213383e+05 1.144526259418346744e+05 -1.230064353592717998e+04 1.182121490535602425e+04 -3.088636270757722741e+04 -4.348947757246522087e+04 -2.613730467282928203e+03
-4.602943147526719986e+04 -1.264689863789240917e+04 3.977983541881246310e+03 -4.699698354103416875e+01 -4.530022228453654520e+02 -1.513452401315360021e+02 -8.306502588745566754e+03 2.768450996686508006e+03 -2.053515310426852011e+03 -3.485854513877725822e+03 -5.982718044148910849e+03 -6.529510876289482439e+03 -1.815652155286429206e+03 -4.565033017427120285e+03 5.397040189435899265e+03 -3.505207940036320360e+04 -2.350753317250120745e+04 -1.858441280671968059e+02 -7.520672148716735137e+02 2.543486747477951155e+02
-4.144654178384214174e+04 3.733697596392595005e+04 -2.430559949364795466e+04 1.120719546058596279e+04 9.628730788455011407e+02 -6.658743426914752206e+01 1.911491396281414836e+02 7.356856245457344812e+03 -2.768979064229507276e+04 -3.875437760995020653e+04 -1.596999618457644829e+04 -7.627331588546378043e+03 1.788156186489387892e+03 5.123435473593006463e+03 5.652473582383157691e+02 2.660229256636014270e+03 -7.387341761506723969e+01 -1.153938476033789357e+03 -1.625610692117007147e+03 1.044132643049553053e+03
-8.929681174350627771e+03 1.674658899639818628e+04 2.577688399217608094e+04 6.111357143265081504e+02 -2.040728361032785187e+03 -7.519703396928379107e+02 -3.325257724851972398e+03 -5.046693221633669282e+02 -9.427361906111568715e+02 -8.868111098843102809e+03 1.807323928315283410e+04 5.866209147594489878e+03 3.452378801143332794e+02 5.017903987780980515e+02 -3.391897188172770825e+02 -7.506428961404746758e+01 -1.590997911271433395e+03 -5.297020634027932147e+02 8.301164638552592123e+02 -7.082244660391266962e+02
-6.590779916431461061e+03 6.614137698002751677e+03 9.158483927634566498e+03 1.646361062012261755e+04 -2.816141118056957566e+03 -2.425423981137370902e+03 5.457053584566787094e+02 -2.038842861450740020e+04 -3.235205230669379944e+03 2.444704539193362507e+03 -6.070202600591824194e+03 -3.804680637561154072e+03 -5.471593869261357668e+02 -7.512098922467745069e+03 6.021510406545688966e+03 -3.622493894049004666e+03 1.943897882410014290e+03 3.584948257398009900e+03 1.020554776040481897e+03 -1.181593545244229426e+04
-1.302878076286786927e+04 8.472816385926347721e+03 -5.506716807696989235e+02 4.546527658592788794e+04 -5.170030507726087308e+03 -3.646522378925675639e+03 -3.712142655025673434e+02 4.445969042012624413e+03 1.391000981195329132e+03 9.970276078372662596e+02 -2.500584674786024607e+03 -9.717951876783679381e+02 3.142316124918424975e+02 1.438990410493618583e+03 -1.437725128049449950e+03 2.204310291025305105e+03 -2.593024933013544342e+03 -1.188724869954732867e+03 -4.551617893317508674e+02 1.995530618274845267e+02
-4.161313609180256753e+04 4.485833937187746051e+04 -2.857399822060958104e+04 7.342522059856487613e+04 -7.147547635326703130e+03 3.787462652981037081e+02 7.165916196461229219e+02 3.945571135009588761e+04 -5.615497919158735385e+03 1.074772644658362333e+04 -1.791488276287733970e+04 5.279061122559754585e+04 6.456094998618345016e+03 7.608573222836162131e+02 4.821134528279585538e+03 2.517853316918646669e+03 -5.197553683742189605e+03 1.329530895538381446e+04 -4.473857509560351900e+03 9.885516550589499047e+02
-4.147497171758966033e+03 1.841362595222239179e+04 2.640710663617928003e+04 -2.939407723867358982e+03 -1.682502481229587602e+03 -5.336282061189394881e+02 -1.935024367447851091e+03 4.617691146821896098e+01 4.813597536881633232e+02 -1.346210773676551753e+03 2.512474803529222754e+03 1.671886764093360853e+03 1.518111241590385703e+02 1.516959052955623747e+03 -1.040000493099965979e+03 3.352575980890341043e+02 1.100644297295913532e+01 -2.122088414665390133e+02 3.140595634887159235e+02 3.702616202303898376e+02
-4.589368464421356475e+04 -1.203300022316408649e+04 6.078931012906598880e+03 6.449570804826877975e+03 6.258107180087364395e+04 -1.690336489392045905e+03 -2.466131763986878923e+03 -5.761857160954554047e+02 2.130652173283453266e+01 -9.065215702016053001e+02 -4.412910171075056951e+02 3.337734950169694343e+02 -1.240196484897655438e+02 5.811739553175121955e+02 -3.358678130788852059e+02 1.142204032571900001e+02 8.788563715340113447e+01 3.897369094780198395e+01 5.515875041685845872e+02 4.181866744270756158e+02
-3.974917303996800911e+04 2.992474114119260776e+04 7.071599825384917494e+04 2.119786576615697704e+05 2.921329843516815163e+04 2.260459814969441388e+06 -1.914860276708381571e+04 -1.197141876558182703e+05 3.777748173153723474e+05 -2.296517968083749874e+05 -1.297108764629842626e+05 6.304044928217919369e+04 5.534690031535938942e+03 -1.422523746465898002e+05 -6.509183787714028585e+04 -5.075145329514676996e+04 9.022648044844013930e+04 -1.260102463768135494e+05 5.543411406090674427e+04 7.031130045779574175e+03
-2.643763552898166745e+04 3.733526593055090052e+04 6.763889405942482699e+04 1.420863090887261205e+05 4.313969502724552149e+04 1.271015833814267302e+06 -1.308669935687625548e+04 9.499174306960003742e+04 -1.141569845409028232e+06 9.370813689726606244e+05 4.408323173746695393e+05 -4.719446091059840401e+05 1.800154699702349899e+04 1.400029016413799254e+06 1.067892005748613970e+06 -4.399176234783912514e+04 -1.709472291622325429e+04 1.811669281306827033e+05 1.144675960023254156e+06 7.039145206546309055e+04
-1.133926065866614044e+04 8.734212102900706668e+03 1.258992459609842808e+04 3.250643179601215252e+03 -6.710056957398811619e+02 -1.480114183786547812e+02 1.316705713522830365e+03 3.906047234615657544e+03 3.618808488328818953e+02 -6.108978960672699259e+02 7.504266305575289380e+02 -5.689576441734378022e+03 -9.555947219946393716e+02 -1.447711790385570748e+04 1.230543183720382149e+04 3.381617155927775002e+03 -6.079412177058175075e+02 1.309583349465648894e+02 1.107767246358587727e+03 3.173916632694844111e+02
-2.081303823523509345e+04 1.817157416201244996e+04 2.201060758109214294e+04 4.077177566681605094e+04 8.554490850500491433e+03 4.733763754826346121e+04 -3.403484791888219206e+03 4.652069384642329533e+04 -1.432079830899474327e+05 7.464975937167489610e+04 2.615881343345425557e+04 2.465849558045705999e+04 -3.992497341237764886e+03 -1.201239800959516724e+05 -1.277858689853067626e+05 1.798070703808469625e+04 -2.675841434647992355e+04 3.179403125142636782e+04 -8.951835829721747723e+04 -2.500594444517756074e+03
-1.898762781888885729e+04 1.302318333235584396e+04 1.453854461899103080e+04 4.353462032507358344e+03 -1.212354110159775018e+03 -7.588775193573129627e+02 -1.122215026323663005e+04 7.165135029802931967e+03 2.826976521702612445e+03 -8.438711415597044834e+02 -9.439087497609648381e+02 -1.467253040128560497e+04 -1.751840027255546147e+03 -3.449025108435645961e+03 1.215073372924673777e+03 -9.302835579594378942e+03 1.346066655803764479e+04 5.559225216342127169e+03 2.017658981667334047e+03 -4.883062584010403953e+02
-4.041682704772891157e+04 3.790480861416200787e+04 -2.695958532765180280e+04 1.906615754994966119e+04 -1.255892572666806018e+03 -1.060734797819115101e+03 1.215485852177157994e+03 1.776780513156793677e+04 -5.714778355135887722e+01 1.361142969201207734e+03 -5.585714397539826678e+03 3.066150245850925057e+04 7.676294154338784210e+03 3.442297488822472928e+02 1.037962450487858769e+04 -3.177315815596893117e+03 1.893264721702516681e+03 7.107640676549088312e+03 3.720064091195793935e+03 -3.002592297900991980e+02
-6.011093290811964835e+04 7.896373568114706359e+03 -1.880677937936897069e+04 3.463789873814095336e+04 -3.045343737011129178e+03 -3.086429603348948604e+03 -1.453693371846771697e+03 1.422626411474079760e+04 5.503162955926757604e+03 -3.738017637374084643e+03 5.437821867859380291e+03 -1.181591322014691468e+04 -7.899316675184962833e+02 3.349656734166562728e+03 -2.982643094867388299e+03 -1.382471069358304703e+03 3.308795151385442750e+03 -1.564465311477045589e+03 6.181837062798268789e+02 1.010580189397127015e+03
-1.896787440532948676e+04 6.548862105339740083e+03 1.560719374713598199e+03 1.869648483632061834e+04 -2.458603543171790534e+03 -2.230211752969742975e+03 3.849931430161231560e+02 -5.165321986562624261e+03 8.403918336286512840e+02 -8.218861781580309298e+02 1.617190235536184900e+03 -5.540251923209986671e+03 -8.006104874180009574e+02 1.157652182661826998e+02 -5.540466964886927599e+02 -1.661906732156963244e+03 2.855437625718830077e+03 2.339799214241596701e+02 7.945037353151083614e+00 -3.918857178073922398e+01
-1.634734480272500696e+04 1.689519701039140273e+04 3.100873103696448015e+04 2.601264623958627635e+04 2.110497511267174559e+05 -5.905270478579877818e+03 -4.248878554481484571e+03 -3.423451831658473111e+03 2.835954355154500718e+03 1.480972562610847262e+03 4.957891204323230454e+02 8.482351965876323447e+02 5.002372427578214911e+02 8.690897002965565434e+02 1.944527582295013701e+02 3.281772234728943545e+02 -4.003895635515269191e+02 8.425132268611481834e+01 -1.216642419325168703e+03 8.708482554572532308e+01
-1.611011649114116335e+04 1.156344744671072658e+04 1.573883681674665240e+04 5.844089188313693739e+03 2.323359685998670798e+01 1.650917267783829448e+04 -4.069901790475802954e+03 1.036528042166967498e+04 -3.732503453397876001e+04 1.406149692587714162e+04 1.716117464456627204e+03 -1.463227672067159119e+03 -5.607394662528334948e+02 -2.285596015304124012e+04 -2.648471317864619050e+04 -1.272839499655935697e+03 1.305152916366320596e+03 -5.648928353904715038e+01 3.850664711297871236e+03 4.157000003773740104e+02
-4.332376167140884354e+04 4.873417784566304908e+04 -1.491819379816078981e+04 1.183625997982947010e+05 3.774330498322490166e+04 3.272267325405126940e+03 -6.657788197464812583e+03 1.238686921783806029e+05 -1.073264803249460820e+05 -3.239254324847713360e+04 -1.485637644755731453e+05 4.946661070626931614e+05 -2.562450987102032639e+06 7.993945496745551645e+04 8.424003479697836156e+04 3.541244295918357238e+04 9.498511284400306977e+03 -2.362886442389662261e+04 3.937337699184878875e+04 -6.968172246985540551e+04
3.746973160122688114e+03 2.652317954581521553e+04 2.346029159606683606e+04 -6.646511466511172330e+03 -4.183702214710055159e+03 -1.169805102144090512e+02 -7.641903516135503014e+04 4.097604150077601844e+03 1.974543662456344236e+03 7.117420238977972986e+03 -1.312492838026995014e+04 -3.537538239449903813e+03 1.718887399583472870e+02 1.194608219258948338e+03 -1.170364369711317778e+02 5.174013177668914977e+03 3.447529355432905959e+03 8.582267939536390031e+02 -1.714933119850374169e+03 -9.714949353375645842e+02
1.020414119817597748e+04 1.827118255951869514e+03 2.578017258799264710e+03 6.099677361434809200e+02 -1.558317153534177635e+02 -1.446071068172855405e+02 -1.095712575517850382e+03 6.946127096710705473e+01 -5.538277160630133977e+00 9.279283576779510767e+00 -1.604496791496430319e+02 -1.540372208770763507e+02 -1.172426864024603788e+01 -5.217434830459889099e+02 3.836291105050475494e+02 -1.143506120665588242e+02 7.294047955611101486e+01 1.103911014445181706e+02 1.895223703066588428e+02 -4.540301203375191790e+02
-3.070765830310085676e+03 1.075010090609102372e+04 1.734107003344169061e+04 -2.025541218483162311e+03 -6.882627269685459623e+02 -2.556671738543039112e+02 4.835301949381739178e+03 1.209699997303009923e+03 6.709285119909200148e+02 9.449107249191846449e+02 -2.410680186718837376e+03 -6.750741358842344653e+02 -8.583688207828322092e+00 9.753704872411304905e+02 -8.332462089520879545e+02 -3.525881421275290251e+01 2.346788950102854301e+02 1.102682767068584155e+02 -8.681355016860275953e+01 8.470191945026911640e+01
-2.548561330810720392e+04 5.279444695112013869e+04 -2.736772939060694171e+03 -9.940100802314907924e+03 -1.293237932681261782e+03 2.070166246322869199e+02 -9.186534333304260144e+03 -2.569305601289147035e+03 4.098931105623956910e+02 -2.673351253511934260e+02 2.813994921007807534e+03 2.744582187245694968e+03 1.873474645490271087e+02 1.661910298848025150e+03 -1.335856333136847525e+03 8.645889061241273339e+02 -6.035236599014056083e+02 -6.008803695008966770e+02 1.386230480009789403e+02 6.964163594315900809e+02
-2.526453035560741046e+04 4.444472669138551282e+04 7.377008612880375586e+04 1.667412331157379376e+05 1.493705606932060800e+04 1.466414314343673410e+06 -2.802717923809582771e+03 -2.346521660321276795e+04 -9.237804425527287094e+03 3.232638898700806749e+04 2.991672128163318848e+04 -1.749737816649088927e+04 4.957015334456363576e+02 9.101359860904086963e+04 5.358278815693398064e+04 5.187350187974319851e+03 -1.797233859911886611e+04 1.889587042832405132e+04 -4.458338193041580962e+04 -5.903833228715079713e+03
-1.173923956747577904e+04 7.566527580595300606e+03 4.804896024098605380e+02 3.738347699375296361e+04 -4.358687377103405197e+03 -3.566478881101183106e+03 -1.990523871358473684e+02 1.314614143575094658e+03 1.634476379942858102e+03 2.190503722401234370e+02 -1.512710122527060548e+03 -2.977171937667487782e+03 3.504301192094351336e+02 1.242328008150706864e+03 -8.907503604891318219e+02 1.511242781020935354e+03 -1.702967935395612812e+03 -1.496762362300264840e+03 1.571545979238345865e+02 1.285415162118583225e+02
-5.423374607354367981e+03 1.168487539857066986e+04 1.589928511810668169e+04 1.564913971432549806e+04 -4.051249499242670481e+03 -2.746406155169599970e+03 -4.595695117225023751e+03 -2.484931213847187973e+04 -3.942207792332593272e+03 -1.539793072276702560e+03 3.316242549050443813e+03 3.908453936752505342e+03 8.021443660224367989e+01 -7.290082562536065325e+02 1.204808026440697404e+03 -8.088318250056573788e+02 1.184070174017167801e+03 4.867548432460854002e+01 4.112291477346306579e+02 3.358444862896000814e+03
-4.651553760874362342e+04 6.063333518648396421e+04 -8.806185678182902848e+03 1.972636850433937070e+03 -3.092071316365248094e+03 -3.872839388988631413e+02 -4.237020638024208893e+04 7.184195675653644685e+03 2.821967746021138737e+03 5.364449100546235968e+03 -8.251875960973333349e+03 -3.461557827023440495e+03 1.279404152422297329e+02 4.665995672564256438e+02 -1.693354512045935394e+02 1.546104873024735070e+03 -1.484795453900568873e+03 -1.537044068563068322e+03 2.951078016680556289e+02 1.768315296519660933e+03
-2.559770164477152139e+04 2.979880065247676248e+04 2.783031670673666304e+04 7.198208337743113225e+04 1.755597248272430443e+04 5.550650983394089853e+05 -5.766317823965139723e+03 4.836097810299219418e+04 -4.152345177662551869e+05 2.759351938769780099e+05 1.096951162147596333e+05 -1.077999903661747958e+05 7.853058602260420230e+03 2.581209765133506444e+05 1.592626371362774516e+05 -2.002331139616813380e+04 1.390839027940308915e+04 4.059077216078974016e+04 3.216271707936712774e+05 1.560514005322995399e+04
-3.885754238286243344e+04 3.844015346544401837e+04 -1.820402894868576914e+04 3.710542575426933126e+03 6.524432475835753576e+04 -3.876395604497004115e+02 -1.671777369203816988e+03 1.056917082525432761e+03 -3.129947152805522637e+04 -4.010621162932412699e+04 -1.809691994047061235e+04 -3.857216842723536047e+03 2.063647862063735829e+03 3.857529202163733771e+03 1.467494285133613403e+03 2.206912003982021815e+03 -3.207175426645683274e+02 -2.984997100814321129e+02 -3.287676974585270386e+02 -1.296538244802724876e+03
-2.142296379749858534e+04 1.041763452194973070e+04 2.081903354883680731e+04 9.463889251301741297e+02 -2.021471384070288195e+02 3.780841407464974964e+03 1.269368186513014962e+03 1.459802745676941049e+04 -2.806640317478588258e+04 5.089625832834615721e+03 6.098118569305655910e+03 2.280313857896738409e+04 2.641740493399207480e+03 -6.858081959790144174e+04 -6.816523213534762363e+03 -2.935391458730932936e+04 2.976369592426181407e+04 8.545975715258409036e+04 2.587739757612833346e+05 1.352833369631474909e+02
-3.986699823579875556e+03 1.632776436067401846e+04 2.366895877114091127e+04 -3.041587768640533795e+03 -1.206384107530990377e+03 -3.569573999642835815e+02 3.362169606983258063e+02 1.478395630755871707e+03 7.580030064634217979e+02 3.949083723836965873e+02 -1.238635800741541061e+03 -1.731208519158058579e+01 4.072737958779454459e+01 9.887729739364358466e+02 -8.097903760554640940e+02 1.447351173519884071e+02 1.477479394918355240e+02 -7.005574014940434324e+01 1.799575725684876204e+02 1.716508599391200391e+02
-1.708636728398345076e+04 2.835189174431264109e+04 6.586308687313712653e+03 -4.901950806097447639e+03 1.834501097847515211e+03 1.047673046542375914e+03 1.521118082522548093e+03 3.529827770442487690e+03 -3.096794889893596701e+04 -4.028766569875829009e+04 -1.560307267959708770e+04 -2.689018817350478002e+03 2.364681543432397575e+03 4.393882550741890554e+03 7.508663857060430473e+02 2.230344054615501136e+03 -6.242688887996139329e+02 -4.744686105552486879e+02 -7.202272152496885838e+02 -1.552508230545669221e+03
-3.885188543786622176e+04 3.614554735393064038e+04 -1.928431437533532517e+04 -1.280410324934097730e+02 3.362278403425073975e+03 1.755579447067759611e+04 -2.080799369136945643e+03 1.022364857648575708e+04 -6.862281947477858921e+04 -2.563567161726557606e+04 -1.514341436542061638e+04 -5.569973965455727921e+03 1.649428191045172525e+03 -1.870035693211021862e+04 -2.507868034628783425e+04 7.861500935109967259e+02 1.263293472028774659e+03 -7.942321736600965778e+02 3.267838858233412793e+03 -7.707681745238853637e+02
-5.546006222150879330e+04 3.804507120194612799e+04 -3.275356765000089217e+04 1.625332252067868285e+04 -7.989817359073515490e+02 -1.416169589508736863e+03 9.386573554268184694e+01 7.092049970639087405e+03 4.074747172858198155e+03 -2.303273968387712102e+03 6.279176420173045699e+03 -9.273066024315627146e+03 -1.141804128363419522e+03 1.055585445210572288e+03 -1.499778192629854630e+03 -2.078780031228203825e+03 3.644004859002390276e+03 -7.069077792012199097e+02 6.172369575131729107e+02 1.065086748550038322e+02
-4.497560914768552902e+04 -1.201604209123886358e+04 5.309826484159040774e+03 1.043054283205260333e+02 -3.748424338867728238e+02 1.119628517855333882e+02 -1.248291171715571721e+02 3.567363206870639715e+03 2.175775992060211763e+02 -4.081280349976337902e+02 6.180110491064101552e+02 -4.960572751337494083e+03 -8.285484604035053735e+02 -1.363918249631086110e+04 1.185007122673222875e+04 3.586646625777938880e+03 -5.047427174203558025e+02 8.135508620338129049e+01 9.193478737572452246e+02 8.169647232449573266e+02
-2.156150672561567262e+04 1.652027283528181215e+04 2.805932731126727958e+04 5.337661461212039285e+04 9.323071579689325517e+03 3.830168979245321825e+05 -2.104438775322078527e+03 2.445872217443868067e+04 -1.688180180125853803e+05 1.062431652777861891e+05 3.965185425442537962e+04 -2.332009715671662343e+04 1.438164428644233340e+03 2.955869774307124680e+04 4.661444491619208748e+03 -8.814259155794605249e+03 1.028595404009741833e+04 -8.203279464086570442e+03 2.739988599293705920e+04 1.293431814749771547e+03
-1.565111822506011049e+04 2.048667036234676198e+04 3.396677851449735317e+04 2.398550051632946634e+04 1.408213290311832679e+04 1.836175292621102708e+05 -1.704268109117535232e+03 3.491513027222832898e+04 -1.615029954930181266e+05 1.151685675039693451e+05 5.206802212307550508e+04 -7.379682704931290937e+04 -6.919087457710166746e+03 -8.549426763691932138e+04 1.905267469036896655e+05 7.532553606116860465e+04 -2.666221582010769998e+04 1.253163045331532157e+04 -3.154822544632164136e+04 2.506338009007180517e+04
-2.505445644546089898e+04 4.695867432767689024e+04 -1.017396025344687951e+04 -9.261992760516310227e+03 -8.437232880953769154e+01 4.983531897983739327e+02 -1.363137370321189564e+03 -3.597417997065657005e+02 8.074343550151399995e+02 2.518147777602373026e+03 -3.282502290314473157e+03 -1.179746945371139617e+02 -7.093028047725804086e+00 7.267954783493472632e+02 -9.193428142998162684e+02 4.797660182387783721e+02 -3.718297834649759466e+02 -3.378558056784321479e+02 -7.729765420707650492e+01 3.631849552234995144e+02
-3.524441425842699391e+04 1.178637168715062580e+04 1.445507316343285493e+04 9.359982800882291485e+03 6.119413399034775694e+02 1.304539132590885492e+04 2.595996027179665361e+03 3.831054843540570437e+04 -4.155330466308814357e+04 1.914664494520594235e+04 -2.673154172047446264e+04 1.314564334532577195e+05 3.070207882282852006e+04 -3.772814138030936738e+04 6.163505172778567066e+04 -9.765686909562139772e+04 1.384372998719698517e+05 -9.459192757047677878e+04 -1.584150550664951152e+04 -5.557602230400664666e+03
-1.502230455686927053e+04 1.150867050807392116e+04 1.456424822337460500e+04 7.912957202156476342e+02 -6.945523469593788377e+02 -5.833037846085517231e+01 -8.179531186137199256e+03 4.701837311870212943e+03 -9.705327199729459608e+03 -1.414389734195424171e+04 -1.032128533773399977e+04 -7.409824255883768274e+03 4.000432195908996960e+02 2.549134967269982553e+03 5.863642685174068902e+03 1.113728769288741432e+03 2.452383012314226107e+03 -7.842659188688188578e+02 -5.691790379473284247e+02 -4.607540832609007339e+03
-2.149053281516158677e+04 4.049989117187933880e+04 -5.448487497216210613e+03 -8.347374172872479903e+03 -3.007465986388070291e+02 3.654055966909731978e+02 -1.205468377037711889e+03 -5.322676929097705170e+02 8.206230954941137270e+02 2.225249070124798436e+03 -2.732801395027722720e+03 -8.513826476787346564e+01 -2.827323182208047925e+01 8.178276682841154752e+02 -9.668130305559136559e+02 4.086907825947295123e+02 -2.609679577909886348e+02 -3.064265250592119969e+02 -6.467436705811212505e+01 3.815801110146370547e+02
-2.081491529800353965e+04 2.536192500879427098e+04 4.180535227300408224e+03 1.058841491485599727e+04 -6.083650581761661442e+02 5.134653224016007016e+02 3.229287961229107168e+03 2.940504650858150126e+04 -2.199605304515415628e+04 -7.173503918167863958e+03 -3.149502502192466636e+04 1.129996622069243458e+05 2.546375768909037652e+04 -1.242796357310104941e+04 5.068274152195959323e+04 -5.148634246487871133e+04 6.603048786401413963e+04 2.013479243543765915e+04 4.224748431478848033e+03 -4.690543400010044934e+03
-9.906024173391100703e+03 1.651491514675655708e+04 2.670715643698551867e+04 3.782677458907302480e+03 -1.609962031171878834e+03 2.551474216259528839e+04 2.710400752652354186e+03 4.171319934776122864e+03 -1.258676831635131384e+04 1.560720077909843667e+03 2.575722263090215711e+04 2.010140764455177759e+03 4.933314105897876090e+01 9.716549842656666442e+03 3.930891778569598955e+03 2.187313584280713712e+03 -7.562876713596562695e+03 5.409642482879637100e+03 -2.250276004281622227e+04 -3.387998798970625103e+03
-2.206319880262591687e+04 8.954001395778852384e+03 -4.399416580580510526e+03 5.095576042982679064e+04 -5.519910989856256492e+03 -4.072101755079728719e+03 -7.939654574338652537e+02 7.348117981848931777e+03 2.732993543414122087e+03 -4.242849429594792809e+02 7.890633124652870833e+01 -5.824607146632467447e+03 -5.874538533789003623e+02 2.076241109943161973e+03 -2.544913244118438342e+03 4.929568323006330388e+02 3.884198231100394878e+02 -6.415210955339422298e+02 -7.647592602112249551e+02 4.872376141638947047e+02
-1.796564183407655582e+04 1.416536463670041667e+04 9.573164648238634982e+03 5.271567534849915319e+03 -5.911500651686019410e+02 1.008822259990533894e+02 3.239996251780798502e+03 6.674103169258970411e+03 -1.769927287507920482e+03 1.205961761533652634e+03 1.323473009105641040e+03 1.499482221025775175e+02 -2.443610763422934178e+04 -2.893628392368378172e+03 1.219406926536243736e+04 -1.700304116570880433e+04 2.419280560340997908e+04 -5.141848025089805742e+04 -7.727279143571267923e+03 -1.330974776082315657e+04
-2.117192096139382920e+04 1.468081743075177474e+04 1.544034472972792719e+04 1.052971405198248067e+04 -1.937388126181956295e+03 -1.402033052516906992e+03 -6.643667321324069235e+02 5.427126101620802729e+03 1.351010114876876514e+03 -8.751046101589279715e+03 1.690902042645522670e+04 -2.118973432716792558e+03 -5.933260986280611178e+02 6.197012375366635979e+02 -9.711626208161519571e+02 -2.021682808850310266e+03 1.551012093754929310e+03 -2.914071248006644623e+02 8.042171508548008205e+02 -6.955719142544537590e+02
-4.998443368999773520e+04 -1.529988078510818741e+04 3.645428249277629789e+02 -9.909076449563788174e+02 -8.508532993686226575e+01 4.708105252274186370e+01 -4.042841001371373295e+02 6.936423341801993381e+00 3.005985537395851566e+02 3.715254242232419415e+02 1.652379433344120629e+00 1.777694808067356291e+02 4.552468184147417674e+01 1.094875593282296506e+02 -8.239595466737803520e+01 6.304350386964343045e+01 6.533514029375211862e+01 1.094686234099146276e+02 -8.776375213740484682e+00 -6.601645960639899613e+02
-2.709998387136224119e+04 1.883335920698289192e+04 3.690465852076138981e+04 7.129880707716695906e+04 1.130232355973882295e+04 5.863585600578996819e+05 -3.403800749544290738e+03 2.797433325770363444e+04 -2.409930545445502503e+05 1.902556495387066389e+05 8.198723270301597950e+04 -5.961059119834387093e+04 3.661956188620200919e+03 1.750565451559312060e+05 1.430166404240753327e+05 -1.936939781991525524e+04 2.232718671311087382e+04 -4.373153619766532938e+04 -2.401159593941469575e+04 -7.157711255948335065e+02
-4.147948124729128904e+04 3.548655602614502277e+04 -2.429300031835147820e+04 -4.341006578610346878e+03 2.827868402921060806e+03 1.462857355826487492e+03 1.199691134128578142e+03 1.647877479287737287e+03 -3.175702108552397476e+04 -4.020807936847468227e+04 -1.656482597336707840e+04 -4.177827667607821240e+03 2.002615054271784174e+03 2.601390447576714450e+03 2.324713369473677176e+03 -2.484748460736531797e+03 -3.592443679984752634e+03 -1.937739286814108937e+02 -1.070441714968079850e+03 -2.234112407596606317e+03
