2.099516953713400289e+04 -3.093364704694577995e+03 -3.395692535204427259e+03 -4.312914836620521442e+02 1.632688026197752720e+02 9.576812257691354091e+01 -9.449600280651343098e+01 2.137859068282537578e+02 5.141685828031419270e+00 -4.420235061702754109e+01 1.123771369403966247e+02 4.006630320107285570e+01 4.025076644560062533e+00 8.525736949665251529e+00 -8.427321812719332783e+00 8.718392554902449021e+00 -3.282690032475998265e+01 -2.476360741192646842e+01 5.119356131717525571e+00 1.808562464475250264e+00
-4.936928365294079413e+04 -1.554893254943622378e+04 1.351063039490059907e+02 -1.245830257454245384e+03 -5.168644135854512456e+01 7.820385727347637328e+01 -3.899869062424623394e+02 -3.033957884641622726e+01 2.715112036866242988e+02 3.921506405283356003e+02 -1.513613482870098004e+01 3.004788760865068298e+02 6.060789758679980821e+01 1.198525896438043361e+02 -8.278806353944970908e+01 1.154441103995783351e+02 -1.464647209192510324e+01 8.604179377348746982e+01 -1.561045270124804318e+01 -6.579104259077195138e+02
-2.443236551195802895e+04 4.536587450608057406e+04 -9.445233883301867536e+03 -8.953987655344459199e+03 -9.506857476944372820e+01 4.671829841488278134e+02 -8.736307136197553973e+02 -4.115888168618806731e+02 8.013585445894292434e+02 2.425660306766000303e+03 -3.115885324521381790e+03 -1.123163544350787504e+02 -1.291064732635671142e+01 7.281130415900136086e+02 -9.177588965235645446e+02 4.545001489942428634e+02 -3.492291306045180477e+02 -3.280984711978472887e+02 -7.060825534311494778e+01 3.648755387516256405e+02
8.620534732498206267e+02 6.792787560593196758e+03 1.057553676697285118e+04 1.423082699697983662e+04 -3.236842186737130305e+03 -2.383799535331900188e+03 3.923648877799176944e+02 -2.402934791316763949e+04 -3.791870895755463152e+03 8.754531533257971887e+02 -1.725798438480405821e+03 2.312097048477693988e+03 -9.169364645443540240e+00 -1.018576001461862575e+03 1.242424949257186881e+03 -9.324234690932918284e+02 1.248000973808400659e+03 2.595809222803771377e+02 1.014457598228672879e+02 3.180607581020177349e+03
-3.711248078910749427e+03 1.288579490321619778e+04 1.970490989156499563e+04 -2.381162432278310007e+03 -8.673904580153412098e+02 -2.969884924675616844e+02 3.230510466733946942e+03 1.261842760701425959e+03 6.899977450453477559e+02 6.927008398241442819e+02 -1.882217870307045132e+03 -3.996367002229598029e+02 1.058143063759248470e+01 9.791805135247712997e+02 -8.218185630763789504e+02 2.632498711041231587e+01 2.022593606359523051e+02 4.584697002958087353e+01 1.459172241391289404e+01 1.167653840122803359e+02
-4.260948431411075580e+04 3.583855509581115621e+04 -2.622797651666525417e+04 -5.116649880567123546e+03 9.131961599864264372e+02 4.989456331225946428e+02 1.728144262842204625e+03 -2.218498231378158380e+03 3.045779122336502382e+02 8.541935419314213505e+02 1.106450894734566873e+03 -7.796438708707576382e+01 -1.458836760046524148e+02 -5.319505716565829516e+02 9.963067892269386050e+00 1.461385001137608413e+02 -3.419524236107096158e+02 -6.901205402121807708e+01 -1.414862374861591547e+02 -7.898995258054791293e+02
-1.256241300416905142e+04 8.023580130665504839e+03 -2.091785968216962885e+02 4.169503604399233882e+04 -4.780512403636926138e+03 -3.660721950370009836e+03 -3.002544268902190652e+02 2.960302572171269730e+03 1.600107529791733441e+03 5.268453186007546947e+02 -1.902138214115284882e+03 -2.130992822398094631e+03 3.562828000335809975e+02 1.371699820257802685e+03 -1.138279327742953910e+03 1.857990981060373542e+03 -2.152056001865461440e+03 -1.428734069010201438e+03 -6.883922015951380047e+01 1.538286102158412234e+02
-1.620941275327433141e+04 1.785292709602274044e+04 3.435442448988146498e+04 3.065275367109343279e+04 2.563720457382092427e+05 -6.802546388904667765e+03 -5.192846974189717002e+03 -4.889702838729343057e+03 3.320248012388005463e+03 2.674131403585455246e+03 7.483681934344276669e+02 1.377379875340409399e+03 7.576533070173346687e+02 1.224196664548878971e+03 1.638497513611899876e+02 4.249825578312393191e+02 -4.843216910563331226e+02 7.494964246636896199e+00 -2.118990288667733239e+03 1.514641784886989342e+02
-8.118582083135076573e+03 1.324389498694247777e+04 2.065215558457623411e+04 6.834224803381724769e+02 -1.061848127997292522e+03 -4.458756869707812029e+02 9.457209120538163916e+02 2.325522945001232983e+03 -3.967413044267672149e+02 -5.637716181546234111e+03 1.112891558419753892e+04 2.753664617734254080e+03 1.527454508169467431e+02 -4.669525451010249526e+02 6.249993583313159462e+01 -3.751023761706189816e+02 -1.373486350182277192e+03 -3.161551039091313555e+02 6.218956496183192257e+02 -1.060472768518648309e+03
5.830612263573938435e+03 2.182978868956537190e+04 2.372412954155466286e+04 -3.809779923232626970e+03 -3.957171734253627619e+03 -6.220693569251303643e+02 -5.891678513712298445e+04 -2.896354760187577995e+02 9.952155350629258237e+02 1.449170847840458237e+03 -1.603112904779500241e+03 1.116383938372079228e+03 3.929175435440685646e+02 1.998828976719421462e+03 -4.279185858150353283e+02 5.205398779201648722e+03 3.178685746779154215e+03 5.449239932962752846e+02 -1.009309882335537168e+03 -4.876301565727807201e+02
-3.390361032988087391e+04 7.461490853905177210e+04 1.565464070198635163e+05 6.688038500037605409e+05 9.269461209923577553e+04 7.429178814210163429e+06 -7.226347487304396054e+04 -6.452495208701075753e+05 2.697222315995696001e+06 -1.839428319571936736e+06 -9.099011106334049255e+05 4.952719504703676794e+05 -1.449154183666315657e+04 -1.352397542225514771e+06 -1.006791201424730825e+06 1.677897437323605482e+04 5.029670213864884863e+04 3.157114726211919697e+04 3.748489633779013529e+05 3.634773474928404903e+04
-2.526692671889626217e+04 2.747708370381027635e+04 4.654153315629567078e+04 9.723104665471821500e+04 9.824077122773858719e+03 7.934912844633790664e+05 -4.178359756658339393e+03 1.600514227829306947e+04 -1.757676243883121351e+05 1.475168427316913148e+05 6.631102360776948626e+04 -4.633129047669904685e+04 2.636095603232039593e+03 1.526413461004148121e+05 1.209707166284503764e+05 -1.159249014444377099e+04 1.019441136368367188e+04 -2.793640668999846821e+04 -3.957801141455043398e+04 -2.412115805107950109e+03
-5.569963073253937182e+04 4.000524081454399857e+04 -3.540128080195653456e+04 3.386319163456542447e+04 -2.646326352393198704e+03 -2.978421476435594741e+03 -1.702351305725791235e+02 1.327873263919393503e+04 5.935383108813371109e+03 -3.183994423268694391e+03 6.244542103277306524e+03 -1.249485013510049248e+04 -9.808736907070554025e+02 3.113819815720318729e+03 -3.199804087729558887e+03 -1.210436065684011282e+03 2.932243729220827390e+03 -1.852565111011800127e+03 4.739180552032482296e+02 9.570104494953681069e+02
-1.563880337839356980e+04 1.496201799177275097e+04 2.630321937833740230e+04 1.985721819108814088e+04 1.561054282103282167e+05 -4.773985141533918977e+03 -2.811650997978850683e+03 -2.046804056155405988e+03 2.252289246385411388e+03 4.891562651619210556e+01 1.487029486423932099e+02 2.720150136069458995e+02 2.152115574121421275e+02 5.704489673318254290e+02 3.646951985274383787e+02 5.599574072981513950e+01 -6.717159325581745577e+01 -7.852210714450801277e+01 -2.088720227343979161e+02 -9.038638729546022432e+00
-2.075950754673821575e+04 1.735574884642895995e+04 2.065751150790251995e+04 3.807590349972728291e+04 6.663274109959659654e+03 4.456209492156018678e+04 -2.684955819928812616e+03 4.307311844786351139e+04 -1.324336787665481679e+05 6.853786190284219629e+04 2.318381514679079191e+04 2.247177259818720995e+04 -3.503653585848987859e+03 -1.090735297742958501e+05 -1.157568316832285200e+05 1.540087067622882023e+04 -2.283473653027709224e+04 2.692763873905592118e+04 -7.894766871936939424e+04 -2.089159672239927659e+03
-4.142454675950141245e+04 3.523850570149486157e+04 -2.515506530893177114e+04 -4.466433699781152427e+03 3.209028064838178125e+03 1.699567357136365445e+03 1.763476369302904004e+03 4.092785316881571816e+03 -4.750326482840349490e+04 -6.440203181907712860e+04 -2.928720186911207929e+04 -7.725173647918447386e+03 3.226093495274218185e+03 8.890972319773056370e+03 5.042511881140103469e+03 6.726269444693120931e+03 6.023368736693599885e+02 -1.096511664455956407e+03 -5.759330611979779860e+03 -1.424599122030882199e+03
-9.903818088717292994e+03 1.179870355136922808e+04 1.782267081632679401e+04 1.700933984994101365e+03 -7.170672728567660670e+02 1.814607210996480262e+02 4.950153766238823323e+02 4.423589359042978685e+03 2.470928309168802741e+02 -4.664209608042961008e+02 5.990760419772600471e+02 -5.036439168202093242e+03 -8.840011704351346680e+02 -1.476362991803026125e+04 1.216606542431677735e+04 3.712415258961238123e+03 -9.592865130251783512e+02 9.183077902482541788e+01 1.045324734123284088e+03 2.886870466004574496e+02
-3.440633898858170141e+04 4.370198342291025619e+04 -1.064626052042681113e+04 3.781222159796578489e+04 -3.326659294419986963e+03 5.603304692726537724e+02 3.541708984687491466e+03 5.068770063791319262e+04 -1.773276820685792336e+04 6.487542251296728864e+03 -3.752926779266454105e+04 1.513532630094628839e+05 3.164126970761188932e+04 -1.271252573740497246e+04 5.780358427184411994e+04 -5.371757076918907114e+04 6.656483194680088491e+04 3.143571401094579778e+04 4.536901748569896881e+03 -3.864308359341385767e+03
-4.214690558459296881e+03 3.742317071816802127e+03 6.106137611151508281e+03 8.707079949339382438e+03 -1.813228936142141947e+03 -1.334641191362264180e+03 1.772198021867500756e+03 -8.851135287444913047e+03 -7.096891581105713840e+02 1.517766440719917910e+03 -2.101593256608405682e+03 3.171770113469626651e+01 -7.130383760852136987e+00 -2.515685625917521406e+02 1.432162331255995014e+02 1.906944132109922663e+01 -3.657804425360164924e+00 1.541099712756766280e+02 -8.424886117248033202e+01 -1.130665800936004416e+03
-4.332376167140884354e+04 4.873417784566304908e+04 -1.491819379816078981e+04 1.183625997982947010e+05 3.774330498322490166e+04 3.272267325405126940e+03 -6.657788197464812583e+03 1.238686921783806029e+05 -1.073264803249460820e+05 -3.239254324847713360e+04 -1.485637644755731453e+05 4.946661070626931614e+05 -2.562450987102032639e+06 7.993945496745551645e+04 8.424003479697836156e+04 3.541244295918357238e+04 9.498511284400306977e+03 -2.362886442389662261e+04 3.937337699184878875e+04 -6.968172246985540551e+04
-4.042142587498453940e+04 3.790675700933214102e+04 -2.696733091519687514e+04 1.906891566256824808e+04 -1.256813184713278815e+03 -1.060853756672714781e+03 1.214940499248281867e+03 1.776808476658453583e+04 -5.712237119658139761e+01 1.360734663953967811e+03 -5.584940536326981601e+03 3.066154879255193373e+04 7.676381557295944731e+03 3.441333353963174204e+02 1.037984470297187909e+04 -3.177185550969704309e+03 1.892998004211515990e+03 7.107417655632547394e+03 3.720226498708742838e+03 -3.003206644889676227e+02
-1.369040345882621659e+04 3.120594007878114098e+03 -1.385887475126264235e+03 1.175210594079696966e+04 -7.743116666322672472e+02 -1.357903941185244094e+03 -8.752295396939065313e+02 4.036718088921747494e+03 3.632178292033510388e+03 -6.786009531532689834e+03 1.154567152629490920e+04 -2.695538082587065946e+04 -4.875741294175188159e+03 -2.898253483194550427e+03 -1.533084114818770331e+03 -2.706808631776786569e+04 4.167927632950597035e+04 2.357865603083511451e+04 -4.015923627872579800e+03 -2.679920956520084019e+03
-6.970971568677951836e+03 1.664082898006760661e+04 2.587655350197974985e+04 1.313023892482988958e+04 7.227434201049236435e+03 1.375578091731290042e+05 1.230872724118415590e+03 1.012826541473984980e+04 -8.235868248192110332e+04 6.984702938409350463e+04 2.792259419403614811e+04 -2.948025786733418136e+04 9.437713882998447161e+02 7.673788760377629660e+04 7.096032030501574627e+04 -2.703275651065226270e+02 1.539606421037096425e+03 -6.265461561318350505e+03 -9.160290868540878364e+03 5.314000316517895044e+02
-1.565431860897010483e+04 1.021999815884061536e+04 1.179740651223026543e+04 2.346213713229607038e+03 -1.086107606658901886e+03 -5.599716063191061721e+02 -1.399614024867304943e+04 2.952116945742138341e+03 -1.992692129882281733e+03 -2.888164469709504374e+03 -7.301874075604535392e+03 -7.402089494802120498e+03 -1.869880277507742676e+03 -5.547891574685118030e+03 6.114283808092419349e+03 -3.519455290090428753e+04 -2.378787923844265970e+04 -1.162953781752269578e+02 -6.242019605014399986e+02 -2.981934544794702902e+02
-2.014504633504052617e+04 1.062716118458732490e+04 2.187704603092172329e+04 -4.004992194874639466e+01 3.034039012240794364e+03 1.463018706878956982e+04 6.418620641592956417e+02 1.249289990751800906e+04 -3.150278965936683380e+04 1.978632355256641677e+04 6.865371924112106399e+02 1.736591445204674164e+04 5.441890239574639054e+03 -2.966854747822355057e+04 8.864651243631265970e+03 -4.525492308549598965e+04 7.173357789663574658e+04 -1.147044286590801494e+05 -2.054939385332365418e+04 -1.202087136806821263e+03
-3.770983126473466837e+04 5.487385780222576614e+03 1.397230955163091676e+04 2.078126879706950422e+04 7.888132223667610560e+03 5.041418500662119914e+04 -7.442846384545428009e+02 4.519229222614926402e+04 -1.758634299516984902e+05 8.380269460526382318e+04 2.220801421463676525e+04 2.007865925857896218e+04 1.205491776937907707e+04 -3.255078927226952510e+05 -2.339856602635043964e+05 -4.201601559623531066e+05 7.102285857723297086e+05 -2.104463607909047045e+06 -2.177633794808288221e+05 5.090580878107423814e+03
-4.845963014898239635e+04 -1.541570544048269221e+04 9.484239234665997742e+01 -1.433326655135140300e+03 3.801555477882268264e+01 1.424529441474404337e+02 -7.656487647675451171e+02 1.711225375156305063e+03 3.725176719076167160e+02 -3.168186584693014538e+02 5.590535728672609821e+02 1.677176792397174836e+02 -4.114007897165316763e+02 3.639853548981849372e+02 -1.299490310205508479e+02 -2.736757961005950506e+02 2.945139405312567646e+02 -6.726279036900567689e+02 2.380974075089480664e+02 2.133488693548829906e+04
-3.937153958005669847e+04 9.400567375560967776e+03 2.847170868239002084e+04 -7.704187854615644937e+03 -4.774978464673319650e+03 6.019810164568498294e+02 -9.283654984462929133e+04 9.804378563949621821e+03 -1.180067871268931231e+04 -9.444628457886305114e+03 -3.087097540681489045e+04 -2.959314100704528391e+04 -1.036357618702884247e+04 -4.091347559392800031e+04 4.181658393500300735e+04 -5.402395853004803648e+05 -4.130519698641552241e+05 -2.224136468164364123e+04 -2.088010960122930919e+04 2.494672799212529571e+04
-4.604627741940412670e+04 -1.259906075228156078e+04 4.576054832466072185e+03 1.937791861520115390e+03 4.289908033490660273e+02 1.602205318481282848e+04 -3.010843108189032137e+03 8.336419234093516934e+03 -3.707189018879443756e+04 1.345619431214451288e+04 2.521004675497531480e+03 -1.771540826357301512e+03 -5.522307809826711491e+02 -2.169653438903723509e+04 -2.672028257042165205e+04 -1.423384993807663477e+03 1.885098753698848668e+03 -5.605461733229213905e+02 4.342865661380819802e+03 9.581481931211826577e+02
-5.037963260833574168e+03 1.394982229978603391e+04 2.244798792910777047e+04 4.634998159917356588e+02 -9.838126121540668692e+02 2.188307547688912382e+04 6.680720436196560513e+03 3.809991727582294516e+03 -9.558108704148895413e+03 7.906882260409969604e+03 8.159448338816694559e+03 -2.073601198377928540e+03 -1.364645570610686036e+02 8.590233936270682534e+03 3.286602452524393357e+03 2.330846010659214699e+03 -5.195510105972293786e+03 4.960663501080721289e+03 -1.963008325622725533e+04 -2.008033939217332772e+03
-2.498077186318732129e+04 2.631406486892719113e+04 1.344071925778906552e+04 2.127311319339059992e+04 4.416544705451139453e+04 1.061912859416343708e+05 -1.723220074456119255e+04 4.577454139849750936e+04 -3.619698877772307605e+05 6.661055775790552434e+04 -7.400150531655300256e+03 -4.627292921978038066e+04 9.580569618015855667e+03 -1.375425073673045263e+05 -2.645146302816238021e+05 -3.758171222240931093e+04 5.122431712113193498e+04 8.928945180183403136e+04 7.115093977176988265e+05 2.303182656337289154e+04
-4.679770990793898818e+04 1.215091367005377469e+04 -1.520415546602802351e+04 1.343445135677665530e+04 4.547817147043622867e+02 -1.254920919419478338e+02 -8.076833067681865259e+02 1.634449518992396224e+04 -9.798865599246739293e+03 -1.063435613024535269e+04 -9.655854007901918521e+03 4.640001193447296828e+04 -3.351305652708171983e+05 1.387256927966909097e+04 9.702717371192869905e+03 -1.708779389661585810e+02 1.221205099208779575e+04 -3.601216893248256838e+03 1.025727638613317686e+04 9.702828519210299874e+02
-4.837137520253468392e+04 -1.510459758557775785e+04 6.483492643147326362e+02 -1.247140230124664640e+03 2.189770950800404989e+02 2.795936122746936690e+02 -9.218356074889127285e+02 2.886174085982369888e+03 -1.591177075921555843e+04 -2.506237317261697535e+04 -1.208902939774761217e+04 -3.704532085077921238e+03 1.059727920977470149e+03 5.789209885754768948e+03 3.361216417341239776e+03 4.699442559701556092e+03 9.607605219291148160e+02 -8.859608031791547091e+02 -4.760219294040954992e+03 2.754914146385783056e+02
-2.426091936731514579e+04 2.694714427095974679e+04 3.667572126514649881e+03 1.044606899719618923e+04 2.913220854107989726e+04 5.306778203106480214e+04 -4.594949134260181381e+03 1.867452406596787114e+04 -1.378775680242416274e+05 1.558192104766846205e+04 -6.290820204573907176e+03 -1.329812095294551182e+04 3.729025513047743516e+03 -4.820284070918577345e+04 -8.729026335838045634e+04 -1.137769096384951627e+04 1.580632494886757195e+04 2.600998357425364884e+04 2.095865324660607439e+05 6.383567378700520749e+03
-1.085920375403121216e+04 1.307296181514396449e+04 2.098139479013857272e+04 3.813224548891689210e+03 -6.877767673705359357e+02 4.140565509036177900e+03 3.288779178016751757e+03 1.354234792500429467e+04 -1.481321359566234423e+04 1.147797889160729392e+04 8.472478065959423475e+03 -3.651370692576098372e+04 -5.629075951953970616e+03 -1.083810986183629284e+05 1.233341660602059710e+05 5.532367128966004384e+04 -1.634244594809509908e+04 7.207423893429443524e+03 -4.248126563769072163e+03 1.813302489245689503e+04
-3.989640151811197484e+03 1.632938343942207030e+04 2.366993827343890371e+04 -3.041909432693411418e+03 -1.206553885579759253e+03 -3.569169361266654050e+02 3.329636308327619076e+02 1.478997894103291173e+03 7.580774638836820714e+02 3.955020841278558805e+02 -1.239800725886628470e+03 -1.789507369062272346e+01 4.068896214828900781e+01 9.884085913141481115e+02 -8.095701233417662479e+02 1.446200551730034647e+02 1.477892687878925244e+02 -6.987309401110067597e+01 1.796844727743817600e+02 1.713993516187771604e+02
-4.671644323815371172e+04 -8.833421144162351993e+03 -1.316056677328759406e+03 2.173438275559758767e+04 -2.098462895800228125e+03 -2.010084638459700500e+03 -3.622622482187003243e+03 1.541245215691824160e+04 5.479739826316340441e+03 -2.392003593591393837e+03 2.052666039841050406e+03 -2.516322868954956903e+03 3.772502049914236977e+03 5.133511418345481616e+03 1.713029432046041165e+03 1.643663608952853610e+04 -2.328164593565207542e+04 -5.591206601450366725e+04 4.843004162574758084e+04 -1.023217144902201107e+04
-3.771315434967391047e+04 4.238908057711128640e+04 -2.853801297099385920e+04 3.704656502632443153e+04 -3.314501203949099818e+03 -2.502345855454220782e+03 9.126710452516172154e+02 2.366173676923341918e+04 1.533847844150578567e+03 1.434145722859728266e+03 -6.376811645720795241e+03 2.880700884749126271e+04 7.910478501275012604e+03 1.935974947744938163e+03 8.840564354322055806e+03 -1.975183679708217142e+03 7.030829980414177953e+02 6.221176710683871534e+03 3.433523332272582593e+03 2.010680806103792975e+02
-4.170324232268446212e+04 3.592800288983647624e+04 -2.631111025582168804e+04 -5.215194680268989032e+03 9.961860748760462911e+02 5.561228440108310451e+02 1.341938083209331353e+03 -4.304916567621631884e+02 4.213094467389594229e+02 1.276632886864748002e+02 1.716021576201648486e+03 -2.214880664581806684e+02 -6.278360627224361679e+02 -2.600806059232396592e+02 -5.757933517513070143e+01 -2.423856012809914660e+02 -3.644378215321172831e+01 -8.380023343760742591e+02 1.149647840141556401e+02 2.120631091592619487e+04
-4.589368464421356475e+04 -1.203300022316408831e+04 6.078931012906599790e+03 6.449570804826877065e+03 6.258107180087365123e+04 -1.690336489392045905e+03 -2.466131763986879832e+03 -5.761857160954552910e+02 2.130652173283454331e+01 -9.065215702016051864e+02 -4.412910171075056951e+02 3.337734950169694343e+02 -1.240196484897655438e+02 5.811739553175121955e+02 -3.358678130788852627e+02 1.142204032571900143e+02 8.788563715340113447e+01 3.897369094780198395e+01 5.515875041685845872e+02 4.181866744270756158e+02
-8.929457162947006509e+03 1.674826259450912767e+04 2.577930831773099999e+04 6.110402827043697016e+02 -2.041005235944365040e+03 -7.520158730273535639e+02 -3.326141559328165386e+03 -5.052973814781526585e+02 -9.431030378057660073e+02 -8.868915407782384136e+03 1.807527909958040982e+04 5.867260434102518957e+03 3.453042928237096021e+02 5.017962725137666098e+02 -3.395115307485737048e+02 -7.488983127121998962e+01 -1.591185669066581340e+03 -5.297382528562376365e+02 8.300502053870552572e+02 -7.081278372002718697e+02
-1.335784412477532533e+04 5.392653224570922248e+03 2.971616937562581825e+03 1.905387220489508400e+04 -2.967550780421677700e+03 -2.583561633666754460e+03 7.440411009900009276e+02 -2.025390919334139107e+04 -1.802770929451634402e+03 4.385586316204737159e+03 -5.493329614280697569e+03 -1.757388606066574539e+03 4.256477700449543704e+02 -5.472627718535205531e+03 5.260608814052413436e+03 2.075946158333255880e+03 -5.314070374452279793e+03 -3.959156515725744612e+03 6.026868224275362991e+03 -8.006412039263304905e+04
-1.610941073560614313e+04 1.156123069481411949e+04 1.573583417761863711e+04 5.837334400462806116e+03 2.326162199564837252e+01 1.650356198031033637e+04 -4.068037780515421673e+03 1.035661891079437737e+04 -3.729946746071983216e+04 1.404683879832789535e+04 1.710821710588714268e+03 -1.469335473076033168e+03 -5.597787596941034280e+02 -2.283082617523990848e+04 -2.645860809259167581e+04 -1.277880213074028006e+03 1.312436667495431038e+03 -6.498096393245607771e+01 3.873039812661754240e+03 4.163829232774906473e+02
-2.643763552898166745e+04 3.733526593055090052e+04 6.763889405942482699e+04 1.420863090887261205e+05 4.313969502724552149e+04 1.271015833814267302e+06 -1.308669935687625548e+04 9.499174306960003742e+04 -1.141569845409028232e+06 9.370813689726606244e+05 4.408323173746695393e+05 -4.719446091059840401e+05 1.800154699702349899e+04 1.400029016413799254e+06 1.067892005748613970e+06 -4.399176234783912514e+04 -1.709472291622325429e+04 1.811669281306827033e+05 1.144675960023254156e+06 7.039145206546309055e+04
-1.395564597712406066e+04 9.251542728479029392e+03 -8.714063453658823164e+02 5.209298971749008342e+04 -5.877551264062159134e+03 -3.423179181416765005e+03 -4.495009277840944151e+02 7.197513452223151035e+03 7.162919100808624080e+02 2.130125370527689483e+03 -3.879534728348567114e+03 1.542159184396470209e+03 5.645427804284390305e+01 1.483009998016178315e+03 -2.212110058040819695e+03 2.728887103432602544e+03 -3.185180796584593281e+03 -3.083197453582451999e+02 -1.573773488656982636e+03 3.530689014224591915e+02
-2.526453035560741409e+04 4.444472669138551282e+04 7.377008612880375586e+04 1.667412331157379376e+05 1.493705606932060800e+04 1.466414314343673410e+06 -2.802717923809582771e+03 -2.346521660321276795e+04 -9.237804425527285275e+03 3.232638898700806749e+04 2.991672128163318848e+04 -1.749737816649088927e+04 4.957015334456363576e+02 9.101359860904086963e+04 5.358278815693397337e+04 5.187350187974319851e+03 -1.797233859911886975e+04 1.889587042832405132e+04 -4.458338193041580234e+04 -5.903833228715079713e+03
-1.799757838052000443e+04 1.641283767163506127e+04 1.514587461399004133e+04 3.144459341146998668e+03 -1.958994144790807240e+03 -5.057956093316888655e+02 -2.817712030332006907e+04 6.835657220032387158e+03 -1.600896939263582681e+03 -3.990497736655794142e+03 -6.496934344792555748e+03 -1.128904317732466916e+04 -4.099006236098422278e+02 7.177287521763516907e+02 2.943009366504179525e+03 -1.935829389051158159e+03 7.504729807276081374e+03 1.541918582389172116e+03 -2.455273977804239621e+03 -2.902691250832187052e+03
-4.170587323475138692e+04 3.568095269194974389e+04 -2.473796659065772110e+04 -2.162838451348631679e+03 2.604538090189770173e+03 1.263866223777013829e+03 2.139268686962769607e+03 2.132181932836943361e+03 -3.101443213554644171e+04 -3.973010668543655629e+04 -1.565188987708706190e+04 -3.853053730695455670e+03 2.197703823538944562e+03 3.483344351578281930e+03 1.419975937599373992e+03 2.164803718320965800e+03 -4.940297926262984447e+02 -2.932248527942805367e+02 -1.051548700041124675e+03 -1.919990278365265340e+03
-2.587569236665458811e+04 1.820671024145695264e+04 3.281614228852982342e+04 6.494608531644270988e+04 1.076223167871572696e+04 5.181406696455125348e+05 -2.080690655829334446e+03 3.012783647435006787e+04 -2.368115482867600222e+05 1.776413525548198668e+05 7.436352778388265870e+04 -5.059745636116393871e+04 3.192567693929935103e+03 1.348804605474623677e+05 1.052596010985633329e+05 -1.540830673810317239e+04 1.769124161404243932e+04 -3.136492791489643423e+04 -1.097061448761504653e+04 2.255850390340549723e+02
-2.252044166155246785e+04 8.376569432996133401e+03 -4.435587209299361348e+03 4.571695756136529235e+04 -4.940037005390506238e+03 -4.214209737425319872e+03 -7.600890267532621465e+02 5.371466645111685466e+03 3.357899483942986990e+03 -1.481633603344056837e+03 1.525117669087668901e+03 -8.553492058187150178e+03 -6.045216860396586753e+02 2.076918000337852391e+03 -2.155282478919571531e+03 -3.052792639869675213e+02 1.501008235440159979e+03 -1.070613149632274599e+03 -6.427543004920475767e+01 4.355202109168972697e+02
-1.643909763316795215e+04 1.705074661832417041e+04 3.136937126458558487e+04 2.650135457289524129e+04 2.155754867061685654e+05 -6.003875979422826276e+03 -4.367238550086617579e+03 -3.541185710550359090e+03 2.911384499689283075e+03 1.587579999094143886e+03 5.326150438788773727e+02 8.557708096861110789e+02 5.196039685014229690e+02 9.101305334633261737e+02 1.960490781303066683e+02 3.323151443543151800e+02 -4.007953487483450772e+02 9.795076321469809955e+01 -1.297451173072473921e+03 9.285431239251957436e+01
3.870748040502885942e+03 8.240572062259025188e+03 1.038819593842115682e+04 -2.131996318210032939e+02 -1.795728829538379841e+03 -4.765627019856460151e+02 -3.568075897992110549e+04 3.136267358691853246e+02 9.031519601459319802e+02 2.208972348097934628e+03 -3.838965184042983765e+03 -7.769658045428050173e+02 1.823864762482714355e+02 7.613676641842490653e+02 2.220779042668561658e+02 4.408567265757218593e+03 3.349290700398187710e+03 8.366335653606397500e+02 -9.385541685615584129e+02 -1.310657794613968690e+03
-4.602943147526719258e+04 -1.264689863789240917e+04 3.977983541881246765e+03 -4.699698354103416165e+01 -4.530022228453654520e+02 -1.513452401315360021e+02 -8.306502588745566754e+03 2.768450996686507551e+03 -2.053515310426852466e+03 -3.485854513877725822e+03 -5.982718044148910849e+03 -6.529510876289482439e+03 -1.815652155286429206e+03 -4.565033017427119375e+03 5.397040189435899265e+03 -3.505207940036319633e+04 -2.350753317250120745e+04 -1.858441280671967775e+02 -7.520672148716734000e+02 2.543486747477951724e+02
-1.135395142516624219e+04 8.724957369850717441e+03 1.256165256199010219e+04 3.264545846858211462e+03 -6.721267774044899852e+02 -1.518958762127456623e+02 1.309472066415719155e+03 3.904185498487040604e+03 3.627239152333692118e+02 -6.118238766232028638e+02 7.519475841063019743e+02 -5.692230622820371536e+03 -9.557977807644415407e+02 -1.447498430431172164e+04 1.230691698904077566e+04 3.380380693413780591e+03 -6.069979161408690516e+02 1.301179773299959379e+02 1.109225684620763559e+03 3.176629060107658802e+02
-2.265731297519811778e+04 2.234695506153512542e+04 2.559682736975719308e+04 5.362120212191769679e+04 1.458460980958009714e+04 6.044944385342165333e+04 -4.453231651738233268e+03 6.305195722278526227e+04 -1.940937828125434171e+05 1.020666306425275106e+05 3.933751052598218666e+04 3.646691799788356730e+04 -5.706856136956736918e+03 -1.703766007929254265e+05 -1.815877400914494647e+05 2.927582123503397816e+04 -4.394864496256424172e+04 5.316929100505716633e+04 -1.373997762314494757e+05 -4.356420208948934487e+03
-4.161313609180256753e+04 4.485833937187746051e+04 -2.857399822060958104e+04 7.342522059856487613e+04 -7.147547635326703130e+03 3.787462652981036513e+02 7.165916196461229219e+02 3.945571135009588761e+04 -5.615497919158733566e+03 1.074772644658362333e+04 -1.791488276287733970e+04 5.279061122559754585e+04 6.456094998618345016e+03 7.608573222836162131e+02 4.821134528279585538e+03 2.517853316918646669e+03 -5.197553683742189605e+03 1.329530895538381446e+04 -4.473857509560350991e+03 9.885516550589499047e+02
-1.871342287985376970e+04 1.137383150435265270e+04 1.349090612647550006e+04 4.478595097684633402e+03 -9.453863712775591921e+02 -6.532735248635206062e+02 -7.636668143071006853e+03 6.701901015707637271e+03 7.929292910205408589e+02 -3.177486540535911445e+03 -1.664996693873304366e+03 -1.365378258746218125e+04 -1.294098970092005402e+03 -2.291883817727170481e+03 2.223033744580242455e+03 -7.682638312693125954e+03 1.176926264530436492e+04 4.386921399575373471e+03 5.706430867686768806e+02 -1.551028446561686678e+03
-3.088192225527182018e+03 1.074627414630082785e+04 1.732993356766934448e+04 -2.022335903533055898e+03 -6.875730563961418511e+02 -2.556025280409157574e+02 4.820607418059687916e+03 1.210989390388076345e+03 6.419210234540274769e+02 8.995636589398138767e+02 -2.428723896607958068e+03 -6.798997747896221426e+02 -1.006009510463351653e+01 9.761712415580367406e+02 -8.219938414945453360e+02 -2.815966374988180121e+01 2.332605366657854802e+02 1.090276608809533059e+02 -6.397660555919573255e+01 8.250111759328763128e+01
-2.542824873926888540e+04 5.264041157906039734e+04 -2.684496499681484693e+03 -9.911713269468198632e+03 -1.291142054770336244e+03 2.046894386377296087e+02 -9.121282368784019127e+03 -2.571337831550979445e+03 4.099903394175417475e+02 -2.708258186013586055e+02 2.818636672521115088e+03 2.741095534073119325e+03 1.865553763887060654e+02 1.661632164347806111e+03 -1.336039119188407312e+03 8.616156098399619623e+02 -6.013949130757688408e+02 -5.997501153025808662e+02 1.387412879279760602e+02 6.961154035191190133e+02
-6.005801382693804044e+04 7.946957366457776516e+03 -1.882853392514747247e+04 3.468070563150446833e+04 -3.047179817751596147e+03 -3.089231438969155533e+03 -1.451263637073842119e+03 1.425096716454330453e+04 5.448194512222854428e+03 -3.834411894249708439e+03 5.399624714817246058e+03 -1.183631818792950253e+04 -7.794421267489299225e+02 3.373585408317559995e+03 -2.971284965208081303e+03 -1.364007072798135141e+03 3.309333519427076681e+03 -1.570916348790380425e+03 6.055355516523071628e+02 1.014540196315255798e+03
-2.127270189122204829e+04 1.477053389446526671e+04 1.548424627769535437e+04 1.060124509961356671e+04 -1.955344738560109818e+03 -1.413776150933445706e+03 -7.272352731879049088e+02 5.449353973293155832e+03 1.364206684739117009e+03 -8.837591777829826242e+03 1.708387824481041753e+04 -2.156139032279776984e+03 -6.045945155055060241e+02 6.368915740280764339e+02 -9.924581962174029286e+02 -2.052063439573870255e+03 1.591786300517747122e+03 -2.882849979056315419e+02 8.076324757429476904e+02 -6.984412503584788965e+02
-4.685513072666930384e+04 6.119643875016856327e+04 -9.191402291619479001e+03 1.844413702244467686e+03 -3.047666192524940016e+03 -3.599041456733235123e+02 -4.234561505712323560e+04 7.202996983034812729e+03 2.415859512510348850e+03 4.872073525530962797e+03 -8.480156204359829644e+03 -3.488204833301886538e+03 1.667143581434879138e+02 5.177382093268523704e+02 -1.587715229087074817e+02 1.586101756076240690e+03 -1.498495635986598245e+03 -1.543897456056974079e+03 2.635964408233784866e+02 1.672930959801961080e+03
-4.230074632648596162e+04 3.173283367173568331e+04 -1.181595865101451818e+04 7.022798172212296049e+04 3.528531896716216579e+03 7.898680008489934153e+03 -5.763680276387690355e+03 7.020235113786105649e+04 -8.040181862613800331e+04 -3.238103336256204420e+04 -8.247568561438926554e+04 2.313521132912283356e+05 -1.214324406624735100e+06 3.285774123662659258e+04 3.262960412621330761e+04 7.592509437942585464e+03 -2.003601040810386849e+03 -9.984261045926943552e+03 1.619860374059043897e+04 -3.105760709461279839e+04
-1.653653570289048002e+04 1.131271712266898794e+04 -2.136135034663482202e+03 6.943944673095426697e+04 -7.693932035723535591e+03 -3.093107059951588781e+03 -7.127485787791017628e+02 1.424152907290889743e+04 -6.289302814216125626e+02 4.659022804163427281e+03 -6.985238318567384340e+03 7.342145880074325760e+03 -4.234560936837524991e+02 1.704039258665016632e+03 -3.959227802693705144e+03 4.131391126351860294e+03 -4.841142610977571167e+03 1.448615306238030371e+03 -3.961778063940315405e+03 6.743741808311466457e+02
-2.492563610634489669e+04 4.974391709537149291e+04 -8.777695919086650974e+03 -1.028300436592367441e+04 -3.567302258414229641e+02 5.661627329098389509e+02 -6.525429706027533939e+03 1.704988849819006589e+02 9.436673332495091699e+02 3.158475165184504476e+03 -4.489130310974906934e+03 -4.535478014099819575e+02 -9.567200482932697980e+00 7.438057261686553829e+02 -9.340943316106280463e+02 5.745500861900787868e+02 -3.733901592092228157e+02 -3.453481034609307585e+02 -1.537129453105871164e+02 3.361015065079031388e+02
-1.704409666173073492e+04 2.820664678720573647e+04 6.595048463515748153e+03 -4.869678246068198860e+03 1.822655242988965256e+03 1.040471628998660663e+03 1.511804690431776862e+03 3.520724114002050101e+03 -3.088022610055864425e+04 -4.020316004626699578e+04 -1.558746455974431228e+04 -2.697711581455582746e+03 2.367974782077262262e+03 4.396889216656807548e+03 7.687785448692644650e+02 2.243640194736550711e+03 -6.082331172811900615e+02 -4.946825214532205450e+02 -7.645121619837075286e+02 -1.544202025040426179e+03
-6.590779916431461061e+03 6.614137698002750767e+03 9.158483927634566498e+03 1.646361062012261755e+04 -2.816141118056958476e+03 -2.425423981137371356e+03 5.457053584566787094e+02 -2.038842861450740747e+04 -3.235205230669380398e+03 2.444704539193362507e+03 -6.070202600591824194e+03 -3.804680637561154072e+03 -5.471593869261357668e+02 -7.512098922467745979e+03 6.021510406545688056e+03 -3.622493894049004666e+03 1.943897882410014518e+03 3.584948257398010355e+03 1.020554776040482125e+03 -1.181593545244229608e+04
-2.188720638574317491e+04 1.059241400413203337e+04 2.038235173054235929e+04 1.070193685679009832e+03 2.980372296831243375e+02 5.426398347164041297e+03 9.807530587024210718e+02 1.513648240063977391e+04 -3.310712545823998516e+04 6.404356264205568550e+03 6.070649570346966357e+03 2.212927586896739012e+04 2.720696677117901345e+03 -7.061930946635431610e+04 -1.077249770298189287e+04 -2.974411617955129623e+04 3.031431920450131656e+04 8.639082772654804285e+04 2.669608991490132175e+05 4.358330732482957046e+02
3.746973160122689023e+03 2.652317954581521553e+04 2.346029159606683606e+04 -6.646511466511172330e+03 -4.183702214710055159e+03 -1.169805102144090228e+02 -7.641903516135503014e+04 4.097604150077600934e+03 1.974543662456343782e+03 7.117420238977972986e+03 -1.312492838026994832e+04 -3.537538239449903358e+03 1.718887399583472870e+02 1.194608219258948338e+03 -1.170364369711317778e+02 5.174013177668914977e+03 3.447529355432905959e+03 8.582267939536390031e+02 -1.714933119850373942e+03 -9.714949353375648116e+02
-4.145884411797970643e+03 1.841130119895094322e+04 2.640488050006030244e+04 -2.940269020365830329e+03 -1.682040580515836382e+03 -5.334840787167730696e+02 -1.931092603120707736e+03 4.647518981360911283e+01 4.815497882028378172e+02 -1.344964172956464381e+03 2.509643782325657412e+03 1.671066551819980305e+03 1.517590540334714433e+02 1.517133907337794426e+03 -1.040185975179190109e+03 3.354717010916579625e+02 1.119477172022034139e+01 -2.125132874842875310e+02 3.146959837380407521e+02 3.708850945383460953e+02
-5.433946920707619029e+03 1.168643988556311342e+04 1.589679047903620631e+04 1.565405847769993306e+04 -4.051636968324026384e+03 -2.746933745501641624e+03 -4.597620267112768488e+03 -2.484699985053984346e+04 -3.940856051131211188e+03 -1.541964345286274465e+03 3.320255084290328796e+03 3.903523747399564400e+03 7.934085551472139741e+01 -7.284747235187051047e+02 1.203903903960133221e+03 -8.107003676159545194e+02 1.187192621393361605e+03 4.912708801859289309e+01 4.111273069703755141e+02 3.358718400899324479e+03
-8.502604090721826651e+03 1.065345763609648202e+04 1.787664556744776201e+04 6.960016860187450902e+02 -8.834398145739393158e+02 -3.832611810374455672e+02 2.147112697559285152e+03 1.633628221131993314e+03 -5.779045147571397365e+02 -5.734400176010723953e+03 1.134837405737668996e+04 2.820541143785232634e+03 1.360209155592647505e+02 -4.166383177683148347e+02 6.066456686171256507e+01 -4.592230314913348934e+02 -1.326620403159694433e+03 -1.918952243502843089e+02 4.775992003781810240e+02 -1.058802872372681122e+03
-6.030135370662675086e+03 2.112730784450778629e+03 1.897920111253504047e+03 6.494619195249428230e+03 -4.455552584721016274e+02 -8.381310173940194090e+02 -3.354886081530000865e+02 1.234979320600348501e+03 2.122564677957637741e+03 -5.223000793794581114e+03 8.824843062173617000e+03 -2.168017072252559228e+04 -4.027898492739445373e+03 -3.531926804751411055e+03 -5.484303659931149468e+02 -2.523644107498582889e+04 3.856954112310610799e+04 2.323068904303375894e+04 -3.959757173165137374e+03 -2.971086664713423033e+03
-3.974917303996800911e+04 2.992474114119260776e+04 7.071599825384917494e+04 2.119786576615697704e+05 2.921329843516815163e+04 2.260459814969441388e+06 -1.914860276708381571e+04 -1.197141876558182703e+05 3.777748173153723474e+05 -2.296517968083749874e+05 -1.297108764629842626e+05 6.304044928217919369e+04 5.534690031535938942e+03 -1.422523746465898002e+05 -6.509183787714028585e+04 -5.075145329514676996e+04 9.022648044844013930e+04 -1.260102463768135494e+05 5.543411406090674427e+04 7.031130045779574175e+03
-2.534434069040828763e+04 3.396268185427752178e+04 5.716933630449621705e+04 1.301562504691552022e+05 1.100800229108985695e+04 1.086683117322465405e+06 2.824695953699035726e+03 -1.608708077272069659e+03 -9.834537627845157112e+04 9.360248262943618465e+04 5.327208482873859612e+04 -3.385055137217840092e+04 9.199640382927919973e+02 1.340101329143467592e+05 9.634983561098288919e+04 2.280787723886362073e+03 -1.281373795700763367e+04 4.217252365556621953e+03 -6.414609025450699846e+04 -5.311855209047732387e+03
-3.910819667834944994e+04 3.635711850487681659e+04 -2.221929234384713345e+04 -3.315298859977242500e+03 2.599641030019798109e+03 1.304544047363746131e+03 -5.611903468576043451e+03 3.991677738283230610e+03 -3.372209692798650212e+04 -4.277484244078307529e+04 -2.325975603749015136e+04 -1.025429043704729702e+04 4.026306506200048148e+02 -1.524834652175863084e+03 7.162790460024280037e+03 -3.288505210012616590e+04 -2.411315516544609272e+04 -4.502570374609668420e+02 -1.754374631850071182e+03 -1.460548585888313482e+03
-3.885188543786622176e+04 3.614554735393063311e+04 -1.928431437533532880e+04 -1.280410324934098014e+02 3.362278403425073975e+03 1.755579447067759247e+04 -2.080799369136945643e+03 1.022364857648575344e+04 -6.862281947477857466e+04 -2.563567161726557606e+04 -1.514341436542062002e+04 -5.569973965455726102e+03 1.649428191045172753e+03 -1.870035693211021135e+04 -2.507868034628783425e+04 7.861500935109967259e+02 1.263293472028774659e+03 -7.942321736600966915e+02 3.267838858233413248e+03 -7.707681745238854774e+02
-4.497560914768552175e+04 -1.201604209123886358e+04 5.309826484159038955e+03 1.043054283205260333e+02 -3.748424338867728238e+02 1.119628517855334167e+02 -1.248291171715571579e+02 3.567363206870639715e+03 2.175775992060211763e+02 -4.081280349976337902e+02 6.180110491064101552e+02 -4.960572751337494083e+03 -8.285484604035052598e+02 -1.363918249631086110e+04 1.185007122673222693e+04 3.586646625777939789e+03 -5.047427174203558025e+02 8.135508620338127628e+01 9.193478737572452246e+02 8.169647232449574403e+02
-3.885754238286243344e+04 3.844015346544401837e+04 -1.820402894868576914e+04 3.710542575426932672e+03 6.524432475835754303e+04 -3.876395604497004115e+02 -1.671777369203816988e+03 1.056917082525432761e+03 -3.129947152805522273e+04 -4.010621162932413426e+04 -1.809691994047061235e+04 -3.857216842723536047e+03 2.063647862063735374e+03 3.857529202163733771e+03 1.467494285133613403e+03 2.206912003982021361e+03 -3.207175426645683274e+02 -2.984997100814321129e+02 -3.287676974585270386e+02 -1.296538244802724876e+03
-5.287639686870167498e+04 -1.276490308360537892e+04 -9.972575642556671482e+02 6.402573774779561973e+03 -7.650358596136514961e+02 -6.710529393609890576e+02 -7.059080937563103362e+02 2.997922030962055942e+03 1.618477554061387536e+03 -7.734703503447489084e+02 1.605245973469843648e+03 -3.773009055108234406e+03 -4.447843057542142446e+02 8.621988287699884950e+02 -9.631305591558424339e+02 -9.215163220113404350e+02 1.848912660303408529e+03 1.213544526636858905e+02 -6.670628561241409216e+01 -2.325362012504801896e+02
1.020414119817597748e+04 1.827118255951868832e+03 2.578017258799264710e+03 6.099677361434808063e+02 -1.558317153534177351e+02 -1.446071068172855405e+02 -1.095712575517850155e+03 6.946127096710705473e+01 -5.538277160630134865e+00 9.279283576779507214e+00 -1.604496791496430319e+02 -1.540372208770762938e+02 -1.172426864024603788e+01 -5.217434830459891373e+02 3.836291105050476631e+02 -1.143506120665588242e+02 7.294047955611101486e+01 1.103911014445181706e+02 1.895223703066588428e+02 -4.540301203375192358e+02
-5.546119298651985446e+04 3.804472669580615911e+04 -3.275563738231144816e+04 1.625516144212416111e+04 -7.987058034341426946e+02 -1.416083918428052584e+03 9.379621780746411730e+01 7.096371587050633025e+03 4.055630058253591869e+03 -2.334524437464613129e+03 6.265412748652393020e+03 -9.276827293513179029e+03 -1.143420311903015772e+03 1.063000791825436181e+03 -1.496643316399691685e+03 -2.072633125466175443e+03 3.644683421991551768e+03 -7.076062114956390587e+02 6.102212604987062150e+02 1.081607420375244999e+02
-4.670803930297285842e+04 -1.331400582491061323e+04 3.042989703465956154e+03 1.325397455258352295e+02 -3.660388179805395339e+02 -1.470081578274419201e+02 -6.232822967190087184e+03 4.842649535179164559e+03 1.992493715268205733e+03 -6.801892947504319409e+02 -7.013961137362998670e+02 -1.148273314450763428e+04 -1.360781468849723751e+03 -2.810699103846010985e+03 9.374017351794175283e+02 -8.569519601647984018e+03 1.249641150957229729e+04 5.405614340076002918e+03 1.943450580900668456e+03 9.158503149339566107e+01
-2.081491529800353965e+04 2.536192500879427826e+04 4.180535227300408224e+03 1.058841491485599909e+04 -6.083650581761662579e+02 5.134653224016007016e+02 3.229287961229107168e+03 2.940504650858150126e+04 -2.199605304515415628e+04 -7.173503918167863958e+03 -3.149502502192466636e+04 1.129996622069243458e+05 2.546375768909037288e+04 -1.242796357310104941e+04 5.068274152195959323e+04 -5.148634246487869677e+04 6.603048786401413963e+04 2.013479243543765915e+04 4.224748431478848033e+03 -4.690543400010044934e+03
-3.524441425842699391e+04 1.178637168715062398e+04 1.445507316343285675e+04 9.359982800882291485e+03 6.119413399034775694e+02 1.304539132590885492e+04 2.595996027179665361e+03 3.831054843540570437e+04 -4.155330466308814357e+04 1.914664494520594235e+04 -2.673154172047446264e+04 1.314564334532577195e+05 3.070207882282851642e+04 -3.772814138030936738e+04 6.163505172778565611e+04 -9.765686909562136861e+04 1.384372998719698226e+05 -9.459192757047677878e+04 -1.584150550664950970e+04 -5.557602230400664666e+03
-8.158965570836272491e+03 2.412850139075221159e+04 1.716404230753165029e+04 -4.557082322902460874e+03 -8.294998618727760231e+02 -1.062573939180247464e+02 -1.836787062122193447e+03 2.141423481103751783e+03 8.095385285309994288e+02 1.485968653628877746e+03 -3.393300557451495479e+03 -2.327496175229378537e+02 1.185621840836384706e+02 8.389602674063065706e+02 -6.221535704125666371e+02 1.445825254540175706e+02 1.446282642031227681e+02 8.151208076268483183e+01 5.240355058220141160e+01 1.005647312293571360e+02
-2.235486604198661371e+04 2.416618014640865294e+04 3.543543075524071173e+04 5.851090217953130195e+04 3.042747491571457431e+03 1.027573094784686982e+05 -1.545225160012829974e+03 8.473671837969533226e+04 -2.834340067104515037e+05 1.528325215690184559e+05 7.295172196053875086e+04 4.584430656133819139e+04 -8.686675688953488134e+03 -2.396390756303377566e+05 -2.578815349616229942e+05 4.549441773519771232e+04 -7.038444680056499783e+04 8.313739693864824949e+04 -2.266985218417840370e+05 -9.124035227075943112e+03
-1.849981078771974717e+04 6.684627526527810005e+03 1.634009058142218237e+03 1.954827508802949160e+04 -2.550513927047487414e+03 -2.298569459181177081e+03 3.631870371828227348e+02 -4.797464014862467593e+03 8.895495190172783850e+02 -7.676674862126105836e+02 1.413185886882251907e+03 -5.457390849127921683e+03 -7.400615418534723631e+02 1.813419889862391585e+02 -5.967591432680799244e+02 -1.479689687338570820e+03 2.603106377876405531e+03 1.447346819236072406e+02 6.780042848949177525e+00 -4.903899589637212841e+01
-1.565111822506010685e+04 2.048667036234676561e+04 3.396677851449735317e+04 2.398550051632946270e+04 1.408213290311832679e+04 1.836175292621102417e+05 -1.704268109117535232e+03 3.491513027222832898e+04 -1.615029954930181557e+05 1.151685675039693306e+05 5.206802212307549780e+04 -7.379682704931290937e+04 -6.919087457710164927e+03 -8.549426763691930682e+04 1.905267469036896364e+05 7.532553606116859009e+04 -2.666221582010769998e+04 1.253163045331531976e+04 -3.154822544632164863e+04 2.506338009007180517e+04
-3.555528360753380184e+03 1.502700921250961255e+04 2.198770628055861744e+04 -3.020532956905699393e+03 -9.410215490520424737e+02 -2.702871739564701556e+02 1.820632717864061533e+03 2.146181413153783978e+03 8.866952809334276253e+02 1.232622777960051053e+03 -3.043839212477492310e+03 -8.333505766268907564e+02 -1.276457934556620089e+01 7.418089963924172707e+02 -7.031382162681261434e+02 4.795277547791047112e+01 2.143724088764419946e+02 5.621407233998895414e+00 1.008468471767668007e+02 6.913036541761003662e+01
-9.906024173391102522e+03 1.651491514675655708e+04 2.670715643698551867e+04 3.782677458907302025e+03 -1.609962031171879289e+03 2.551474216259528839e+04 2.710400752652353276e+03 4.171319934776122864e+03 -1.258676831635131384e+04 1.560720077909843667e+03 2.575722263090215347e+04 2.010140764455177759e+03 4.933314105897877511e+01 9.716549842656664623e+03 3.930891778569598955e+03 2.187313584280713712e+03 -7.562876713596563604e+03 5.409642482879637100e+03 -2.250276004281621863e+04 -3.387998798970624648e+03
-2.079872154026664066e+04 2.301262177311371488e+04 2.781233708410477993e+04 5.280752192131114862e+04 1.898121831730266422e+04 3.945801167727387510e+05 -8.629316190962386827e+03 4.870682226124389854e+04 -4.489198651543679298e+05 2.664641288210290950e+05 1.004053454014450544e+05 -1.278585670325097308e+05 8.105133357099221939e+03 2.505880785946081160e+05 1.227242857358850306e+05 -2.785124923055542240e+04 2.327273734393592531e+04 6.953022560114209773e+04 5.475016851465109503e+05 2.539773012891562030e+04
-1.796564183407655582e+04 1.416536463670041485e+04 9.573164648238634982e+03 5.271567534849915319e+03 -5.911500651686018273e+02 1.008822259990533894e+02 3.239996251780797593e+03 6.674103169258970411e+03 -1.769927287507920710e+03 1.205961761533652634e+03 1.323473009105641268e+03 1.499482221025776312e+02 -2.443610763422934178e+04 -2.893628392368377718e+03 1.219406926536243554e+04 -1.700304116570880797e+04 2.419280560340997545e+04 -5.141848025089805742e+04 -7.727279143571267923e+03 -1.330974776082315657e+04
