-4.938560615710473212e+04 -1.553617846167392781e+04 1.298525141847942450e+02 -1.210187599574907608e+03 -5.500815392874929444e+01 7.471314201985632053e+01 -3.914447558701301659e+02 -1.627839050110799235e+01 2.778027944005252721e+02 3.867890307748935470e+02 -7.591554543091501905e+00 2.815910321427804206e+02 5.826077382862499832e+01 1.232824657842088811e+02 -8.689882087343563910e+01 1.106418356465248678e+02 -6.025840957084407812e+00 8.620447137222045342e+01 -1.582678359554653014e+01 -6.559167140734011809e+02
2.099516953713399926e+04 -3.093364704694577085e+03 -3.395692535204426349e+03 -4.312914836620520873e+02 1.632688026197753288e+02 9.576812257691354091e+01 -9.449600280651343098e+01 2.137859068282537578e+02 5.141685828031417493e+00 -4.420235061702754109e+01 1.123771369403966389e+02 4.006630320107284859e+01 4.025076644560062533e+00 8.525736949665249753e+00 -8.427321812719332783e+00 8.718392554902450797e+00 -3.282690032475998265e+01 -2.476360741192647552e+01 5.119356131717523795e+00 1.808562464475250264e+00
-3.154714499013533896e+03 1.105568778132979060e+04 1.768760506904244176e+04 -2.068949166444071579e+03 -7.244872083325933545e+02 -2.645261731163209333e+02 4.585778599381955246e+03 1.182367425757440060e+03 6.670656340970976999e+02 8.774592245032947631e+02 -2.266276307396014545e+03 -6.050933822840888752e+02 -3.827700273742508319e+00 9.885212725287324247e+02 -8.378005958592840443e+02 -2.381140899455608562e+01 2.281741414840144557e+02 9.967801046543840471e+01 -7.215899678473479639e+01 9.265821260103568591e+01
-4.260922505461212859e+04 3.583843537165551970e+04 -2.622751005072375847e+04 -5.116447006929309282e+03 9.131762575535606175e+02 4.989553790320022131e+02 1.728214308923042609e+03 -2.218224683128441029e+03 3.044993663553827901e+02 8.542159897322844699e+02 1.106554942464541227e+03 -7.806706383406996963e+01 -1.468706707797955460e+02 -5.320640549568719280e+02 1.050016192865148135e+01 1.453111178541752224e+02 -3.407689572416300052e+02 -7.139691213462798203e+01 -1.418526262178034472e+02 -7.904670475125523126e+02
-1.641608874086479773e+04 1.781503969921320459e+04 3.391932557508655009e+04 3.004647648016687890e+04 2.499917312753506412e+05 -6.692097632385707584e+03 -5.099177230338959816e+03 -4.633045393007049825e+03 3.300533643941048922e+03 2.482476980786642798e+03 7.369656543700307338e+02 1.217177745181498267e+03 7.091833332843809785e+02 1.185158462462909256e+03 1.749086552626278603e+02 3.980901744452095841e+02 -4.526640136990729388e+02 5.478677905212879296e+01 -1.976800365014091767e+03 1.416439360140809072e+02
-1.298106850899335586e+04 8.353271540952617215e+03 -5.357080352673049219e+02 4.447475185876352043e+04 -5.062308164089430647e+03 -3.681049720826094017e+03 -3.626325135472214924e+02 4.046172347173480830e+03 1.504299343626679502e+03 8.102777509064155765e+02 -2.262674251567969350e+03 -1.410425475205803195e+03 3.401437641705112469e+02 1.436961354546893517e+03 -1.333984525562906583e+03 2.100192421381244003e+03 -2.461453328462626359e+03 -1.309632897970868726e+03 -2.934170933203623690e+02 1.803234691993964702e+02
-3.390361032988087391e+04 7.461490853905177210e+04 1.565464070198635163e+05 6.688038500037605409e+05 9.269461209923577553e+04 7.429178814210163429e+06 -7.226347487304396054e+04 -6.452495208701075753e+05 2.697222315995696001e+06 -1.839428319571936736e+06 -9.099011106334049255e+05 4.952719504703676794e+05 -1.449154183666315657e+04 -1.352397542225514771e+06 -1.006791201424730825e+06 1.677897437323605482e+04 5.029670213864884863e+04 3.157114726211919697e+04 3.748489633779013529e+05 3.634773474928404903e+04
-2.476029596204999325e+04 3.632401082147636043e+04 6.497840744970779633e+04 1.449388408518014767e+05 1.238282876076669709e+04 1.248392132826576009e+06 4.842346769624013177e+03 -1.196355488747168238e+04 -5.440350265927211876e+04 6.710946936223628290e+04 4.639504054879950854e+04 -2.552647861647497120e+04 4.477684988424879862e+02 1.167802367634338589e+05 8.129403758334663871e+04 4.502344148423728257e+03 -1.689030751550531204e+04 9.411938831219253188e+03 -7.550771284210836166e+04 -6.569709674630652444e+03
1.518073217683037228e+03 6.150555996002904976e+03 9.842299679412139085e+03 1.413894975346672072e+04 -3.150838755564394887e+03 -2.347516187424322197e+03 8.976171781791541662e+02 -2.393486509659928197e+04 -3.769780809488727300e+03 1.108070127498471493e+03 -2.212263158099170596e+03 2.117159373918258098e+03 -2.204138528566767263e+01 -1.032901813207351097e+03 1.233703760587429315e+03 -9.562655613713991443e+02 1.267479827131347292e+03 2.816331192131848979e+02 6.359363973495946709e+01 3.164813992352632340e+03
3.749558053808758814e+03 2.652323914233173491e+04 2.345675984804666950e+04 -6.648578568814038590e+03 -4.183270083533191610e+03 -1.164785018458423167e+02 -7.642554506508655322e+04 4.101615622006890590e+03 1.975487295723471789e+03 7.122825402596139611e+03 -1.313612769508205565e+04 -3.542092329328891537e+03 1.716485928551269922e+02 1.193855563441033155e+03 -1.168212736684039044e+02 5.173827759661508026e+03 3.447860358106839612e+03 8.585222476082865342e+02 -1.715509127154778298e+03 -9.719371644115707340e+02
-2.424496859319875148e+04 4.831530842653560831e+04 -9.251590901147468685e+03 -9.927327010875018459e+03 -2.204101155935250631e+02 5.379249431442250398e+02 -3.696294747839049251e+03 -1.096297408209081965e+02 8.858326169534259407e+02 2.853765233798335430e+03 -3.915041869576566569e+03 -2.570024580728393744e+02 -6.942673494706510517e+00 7.707192314475917101e+02 -9.546651570249230190e+02 5.335988410924229584e+02 -3.661067837386319752e+02 -3.506478845118824665e+02 -1.057493083575666475e+02 3.579870266365683733e+02
-5.544660976149203634e+04 3.803708984341526229e+04 -3.273345194077702035e+04 1.624316397288572989e+04 -7.979237539165421822e+02 -1.414302897577483918e+03 9.682452447434438625e+01 7.097484085523438807e+03 4.050871770920521612e+03 -2.332080906932201287e+03 6.265795764508880893e+03 -9.276419658703520327e+03 -1.173529742156119710e+03 1.058577615157076707e+03 -1.479995302630253036e+03 -2.097596679119420969e+03 3.680177211870733117e+03 -7.790115682940243005e+02 5.978799798391486320e+02 9.020101270973299279e+01
-3.440633898858170141e+04 4.370198342291024892e+04 -1.064626052042681113e+04 3.781222159796579217e+04 -3.326659294419986054e+03 5.603304692726538860e+02 3.541708984687491011e+03 5.068770063791318535e+04 -1.773276820685792700e+04 6.487542251296728864e+03 -3.752926779266454105e+04 1.513532630094628839e+05 3.164126970761188932e+04 -1.271252573740497246e+04 5.780358427184413449e+04 -5.371757076918907114e+04 6.656483194680088491e+04 3.143571401094579778e+04 4.536901748569896881e+03 -3.864308359341386677e+03
-1.563360480309106424e+04 1.496085156551234104e+04 2.630129647140495217e+04 1.984905078287511424e+04 1.560511772892936715e+05 -4.772554956539533123e+03 -2.810459811534920846e+03 -2.046563993186940934e+03 2.250597081058773711e+03 4.850003028675899941e+01 1.465705627972968159e+02 2.751122740204708634e+02 2.155494045568246975e+02 5.696760930554860352e+02 3.653821015610342329e+02 5.708977152275090106e+01 -6.906811676006017819e+01 -7.912500867548280326e+01 -2.077771860339607599e+02 -9.281570467278569936e+00
-4.217494569063033850e+03 3.733014624274253492e+03 6.104151380847205473e+03 8.681529809858859153e+03 -1.810341834445114273e+03 -1.332274211543088313e+03 1.776267285926844352e+03 -8.860652010006198907e+03 -7.123040388047738816e+02 1.518739462351653401e+03 -2.100919990270346716e+03 3.584526876572552112e+01 -7.377791996030415689e+00 -2.539488233445506751e+02 1.452637094904778507e+02 1.692106326975185837e+01 -1.819171348595464588e+00 1.565694530847902683e+02 -8.348260094289236122e+01 -1.133977897700236781e+03
-8.928628713382122442e+03 1.674665901302653947e+04 2.577736683744611582e+04 6.102321687053599817e+02 -2.040679600883137937e+03 -7.518980930897859025e+02 -3.325280287823032722e+03 -5.049572418194420607e+02 -9.428342345223015855e+02 -8.867999516089566896e+03 1.807307056304746948e+04 5.866361750680211117e+03 3.452353995058368810e+02 5.017564726951800935e+02 -3.392016767650722500e+02 -7.505352183040328384e+01 -1.591004922325466623e+03 -5.296485687052359026e+02 8.300680884719344022e+02 -7.082173830847629006e+02
-3.661767325930539300e+03 1.494230237018277148e+04 2.191835278273337462e+04 -2.960830058926129823e+03 -9.513877972376473053e+02 -2.797071971170483380e+02 1.828390945404020158e+03 2.011252365425311609e+03 8.577244995204774796e+02 1.114090094413652878e+03 -2.788740986515970690e+03 -7.286395086695359851e+02 -6.581121718041984536e+00 7.804620417023505752e+02 -7.209053546382161812e+02 5.261493558138059967e+01 2.078608107832749852e+02 3.624998747495521201e+00 9.993933800476806084e+01 8.164568335498709928e+01
-4.142454675950141973e+04 3.523850570149484702e+04 -2.515506530893176750e+04 -4.466433699781151518e+03 3.209028064838178125e+03 1.699567357136365445e+03 1.763476369302904459e+03 4.092785316881572271e+03 -4.750326482840349490e+04 -6.440203181907714315e+04 -2.928720186911208657e+04 -7.725173647918448296e+03 3.226093495274218640e+03 8.890972319773056370e+03 5.042511881140103469e+03 6.726269444693120931e+03 6.023368736693599885e+02 -1.096511664455956179e+03 -5.759330611979779860e+03 -1.424599122030882199e+03
-9.045574359854303111e+03 2.509472781560665226e+03 6.052602049672833573e+02 8.564211321167173082e+03 -5.749691222825023260e+02 -1.042737895624301245e+03 -5.479558260491887722e+02 2.337874444150976615e+03 2.716819043223619701e+03 -5.838273971440328751e+03 9.895888114277093337e+03 -2.375673958914054674e+04 -4.361648984331934116e+03 -3.282483414749741769e+03 -9.360360308197105041e+02 -2.595746211705441601e+04 3.979367801747011981e+04 2.336766508746086038e+04 -3.981866910769650531e+03 -2.856470254596074938e+03
-4.332376167140884354e+04 4.873417784566304908e+04 -1.491819379816078981e+04 1.183625997982947010e+05 3.774330498322490166e+04 3.272267325405126940e+03 -6.657788197464812583e+03 1.238686921783806029e+05 -1.073264803249460820e+05 -3.239254324847713360e+04 -1.485637644755731453e+05 4.946661070626931614e+05 -2.562450987102032639e+06 7.993945496745551645e+04 8.424003479697836156e+04 3.541244295918357238e+04 9.498511284400306977e+03 -2.362886442389662261e+04 3.937337699184878875e+04 -6.968172246985540551e+04
-4.040966580431392504e+04 3.790341380082458636e+04 -2.694744653392092368e+04 1.906220165838011235e+04 -1.255860381890762937e+03 -1.060132632697571808e+03 1.216607939899520716e+03 1.776922803915720942e+04 -5.849513347075409087e+01 1.362335447511810571e+03 -5.586004011319982965e+03 3.066217028010521244e+04 7.666671108682895465e+03 3.428664484846152618e+02 1.038476642244530922e+04 -3.184944488392087351e+03 1.904297567829146828e+03 7.084887761965404934e+03 3.716149629464993723e+03 -3.060773241454134563e+02
-2.842767259713615204e+04 2.202014085835574588e+04 3.843850937847622845e+04 7.641800695434909721e+04 1.117293570292627373e+04 6.334007054948604200e+05 -4.970070654650668985e+03 2.720895716834238192e+04 -2.369213658322297852e+05 1.868259611715359497e+05 7.949962123087610235e+04 -5.694504358258751017e+04 4.380868397780794112e+03 1.720011899493260134e+05 1.408766360940267041e+05 -2.195443329025532512e+04 2.607153405276193371e+04 -4.738818130631583335e+04 -1.505359664749407057e+04 -4.956394663383768489e+02
-9.884525674859602077e+03 1.050147212236519226e+04 1.604330412207005065e+04 1.808856029530650630e+03 -6.658045226914649675e+02 8.420557784125323053e+01 8.119647665727784442e+02 4.017754172360585926e+03 1.968524842520377547e+02 -4.342615735501613017e+02 5.213855767592527855e+02 -5.061898242088975167e+03 -8.860464308851309170e+02 -1.469363936210995416e+04 1.226026598019546509e+04 3.643291729243726422e+03 -9.247768093380667551e+02 1.195021475590105524e+02 1.049740120228981368e+03 2.926078854771335500e+02
-3.937153958005669847e+04 9.400567375560969595e+03 2.847170868239001720e+04 -7.704187854615644937e+03 -4.774978464673319650e+03 6.019810164568499431e+02 -9.283654984462926222e+04 9.804378563949623640e+03 -1.180067871268931412e+04 -9.444628457886306933e+03 -3.087097540681489045e+04 -2.959314100704528755e+04 -1.036357618702884065e+04 -4.091347559392799303e+04 4.181658393500300735e+04 -5.402395853004804812e+05 -4.130519698641552241e+05 -2.224136468164364123e+04 -2.088010960122931283e+04 2.494672799212529935e+04
-4.668663859800031787e+04 1.193394364669815513e+04 -1.506963603561076525e+04 1.291824843611284996e+04 4.939484569573540398e+02 -1.366422189835320466e+02 -7.494976057052949727e+02 1.602011024098901362e+04 -9.609431242042113809e+03 -1.055248675828264641e+04 -9.444324095532001593e+03 4.542795406457442004e+04 -3.305968811537598376e+05 1.367060543545980909e+04 9.697221874113858576e+03 -3.878180640561409973e+02 1.238189979480889451e+04 -4.006058635321890051e+03 1.013088019786413315e+04 9.228579150103040547e+02
-4.673913713979131717e+04 -8.853704084947181400e+03 -1.324565717245835685e+03 2.174307085133191140e+04 -2.102600165915474463e+03 -2.011175907480983142e+03 -3.624408771151230667e+03 1.541652334835160400e+04 5.487938217911870197e+03 -2.391375712818432476e+03 2.051586932961602542e+03 -2.509506597473141483e+03 3.774468334439976388e+03 5.162799853388232805e+03 1.707006349575900913e+03 1.643605523803813412e+04 -2.328701136595157368e+04 -5.592925736830999813e+04 4.844322060885660903e+04 -1.025449494974027948e+04
-2.056971678662710474e+04 1.702555855435664125e+04 2.045649171014644526e+04 3.740814682978676137e+04 4.541791249386498748e+03 4.469572968837908411e+04 -2.352739791646743925e+03 4.244209567748149129e+04 -1.304777905288098846e+05 6.738371272935564048e+04 2.263772298003108517e+04 2.193214536960747500e+04 -3.388877225657052804e+03 -1.062388178635332442e+05 -1.127981821204400185e+05 1.471166672576062956e+04 -2.182835740864169929e+04 2.567555675515198527e+04 -7.662994788404022984e+04 -2.015071085562205326e+03
-4.839646018239791010e+04 -1.512985395365995646e+04 6.405654403911847794e+02 -1.251274868840943100e+03 2.194373842344868137e+02 2.804450333860208957e+02 -9.241923730018393144e+02 2.884606263089948243e+03 -1.591420278003626845e+04 -2.506213105358427856e+04 -1.209186635085725538e+04 -3.701511613563572155e+03 1.061558581679300232e+03 5.791462955920106651e+03 3.362621335118306888e+03 4.700957338688871459e+03 9.598106574879464006e+02 -8.867073133197955030e+02 -4.769468773534652428e+03 2.744520854749957266e+02
-4.845963014898240363e+04 -1.541570544048269039e+04 9.484239234665999163e+01 -1.433326655135140527e+03 3.801555477882268264e+01 1.424529441474404337e+02 -7.656487647675452308e+02 1.711225375156304153e+03 3.725176719076167160e+02 -3.168186584693014538e+02 5.590535728672609821e+02 1.677176792397174552e+02 -4.114007897165316763e+02 3.639853548981849372e+02 -1.299490310205508479e+02 -2.736757961005950506e+02 2.945139405312567646e+02 -6.726279036900568826e+02 2.380974075089480948e+02 2.133488693548829906e+04
-2.424039997009714716e+04 2.715084858703884311e+04 3.041406667360720803e+03 9.432872077205702226e+03 2.966303850719489492e+04 4.624266314033472736e+04 -4.607289175961779620e+03 1.834351664236438955e+04 -1.363044110741724144e+05 1.357902972422608218e+04 -7.157924429253556809e+03 -1.322187335385434017e+04 3.713515098313133876e+03 -4.901170602111815970e+04 -8.799783809592082980e+04 -1.096932652225889433e+04 1.529584821315523550e+04 2.705060439367658910e+04 2.106171388400909200e+05 6.423193021979446712e+03
-1.565431860897010483e+04 1.021999815884061718e+04 1.179740651223026725e+04 2.346213713229607038e+03 -1.086107606658901659e+03 -5.599716063191059447e+02 -1.399614024867304943e+04 2.952116945742137887e+03 -1.992692129882281279e+03 -2.888164469709503919e+03 -7.301874075604537211e+03 -7.402089494802118679e+03 -1.869880277507742221e+03 -5.547891574685119849e+03 6.114283808092419349e+03 -3.519455290090428025e+04 -2.378787923844265606e+04 -1.162953781752269435e+02 -6.242019605014402259e+02 -2.981934544794703470e+02
-1.085920375403121398e+04 1.307296181514396267e+04 2.098139479013857272e+04 3.813224548891688755e+03 -6.877767673705360494e+02 4.140565509036178810e+03 3.288779178016751757e+03 1.354234792500429467e+04 -1.481321359566234423e+04 1.147797889160729210e+04 8.472478065959423475e+03 -3.651370692576099827e+04 -5.629075951953972435e+03 -1.083810986183628993e+05 1.233341660602059419e+05 5.532367128966002929e+04 -1.634244594809509726e+04 7.207423893429441705e+03 -4.248126563769073073e+03 1.813302489245689867e+04
-6.885724935957829075e+03 1.665625871182941046e+04 2.590182299127784427e+04 1.285852926881003077e+04 7.209044232068185920e+03 1.359106757683623291e+05 1.255462500916595445e+03 1.018036716806816366e+04 -8.264374236973556981e+04 7.014792801531747682e+04 2.806728217481349566e+04 -2.964695692814120412e+04 9.503420380840810822e+02 7.721361212155294197e+04 7.149716320108277432e+04 -2.450084105213037446e+02 1.533066703255069569e+03 -6.287510835684983249e+03 -9.272427919467159882e+03 5.318100502226116078e+02
-3.770983126473466837e+04 5.487385780222576614e+03 1.397230955163091676e+04 2.078126879706950422e+04 7.888132223667610560e+03 5.041418500662119914e+04 -7.442846384545428009e+02 4.519229222614926402e+04 -1.758634299516984902e+05 8.380269460526382318e+04 2.220801421463676525e+04 2.007865925857896218e+04 1.205491776937907707e+04 -3.255078927226952510e+05 -2.339856602635043964e+05 -4.201601559623531066e+05 7.102285857723297086e+05 -2.104463607909047045e+06 -2.177633794808288221e+05 5.090580878107423814e+03
-2.014504633504052981e+04 1.062716118458732490e+04 2.187704603092172692e+04 -4.004992194874646572e+01 3.034039012240794364e+03 1.463018706878956800e+04 6.418620641592957554e+02 1.249289990751801088e+04 -3.150278965936684835e+04 1.978632355256641677e+04 6.865371924112107536e+02 1.736591445204674164e+04 5.441890239574639963e+03 -2.966854747822355421e+04 8.864651243631262332e+03 -4.525492308549599693e+04 7.173357789663576114e+04 -1.147044286590801348e+05 -2.054939385332365782e+04 -1.202087136806821263e+03
-8.269029110528234014e+03 1.212154675811130255e+04 1.945407759929927488e+04 6.767131804179448409e+02 -9.838844089094538958e+02 -4.176585057240949936e+02 1.469527142023238639e+03 2.022224161599523768e+03 -4.757918270407507180e+02 -5.676659312880996367e+03 1.122173124365951844e+04 2.782894555635855795e+03 1.451476009953742619e+02 -4.463428084547167032e+02 6.132742896183765424e+01 -4.125908652994268664e+02 -1.352362213029624854e+03 -2.601624098375951348e+02 5.566907421686337329e+02 -1.061129125593249228e+03
-4.079486343937438960e+03 1.733388331160765665e+04 2.503544021297841391e+04 -2.948596440628993150e+03 -1.457506803323790564e+03 -4.547654901779227430e+02 -7.954325822481290515e+02 6.441166666878317528e+02 5.964458780852304471e+02 -5.841705663852337693e+02 8.701446784397039664e+02 9.291701707889257023e+02 1.026234815511162992e+02 1.291990935236293581e+03 -9.434798330257802945e+02 2.476133885355496602e+02 7.301762333489078571e+01 -1.457395108314310619e+02 2.491807040671991729e+02 2.837809743448983681e+02
5.459909561511816719e+03 1.603209056940918708e+04 1.819686760975696961e+04 -2.376524768783417585e+03 -2.934465077018165630e+03 -5.400679600577699375e+02 -4.823663687330248649e+04 2.676655467300744249e+02 1.005073560184593930e+03 1.955258317485047428e+03 -2.980694138723993547e+03 1.896354947027342348e+02 2.980438198850393405e+02 1.368992978556671005e+03 -9.588886964686940928e+01 4.884110760202386700e+03 3.264775922615157469e+03 6.723333391239136745e+02 -9.579436398350242143e+02 -6.302613576408838298e+02
-4.604627741940412670e+04 -1.259906075228156078e+04 4.576054832466074004e+03 1.937791861520115390e+03 4.289908033490660841e+02 1.602205318481283030e+04 -3.010843108189032137e+03 8.336419234093516934e+03 -3.707189018879443756e+04 1.345619431214451288e+04 2.521004675497531480e+03 -1.771540826357301512e+03 -5.522307809826710354e+02 -2.169653438903723872e+04 -2.672028257042165205e+04 -1.423384993807663477e+03 1.885098753698848668e+03 -5.605461733229213905e+02 4.342865661380819802e+03 9.581481931211825440e+02
-1.335784412477532533e+04 5.392653224570922248e+03 2.971616937562581825e+03 1.905387220489508400e+04 -2.967550780421677246e+03 -2.583561633666754005e+03 7.440411009900007002e+02 -2.025390919334139471e+04 -1.802770929451634174e+03 4.385586316204737159e+03 -5.493329614280697569e+03 -1.757388606066574539e+03 4.256477700449545409e+02 -5.472627718535204622e+03 5.260608814052413436e+03 2.075946158333255880e+03 -5.314070374452279793e+03 -3.959156515725744157e+03 6.026868224275362991e+03 -8.006412039263304905e+04
-5.941001800429052309e+03 1.435511619652482659e+04 2.310502888956641254e+04 1.020096689025662045e+03 -1.096509142721994749e+03 2.182953088030816070e+04 5.839926945080291262e+03 3.793454972435753461e+03 -9.799343798034515203e+03 6.455389559167898369e+03 1.118089076958426995e+04 -1.246555635928492165e+03 -9.778790566907794357e+01 8.510802698222410982e+03 3.292275169014460971e+03 2.233641445512015707e+03 -5.469765931957565044e+03 4.883892178390603476e+03 -1.952027175207748223e+04 -2.199996823435012175e+03
-4.161313609180256753e+04 4.485833937187746051e+04 -2.857399822060958104e+04 7.342522059856487613e+04 -7.147547635326703130e+03 3.787462652981037081e+02 7.165916196461229219e+02 3.945571135009588761e+04 -5.615497919158735385e+03 1.074772644658362333e+04 -1.791488276287733970e+04 5.279061122559754585e+04 6.456094998618345016e+03 7.608573222836162131e+02 4.821134528279585538e+03 2.517853316918646669e+03 -5.197553683742189605e+03 1.329530895538381446e+04 -4.473857509560351900e+03 9.885516550589499047e+02
-4.170324232268446212e+04 3.592800288983647624e+04 -2.631111025582168804e+04 -5.215194680268989032e+03 9.961860748760464048e+02 5.561228440108310451e+02 1.341938083209331353e+03 -4.304916567621630747e+02 4.213094467389594229e+02 1.276632886864748002e+02 1.716021576201648713e+03 -2.214880664581806684e+02 -6.278360627224361679e+02 -2.600806059232396592e+02 -5.757933517513069432e+01 -2.423856012809914375e+02 -3.644378215321172121e+01 -8.380023343760741454e+02 1.149647840141556259e+02 2.120631091592619487e+04
-4.170587323475137237e+04 3.568095269194974389e+04 -2.473796659065772474e+04 -2.162838451348631679e+03 2.604538090189770173e+03 1.263866223777013829e+03 2.139268686962770062e+03 2.132181932836942906e+03 -3.101443213554644535e+04 -3.973010668543655629e+04 -1.565188987708706736e+04 -3.853053730695455670e+03 2.197703823538944562e+03 3.483344351578281930e+03 1.419975937599374220e+03 2.164803718320966254e+03 -4.940297926262983879e+02 -2.932248527942805367e+02 -1.051548700041124903e+03 -1.919990278365265567e+03
-2.235486604198661371e+04 2.416618014640865658e+04 3.543543075524071173e+04 5.851090217953130195e+04 3.042747491571457431e+03 1.027573094784686837e+05 -1.545225160012829974e+03 8.473671837969536136e+04 -2.834340067104515620e+05 1.528325215690183977e+05 7.295172196053875086e+04 4.584430656133818411e+04 -8.686675688953488134e+03 -2.396390756303377566e+05 -2.578815349616229651e+05 4.549441773519771232e+04 -7.038444680056499783e+04 8.313739693864824949e+04 -2.266985218417840370e+05 -9.124035227075941293e+03
-4.589368464421355748e+04 -1.203300022316408649e+04 6.078931012906599790e+03 6.449570804826877975e+03 6.258107180087365123e+04 -1.690336489392045905e+03 -2.466131763986879832e+03 -5.761857160954552910e+02 2.130652173283455397e+01 -9.065215702016051864e+02 -4.412910171075057519e+02 3.337734950169694343e+02 -1.240196484897655580e+02 5.811739553175121955e+02 -3.358678130788852627e+02 1.142204032571900143e+02 8.788563715340114868e+01 3.897369094780199106e+01 5.515875041685845872e+02 4.181866744270756158e+02
-2.643763552898166745e+04 3.733526593055090052e+04 6.763889405942482699e+04 1.420863090887261205e+05 4.313969502724552149e+04 1.271015833814267302e+06 -1.308669935687625548e+04 9.499174306960003742e+04 -1.141569845409028232e+06 9.370813689726606244e+05 4.408323173746695393e+05 -4.719446091059840401e+05 1.800154699702349899e+04 1.400029016413799254e+06 1.067892005748613970e+06 -4.399176234783912514e+04 -1.709472291622325429e+04 1.811669281306827033e+05 1.144675960023254156e+06 7.039145206546309055e+04
-2.114881177997915074e+04 1.468417122199783807e+04 1.548987933135923231e+04 1.051925377843831848e+04 -1.942777746720550340e+03 -1.404159939207220077e+03 -6.651418915963639620e+02 5.403046954908174484e+03 1.325284490689480663e+03 -8.808859274979296970e+03 1.704087495503796526e+04 -2.003322195826729512e+03 -5.775447155237369543e+02 7.141778977988808492e+02 -1.047599784970228939e+03 -2.038564910336578805e+03 1.512101040882225107e+03 -2.977878011400046603e+02 7.978079497801917341e+02 -7.202982473511815442e+02
-2.498077186318731765e+04 2.631406486892719113e+04 1.344071925778906552e+04 2.127311319339059992e+04 4.416544705451139453e+04 1.061912859416343708e+05 -1.723220074456119255e+04 4.577454139849750936e+04 -3.619698877772307605e+05 6.661055775790552434e+04 -7.400150531655300256e+03 -4.627292921978038066e+04 9.580569618015855667e+03 -1.375425073673045263e+05 -2.645146302816238021e+05 -3.758171222240931093e+04 5.122431712113193498e+04 8.928945180183403136e+04 7.115093977176988265e+05 2.303182656337289154e+04
-5.569963073253937182e+04 4.000524081454399857e+04 -3.540128080195652728e+04 3.386319163456542447e+04 -2.646326352393198704e+03 -2.978421476435593831e+03 -1.702351305725791235e+02 1.327873263919393503e+04 5.935383108813371109e+03 -3.183994423268694391e+03 6.244542103277305614e+03 -1.249485013510049248e+04 -9.808736907070554025e+02 3.113819815720319639e+03 -3.199804087729558887e+03 -1.210436065684011055e+03 2.932243729220827390e+03 -1.852565111011800127e+03 4.739180552032481160e+02 9.570104494953679932e+02
1.739442381593432629e+03 6.848907179556313167e+03 8.535370794312584621e+03 1.082892376948381070e+03 -1.671203749385278343e+03 -5.674975144803754574e+02 -3.329818337058019097e+04 3.942772948927061520e+02 1.017118427387378233e+03 1.700167477871416395e+03 -2.908660356238736767e+03 -1.415530854884843848e+03 5.700880458068112944e+01 7.935748258184751194e+02 1.259452768595705834e+02 4.069090720195536051e+03 3.765631369439261562e+03 9.158056740302693015e+02 -9.379735426065350339e+02 -1.388441516087988248e+03
-3.868561255314465234e+04 3.287639700443525362e+04 -9.732993637808676795e+03 7.193125068376815761e+04 1.378783827118318641e+03 6.429548388281088592e+03 -4.912569955537302121e+03 6.611435765563252789e+04 -6.829972993396531092e+04 -2.652339914827760731e+04 -7.053969008508218394e+04 2.108620045659361931e+05 -1.088900561385466950e+06 3.093990988999097317e+04 2.885400965542808262e+04 8.634417348819602921e+03 -8.229624858936269902e+02 -7.977515890958977252e+03 1.418766926801020782e+04 -2.635228179999850909e+04
-1.634734480272501060e+04 1.689519701039140273e+04 3.100873103696448015e+04 2.601264623958627999e+04 2.110497511267174559e+05 -5.905270478579879637e+03 -4.248878554481485480e+03 -3.423451831658473566e+03 2.835954355154500718e+03 1.480972562610847262e+03 4.957891204323230454e+02 8.482351965876324584e+02 5.002372427578214911e+02 8.690897002965563161e+02 1.944527582295013985e+02 3.281772234728943545e+02 -4.003895635515268623e+02 8.425132268611480413e+01 -1.216642419325168703e+03 8.708482554572530887e+01
-1.864615565059217988e+04 2.100942777865520475e+04 2.087278163980586760e+04 4.169616892525290268e+02 -2.031723806715678620e+03 -1.364803949341952318e+02 -2.764431356708749809e+04 8.023361624752872558e+03 -4.013919445674296639e+03 -5.671583292612762307e+03 -1.043998388672773217e+04 -1.171076486986155942e+04 7.694598396463483425e+01 8.492329139446387671e+02 4.855386085562149674e+03 -2.347922203061005348e+03 6.377547220804218341e+03 9.757307748349103349e+02 -3.457153211764429670e+03 -4.026455005736877865e+03
-4.602943147526719986e+04 -1.264689863789240917e+04 3.977983541881245401e+03 -4.699698354103416875e+01 -4.530022228453654520e+02 -1.513452401315360021e+02 -8.306502588745566754e+03 2.768450996686508006e+03 -2.053515310426852011e+03 -3.485854513877726276e+03 -5.982718044148910849e+03 -6.529510876289483349e+03 -1.815652155286428751e+03 -4.565033017427119375e+03 5.397040189435898355e+03 -3.505207940036320360e+04 -2.350753317250120745e+04 -1.858441280671968059e+02 -7.520672148716736274e+02 2.543486747477951724e+02
-6.005000397367206460e+04 7.908590964458268900e+03 -1.878270083613457973e+04 3.457753883839090850e+04 -3.037319258598081888e+03 -3.079732552311647396e+03 -1.445619350187764894e+03 1.421650566844003515e+04 5.434487257613285692e+03 -3.826639935995622182e+03 5.398438131628876363e+03 -1.181973820030431125e+04 -8.045604858339644352e+02 3.360349777748276210e+03 -2.950909199515743239e+03 -1.388671970485195288e+03 3.341583065010165228e+03 -1.620362662141205874e+03 5.948457250856463361e+02 9.936526046306042872e+02
-1.610656136768195211e+04 1.156017457920086417e+04 1.572569381148288994e+04 5.828078324510501261e+03 -2.132346022458037993e+01 1.645524125422822908e+04 -4.077808036623342105e+03 1.035328576852500919e+04 -3.727492877361859428e+04 1.402941155382636680e+04 1.687180034048190009e+03 -1.467431651789165926e+03 -5.596192179651284277e+02 -2.284595957071625526e+04 -2.646267497842758166e+04 -1.283178297244744954e+03 1.325075457410134732e+03 -7.651088013803332899e+01 3.919088842096525696e+03 4.210640241121303688e+02
-1.632498501071744249e+04 1.148141453711508802e+04 -2.063044551935456639e+03 7.076375752388464753e+04 -7.843690622137658465e+03 -3.047454269506969013e+03 -7.178461738842386239e+02 1.473969285973627120e+04 -8.120968173802326646e+02 4.955872367066524021e+03 -7.394417601703800756e+03 8.112821642438456365e+03 -4.153971369609143380e+02 1.694514784087757334e+03 -4.056002332637973723e+03 4.352337198179257939e+03 -5.154023263973466783e+03 1.567533101109124118e+03 -4.152114205297025364e+03 6.872532123635653534e+02
-2.268955508934072714e+04 2.217990958168549696e+04 2.524409818088449174e+04 5.256338488738879096e+04 1.670060596218267528e+04 5.815192330433253665e+04 -4.714875716108374036e+03 6.135382377817633824e+04 -1.888653760664935980e+05 9.935863825625657046e+04 3.801799002635345096e+04 3.542285258769345091e+04 -5.586948865209730684e+03 -1.665052940725451044e+05 -1.773031543669730017e+05 2.847058459683305773e+04 -4.266009008677529346e+04 5.156972328555530839e+04 -1.331344025221370393e+05 -4.167404635186236192e+03
-2.081491529800353965e+04 2.536192500879427098e+04 4.180535227300407314e+03 1.058841491485599909e+04 -6.083650581761661442e+02 5.134653224016007016e+02 3.229287961229107168e+03 2.940504650858150126e+04 -2.199605304515414900e+04 -7.173503918167863048e+03 -3.149502502192466636e+04 1.129996622069243458e+05 2.546375768909037288e+04 -1.242796357310104941e+04 5.068274152195960050e+04 -5.148634246487870405e+04 6.603048786401415418e+04 2.013479243543765915e+04 4.224748431478848033e+03 -4.690543400010045843e+03
-5.939538206287260437e+03 1.211094623375649280e+04 1.635614680004983165e+04 1.579655542264437827e+04 -4.142710902344908391e+03 -2.784700412999063701e+03 -5.130154452354987370e+03 -2.497262371091237947e+04 -3.959470119536922994e+03 -1.821321810466207808e+03 3.908767892775937526e+03 4.078399191676684495e+03 8.692618458890268585e+01 -6.711098714446404756e+02 1.180663020214338758e+03 -8.027042690600703736e+02 1.192334526901939626e+03 2.947338968196086739e+01 4.357640385772976970e+02 3.383552949946546960e+03
-2.253247491160574646e+04 8.306090781308228543e+03 -4.423244692924949049e+03 4.506514150267430523e+04 -4.868705386295311655e+03 -4.232885457959593623e+03 -7.548368672821844712e+02 5.124078663600856089e+03 3.432181632861070739e+03 -1.606312030097035858e+03 1.689882706221426361e+03 -8.857891042468754677e+03 -5.970681082474553705e+02 2.077233314820018677e+03 -2.098661148950693587e+03 -3.870502909716080921e+02 1.609881247482415802e+03 -1.135874974778027536e+03 3.070540866370913946e+01 4.260882961410005123e+02
1.020414119817597748e+04 1.827118255951868832e+03 2.578017258799264710e+03 6.099677361434806926e+02 -1.558317153534177635e+02 -1.446071068172855405e+02 -1.095712575517850382e+03 6.946127096710705473e+01 -5.538277160630134865e+00 9.279283576779507214e+00 -1.604496791496430603e+02 -1.540372208770763223e+02 -1.172426864024603788e+01 -5.217434830459889099e+02 3.836291105050476631e+02 -1.143506120665588099e+02 7.294047955611101486e+01 1.103911014445181564e+02 1.895223703066588712e+02 -4.540301203375191790e+02
-6.590779916431460151e+03 6.614137698002749858e+03 9.158483927634564679e+03 1.646361062012261391e+04 -2.816141118056958021e+03 -2.425423981137370902e+03 5.457053584566784821e+02 -2.038842861450739656e+04 -3.235205230669379489e+03 2.444704539193362962e+03 -6.070202600591823284e+03 -3.804680637561154072e+03 -5.471593869261357668e+02 -7.512098922467746888e+03 6.021510406545687147e+03 -3.622493894049004666e+03 1.943897882410014290e+03 3.584948257398009446e+03 1.020554776040481784e+03 -1.181593545244229608e+04
-4.704101450255882082e+04 6.121237027709493850e+04 -9.249300034960846460e+03 1.998349506916405062e+03 -3.062291671448003854e+03 -3.717082090299904280e+02 -4.245673163844081864e+04 7.250449654045755778e+03 2.425580022824114621e+03 4.861815056956664193e+03 -8.468721474108471739e+03 -3.500934124148978299e+03 1.688022604098250099e+02 5.169221720037143086e+02 -1.519927614050071156e+02 1.592846051146732179e+03 -1.509685108534714345e+03 -1.556845043695381264e+03 2.726514607763484719e+02 1.688832860007781392e+03
-3.974917303996800911e+04 2.992474114119260776e+04 7.071599825384917494e+04 2.119786576615697704e+05 2.921329843516815163e+04 2.260459814969441388e+06 -1.914860276708381571e+04 -1.197141876558182703e+05 3.777748173153723474e+05 -2.296517968083749874e+05 -1.297108764629842626e+05 6.304044928217919369e+04 5.534690031535938942e+03 -1.422523746465898002e+05 -6.509183787714028585e+04 -5.075145329514676996e+04 9.022648044844013930e+04 -1.260102463768135494e+05 5.543411406090674427e+04 7.031130045779574175e+03
5.906625090631243438e+03 2.244378603518495584e+04 2.422598314303820734e+04 -4.004137492180899244e+03 -4.056508325399463502e+03 -6.199152757266244862e+02 -6.022144670987378777e+04 -2.630794266499915466e+02 1.014021235464093934e+03 1.512865329384959296e+03 -1.699485504794185090e+03 1.115284497254631106e+03 3.977179802204413477e+02 2.047592080128308680e+03 -4.567170565383835310e+02 5.237373176436987706e+03 3.178621241428153553e+03 5.388663886979923063e+02 -1.028107932040280730e+03 -4.828224172839753123e+02
-1.898351268398696629e+04 6.522533476331860584e+03 1.496622644829347109e+03 1.870951898562775386e+04 -2.448859104135488451e+03 -2.230860914329803563e+03 4.279556442280983788e+02 -5.041942970901084664e+03 8.588831642364674508e+02 -7.989890537939633077e+02 1.573565117327224698e+03 -5.535159469861342586e+03 -7.951532180723112333e+02 1.930451418611961572e+02 -6.290491205285378555e+02 -1.660532309916900658e+03 2.832838840519461428e+03 2.253647786153753714e+02 -5.636853336376419499e+00 -2.866205585597901617e+01
-2.079872154026664066e+04 2.301262177311371488e+04 2.781233708410477993e+04 5.280752192131114862e+04 1.898121831730266422e+04 3.945801167727387510e+05 -8.629316190962386827e+03 4.870682226124389854e+04 -4.489198651543679298e+05 2.664641288210290950e+05 1.004053454014450544e+05 -1.278585670325097308e+05 8.105133357099221939e+03 2.505880785946081160e+05 1.227242857358850306e+05 -2.785124923055542240e+04 2.327273734393592531e+04 6.953022560114209773e+04 5.475016851465109503e+05 2.539773012891562030e+04
-2.466276129564295115e+04 4.316931995612878382e+04 -9.356047416490860996e+03 -8.184752867121148483e+03 -5.336719345499749778e+01 4.103308196991755494e+02 4.557326538496399735e+02 -5.655098193541405180e+02 7.544406119135973086e+02 2.165642182521689392e+03 -2.630109235309085307e+03 -6.312753446901390930e+01 -2.361498727854709756e+01 6.953301270476470108e+02 -8.839249841487686581e+02 4.000994297893683438e+02 -3.301937546914816153e+02 -3.207875335095077958e+02 -6.282757933654114169e+01 3.621390168304087069e+02
-2.543221660602815246e+04 5.265922900626764749e+04 -2.694126435071390915e+03 -9.914958012132710792e+03 -1.291147858490618319e+03 2.048807597564896525e+02 -9.121109873055642311e+03 -2.573104428075873784e+03 4.096376360757096791e+02 -2.720786630792197798e+02 2.821549830837883746e+03 2.743227325307871524e+03 1.867531663636876829e+02 1.662408449618736995e+03 -1.336460732225734091e+03 8.620363988875793666e+02 -6.017158225151396209e+02 -6.000136215628834861e+02 1.388677893365892544e+02 6.963958271793217136e+02
-3.524441425842699391e+04 1.178637168715062398e+04 1.445507316343285493e+04 9.359982800882293304e+03 6.119413399034775694e+02 1.304539132590885492e+04 2.595996027179665816e+03 3.831054843540570437e+04 -4.155330466308815085e+04 1.914664494520594235e+04 -2.673154172047445900e+04 1.314564334532577195e+05 3.070207882282851642e+04 -3.772814138030936738e+04 6.163505172778567066e+04 -9.765686909562136861e+04 1.384372998719698226e+05 -9.459192757047677878e+04 -1.584150550664950970e+04 -5.557602230400664666e+03
-3.885188543786620721e+04 3.614554735393063311e+04 -1.928431437533532880e+04 -1.280410324934097730e+02 3.362278403425074885e+03 1.755579447067759611e+04 -2.080799369136945643e+03 1.022364857648575526e+04 -6.862281947477858921e+04 -2.563567161726557242e+04 -1.514341436542061638e+04 -5.569973965455726102e+03 1.649428191045172753e+03 -1.870035693211021498e+04 -2.507868034628783062e+04 7.861500935109968395e+02 1.263293472028774886e+03 -7.942321736600966915e+02 3.267838858233412338e+03 -7.707681745238853637e+02
-8.164902145804408974e+03 2.400231532181185685e+04 1.730920487033365134e+04 -4.540638495102361958e+03 -8.390980876393442713e+02 -1.095365379873479554e+02 -1.921686567262522431e+03 2.143406809927536870e+03 8.131328660606980065e+02 1.482207930621904779e+03 -3.379162211615254819e+03 -2.465887889774709549e+02 1.152959306853816486e+02 8.376260052543372012e+02 -6.256865389515163542e+02 1.471618975222091024e+02 1.433401094240787472e+02 7.624609352390254458e+01 5.277420297222758450e+01 1.021742653885860364e+02
-2.550316071311169071e+04 4.685446164157221938e+04 7.675286094843453611e+04 1.703918709674685961e+05 1.541150563315390536e+04 1.506570187475674786e+06 -4.363695134145696102e+03 -2.412744625989654378e+04 -8.255080591431991706e+03 3.040224348985324832e+04 3.051930674583101063e+04 -1.758478262386174902e+04 5.683505266446113637e+02 8.998937168547938927e+04 4.975818324833241786e+04 5.654293311087509210e+03 -1.938085359473494464e+04 2.241344838938506291e+04 -4.022615965327111189e+04 -6.238966188793024230e+03
-3.771315434967391047e+04 4.238908057711128640e+04 -2.853801297099386284e+04 3.704656502632443880e+04 -3.314501203949099818e+03 -2.502345855454220327e+03 9.126710452516171017e+02 2.366173676923341918e+04 1.533847844150578567e+03 1.434145722859728266e+03 -6.376811645720796150e+03 2.880700884749126271e+04 7.910478501275012604e+03 1.935974947744938163e+03 8.840564354322053987e+03 -1.975183679708217596e+03 7.030829980414177953e+02 6.221176710683871534e+03 3.433523332272582593e+03 2.010680806103792690e+02
-2.188720638574317491e+04 1.059241400413203519e+04 2.038235173054236293e+04 1.070193685679009832e+03 2.980372296831242238e+02 5.426398347164040388e+03 9.807530587024210718e+02 1.513648240063977573e+04 -3.310712545823999244e+04 6.404356264205569460e+03 6.070649570346965447e+03 2.212927586896739012e+04 2.720696677117902254e+03 -7.061930946635431610e+04 -1.077249770298189105e+04 -2.974411617955128895e+04 3.031431920450131292e+04 8.639082772654804285e+04 2.669608991490132175e+05 4.358330732482956478e+02
-3.885754238286243344e+04 3.844015346544401109e+04 -1.820402894868576914e+04 3.710542575426933126e+03 6.524432475835753576e+04 -3.876395604497004115e+02 -1.671777369203816988e+03 1.056917082525432761e+03 -3.129947152805522637e+04 -4.010621162932412699e+04 -1.809691994047061235e+04 -3.857216842723536502e+03 2.063647862063735829e+03 3.857529202163733771e+03 1.467494285133613403e+03 2.206912003982021815e+03 -3.207175426645683274e+02 -2.984997100814320561e+02 -3.287676974585270955e+02 -1.296538244802725330e+03
-1.565111822506011049e+04 2.048667036234676198e+04 3.396677851449735317e+04 2.398550051632946634e+04 1.408213290311832679e+04 1.836175292621102417e+05 -1.704268109117535687e+03 3.491513027222832898e+04 -1.615029954930181266e+05 1.151685675039693451e+05 5.206802212307549780e+04 -7.379682704931290937e+04 -6.919087457710166746e+03 -8.549426763691932138e+04 1.905267469036896655e+05 7.532553606116860465e+04 -2.666221582010770362e+04 1.253163045331532339e+04 -3.154822544632164136e+04 2.506338009007180881e+04
-1.708636728398345076e+04 2.835189174431264109e+04 6.586308687313713563e+03 -4.901950806097448549e+03 1.834501097847514984e+03 1.047673046542375914e+03 1.521118082522548093e+03 3.529827770442487235e+03 -3.096794889893597428e+04 -4.028766569875828282e+04 -1.560307267959708224e+04 -2.689018817350478002e+03 2.364681543432397575e+03 4.393882550741890554e+03 7.508663857060430473e+02 2.230344054615501136e+03 -6.242688887996139329e+02 -4.744686105552486879e+02 -7.202272152496884701e+02 -1.552508230545669448e+03
-2.214801331850581118e+04 9.549221350846873975e+03 -4.367827804911557905e+03 5.593127288790710008e+04 -6.068493282603296393e+03 -3.844372087459998966e+03 -8.211258393292827122e+02 9.383628580807064282e+03 2.069280387447099656e+03 6.138370377659412043e+02 -1.236244903974928320e+03 -3.429778892311157051e+03 -7.532060074720546936e+02 2.060641874349598766e+03 -3.118340994897003384e+03 1.019022374971657882e+03 -2.675471993524815844e+02 7.744503476983196322e+01 -1.688436808820336864e+03 5.981546491244725985e+02
-2.139282583514061480e+04 1.669250433376318324e+04 2.858990243256326357e+04 5.493242325921494194e+04 9.489859459523053374e+03 4.036891045099346084e+05 -2.181777798990034171e+03 2.346222866064402842e+04 -1.660655932559117791e+05 1.053476070377410506e+05 3.949592709240562544e+04 -2.283408038272349586e+04 1.219027679153638019e+03 2.697327306639865128e+04 3.204512716034817004e+03 -7.557266005306512852e+03 8.637278020521813232e+03 -6.729975041896844232e+03 2.127200691574783559e+04 1.187797289134248786e+03
-3.910819667834944994e+04 3.635711850487681659e+04 -2.221929234384713345e+04 -3.315298859977242046e+03 2.599641030019798109e+03 1.304544047363745904e+03 -5.611903468576043451e+03 3.991677738283229701e+03 -3.372209692798650212e+04 -4.277484244078307529e+04 -2.325975603749015136e+04 -1.025429043704729702e+04 4.026306506200048148e+02 -1.524834652175862857e+03 7.162790460024280037e+03 -3.288505210012616590e+04 -2.411315516544608909e+04 -4.502570374609666146e+02 -1.754374631850071182e+03 -1.460548585888313482e+03
-4.497560914768552902e+04 -1.201604209123886358e+04 5.309826484159040774e+03 1.043054283205260191e+02 -3.748424338867727670e+02 1.119628517855334167e+02 -1.248291171715571579e+02 3.567363206870639715e+03 2.175775992060211763e+02 -4.081280349976337902e+02 6.180110491064102689e+02 -4.960572751337494083e+03 -8.285484604035052598e+02 -1.363918249631085928e+04 1.185007122673222693e+04 3.586646625777939335e+03 -5.047427174203558025e+02 8.135508620338127628e+01 9.193478737572451109e+02 8.169647232449574403e+02
-4.680950861617274495e+04 -1.319549788916646503e+04 3.035047376663588693e+03 2.219901983972745256e+02 -3.777303062011946508e+02 -1.573246376394872073e+02 -6.158163071821896665e+03 4.854626660335186898e+03 1.994405185280291334e+03 -7.163714955289764248e+02 -6.529521490225026810e+02 -1.144733713658063971e+04 -1.358295780104130017e+03 -2.735567370719607425e+03 8.981807683131725071e+02 -8.488964953777996925e+03 1.239775120354199862e+04 5.336844063294906846e+03 1.905494233196714504e+03 9.508481988474042623e+01
-1.130175782261129825e+03 8.587150588177890313e+03 1.259251453317968480e+04 1.455144877658755104e+04 -3.478717288243399253e+03 -2.489899728390200835e+03 -1.057194059366921692e+03 -2.426095252524291573e+04 -3.845296067989490439e+03 2.099900988859861286e+02 -3.393883624353734376e+02 2.832331433068610295e+03 2.445223252035504302e+01 -9.820653798287851259e+02 1.268527851211628786e+03 -8.728470957842631606e+02 1.200178603097099312e+03 1.956913874191649256e+02 2.103779406836171972e+02 3.224230959453143441e+03
-2.570853792615455313e+04 5.073032738191946555e+04 -8.407798587835906801e+03 -1.050283022344223718e+04 -4.534523782023435388e+02 5.852566079262376206e+02 -8.667768475290251445e+03 3.793341517242582768e+02 9.801341237158752620e+02 3.373005108235860007e+03 -4.894548237448552754e+03 -6.077363219489584480e+02 -1.304284622230599666e+01 7.027184382082065213e+02 -9.036792824580992374e+02 5.985304946673736595e+02 -3.787749984010399658e+02 -3.360755885533433798e+02 -1.900938449099860748e+02 3.154016299376791039e+02
-1.352424714634125303e+04 8.743407757215743914e+03 1.256349435537730642e+04 9.313534346217137454e+02 -3.351549303205198953e+02 -1.109355355101379388e+02 -2.253711932389644517e+03 3.563113452991826307e+03 -1.029009546718684396e+04 -1.555432158450482893e+04 -9.444648769327997798e+03 -5.993625932629745876e+03 1.795968012784305188e+02 2.255392581255862751e+03 5.419889794537508351e+03 1.506601148206535981e+03 1.779408649029998742e+03 -7.086477114373822133e+02 1.790254385051160170e+03 -3.748153457748528126e+03
-2.419930139149323804e+04 3.152233424477717926e+04 5.124555876358887326e+04 1.184201979667037813e+05 9.877560096764089394e+03 9.567599549351952737e+05 1.132063993504563541e+03 5.859831763124255303e+03 -1.293479013616237353e+05 1.145487664669373189e+05 5.762644714507655590e+04 -3.982553217175226018e+04 1.183293180891941574e+03 1.456256207372577919e+05 1.073890969390686078e+05 3.815899510461618149e+01 -8.641450114907387615e+03 -6.532393341808387959e+02 -5.168300337250918528e+04 -3.893080040785371693e+03
-1.052631048399732390e+04 1.851883552638748370e+04 3.053110101702707834e+04 5.659144533990031960e+03 -1.303292483372803645e+03 4.391597968342187960e+04 4.715599102688377570e+03 6.289359303651940536e+03 -2.125216814439825248e+04 7.663504909148605293e+03 3.388221645542776241e+04 8.733207343632615220e+02 -2.892178043490093842e+01 1.660098898066484617e+04 6.471864005760279724e+03 3.901156871124001555e+03 -1.190397193962593337e+04 9.382008345467314939e+03 -3.854573542959671613e+04 -5.118473522051453074e+03
-1.872033034813562335e+04 1.216094032018159123e+04 1.387000116703631829e+04 4.667776200801656159e+03 -1.076934733416352628e+03 -7.407478098853841857e+02 -8.682794110961987826e+03 6.974718255924339246e+03 2.590582734659922608e+03 -9.506968426653337474e+02 -4.000421300142286896e+02 -1.389763721155244093e+04 -2.839779256512464144e+03 -3.374081548255800044e+03 1.684857411065777796e+03 -9.708838649437677304e+03 1.398347962933937924e+04 2.764862269785067383e+03 1.556108727418949002e+03 -1.094641768940874726e+03
-1.171270572804288895e+04 7.536681006660376624e+03 5.264931371312093233e+02 3.702967922016939701e+04 -4.323429578771078013e+03 -3.563479785229901609e+03 -1.932992262994625321e+02 1.182243370842518971e+03 1.649012284284201314e+03 1.805399315014020374e+02 -1.461140254885671538e+03 -3.082540217552679678e+03 3.462660224152996875e+02 1.235626639746685214e+03 -8.698897611797624450e+02 1.472196246462389809e+03 -1.649503560278798432e+03 -1.512087152986515548e+03 1.822436945651340352e+02 1.258540529290554417e+02
-1.966461557001504843e+04 1.187107865118660629e+04 1.117028104134816749e+04 1.019944436896772822e+04 -1.227047558464049416e+03 -4.805181352293703867e+02 8.166052432050915968e+02 7.304730259301427395e+03 1.786233784994679354e+03 -1.961266036829631730e+03 2.894845960502947491e+03 -8.947104546462624057e+03 -1.329754784263787315e+03 -1.396918719674828571e+04 1.161827052964692666e+04 2.615119114285952946e+03 8.295527952830755112e+02 -1.052709253896941561e+02 1.394004882904327587e+03 4.541941611220650543e+02
-1.331670510997243582e+04 9.515593911858180945e+03 -5.886741811411254730e+02 5.416958968951795396e+04 -6.124223939163437535e+03 -3.297012171468048109e+03 -4.371977265438720792e+02 7.978063116618582171e+03 3.105681138053002996e+02 2.729597076025571823e+03 -4.706085736871726112e+03 3.074268071996227718e+03 6.292735904498648836e+01 1.433784278844896335e+03 -2.387789885872600735e+03 3.136379904241262921e+03 -3.767116367970311785e+03 -3.894781498443727230e+01 -1.966901238353729241e+03 3.796910339600185011e+02
