-4.880264363350129861e+04 -1.576534414037815077e+04 -1.027120724958082008e+02 -1.415651714298260458e+03 -2.632827909916496623e+01 1.008616571652601692e+02 -3.921715478830283814e+02 -2.474671445894043487e+01 2.605573124962560314e+02 3.976430046290449809e+02 -1.494730820424366158e+01 3.540870430078251729e+02 6.712835077698647979e+01 1.313029635095442416e+02 -9.005125063739896518e+01 1.379427745029435357e+02 -4.770330612687532579e+01 7.451985347922881431e+01 -1.866088247663716615e+01 -6.497437272755660160e+02
2.020292680284529342e+04 -2.748317897590459779e+03 -2.921424866945450049e+03 -3.246315709627954220e+02 1.261869903670818047e+02 7.198759903692533157e+01 -6.535808352497409146e+01 1.405388320855848008e+02 4.172605532339412893e-01 -2.377984209795802073e+01 6.010629557034452120e+01 2.977577265318214472e+01 4.354969179707967264e+00 -3.311096699675192045e+00 2.590205790404044972e+00 1.365396161809172559e-01 -1.725308780576248679e+01 -9.022951015531750940e+00 5.123353571568428855e+00 -6.809998615024533741e+00
-3.711377915296634001e+03 1.288904487698350022e+04 1.970950858556790627e+04 -2.383086010438479207e+03 -8.671271199929599334e+02 -2.967885547400128985e+02 3.229663071960236721e+03 1.265512074654829121e+03 6.920061020923253636e+02 6.975945984510971130e+02 -1.888361507986275910e+03 -4.022007036942608806e+02 1.035969990229689763e+01 9.778426883055084318e+02 -8.219093660284385123e+02 2.592186429641714795e+01 2.023992647906420359e+02 4.596942717259541666e+01 1.446941838428511140e+01 1.168363528056790273e+02
-4.260948431411076308e+04 3.583855509581115621e+04 -2.622797651666524689e+04 -5.116649880567122636e+03 9.131961599864264372e+02 4.989456331225945291e+02 1.728144262842204625e+03 -2.218498231378158380e+03 3.045779122336502951e+02 8.541935419314213505e+02 1.106450894734566873e+03 -7.796438708707576382e+01 -1.458836760046524432e+02 -5.319505716565829516e+02 9.963067892269386050e+00 1.461385001137608413e+02 -3.419524236107096726e+02 -6.901205402121807708e+01 -1.414862374861591547e+02 -7.898995258054789019e+02
-2.249150336165764020e+04 8.416704132345894322e+03 -4.428110609176758771e+03 4.606398681878353091e+04 -4.979118456850825169e+03 -4.202633612928501861e+03 -7.649522615474411396e+02 5.499008180430873836e+03 3.312739181169832136e+03 -1.410689587517871132e+03 1.431322060947377167e+03 -8.372174511816381710e+03 -6.073869147335984735e+02 2.077115002409608223e+03 -2.186267009697542562e+03 -2.577560584368147261e+02 1.436092728556126303e+03 -1.034539191350248757e+03 -1.169675898859204182e+02 4.412105851613661116e+02
-2.526453035560741409e+04 4.444472669138551282e+04 7.377008612880374130e+04 1.667412331157379376e+05 1.493705606932060800e+04 1.466414314343673410e+06 -2.802717923809582771e+03 -2.346521660321276795e+04 -9.237804425527285275e+03 3.232638898700807113e+04 2.991672128163318848e+04 -1.749737816649088927e+04 4.957015334456363576e+02 9.101359860904086963e+04 5.358278815693398064e+04 5.187350187974319851e+03 -1.797233859911886975e+04 1.889587042832405132e+04 -4.458338193041580962e+04 -5.903833228715079713e+03
-2.542813170292926225e+04 5.264018979236546875e+04 -2.684643253146652569e+03 -9.911907657220453984e+03 -1.291064361691763679e+03 2.047457121349256113e+02 -9.121852810924088772e+03 -2.570785223356514052e+03 4.101198027127091450e+02 -2.701488355824576502e+02 2.817228821868909563e+03 2.740472598578632187e+03 1.865226062682626491e+02 1.661482182563574725e+03 -1.335984560740018196e+03 8.615797151775142311e+02 -6.013537733767734608e+02 -5.997160140493637073e+02 1.386853127196532398e+02 6.960461073427655947e+02
-1.563360480309106788e+04 1.496085156551233922e+04 2.630129647140495217e+04 1.984905078287511060e+04 1.560511772892936715e+05 -4.772554956539534032e+03 -2.810459811534921300e+03 -2.046563993186940934e+03 2.250597081058774165e+03 4.850003028675900651e+01 1.465705627972968159e+02 2.751122740204709203e+02 2.155494045568247259e+02 5.696760930554859215e+02 3.653821015610342329e+02 5.708977152275090106e+01 -6.906811676006014977e+01 -7.912500867548281747e+01 -2.077771860339607599e+02 -9.281570467278573489e+00
-4.217001399620797201e+03 3.733901494332122184e+03 6.104923812527552400e+03 8.687413060660626797e+03 -1.811458712229378079e+03 -1.332984150243031536e+03 1.778358774835672421e+03 -8.864665992643853315e+03 -7.125741355107948038e+02 1.520027322263936867e+03 -2.102544645672347087e+03 3.843620526443211105e+01 -6.937243104096538993e+00 -2.504279718032194353e+02 1.425693535860204122e+02 2.088147185623425273e+01 -6.046709385067838838e+00 1.518701726593597527e+02 -8.652789574654110538e+01 -1.128180359493270771e+03
5.745612345712081151e+03 2.186430315503901511e+04 2.374230774923662830e+04 -3.797824502155834580e+03 -3.956852880620016549e+03 -6.213658044960221787e+02 -5.888250287235660653e+04 -2.553396450503357755e+02 1.003281877098258974e+03 1.454434442086873332e+03 -1.624012688191174220e+03 1.066001928466748950e+03 3.874518931349374498e+02 1.981259921263584602e+03 -4.217327330515403787e+02 5.163533452930844760e+03 3.205136191975332622e+03 5.587294386917297970e+02 -1.000300325255873531e+03 -4.879834795393147147e+02
-8.267517766843955542e+03 1.212194312772103513e+04 1.945384917074596160e+04 6.776383522330132791e+02 -9.837532800345527448e+02 -4.176790584800914417e+02 1.470740034593441578e+03 2.022654090543928532e+03 -4.759493815224411719e+02 -5.677607330834984168e+03 1.122361912830221991e+04 2.783055781211327030e+03 1.451341787435013941e+02 -4.467097882059240419e+02 6.152020407299109905e+01 -4.127415795344114713e+02 -1.352601135540258383e+03 -2.601719605157248338e+02 5.567502376732375069e+02 -1.061421617385608897e+03
-5.569963073253937182e+04 4.000524081454399857e+04 -3.540128080195652728e+04 3.386319163456542447e+04 -2.646326352393198704e+03 -2.978421476435593831e+03 -1.702351305725791235e+02 1.327873263919393503e+04 5.935383108813371109e+03 -3.183994423268694391e+03 6.244542103277305614e+03 -1.249485013510049248e+04 -9.808736907070554025e+02 3.113819815720319639e+03 -3.199804087729558887e+03 -1.210436065684011055e+03 2.932243729220827390e+03 -1.852565111011800127e+03 4.739180552032481160e+02 9.570104494953679932e+02
-6.970971568677952746e+03 1.664082898006760661e+04 2.587655350197975349e+04 1.313023892482989322e+04 7.227434201049236435e+03 1.375578091731290333e+05 1.230872724118415590e+03 1.012826541473985162e+04 -8.235868248192110332e+04 6.984702938409350463e+04 2.792259419403614811e+04 -2.948025786733418136e+04 9.437713882998447161e+02 7.673788760377629660e+04 7.096032030501576082e+04 -2.703275651065226270e+02 1.539606421037096197e+03 -6.265461561318350505e+03 -9.160290868540876545e+03 5.314000316517895044e+02
9.659534227920905778e+02 6.538349311442698308e+03 1.022226805925892040e+04 1.422813588477860321e+04 -3.183675682347493876e+03 -2.366024562109654198e+03 6.160529543402703894e+02 -2.390340970130595451e+04 -3.769036888479050504e+03 1.021758912629291331e+03 -2.040015637384990441e+03 2.167279701327617204e+03 -1.879811847500987199e+01 -1.061704810679709681e+03 1.260887664713382264e+03 -9.481674324662684512e+02 1.258580182442713749e+03 2.710414676419809439e+02 8.870993142784679719e+01 3.164708283416055565e+03
-3.771315434967391047e+04 4.238908057711128640e+04 -2.853801297099386284e+04 3.704656502632443153e+04 -3.314501203949099818e+03 -2.502345855454220327e+03 9.126710452516171017e+02 2.366173676923341918e+04 1.533847844150578567e+03 1.434145722859728266e+03 -6.376811645720796150e+03 2.880700884749126271e+04 7.910478501275012604e+03 1.935974947744938163e+03 8.840564354322055806e+03 -1.975183679708217596e+03 7.030829980414177953e+02 6.221176710683871534e+03 3.433523332272582593e+03 2.010680806103792690e+02
-3.390361032988087391e+04 7.461490853905177210e+04 1.565464070198635163e+05 6.688038500037605409e+05 9.269461209923577553e+04 7.429178814210163429e+06 -7.226347487304396054e+04 -6.452495208701075753e+05 2.697222315995696001e+06 -1.839428319571936736e+06 -9.099011106334049255e+05 4.952719504703676794e+05 -1.449154183666315657e+04 -1.352397542225514771e+06 -1.006791201424730825e+06 1.677897437323605482e+04 5.029670213864884863e+04 3.157114726211919697e+04 3.748489633779013529e+05 3.634773474928404903e+04
-4.861441859825863503e+04 -1.528162621223797396e+04 3.917621545025828027e+02 -1.308593691419354627e+03 2.644006053109611685e+02 2.703206272594952111e+02 -4.009051462307775182e+02 2.771347223015769032e+03 -1.704629155360351433e+04 -2.703615614563209965e+04 -1.266208977135606256e+04 -3.367413189318752302e+03 1.209527647782864506e+03 6.325917874319437033e+03 3.038356593065097059e+03 5.304783974422848587e+03 7.861133201546936107e+02 -9.053321555862670493e+02 -5.976121260067397998e+03 1.023679187387900470e+03
-4.679770990793898818e+04 1.215091367005377469e+04 -1.520415546602802351e+04 1.343445135677665530e+04 4.547817147043622867e+02 -1.254920919419478338e+02 -8.076833067681865259e+02 1.634449518992396224e+04 -9.798865599246739293e+03 -1.063435613024535269e+04 -9.655854007901918521e+03 4.640001193447296828e+04 -3.351305652708171983e+05 1.387256927966909097e+04 9.702717371192869905e+03 -1.708779389661585810e+02 1.221205099208779575e+04 -3.601216893248256838e+03 1.025727638613317686e+04 9.702828519210299874e+02
-2.355501195781554634e+04 2.426984973255989826e+04 3.045530167303907729e+04 5.912451571240432531e+04 8.350890648660184524e+03 8.631646067246636085e+04 -1.990197281742230189e+03 7.837111987679245067e+04 -2.531767388323282066e+05 1.347787085001167434e+05 5.998019736836874654e+04 4.462488080936217739e+04 -7.427769283151556010e+03 -2.174164048649182951e+05 -2.326986299964479113e+05 3.998201027050675475e+04 -6.119156957917978434e+04 7.300509332303369592e+04 -1.949312601985632209e+05 -7.287238835909098270e+03
-1.303446378347080827e+04 8.465624074607254443e+03 -5.522170815791484983e+02 4.541430786308955430e+04 -5.164392491242273536e+03 -3.647458050720895244e+03 -3.705843086787810421e+02 4.426805668115517619e+03 1.396414519318562725e+03 9.873488891095422559e+02 -2.487110646185244605e+03 -9.974998554535127369e+02 3.136345250045043827e+02 1.438951524908745341e+03 -1.434573600313800171e+03 2.196353524274135907e+03 -2.581712882916579474e+03 -1.191875514354515644e+03 -4.493883309569386029e+02 1.992324551674157362e+02
-9.880571108087347966e+03 1.174085480987599294e+04 1.776395283924359683e+04 1.688809178796170954e+03 -7.138829977909133504e+02 1.771044679630503822e+02 5.234867243279710465e+02 4.406462738492185963e+03 2.456130674919551780e+02 -4.637245450640709237e+02 5.931784738541883826e+02 -5.038118072479965122e+03 -8.844094764837718685e+02 -1.475925523114128373e+04 1.217356555593605299e+04 3.707794724910551849e+03 -9.540584685976988339e+02 1.002438039803905525e+02 1.039415018202043484e+03 2.863187538190836108e+02
-9.045574359854303111e+03 2.509472781560664771e+03 6.052602049672834710e+02 8.564211321167173082e+03 -5.749691222825024397e+02 -1.042737895624301245e+03 -5.479558260491886585e+02 2.337874444150977070e+03 2.716819043223620156e+03 -5.838273971440327841e+03 9.895888114277093337e+03 -2.375673958914053583e+04 -4.361648984331933207e+03 -3.282483414749740859e+03 -9.360360308197105041e+02 -2.595746211705441965e+04 3.979367801747011981e+04 2.336766508746086038e+04 -3.981866910769650531e+03 -2.856470254596074483e+03
-3.937153958005670574e+04 9.400567375560969595e+03 2.847170868239002084e+04 -7.704187854615644028e+03 -4.774978464673319650e+03 6.019810164568499431e+02 -9.283654984462929133e+04 9.804378563949621821e+03 -1.180067871268931412e+04 -9.444628457886306933e+03 -3.087097540681488681e+04 -2.959314100704528391e+04 -1.036357618702884065e+04 -4.091347559392800758e+04 4.181658393500300735e+04 -5.402395853004804812e+05 -4.130519698641552241e+05 -2.224136468164364123e+04 -2.088010960122931283e+04 2.494672799212529208e+04
-4.140985007607437728e+04 3.578637604821207060e+04 -2.446633808414151645e+04 -2.333260933340390238e+03 2.607783802910891154e+03 1.273529798957116782e+03 1.263595057168875201e+03 2.326372915013752845e+03 -3.135038504411276881e+04 -4.008934316372132162e+04 -1.652964872025600198e+04 -4.561929286535963911e+03 1.994875311066967470e+03 2.909601560404516476e+03 2.071226853358359222e+03 -1.808932389963789547e+03 -3.177503663770178264e+03 -3.070629019740777039e+02 -1.124444537913430850e+03 -1.874979410894962484e+03
-2.443590508729571957e+04 2.764562726016920351e+04 2.953061650322809783e+03 9.597311744516851832e+03 3.004366270549217006e+04 4.931213160487252753e+04 -4.474619833935868883e+03 1.760546573858970078e+04 -1.317436623304992099e+05 1.264038194269636006e+04 -6.904044458360222961e+03 -1.290499164065212244e+04 3.606470608988413460e+03 -4.535831515630902140e+04 -8.219663332260421885e+04 -1.075803447216089080e+04 1.508936140102590798e+04 2.418885408591651139e+04 1.976546505590378947e+05 5.946790384541276580e+03
-3.556440065950261669e+03 1.503233574026369752e+04 2.199324215206546796e+04 -3.021360153870700742e+03 -9.415874358343978656e+02 -2.704030180665709509e+02 1.814997478184289093e+03 2.146080771553831710e+03 8.867997880225146901e+02 1.231924062967034160e+03 -3.041923264665034367e+03 -8.323255301970282289e+02 -1.270345283632759426e+01 7.419205562155543703e+02 -7.032402174003033224e+02 4.817402289359931444e+01 2.142061584297337617e+02 5.457573857827313191e+00 1.011183655079294397e+02 6.930546336410733943e+01
-1.877966091843798131e+04 1.864173143070866718e+04 3.369479839857059414e+04 6.525908256502177392e+04 1.195487715793007374e+04 5.420072582886775490e+05 -3.890975289981653532e+03 3.861480705472936825e+04 -3.798631357206021203e+05 3.002270024910810753e+05 1.328705408660682151e+05 -1.277437786471362924e+05 4.017132073338615555e+03 3.536426449657608173e+05 2.706605352894643438e+05 -1.040276117081466327e+04 -2.433088852690971635e+03 2.810548541172234036e+04 2.003430532001699321e+05 1.404269549558641665e+04
-2.014504633504052617e+04 1.062716118458732308e+04 2.187704603092172692e+04 -4.004992194874649414e+01 3.034039012240794818e+03 1.463018706878957164e+04 6.418620641592956417e+02 1.249289990751801088e+04 -3.150278965936684835e+04 1.978632355256641677e+04 6.865371924112107536e+02 1.736591445204674164e+04 5.441890239574639054e+03 -2.966854747822355057e+04 8.864651243631262332e+03 -4.525492308549598965e+04 7.173357789663576114e+04 -1.147044286590801494e+05 -2.054939385332365782e+04 -1.202087136806821263e+03
-1.085920375403121398e+04 1.307296181514396449e+04 2.098139479013857272e+04 3.813224548891688755e+03 -6.877767673705360494e+02 4.140565509036178810e+03 3.288779178016750848e+03 1.354234792500429467e+04 -1.481321359566234605e+04 1.147797889160729210e+04 8.472478065959421656e+03 -3.651370692576099100e+04 -5.629075951953971526e+03 -1.083810986183628993e+05 1.233341660602059710e+05 5.532367128966004384e+04 -1.634244594809510272e+04 7.207423893429443524e+03 -4.248126563769072163e+03 1.813302489245689503e+04
-4.845963014898239635e+04 -1.541570544048269585e+04 9.484239234665999163e+01 -1.433326655135140527e+03 3.801555477882267553e+01 1.424529441474404052e+02 -7.656487647675451171e+02 1.711225375156305063e+03 3.725176719076168297e+02 -3.168186584693015106e+02 5.590535728672609821e+02 1.677176792397174552e+02 -4.114007897165317331e+02 3.639853548981849372e+02 -1.299490310205508479e+02 -2.736757961005950506e+02 2.945139405312567646e+02 -6.726279036900566553e+02 2.380974075089480948e+02 2.133488693548829906e+04
-1.565431860897010665e+04 1.021999815884061718e+04 1.179740651223026725e+04 2.346213713229607038e+03 -1.086107606658901659e+03 -5.599716063191059447e+02 -1.399614024867304943e+04 2.952116945742137887e+03 -1.992692129882281279e+03 -2.888164469709504374e+03 -7.301874075604535392e+03 -7.402089494802118679e+03 -1.869880277507742221e+03 -5.547891574685118940e+03 6.114283808092419349e+03 -3.519455290090428753e+04 -2.378787923844265970e+04 -1.162953781752269578e+02 -6.242019605014399986e+02 -2.981934544794704038e+02
-1.650666982890503641e+04 1.774149940408444309e+04 3.354194217966894212e+04 2.950019933723993381e+04 2.445404479301906249e+05 -6.592987705253837703e+03 -4.996337265476840003e+03 -4.437134037346884725e+03 3.271684621877502195e+03 2.327225036297278621e+03 7.192095948217832984e+02 1.107512370020260505e+03 6.724402912618127175e+02 1.151739383039563563e+03 1.858193690529451771e+02 3.745353200078664031e+02 -4.245219336441814448e+02 7.460463922584186491e+01 -1.860304572619632381e+03 1.331164923114179146e+02
-3.440633898858170141e+04 4.370198342291024892e+04 -1.064626052042681113e+04 3.781222159796579217e+04 -3.326659294419986963e+03 5.603304692726537724e+02 3.541708984687491011e+03 5.068770063791319262e+04 -1.773276820685792336e+04 6.487542251296728864e+03 -3.752926779266454105e+04 1.513532630094628839e+05 3.164126970761188932e+04 -1.271252573740496882e+04 5.780358427184413449e+04 -5.371757076918907114e+04 6.656483194680088491e+04 3.143571401094579414e+04 4.536901748569896881e+03 -3.864308359341386677e+03
-1.611011649114116517e+04 1.156344744671072658e+04 1.573883681674665604e+04 5.844089188313692830e+03 2.323359685998671509e+01 1.650917267783829448e+04 -4.069901790475803409e+03 1.036528042166967498e+04 -3.732503453397876729e+04 1.406149692587713798e+04 1.716117464456626976e+03 -1.463227672067159119e+03 -5.607394662528333811e+02 -2.285596015304124012e+04 -2.648471317864618686e+04 -1.272839499655935924e+03 1.305152916366320824e+03 -5.648928353904713617e+01 3.850664711297870781e+03 4.157000003773740673e+02
-2.442693674987886698e+04 4.523067711313384643e+04 -9.449025698493282107e+03 -8.909847851371625438e+03 -9.112588956668700746e+01 4.640704617420263958e+02 -7.759717858956026930e+02 -4.213545021010834262e+02 7.983840375990516804e+02 2.408969112157043583e+03 -3.084620108423246165e+03 -1.075525536497937935e+02 -1.310935986840039646e+01 7.262799524000558904e+02 -9.159251476795785720e+02 4.518394963143619520e+02 -3.488059226882573398e+02 -3.273024833752874088e+02 -6.946930620162163450e+01 3.649525380957545622e+02
-3.770983126473466837e+04 5.487385780222576614e+03 1.397230955163091676e+04 2.078126879706950422e+04 7.888132223667610560e+03 5.041418500662119914e+04 -7.442846384545428009e+02 4.519229222614926402e+04 -1.758634299516984902e+05 8.380269460526382318e+04 2.220801421463676525e+04 2.007865925857896218e+04 1.205491776937907707e+04 -3.255078927226952510e+05 -2.339856602635043964e+05 -4.201601559623531066e+05 7.102285857723297086e+05 -2.104463607909047045e+06 -2.177633794808288221e+05 5.090580878107423814e+03
-4.332376167140884354e+04 4.873417784566304908e+04 -1.491819379816078981e+04 1.183625997982947010e+05 3.774330498322490166e+04 3.272267325405126940e+03 -6.657788197464812583e+03 1.238686921783806029e+05 -1.073264803249460820e+05 -3.239254324847713360e+04 -1.485637644755731453e+05 4.946661070626931614e+05 -2.562450987102032639e+06 7.993945496745551645e+04 8.424003479697836156e+04 3.541244295918357238e+04 9.498511284400306977e+03 -2.362886442389662261e+04 3.937337699184878875e+04 -6.968172246985540551e+04
2.104723665856789012e+04 -3.116159042045831484e+03 -3.427057795907943728e+03 -4.382904999972680571e+02 1.657234436265219699e+02 9.733695305617914073e+01 -9.643186060973343388e+01 2.186401787279849032e+02 5.452280382980167595e+00 -4.556478209387724121e+01 1.158533171635986605e+02 4.073878952887304195e+01 4.001955995474140160e+00 9.292854767832087859e+00 -9.144513333467237715e+00 9.280553925349943611e+00 -3.385872171370250072e+01 -2.580316014893640642e+01 5.121386089577354639e+00 2.375011357130424106e+00
-1.335784412477532715e+04 5.392653224570922248e+03 2.971616937562581370e+03 1.905387220489508400e+04 -2.967550780421677700e+03 -2.583561633666754460e+03 7.440411009900007002e+02 -2.025390919334139107e+04 -1.802770929451634174e+03 4.385586316204738068e+03 -5.493329614280696660e+03 -1.757388606066574539e+03 4.256477700449544841e+02 -5.472627718535205531e+03 5.260608814052414345e+03 2.075946158333256335e+03 -5.314070374452280703e+03 -3.959156515725744157e+03 6.026868224275362991e+03 -8.006412039263304905e+04
-2.516306191507626500e+04 3.364928701971432019e+04 5.667608663591428194e+04 1.296082849828257895e+05 1.094596507402368479e+04 1.079277343748195563e+06 2.750287945664146264e+03 -1.290779368621389267e+03 -9.959438614885778225e+04 9.455989907412629691e+04 5.322351473900814744e+04 -3.405441091477330338e+04 9.263244357733774450e+02 1.343422361497482925e+05 9.680323863228665141e+04 2.099348346707683049e+03 -1.244385628095963148e+04 3.837286509402664251e+03 -6.291952391668856581e+04 -5.169012551376620650e+03
-4.604627741940413398e+04 -1.259906075228155714e+04 4.576054832466073094e+03 1.937791861520115390e+03 4.289908033490660273e+02 1.602205318481282848e+04 -3.010843108189031682e+03 8.336419234093518753e+03 -3.707189018879443756e+04 1.345619431214451288e+04 2.521004675497531480e+03 -1.771540826357301739e+03 -5.522307809826711491e+02 -2.169653438903723872e+04 -2.672028257042165569e+04 -1.423384993807663250e+03 1.885098753698848441e+03 -5.605461733229212768e+02 4.342865661380819802e+03 9.581481931211824303e+02
-2.643763552898166745e+04 3.733526593055090052e+04 6.763889405942482699e+04 1.420863090887261205e+05 4.313969502724552149e+04 1.271015833814267302e+06 -1.308669935687625548e+04 9.499174306960003742e+04 -1.141569845409028232e+06 9.370813689726606244e+05 4.408323173746695393e+05 -4.719446091059840401e+05 1.800154699702349899e+04 1.400029016413799254e+06 1.067892005748613970e+06 -4.399176234783912514e+04 -1.709472291622325429e+04 1.811669281306827033e+05 1.144675960023254156e+06 7.039145206546309055e+04
-8.929048020983114839e+03 1.674665142567621660e+04 2.577719245288385719e+04 6.106456794372955983e+02 -2.040703489948970173e+03 -7.519307466800217981e+02 -3.325275077359710394e+03 -5.048284382923006888e+02 -9.427973019476261243e+02 -8.868039238719436980e+03 1.807312739636528568e+04 5.866331509188389646e+03 3.452446228958816050e+02 5.017657828447660222e+02 -3.391873741643108247e+02 -7.504238932577449361e+01 -1.591029371104985785e+03 -5.296801461821532939e+02 8.300947927413129719e+02 -7.082235341158677784e+02
-4.677452260288513207e+04 -8.891797796966659007e+03 -1.324639611162701158e+03 2.175294566116495480e+04 -2.111813977059402987e+03 -2.012954900243028078e+03 -3.629136535878314589e+03 1.542098548503336679e+04 5.534610355422695648e+03 -2.340942790617088576e+03 2.074091243969442985e+03 -2.496120373209503668e+03 3.771319123387598665e+03 5.185196941168886951e+03 1.711892767929959973e+03 1.643053262375268605e+04 -2.329824766190701848e+04 -5.595897440419515624e+04 4.848177685411692801e+04 -1.030224505686982411e+04
-4.142454675950141973e+04 3.523850570149484702e+04 -2.515506530893176750e+04 -4.466433699781151518e+03 3.209028064838178125e+03 1.699567357136365445e+03 1.763476369302904459e+03 4.092785316881572271e+03 -4.750326482840349490e+04 -6.440203181907712860e+04 -2.928720186911208657e+04 -7.725173647918447386e+03 3.226093495274218640e+03 8.890972319773056370e+03 5.042511881140103469e+03 6.726269444693120931e+03 6.023368736693601022e+02 -1.096511664455956179e+03 -5.759330611979779860e+03 -1.424599122030882199e+03
-2.385462484451163618e+04 2.486420997840818018e+04 1.985899062703092932e+04 2.606566015606248766e+04 6.524290081974829081e+04 1.197540857949026831e+05 -2.522104053184604345e+04 5.138320005340837088e+04 -4.068107338129751734e+05 8.717485765783698298e+04 -3.440020882090481336e+03 -5.435636039916195296e+04 1.055315242262187348e+04 -1.586191986537564371e+05 -3.060571469498720253e+05 -4.426287458800330933e+04 5.977519011678751849e+04 1.055942142556195031e+05 8.310966173137951409e+05 2.717668291618834337e+04
-1.584416244184460447e+04 1.073221235969767622e+04 -1.778066845640180418e+03 6.457677200089975668e+04 -7.185520311305466748e+03 -3.174705864544583164e+03 -6.389255616471764370e+02 1.227789627708349872e+04 -2.653979756918211592e+02 3.961617315120607145e+03 -6.122220089661694146e+03 5.723143375557575382e+03 -3.034850956988839243e+02 1.639173282363099815e+03 -3.487282220513875018e+03 3.725080804743452063e+03 -4.352248698141885143e+03 9.856392665166326879e+02 -3.319036184914991281e+03 5.899574114283998370e+02
-7.832965480373030914e+03 5.230796994486359836e+03 5.036405167334033649e+03 3.994072831030435736e+03 -1.614806486979618739e+03 -7.786445459870475361e+02 -3.276563573700029156e+04 9.978067466786524164e+02 1.390644918207797218e+03 8.401033307155362309e+02 -1.376759437096301781e+03 -3.420574741121926763e+03 -2.751239265336468520e+02 8.943237563503679439e+02 -1.308969360642689992e+02 3.310860208191595120e+03 4.978931015170146566e+03 1.233765575038393308e+03 -1.147665905446876195e+03 -8.828957346682346952e+02
-4.161313609180256753e+04 4.485833937187746051e+04 -2.857399822060958104e+04 7.342522059856487613e+04 -7.147547635326703130e+03 3.787462652981037081e+02 7.165916196461229219e+02 3.945571135009588761e+04 -5.615497919158735385e+03 1.074772644658362333e+04 -1.791488276287733970e+04 5.279061122559754585e+04 6.456094998618345016e+03 7.608573222836162131e+02 4.821134528279585538e+03 2.517853316918646669e+03 -5.197553683742189605e+03 1.329530895538381446e+04 -4.473857509560351900e+03 9.885516550589499047e+02
-2.837043924034695738e+04 1.399283721145184427e+04 1.026333911915041790e+04 1.176316528896495220e+04 -1.635147278107244574e+03 -1.382575532322621712e+03 -1.038050176992263550e+04 1.070219460075680036e+04 4.534651382738540633e+03 -2.980760127294193808e+03 2.675497700534206615e+03 -2.036105573551434645e+04 -2.658951479415850372e+03 -3.271054661898657287e+03 7.601627174461226559e+02 -1.054442739251835519e+04 1.606700643265257895e+04 5.545827580919258253e+03 1.914705953893252627e+03 -2.919362115174444625e+02
-6.118336392702912235e+03 1.452206687512630378e+04 2.340050961585958430e+04 1.199350341036896452e+03 -1.123241511912967098e+03 2.269370024592397385e+04 5.795489780464055002e+03 3.888810507206579132e+03 -1.023432068559430627e+04 6.493218951238087357e+03 1.208137926587759466e+04 -1.161099909373802802e+03 -9.477187574415289362e+01 8.841339043272515482e+03 3.430627229176385754e+03 2.299591145979504290e+03 -5.724401449383263753e+03 5.060910923070789977e+03 -2.027118132546699781e+04 -2.315717861225049546e+03
-4.170324232268446212e+04 3.592800288983647624e+04 -2.631111025582168804e+04 -5.215194680268989032e+03 9.961860748760464048e+02 5.561228440108310451e+02 1.341938083209331353e+03 -4.304916567621630747e+02 4.213094467389594229e+02 1.276632886864748002e+02 1.716021576201648713e+03 -2.214880664581806684e+02 -6.278360627224361679e+02 -2.600806059232396592e+02 -5.757933517513069432e+01 -2.423856012809914660e+02 -3.644378215321172121e+01 -8.380023343760741454e+02 1.149647840141556259e+02 2.120631091592619487e+04
-9.139308653238942497e+03 1.206084981511471051e+04 1.544564328312266662e+04 1.690253395766347603e+04 -4.077573067057788194e+03 -2.840421663916165926e+03 -5.331485539860284916e+03 -2.415366362802504955e+04 -3.747421906777446111e+03 -1.700548869212007958e+03 3.539139853498547836e+03 3.188790127361935447e+03 -4.534862784210561770e+00 -8.704732053844168149e+02 1.264936199067474263e+03 -1.004871744615707826e+03 1.435604180521784201e+03 6.852998531606333188e+01 4.436221998846111205e+02 3.330387173335517218e+03
-5.546119298651985446e+04 3.804472669580615184e+04 -3.275563738231145180e+04 1.625516144212416111e+04 -7.987058034341426946e+02 -1.416083918428052584e+03 9.379621780746411730e+01 7.096371587050633934e+03 4.055630058253592324e+03 -2.334524437464613129e+03 6.265412748652393020e+03 -9.276827293513179029e+03 -1.143420311903015772e+03 1.063000791825436181e+03 -1.496643316399691685e+03 -2.072633125466175443e+03 3.644683421991551768e+03 -7.076062114956390587e+02 6.102212604987062150e+02 1.081607420375244857e+02
-4.589368464421355748e+04 -1.203300022316408649e+04 6.078931012906601609e+03 6.449570804826877065e+03 6.258107180087365123e+04 -1.690336489392046133e+03 -2.466131763986879832e+03 -5.761857160954551773e+02 2.130652173283454687e+01 -9.065215702016053001e+02 -4.412910171075056383e+02 3.337734950169694343e+02 -1.240196484897655580e+02 5.811739553175121955e+02 -3.358678130788852627e+02 1.142204032571900143e+02 8.788563715340114868e+01 3.897369094780199106e+01 5.515875041685845872e+02 4.181866744270755589e+02
-2.081303823523509709e+04 1.817157416201244996e+04 2.201060758109213566e+04 4.077177566681604367e+04 8.554490850500491433e+03 4.733763754826346121e+04 -3.403484791888219206e+03 4.652069384642329533e+04 -1.432079830899474618e+05 7.464975937167488155e+04 2.615881343345425194e+04 2.465849558045705999e+04 -3.992497341237764886e+03 -1.201239800959516870e+05 -1.277858689853067481e+05 1.798070703808469625e+04 -2.675841434647992719e+04 3.179403125142636782e+04 -8.951835829721752089e+04 -2.500594444517755619e+03
-4.147438396824054507e+03 1.841829049688592568e+04 2.641286995283962824e+04 -2.939363161103723542e+03 -1.683583328267786101e+03 -5.339650987832042119e+02 -1.940312729285886917e+03 4.398642849080538042e+01 4.809246087980616835e+02 -1.349279398575686628e+03 2.519075178503229836e+03 1.674889964507242439e+03 1.520197286465890159e+02 1.517853938533751943e+03 -1.040363897562141119e+03 3.356795291804280623e+02 1.072235076274781207e+01 -2.125486930223534614e+02 3.144316684619960824e+02 3.706652980844454532e+02
-4.602943147526719986e+04 -1.264689863789241281e+04 3.977983541881246310e+03 -4.699698354103414744e+01 -4.530022228453654520e+02 -1.513452401315360021e+02 -8.306502588745566754e+03 2.768450996686507551e+03 -2.053515310426852011e+03 -3.485854513877726276e+03 -5.982718044148910849e+03 -6.529510876289483349e+03 -1.815652155286428751e+03 -4.565033017427119375e+03 5.397040189435898355e+03 -3.505207940036319633e+04 -2.350753317250120745e+04 -1.858441280671968059e+02 -7.520672148716735137e+02 2.543486747477951724e+02
-6.004971146295298240e+04 7.946384079945582016e+03 -1.883466897197967046e+04 3.467243696043786622e+04 -3.042412796006733970e+03 -3.087904152239921132e+03 -1.441278044268583699e+03 1.424887690505991668e+04 5.416772742353974536e+03 -3.877596301829250024e+03 5.376045336500849771e+03 -1.183052939916457763e+04 -7.732204609694757664e+02 3.385354364799885843e+03 -2.966944575867974436e+03 -1.345266476860157354e+03 3.295505039292681431e+03 -1.579864378226236568e+03 5.930346336098074289e+02 1.017920704543746069e+03
-2.648196732881974094e+04 1.816859604142219177e+04 3.255230404609561083e+04 6.428026405631695525e+04 1.050453613658202812e+04 5.079134843914662488e+05 -2.061298514884384076e+03 2.968762087849691306e+04 -2.265264335636209871e+05 1.688974737587275158e+05 6.991706632685464865e+04 -4.561530473942480603e+04 3.195610876777845533e+03 1.213644578005491494e+05 9.538196301288771792e+04 -1.606622810232968550e+04 1.952571860276292500e+04 -3.531730000310341711e+04 -2.022051568758043504e+04 -3.922904280450013061e+02
-4.230074632648596162e+04 3.173283367173568331e+04 -1.181595865101451818e+04 7.022798172212296049e+04 3.528531896716216579e+03 7.898680008489934153e+03 -5.763680276387690355e+03 7.020235113786105649e+04 -8.040181862613800331e+04 -3.238103336256204420e+04 -8.247568561438926554e+04 2.313521132912283356e+05 -1.214324406624735100e+06 3.285774123662659258e+04 3.262960412621330761e+04 7.592509437942585464e+03 -2.003601040810386849e+03 -9.984261045926943552e+03 1.619860374059043897e+04 -3.105760709461279839e+04
-2.245463108896074482e+04 2.381924849497112882e+04 5.348096356406367704e+03 1.044882035644989628e+04 -4.696938765762066623e+02 1.937547822800152289e+03 3.157322968723488884e+03 3.041703536390243244e+04 -2.421846800173755400e+04 -4.182577910966293530e+03 -3.095372010130532362e+04 1.150970225758258312e+05 2.605902145428788572e+04 -1.530298377846563017e+04 5.192732222716710385e+04 -5.673299321837219759e+04 7.425853468310000608e+04 7.097665162038290873e+03 1.944492302146080192e+03 -4.789072812554433767e+03
-1.708636728398345076e+04 2.835189174431263746e+04 6.586308687313713563e+03 -4.901950806097450368e+03 1.834501097847514984e+03 1.047673046542375914e+03 1.521118082522548093e+03 3.529827770442487235e+03 -3.096794889893596701e+04 -4.028766569875828282e+04 -1.560307267959708224e+04 -2.689018817350478002e+03 2.364681543432397575e+03 4.393882550741889645e+03 7.508663857060430473e+02 2.230344054615500681e+03 -6.242688887996137055e+02 -4.744686105552486879e+02 -7.202272152496884701e+02 -1.552508230545669221e+03
3.746973160122688114e+03 2.652317954581521553e+04 2.346029159606683606e+04 -6.646511466511172330e+03 -4.183702214710055159e+03 -1.169805102144090512e+02 -7.641903516135503014e+04 4.097604150077601844e+03 1.974543662456344236e+03 7.117420238977972986e+03 -1.312492838026995014e+04 -3.537538239449903813e+03 1.718887399583472870e+02 1.194608219258948338e+03 -1.170364369711317778e+02 5.174013177668914977e+03 3.447529355432905959e+03 8.582267939536390031e+02 -1.714933119850374169e+03 -9.714949353375645842e+02
-6.629244265426834318e+03 6.620076920055369555e+03 9.143757332830968153e+03 1.648679619841674867e+04 -2.817448562488637435e+03 -2.427608248905903565e+03 5.435314461937026635e+02 -2.037369770814880030e+04 -3.228234314238911338e+03 2.438171534935606815e+03 -6.058226399072126696e+03 -3.825506215145052465e+03 -5.503483772609976086e+02 -7.508369606687807391e+03 6.016713335206744887e+03 -3.628562234691105004e+03 1.955004233195206325e+03 3.584957117729972197e+03 1.020706796574680993e+03 -1.181906737971700750e+04
-4.991948661385381274e+04 -1.533843306848981410e+04 3.637573250668476703e+02 -1.077797255113840947e+03 -7.648574400449898292e+01 5.591281697511607973e+01 -3.881501011126460980e+02 -3.391437397865086467e+01 2.830628592896235887e+02 3.858982925917200646e+02 -1.367413503393045460e+01 2.454937061199400148e+02 5.381839490965280248e+01 1.091614654129013076e+02 -7.632560709518523367e+01 9.258502664437844487e+01 1.913330822902915429e+01 9.736223825592445280e+01 -1.264237720571660084e+01 -6.656944133405431785e+02
-2.117425774170273144e+04 1.468780286586764851e+04 1.547863581891957438e+04 1.052606345885425981e+04 -1.943979872113503234e+03 -1.401669045356817833e+03 -6.866612056516451048e+02 5.408909053122159094e+03 1.333486226874380463e+03 -8.794830220001049383e+03 1.700964967593832625e+04 -2.058377297830392763e+03 -5.865445519660762557e+02 6.431460678008033938e+02 -9.871706356742439539e+02 -2.023386358965052523e+03 1.528794572960850246e+03 -2.948288540479961171e+02 8.030771295192118941e+02 -7.080196279917693118e+02
-1.621563402925638366e+04 1.671563674605774941e+04 3.061869901781621593e+04 2.550072979578249942e+04 2.063264607276915922e+05 -5.796250796879026893e+03 -4.125813466516583503e+03 -3.309473599514584748e+03 2.735053857057268942e+03 1.378037532165206130e+03 4.468311595059714705e+02 8.749198407539635127e+02 4.841205176252077536e+02 8.174247916209598088e+02 1.867582980756261293e+02 3.366489349512786475e+02 -4.196885287780967815e+02 6.850331459134952183e+01 -1.136859645562293736e+03 8.156310703055042666e+01
-3.974917303996800911e+04 2.992474114119260776e+04 7.071599825384917494e+04 2.119786576615697704e+05 2.921329843516815163e+04 2.260459814969441388e+06 -1.914860276708381571e+04 -1.197141876558182703e+05 3.777748173153723474e+05 -2.296517968083749874e+05 -1.297108764629842626e+05 6.304044928217919369e+04 5.534690031535938942e+03 -1.422523746465898002e+05 -6.509183787714028585e+04 -5.075145329514676996e+04 9.022648044844013930e+04 -1.260102463768135494e+05 5.543411406090674427e+04 7.031130045779574175e+03
-4.728824940603465075e+04 -1.430966043195198836e+04 1.873231300495087225e+03 -9.301749862709277750e+02 -5.971836265009381250e+00 3.269321570387313045e+02 -3.518141723939901567e+03 3.464094542000721503e+03 -1.028552514995207275e+04 -1.527063952559631798e+04 -9.245584360149421627e+03 -5.389705270277638192e+03 3.213888460680867070e+02 3.140056888332243034e+03 4.968948099168416775e+03 1.693915729826574079e+03 1.837452250509890973e+03 -7.927914754486521360e+02 1.214907964505210884e+03 -3.445662742028666798e+03
-5.402943017828786196e+02 1.010290000035112644e+04 1.493622348148199126e+04 1.428660119256855251e+04 -3.859907511367028746e+03 -2.593728552376999687e+03 -2.586106810473078440e+03 -2.534075854791029633e+04 -4.048213006369596769e+03 -8.913286597894314127e+02 2.057193340493063261e+03 4.045430720045575526e+03 1.079933185973940795e+02 -5.855249752770517944e+02 1.082008671639154272e+03 -7.257573657824058273e+02 1.090660140995281836e+03 1.024535853682407094e+02 2.879871244011716271e+02 3.361319919943151035e+03
-1.040347719585436425e+04 8.303472130396994544e+03 1.182739807342524182e+04 -4.314689626672502527e+02 -2.131307159748705544e+02 -2.190761622503761998e+02 -5.709213780050529294e+02 1.904202813966990789e+03 -1.148557123636227516e+04 -1.792151157592813615e+04 -1.020042049684903213e+04 -2.860645201046854254e+03 -5.270830702461918236e+02 1.224832161412357891e+03 3.749661111306192197e+03 3.145390055670892252e+03 -5.733970538335528317e+02 -1.011336640412094766e+03 9.787006244726855584e+03 -8.564424945125604154e+02
-2.142296379749858534e+04 1.041763452194973070e+04 2.081903354883680731e+04 9.463889251301739023e+02 -2.021471384070288764e+02 3.780841407464974964e+03 1.269368186513014962e+03 1.459802745676941049e+04 -2.806640317478587167e+04 5.089625832834615721e+03 6.098118569305655910e+03 2.280313857896738409e+04 2.641740493399207026e+03 -6.858081959790144174e+04 -6.816523213534760544e+03 -2.935391458730933664e+04 2.976369592426181771e+04 8.545975715258410492e+04 2.587739757612833055e+05 1.352833369631474909e+02
-1.571260857298902010e+04 1.254758087185226032e+04 1.586395492966113488e+04 1.947275488482604032e+03 -1.058163455171238411e+03 -5.238590107561138893e+02 -1.100808220126230117e+04 5.892318928756635614e+03 2.237728757740905166e+03 -9.193430849781222491e+01 -2.078675418095495843e+03 -1.246561986839677411e+04 -1.417365795973747481e+03 -3.756129952659355695e+03 1.583892792804518194e+03 -8.614575371902381448e+03 1.223502880189649477e+04 5.456435258275087108e+03 2.093220459978820145e+03 -5.559783653828643537e+02
-4.650102982893297303e+04 6.066818856215381675e+04 -8.738643874617595429e+03 1.978918934380067412e+03 -3.064907159162017251e+03 -3.739390700768498164e+02 -4.235846532364519226e+04 7.271396262787638079e+03 2.404606662606568534e+03 4.819147362512152540e+03 -8.493346405768284967e+03 -3.517255069518452729e+03 1.424973572224434122e+02 5.241854578131806193e+02 -1.478411996822012213e+02 1.577785417278215164e+03 -1.483559338547566540e+03 -1.552235796779236807e+03 2.822817075771217787e+02 1.972950470076975535e+03
-4.041682704772891157e+04 3.790480861416200787e+04 -2.695958532765179916e+04 1.906615754994966119e+04 -1.255892572666806245e+03 -1.060734797819115329e+03 1.215485852177158222e+03 1.776780513156793677e+04 -5.714778355135887722e+01 1.361142969201207961e+03 -5.585714397539825768e+03 3.066150245850925057e+04 7.676294154338784210e+03 3.442297488822472928e+02 1.037962450487858769e+04 -3.177315815596892662e+03 1.893264721702516681e+03 7.107640676549088312e+03 3.720064091195793480e+03 -3.002592297900991980e+02
-1.892143542473472917e+04 6.276823195983131882e+03 1.194641965010646800e+03 1.825572409679700286e+04 -2.328334180627133264e+03 -2.146376587439681771e+03 7.093602217572937434e+02 -4.124022100572883573e+03 1.007997947865914625e+03 -6.689956999155323274e+02 1.348780729002452972e+03 -5.559578838436534170e+03 -7.746476340962807399e+02 2.095598552900633251e+02 -6.633515040992208469e+02 -1.538494179020938418e+03 2.664504858655204771e+03 1.958320061557495535e+02 -1.156853616608385416e+01 -1.422492302368551123e+02
-2.491427974686646849e+04 4.970116900217977673e+04 -8.795017160263521873e+03 -1.027211053714660738e+04 -3.515264857030879284e+02 5.652434672292055211e+02 -6.421159906533136564e+03 1.595886570542051572e+02 9.413766221100709117e+02 3.147586819930714228e+03 -4.468726401979400180e+03 -4.465469557767289643e+02 -9.541381621323283824e+00 7.445276255818610025e+02 -9.347949107799729518e+02 5.727090721556388644e+02 -3.729416120655694158e+02 -3.453442242504887645e+02 -1.519977200466293823e+02 3.369018364638864682e+02
-1.177937754217708607e+04 7.560373699262902846e+03 4.814423727116734426e+02 3.730266881125302461e+04 -4.350115513480151094e+03 -3.565356642121240839e+03 -1.977321179555580102e+02 1.286007720034964450e+03 1.640254288391790396e+03 2.054035831448557019e+02 -1.491082375944330806e+03 -3.022070253043245884e+03 3.443596002022326843e+02 1.241429672620756264e+03 -8.913000749348310592e+02 1.492159063961380980e+03 -1.674138916046406166e+03 -1.492619459385605978e+03 1.589320471211960637e+02 1.291578452453125578e+02
-2.223525871558094514e+04 2.518230195544693925e+04 2.689467098360735690e+04 5.359277821226011292e+04 2.413639438124532899e+04 4.094989951661151135e+05 -9.401515557694892777e+03 5.010823083850658440e+04 -4.535329043919385877e+05 2.231797088067580189e+05 7.457681061425611551e+04 -1.055733067783546430e+05 9.291094608243840412e+03 1.289746412067784113e+05 -7.990754289373542633e+03 -3.434390382122268056e+04 3.607073403305748798e+04 7.424827533950997167e+04 6.115162466315157944e+05 2.405476712689747728e+04
-3.070574785527133827e+03 1.075245970432272952e+04 1.734381260980592924e+04 -2.025978077678891623e+03 -6.886212006773305347e+02 -2.557327434314971413e+02 4.833522030439816263e+03 1.209483008651915725e+03 6.709219747229857376e+02 9.445580521644383225e+02 -2.409867238821155752e+03 -6.745842745848099185e+02 -8.482721543330864478e+00 9.755214619161100700e+02 -8.333301861014775795e+02 -3.515779134497930158e+01 2.346201346318211733e+02 1.102117199474956806e+02 -8.672821971530197516e+01 8.399280928099284438e+01
-3.885754238286243344e+04 3.844015346544401109e+04 -1.820402894868576914e+04 3.710542575426932672e+03 6.524432475835754303e+04 -3.876395604497004115e+02 -1.671777369203816988e+03 1.056917082525432761e+03 -3.129947152805522273e+04 -4.010621162932413426e+04 -1.809691994047061235e+04 -3.857216842723536047e+03 2.063647862063735829e+03 3.857529202163733771e+03 1.467494285133613403e+03 2.206912003982021815e+03 -3.207175426645683274e+02 -2.984997100814320561e+02 -3.287676974585270955e+02 -1.296538244802725330e+03
-4.497560914768553630e+04 -1.201604209123886358e+04 5.309826484159040774e+03 1.043054283205260333e+02 -3.748424338867727670e+02 1.119628517855334167e+02 -1.248291171715571579e+02 3.567363206870639715e+03 2.175775992060211763e+02 -4.081280349976338471e+02 6.180110491064102689e+02 -4.960572751337494083e+03 -8.285484604035053735e+02 -1.363918249631086292e+04 1.185007122673222693e+04 3.586646625777939789e+03 -5.047427174203558025e+02 8.135508620338127628e+01 9.193478737572451109e+02 8.169647232449573266e+02
-1.565111822506010685e+04 2.048667036234676198e+04 3.396677851449735317e+04 2.398550051632946634e+04 1.408213290311832679e+04 1.836175292621102708e+05 -1.704268109117535232e+03 3.491513027222832898e+04 -1.615029954930181266e+05 1.151685675039693451e+05 5.206802212307549780e+04 -7.379682704931290937e+04 -6.919087457710166746e+03 -8.549426763691932138e+04 1.905267469036896655e+05 7.532553606116860465e+04 -2.666221582010769998e+04 1.253163045331532157e+04 -3.154822544632164136e+04 2.506338009007180517e+04
6.078317731037695012e+03 9.136276821560393728e+03 1.143288913221990515e+04 -7.617018395507195692e+02 -1.879341405922983995e+03 -4.519939695811059437e+02 -3.651776083139849652e+04 4.231263922985652925e+02 9.331288492937004548e+02 2.401146715130905250e+03 -4.192753086600947427e+03 -6.437668066414034911e+02 2.117608113155704075e+02 7.928438658842060249e+02 2.105660308636490186e+02 4.500391625261024274e+03 3.242787177220970534e+03 7.731042594349702313e+02 -8.946198550592526999e+02 -1.406982888145274046e+03
-1.143601243763610728e+04 8.708438164871111439e+03 1.247025150879285502e+04 3.332507705659280873e+03 -6.774118790870436442e+02 -1.566957603124653531e+02 1.280752133451959935e+03 3.909599237877040650e+03 3.689352423644313603e+02 -6.187645486891926794e+02 7.631476221318288253e+02 -5.710103806047477519e+03 -9.581006911859841466e+02 -1.447362650450536785e+04 1.230634707902063928e+04 3.374773648968476664e+03 -6.006425871517153610e+02 1.279881480920158623e+02 1.112233188270968185e+03 3.186907896182422064e+02
9.712918182355346289e+03 2.101167219585450312e+03 2.897915605769653666e+03 6.409935531927285410e+02 -1.688601349640066189e+02 -1.549349948923358227e+02 -1.207452733066722431e+03 8.959518093493412039e+01 -1.715723652873210936e+00 4.239627833145176439e+00 -1.644369473513831394e+02 -1.920631287169049983e+02 -1.662602185033933466e+01 -5.865636542181825916e+02 4.306586323250795090e+02 -1.555446322320800903e+02 1.154848432230680686e+02 1.591365500255836025e+02 2.309543955830936000e+02 -5.474016631371473522e+02
-8.161091983414456081e+03 2.413711007091641659e+04 1.720824713501912629e+04 -4.563276681951224418e+03 -8.390123538025908374e+02 -1.062854729673779701e+02 -1.927413827138185297e+03 2.149906167524620741e+03 8.140031554886879803e+02 1.496704794804560834e+03 -3.406257875400913235e+03 -2.451501672005623789e+02 1.171486355204373524e+02 8.379565094624480253e+02 -6.240897086622351253e+02 1.459921329619396317e+02 1.438692358030928062e+02 7.989088581281227164e+01 4.918795270134356201e+01 9.980784216166887290e+01
-5.162521310910074681e+04 -1.271343261231841097e+04 -3.120208428400496246e+02 5.737515460154101675e+03 -7.443238315291015397e+02 -6.210889296219455673e+02 -1.841313214072346454e+03 3.611071801048181442e+03 1.788051130713903149e+03 -8.109693491821424232e+02 1.203868339405702045e+03 -5.560959425549955995e+03 -6.505225038791032830e+02 1.846288932637965843e+02 -6.525170133771390510e+02 -2.497993559059097606e+03 4.070714929814056177e+03 1.176847226268067743e+03 3.356057886337805485e+02 -1.102938076777046490e+02
-2.546321305102575570e+04 2.748212019725026403e+04 4.652734578219144169e+04 9.610378725463821320e+04 9.830332722251418090e+03 7.862454640528832097e+05 -4.464701206217533581e+03 1.658079214534048151e+04 -1.784619949583820999e+05 1.492962435087313934e+05 6.705096627426265331e+04 -4.676285304038471804e+04 2.719388404171352704e+03 1.532548747973955760e+05 1.217654228163497464e+05 -1.212212440484260696e+04 1.099655000177226611e+04 -2.920874227296277604e+04 -3.964063321740467654e+04 -2.417376668642346885e+03
-1.791786636126944359e+04 1.414267913711249821e+04 1.667319043039286771e+04 1.366827278677328877e+03 -1.043108919276757206e+03 4.252576386079992687e+01 -1.426366990686306053e+04 6.572474836893377869e+03 -8.551550859284896433e+03 -1.161980370175135795e+04 -1.067613737221805241e+04 -1.025574190542478027e+04 9.642298427721018470e+02 3.240337064844201450e+03 7.032049143217966048e+03 1.952455095574238797e+01 4.121661450495364079e+03 -9.450288580701779892e+02 -6.498502100026785229e+03 -6.706691282925915402e+03
-2.474226235689696841e+04 1.972637859442705667e+04 1.140865722807603561e+04 1.809805486915793153e+04 1.735314920041424193e+04 9.390538736577682721e+04 -7.173518453257547662e+03 3.524212404974136734e+04 -2.442087333479748340e+05 5.182919911427077022e+04 -1.142406428729654635e+03 -2.108794484175318212e+04 6.341013065858332993e+03 -1.027816499643760180e+05 -1.723179706225288683e+05 -2.657830911571532488e+04 3.403155328459777229e+04 6.768831397141799971e+04 4.611090273538885522e+05 1.389655104904563632e+04
-1.796564183407655582e+04 1.416536463670041667e+04 9.573164648238634982e+03 5.271567534849915319e+03 -5.911500651686019410e+02 1.008822259990534036e+02 3.239996251780798502e+03 6.674103169258968592e+03 -1.769927287507920482e+03 1.205961761533652862e+03 1.323473009105641040e+03 1.499482221025775743e+02 -2.443610763422934542e+04 -2.893628392368377718e+03 1.219406926536243736e+04 -1.700304116570880797e+04 2.419280560340997545e+04 -5.141848025089805742e+04 -7.727279143571268833e+03 -1.330974776082315657e+04
-3.885188543786621449e+04 3.614554735393064038e+04 -1.928431437533533244e+04 -1.280410324934098867e+02 3.362278403425073975e+03 1.755579447067759611e+04 -2.080799369136945643e+03 1.022364857648575526e+04 -6.862281947477857466e+04 -2.563567161726557606e+04 -1.514341436542061820e+04 -5.569973965455726102e+03 1.649428191045172980e+03 -1.870035693211021135e+04 -2.507868034628783425e+04 7.861500935109968395e+02 1.263293472028774886e+03 -7.942321736600965778e+02 3.267838858233413248e+03 -7.707681745238854774e+02
-3.991294455797059982e+03 1.633528588677033804e+04 2.367763631899534448e+04 -3.040500016214644347e+03 -1.208145469086147841e+03 -3.577328183536515098e+02 3.286171355480321949e+02 1.470871883614405306e+03 7.565132782491211856e+02 3.867364190986937160e+02 -1.221078153171184340e+03 -9.490442843747953106e+00 4.122700082307949287e+01 9.913252758255541721e+02 -8.109289989735135578e+02 1.455027600944161179e+02 1.471694177688427771e+02 -7.061952573734473049e+01 1.805013238626776797e+02 1.726336799201788494e+02
