2.099517227206172174e+04 -3.093365626633389184e+03 -3.395692128720170786e+03 -4.312916660996790483e+02 1.632687580261146820e+02 9.576812977346820333e+01 -9.449590264749789981e+01 2.137858611003351257e+02 5.141712554029987281e+00 -4.420226870350428783e+01 1.123769929852932847e+02 4.006634398725842772e+01 4.025077960358433238e+00 8.525868802024493931e+00 -8.427411613788962086e+00 8.718424700183273757e+00 -3.282687587772252158e+01 -2.476361744391571307e+01 5.119339731619225731e+00 1.808589391292363180e+00
-4.938297867639282777e+04 -1.553380707157657525e+04 1.328181116236431762e+02 -1.208725830139258051e+03 -5.534251238193303379e+01 7.447567822312551300e+01 -3.973793375971131354e+02 -1.127596859619817238e+01 2.795791890533978403e+02 3.856792224411404391e+02 -8.265225965043926593e+00 2.695268266616164397e+02 5.680182424156740950e+01 1.203285540958222697e+02 -8.588807812779340622e+01 1.017866685660553259e+02 6.742083583733024632e+00 9.161533312810747987e+01 -1.383952645175449270e+01 -6.551382442529835544e+02
-3.087156634495960134e+03 1.081703723424358395e+04 1.742109956658887313e+04 -2.032731753899482328e+03 -7.009556541815811670e+02 -2.585632961992811261e+02 4.775413070330576375e+03 1.194025521904391326e+03 6.681214178959137371e+02 9.209252743095198639e+02 -2.359058970292313006e+03 -6.510816280684703088e+02 -6.913141792309701827e+00 9.816182191198366809e+02 -8.358213905792528067e+02 -3.212250383012894162e+01 2.327520110838662220e+02 1.076967489635961073e+02 -8.369913892275022249e+01 8.641270178630239229e+01
-4.260948431411076308e+04 3.583855509581116348e+04 -2.622797651666525780e+04 -5.116649880567123546e+03 9.131961599864265509e+02 4.989456331225946997e+02 1.728144262842204625e+03 -2.218498231378158380e+03 3.045779122336502951e+02 8.541935419314211231e+02 1.106450894734567100e+03 -7.796438708707576382e+01 -1.458836760046524148e+02 -5.319505716565829516e+02 9.963067892269386050e+00 1.461385001137608413e+02 -3.419524236107096726e+02 -6.901205402121807708e+01 -1.414862374861591547e+02 -7.898995258054785609e+02
-2.248826449893055906e+04 8.412076701418971425e+03 -4.435354201642680891e+03 4.606858117951437453e+04 -4.978599350407346719e+03 -4.202261996261509921e+03 -7.613344092587732348e+02 5.511693548120875676e+03 3.314762161275845301e+03 -1.408332707627106174e+03 1.426361773206325324e+03 -8.373697408194446325e+03 -6.071592456355928107e+02 2.077810525103337568e+03 -2.187347275390303366e+03 -2.559425844819770077e+02 1.433657388483621389e+03 -1.034796141927261033e+03 -1.177859429436269494e+02 4.392274480826490617e+02
-1.587261866989071314e+04 1.632279115808094139e+04 2.964492494397358678e+04 2.377055238128127530e+04 1.936600216087635490e+05 -5.459342506226475962e+03 -3.771064669609459543e+03 -3.063012739438503104e+03 2.331359646087529200e+03 1.096049176302946307e+03 3.035226675484152565e+02 8.135402864714079669e+02 4.418458598670667357e+02 5.756378433771757273e+02 9.800207109040344733e+01 3.174901255556767978e+02 -4.208776841123028021e+02 8.752582903582754170e+01 -9.997441540073201622e+02 2.901220045862385177e+01
-2.592836166508899259e+04 4.489571777559498150e+04 7.560678517983650090e+04 1.682664205134041258e+05 1.344582463321686009e+04 1.465087101804690668e+06 1.303311602301214634e+03 -2.234127874870529922e+04 -1.767256285737639473e+03 3.322086424410602194e+04 3.651204452476602455e+04 -1.436459442051046972e+04 -8.613652453754984606e+01 9.688744406943846843e+04 6.216349611840478610e+04 8.625871688165148953e+03 -2.411140785878136739e+04 1.767973441868671216e+04 -9.595046777514930000e+04 -8.807482461357320062e+03
3.746973160122689023e+03 2.652317954581521553e+04 2.346029159606683606e+04 -6.646511466511172330e+03 -4.183702214710055159e+03 -1.169805102144090228e+02 -7.641903516135503014e+04 4.097604150077600934e+03 1.974543662456343782e+03 7.117420238977972986e+03 -1.312492838026995014e+04 -3.537538239449903358e+03 1.718887399583472870e+02 1.194608219258948338e+03 -1.170364369711317778e+02 5.174013177668914977e+03 3.447529355432905959e+03 8.582267939536392305e+02 -1.714933119850373942e+03 -9.714949353375648116e+02
-3.390361032988087391e+04 7.461490853905177210e+04 1.565464070198635163e+05 6.688038500037605409e+05 9.269461209923577553e+04 7.429178814210163429e+06 -7.226347487304396054e+04 -6.452495208701075753e+05 2.697222315995696001e+06 -1.839428319571936736e+06 -9.099011106334049255e+05 4.952719504703676794e+05 -1.449154183666315657e+04 -1.352397542225514771e+06 -1.006791201424730825e+06 1.677897437323605482e+04 5.029670213864884863e+04 3.157114726211919697e+04 3.748489633779013529e+05 3.634773474928404903e+04
-4.215490931973228726e+03 3.734433548528907522e+03 6.105026206054274553e+03 8.684488837378743483e+03 -1.810732807631079822e+03 -1.332560728625871889e+03 1.775812222226094946e+03 -8.859450418355023430e+03 -7.119995735775731873e+02 1.518702628566564954e+03 -2.101229924355844560e+03 3.544656464209040081e+01 -7.317251797632208898e+00 -2.536640440670022940e+02 1.450244894071846602e+02 1.720578765891169226e+01 -2.093282521977813282e+00 1.563376476073363790e+02 -8.349825369424911514e+01 -1.133659846962703341e+03
-2.443096632772815792e+04 4.537092099728197354e+04 -9.443578182434634073e+03 -8.956063077640765187e+03 -9.542729774523996866e+01 4.673210965528568863e+02 -8.804194251748730267e+02 -4.109231727670471059e+02 8.015742810895505954e+02 2.426691128889787251e+03 -3.117807246143266639e+03 -1.127381200499051346e+02 -1.290315306546557750e+01 7.282594389030800812e+02 -9.178870002006458435e+02 4.546653746846844797e+02 -3.492428264085186242e+02 -3.281408458640053709e+02 -7.071444665210580638e+01 3.648521622169796501e+02
-9.045574359854303111e+03 2.509472781560665226e+03 6.052602049672834710e+02 8.564211321167173082e+03 -5.749691222825024397e+02 -1.042737895624301245e+03 -5.479558260491887722e+02 2.337874444150977070e+03 2.716819043223619701e+03 -5.838273971440327841e+03 9.895888114277091518e+03 -2.375673958914053947e+04 -4.361648984331933207e+03 -3.282483414749741769e+03 -9.360360308197105041e+02 -2.595746211705440874e+04 3.979367801747012709e+04 2.336766508746085674e+04 -3.981866910769649621e+03 -2.856470254596074483e+03
-1.731001509117524256e+04 1.412247682877041188e+04 1.669733670193864600e+04 9.035346003230453789e+03 -1.793648595334526135e+03 -1.161172518703075411e+03 -2.225328617858468192e+02 4.115681386318414297e+03 1.964260379384204782e+02 -7.269391481062273670e+03 1.415846265704327197e+04 2.924124824472157343e+03 3.905950502956922605e+02 1.485670516476602927e+02 3.655525147483107418e+01 -1.932778606638156305e+01 -1.890902830810799742e+03 -1.064803077276811337e+03 1.211161446458145292e+03 -9.913551772748087387e+02
1.518768216489257838e+03 6.137803807394121577e+03 9.827112510546457997e+03 1.413987220008338045e+04 -3.149441591160939879e+03 -2.347093857053914235e+03 9.064872242526726041e+02 -2.393440177300759387e+04 -3.769704654033816951e+03 1.110328521387305500e+03 -2.217066795103742606e+03 2.114189184511776602e+03 -2.229945920758784439e+01 -1.033003355306713502e+03 1.233488709565452154e+03 -9.570149731997574918e+02 1.267979160101956950e+03 2.821244389766796417e+02 6.285837849501722019e+01 3.164600947211821222e+03
-5.569963073253937182e+04 4.000524081454399857e+04 -3.540128080195652728e+04 3.386319163456542447e+04 -2.646326352393198704e+03 -2.978421476435594741e+03 -1.702351305725791235e+02 1.327873263919393503e+04 5.935383108813371109e+03 -3.183994423268694845e+03 6.244542103277305614e+03 -1.249485013510049248e+04 -9.808736907070551752e+02 3.113819815720318729e+03 -3.199804087729558887e+03 -1.210436065684011055e+03 2.932243729220827390e+03 -1.852565111011800127e+03 4.739180552032481160e+02 9.570104494953679932e+02
-4.140985007607438456e+04 3.578637604821207060e+04 -2.446633808414151645e+04 -2.333260933340390238e+03 2.607783802910890699e+03 1.273529798957117009e+03 1.263595057168875201e+03 2.326372915013753300e+03 -3.135038504411276517e+04 -4.008934316372132889e+04 -1.652964872025599834e+04 -4.561929286535963911e+03 1.994875311066967470e+03 2.909601560404515567e+03 2.071226853358359222e+03 -1.808932389963789774e+03 -3.177503663770178264e+03 -3.070629019740777608e+02 -1.124444537913430850e+03 -1.874979410894962712e+03
-4.695973981114256458e+04 1.194445065011804581e+04 -1.530432689224885326e+04 1.289080514983710782e+04 5.020060061264113642e+02 -1.438480374085845597e+02 -7.944221470569218582e+02 1.602393209574427965e+04 -9.609168178236479434e+03 -1.064874809285066294e+04 -9.441530507993722495e+03 4.551974128100641246e+04 -3.319040827033228124e+05 1.377586973633220987e+04 9.635841226988772178e+03 -2.728524605081826735e+02 1.229318858023507164e+04 -3.615267632284096635e+03 1.027524570695252623e+04 1.083159678998608342e+03
-3.771315434967391775e+04 4.238908057711128640e+04 -2.853801297099386284e+04 3.704656502632443153e+04 -3.314501203949099818e+03 -2.502345855454220782e+03 9.126710452516171017e+02 2.366173676923341918e+04 1.533847844150578794e+03 1.434145722859728266e+03 -6.376811645720795241e+03 2.880700884749125544e+04 7.910478501275012604e+03 1.935974947744938163e+03 8.840564354322055806e+03 -1.975183679708217142e+03 7.030829980414177953e+02 6.221176710683871534e+03 3.433523332272582593e+03 2.010680806103792975e+02
-9.884102361052098786e+03 1.050311529519362375e+04 1.604452179414589773e+04 1.808130063274697250e+03 -6.659800040709269524e+02 8.421136545524461781e+01 8.084736511097434004e+02 4.018223363256311586e+03 1.969774914704463527e+02 -4.337136661995839404e+02 5.203196436319856275e+02 -5.062252153701029783e+03 -8.860489219010695479e+02 -1.469361964550437915e+04 1.226028529155813703e+04 3.643347702344086429e+03 -9.247562307524915468e+02 1.195011947051013124e+02 1.049690050742046651e+03 2.925796791893461659e+02
-1.303446378347081009e+04 8.465624074607254443e+03 -5.522170815791484983e+02 4.541430786308954703e+04 -5.164392491242273536e+03 -3.647458050720895699e+03 -3.705843086787810421e+02 4.426805668115517619e+03 1.396414519318562952e+03 9.873488891095421423e+02 -2.487110646185245059e+03 -9.974998554535127369e+02 3.136345250045044395e+02 1.438951524908745341e+03 -1.434573600313800171e+03 2.196353524274135907e+03 -2.581712882916579019e+03 -1.191875514354515644e+03 -4.493883309569386029e+02 1.992324551674157078e+02
-6.885724935957828166e+03 1.665625871182941046e+04 2.590182299127784063e+04 1.285852926881003259e+04 7.209044232068186830e+03 1.359106757683622709e+05 1.255462500916595218e+03 1.018036716806816548e+04 -8.264374236973558436e+04 7.014792801531749137e+04 2.806728217481349566e+04 -2.964695692814120412e+04 9.503420380840811958e+02 7.721361212155292742e+04 7.149716320108277432e+04 -2.450084105213036878e+02 1.533066703255070024e+03 -6.287510835684981430e+03 -9.272427919467159882e+03 5.318100502226117214e+02
-4.845963014898240363e+04 -1.541570544048269221e+04 9.484239234665999163e+01 -1.433326655135140527e+03 3.801555477882268264e+01 1.424529441474404337e+02 -7.656487647675451171e+02 1.711225375156305063e+03 3.725176719076168297e+02 -3.168186584693014538e+02 5.590535728672609821e+02 1.677176792397174552e+02 -4.114007897165317331e+02 3.639853548981849940e+02 -1.299490310205508763e+02 -2.736757961005950506e+02 2.945139405312567646e+02 -6.726279036900567689e+02 2.380974075089480948e+02 2.133488693548829178e+04
-4.604627741940412670e+04 -1.259906075228155714e+04 4.576054832466073094e+03 1.937791861520115390e+03 4.289908033490660273e+02 1.602205318481282666e+04 -3.010843108189032137e+03 8.336419234093516934e+03 -3.707189018879443029e+04 1.345619431214451288e+04 2.521004675497531935e+03 -1.771540826357301512e+03 -5.522307809826710354e+02 -2.169653438903723509e+04 -2.672028257042165205e+04 -1.423384993807663477e+03 1.885098753698848668e+03 -5.605461733229213905e+02 4.342865661380818892e+03 9.581481931211825440e+02
-2.081303823523509709e+04 1.817157416201244996e+04 2.201060758109213566e+04 4.077177566681605094e+04 8.554490850500491433e+03 4.733763754826346121e+04 -3.403484791888218751e+03 4.652069384642329533e+04 -1.432079830899474327e+05 7.464975937167486700e+04 2.615881343345425194e+04 2.465849558045705999e+04 -3.992497341237765340e+03 -1.201239800959516724e+05 -1.277858689853067481e+05 1.798070703808469625e+04 -2.675841434647992719e+04 3.179403125142636782e+04 -8.951835829721749178e+04 -2.500594444517755619e+03
-3.824848762148787500e+03 1.337408009818228675e+04 2.022199720677977530e+04 -2.523593356435348142e+03 -8.553580378473417341e+02 -2.893065482559982797e+02 2.978074428767180507e+03 1.468306124609956441e+03 7.355847228421721411e+02 8.228947752426649913e+02 -2.162848651804812107e+03 -5.104684325008328187e+02 3.571187688106567837e+00 9.141069829657761829e+02 -7.900363595595732704e+02 2.628020703570091143e+01 2.067068954128901908e+02 3.798042454153046066e+01 3.752478517831085725e+01 1.062472296382431267e+02
-3.770983126473466837e+04 5.487385780222576614e+03 1.397230955163091676e+04 2.078126879706950422e+04 7.888132223667610560e+03 5.041418500662119914e+04 -7.442846384545428009e+02 4.519229222614926402e+04 -1.758634299516984902e+05 8.380269460526382318e+04 2.220801421463676525e+04 2.007865925857896218e+04 1.205491776937907707e+04 -3.255078927226952510e+05 -2.339856602635043964e+05 -4.201601559623531066e+05 7.102285857723297086e+05 -2.104463607909047045e+06 -2.177633794808288221e+05 5.090580878107423814e+03
-3.937153958005669847e+04 9.400567375560969595e+03 2.847170868239001720e+04 -7.704187854615644937e+03 -4.774978464673319650e+03 6.019810164568498294e+02 -9.283654984462926222e+04 9.804378563949621821e+03 -1.180067871268931231e+04 -9.444628457886306933e+03 -3.087097540681488681e+04 -2.959314100704528028e+04 -1.036357618702884065e+04 -4.091347559392800031e+04 4.181658393500301463e+04 -5.402395853004804812e+05 -4.130519698641552241e+05 -2.224136468164364123e+04 -2.088010960122930919e+04 2.494672799212529208e+04
-2.425443454940872471e+04 3.124150777430061135e+04 5.069616560608880536e+04 1.180738047627311025e+05 9.832802140443473036e+03 9.506361415939696599e+05 1.240485655467874267e+03 6.185769225912866204e+03 -1.305934079841960338e+05 1.152274797360535886e+05 5.758813875810528407e+04 -3.997971841008423507e+04 1.200008529175160447e+03 1.459803158144455520e+05 1.077851338441915286e+05 -8.222194030601576742e+01 -8.374946937685446755e+03 -9.485122185560690014e+02 -5.076522373300039908e+04 -3.785795351933643360e+03
-3.440633898858170869e+04 4.370198342291024892e+04 -1.064626052042681113e+04 3.781222159796579217e+04 -3.326659294419986963e+03 5.603304692726537724e+02 3.541708984687491011e+03 5.068770063791319262e+04 -1.773276820685792336e+04 6.487542251296728864e+03 -3.752926779266454832e+04 1.513532630094628839e+05 3.164126970761188932e+04 -1.271252573740497064e+04 5.780358427184414904e+04 -5.371757076918907114e+04 6.656483194680088491e+04 3.143571401094579414e+04 4.536901748569896881e+03 -3.864308359341386677e+03
-1.565431860897010120e+04 1.021999815884061718e+04 1.179740651223026725e+04 2.346213713229607038e+03 -1.086107606658901659e+03 -5.599716063191061721e+02 -1.399614024867305307e+04 2.952116945742138341e+03 -1.992692129882280824e+03 -2.888164469709503919e+03 -7.301874075604535392e+03 -7.402089494802117770e+03 -1.869880277507742676e+03 -5.547891574685117121e+03 6.114283808092419349e+03 -3.519455290090428025e+04 -2.378787923844265606e+04 -1.162953781752269578e+02 -6.242019605014399986e+02 -2.981934544794702902e+02
-2.014504633504052981e+04 1.062716118458732126e+04 2.187704603092172329e+04 -4.004992194874639466e+01 3.034039012240794818e+03 1.463018706878956800e+04 6.418620641592957554e+02 1.249289990751800724e+04 -3.150278965936683744e+04 1.978632355256642040e+04 6.865371924112107536e+02 1.736591445204674164e+04 5.441890239574638144e+03 -2.966854747822355421e+04 8.864651243631262332e+03 -4.525492308549599693e+04 7.173357789663576114e+04 -1.147044286590801203e+05 -2.054939385332365418e+04 -1.202087136806821036e+03
-2.427440188605138974e+04 2.719042849401772401e+04 2.808452772587808795e+03 9.021113415259698741e+03 2.974133252311533579e+04 4.404612638974595757e+04 -4.575237282201434027e+03 1.804054810020677905e+04 -1.345653097376236983e+05 1.251840486880867138e+04 -7.550339102414252011e+03 -1.307082212765499207e+04 3.711620458398623214e+03 -4.875955517011160555e+04 -8.727145678285992472e+04 -1.093010012368900971e+04 1.529367819322456126e+04 2.672655851553649336e+04 2.093412159915177035e+05 6.379400460355576797e+03
5.844827725584113068e+03 2.193836022283299462e+04 2.387989090191806099e+04 -3.817428817417180198e+03 -3.983899223041678397e+03 -6.302393309298978465e+02 -5.905747519177509821e+04 -3.588604096293240673e+02 9.822554299652977079e+02 1.365908798478530343e+03 -1.422711747443293234e+03 1.200038879454582229e+03 3.984461518238529152e+02 2.024159709688157591e+03 -4.386071638775411543e+02 5.218677090634656452e+03 3.175120257045432936e+03 5.388421936947177073e+02 -1.003322962959538586e+03 -4.791480944793260051e+02
-1.085920375403121398e+04 1.307296181514396267e+04 2.098139479013857635e+04 3.813224548891689210e+03 -6.877767673705359357e+02 4.140565509036177900e+03 3.288779178016752212e+03 1.354234792500429467e+04 -1.481321359566234059e+04 1.147797889160729210e+04 8.472478065959423475e+03 -3.651370692576099827e+04 -5.629075951953972435e+03 -1.083810986183628847e+05 1.233341660602059856e+05 5.532367128966004384e+04 -1.634244594809509908e+04 7.207423893429443524e+03 -4.248126563769073073e+03 1.813302489245689867e+04
-4.170324232268446212e+04 3.592800288983647624e+04 -2.631111025582168440e+04 -5.215194680268989032e+03 9.961860748760464048e+02 5.561228440108310451e+02 1.341938083209331353e+03 -4.304916567621631884e+02 4.213094467389594229e+02 1.276632886864747860e+02 1.716021576201648713e+03 -2.214880664581806684e+02 -6.278360627224361679e+02 -2.600806059232396592e+02 -5.757933517513070143e+01 -2.423856012809914660e+02 -3.644378215321172831e+01 -8.380023343760741454e+02 1.149647840141556259e+02 2.120631091592620214e+04
-4.839529317431303934e+04 -1.512340539185898706e+04 6.397133912222273011e+02 -1.247336276904545230e+03 2.191746376413582880e+02 2.800668100045714937e+02 -9.242208527357811363e+02 2.886537477439007034e+03 -1.591287179248045504e+04 -2.506214840773108517e+04 -1.209010047808919262e+04 -3.704580995585406981e+03 1.060536622302139676e+03 5.791589004612216740e+03 3.362464398790280939e+03 4.699787117210296856e+03 9.614765066969828240e+02 -8.866269301566919694e+02 -4.769855776889452500e+03 2.739907803280652274e+02
-4.332376167140884354e+04 4.873417784566304908e+04 -1.491819379816078981e+04 1.183625997982947010e+05 3.774330498322490166e+04 3.272267325405126940e+03 -6.657788197464812583e+03 1.238686921783806029e+05 -1.073264803249460820e+05 -3.239254324847713360e+04 -1.485637644755731453e+05 4.946661070626931614e+05 -2.562450987102032639e+06 7.993945496745551645e+04 8.424003479697836156e+04 3.541244295918357238e+04 9.498511284400306977e+03 -2.362886442389662261e+04 3.937337699184878875e+04 -6.968172246985540551e+04
-8.601942392551520243e+03 5.175049603903857133e+03 4.712379905846390102e+03 4.315791851340921312e+03 -1.620530699785167371e+03 -8.066751901463943568e+02 -3.273778684655251709e+04 1.151763230235185119e+03 1.474406897461655717e+03 7.437561455779072048e+02 -1.211737190055170004e+03 -3.748161864662543849e+03 -3.288286986275271033e+02 9.280820769779970760e+02 -1.888679016625921179e+02 3.197364684354883138e+03 5.172958589109700370e+03 1.268572255613780953e+03 -1.165986886601994684e+03 -8.185267688831405621e+02
-1.335784412477532533e+04 5.392653224570921338e+03 2.971616937562581370e+03 1.905387220489508763e+04 -2.967550780421677700e+03 -2.583561633666754005e+03 7.440411009900009276e+02 -2.025390919334139471e+04 -1.802770929451634629e+03 4.385586316204738068e+03 -5.493329614280696660e+03 -1.757388606066574539e+03 4.256477700449544841e+02 -5.472627718535205531e+03 5.260608814052413436e+03 2.075946158333255880e+03 -5.314070374452280703e+03 -3.959156515725744157e+03 6.026868224275362991e+03 -8.006412039263304905e+04
-1.563558754529560429e+04 1.495993102250231095e+04 2.629472658033506013e+04 1.984552208242327106e+04 1.559885730234512303e+05 -4.771416395465324058e+03 -2.809233082889541492e+03 -2.043566817982721204e+03 2.250020026017688451e+03 4.639493435879796834e+01 1.469567639494091225e+02 2.735644243281307695e+02 2.151088112325643351e+02 5.694592203686298717e+02 3.651238792378066478e+02 5.658349841098220168e+01 -6.827037936888909542e+01 -7.946932422708205479e+01 -2.066929776903518814e+02 -9.311206505949146006e+00
-4.673913713979131717e+04 -8.853704084947181400e+03 -1.324565717245835458e+03 2.174307085133191140e+04 -2.102600165915474463e+03 -2.011175907480983142e+03 -3.624408771151230667e+03 1.541652334835160400e+04 5.487938217911870197e+03 -2.391375712818432476e+03 2.051586932961602997e+03 -2.509506597473141483e+03 3.774468334439976388e+03 5.162799853388232805e+03 1.707006349575900913e+03 1.643605523803813412e+04 -2.328701136595157368e+04 -5.592925736830999813e+04 4.844322060885660903e+04 -1.025449494974027948e+04
-8.895580234901548465e+03 1.674532262701447689e+04 2.579769962819774810e+04 5.806837894772936579e+02 -2.039112592685965637e+03 -7.498078683725026394e+02 -3.325448686294029812e+03 -5.140226648647197862e+02 -9.449878923413439225e+02 -8.865804108409232867e+03 1.806959159358692341e+04 5.868329121105475679e+03 3.444978521211397720e+02 5.011722845027839526e+02 -3.396419861227054753e+02 -7.614136890319191764e+01 -1.588883763944631028e+03 -5.274878724380981794e+02 8.287122484133072930e+02 -7.077536235721440789e+02
-5.037963260833575077e+03 1.394982229978603755e+04 2.244798792910777047e+04 4.634998159917355451e+02 -9.838126121540668692e+02 2.188307547688912382e+04 6.680720436196558694e+03 3.809991727582294516e+03 -9.558108704148895413e+03 7.906882260409970513e+03 8.159448338816692740e+03 -2.073601198377928540e+03 -1.364645570610686605e+02 8.590233936270684353e+03 3.286602452524392902e+03 2.330846010659214699e+03 -5.195510105972294696e+03 4.960663501080720380e+03 -1.963008325622725897e+04 -2.008033939217332318e+03
-2.643763552898166745e+04 3.733526593055090052e+04 6.763889405942482699e+04 1.420863090887261205e+05 4.313969502724552149e+04 1.271015833814267302e+06 -1.308669935687625548e+04 9.499174306960003742e+04 -1.141569845409028232e+06 9.370813689726606244e+05 4.408323173746695393e+05 -4.719446091059840401e+05 1.800154699702349899e+04 1.400029016413799254e+06 1.067892005748613970e+06 -4.399176234783912514e+04 -1.709472291622325429e+04 1.811669281306827033e+05 1.144675960023254156e+06 7.039145206546309055e+04
-4.142454675950141973e+04 3.523850570149484702e+04 -2.515506530893176750e+04 -4.466433699781152427e+03 3.209028064838178125e+03 1.699567357136364990e+03 1.763476369302904459e+03 4.092785316881571816e+03 -4.750326482840349490e+04 -6.440203181907714315e+04 -2.928720186911208657e+04 -7.725173647918447386e+03 3.226093495274218640e+03 8.890972319773056370e+03 5.042511881140104379e+03 6.726269444693120931e+03 6.023368736693598748e+02 -1.096511664455956407e+03 -5.759330611979780770e+03 -1.424599122030882427e+03
-6.003230784838984982e+04 7.918551187807835959e+03 -1.878976630576023308e+04 3.457664358893799363e+04 -3.033873043757317646e+03 -3.080177039736103779e+03 -1.446030033635986001e+03 1.421402664217933670e+04 5.408499084638604472e+03 -3.870839426807306154e+03 5.370187963073131868e+03 -1.182880681198127240e+04 -7.765259720879089400e+02 3.372393486369907350e+03 -2.959250572089398702e+03 -1.360318518768091508e+03 3.315306118308791156e+03 -1.565425650381296464e+03 5.933573351292577627e+02 1.012243239521800433e+03
-1.584416244184460629e+04 1.073221235969767440e+04 -1.778066845640180873e+03 6.457677200089976395e+04 -7.185520311305467658e+03 -3.174705864544584074e+03 -6.389255616471764370e+02 1.227789627708349872e+04 -2.653979756918211592e+02 3.961617315120607145e+03 -6.122220089661694146e+03 5.723143375557573563e+03 -3.034850956988839243e+02 1.639173282363099815e+03 -3.487282220513875927e+03 3.725080804743451154e+03 -4.352248698141885143e+03 9.856392665166326879e+02 -3.319036184914991281e+03 5.899574114283999506e+02
-4.602943147526719258e+04 -1.264689863789241281e+04 3.977983541881245856e+03 -4.699698354103417586e+01 -4.530022228453655089e+02 -1.513452401315360021e+02 -8.306502588745566754e+03 2.768450996686508006e+03 -2.053515310426852466e+03 -3.485854513877727186e+03 -5.982718044148910849e+03 -6.529510876289482439e+03 -1.815652155286429434e+03 -4.565033017427121194e+03 5.397040189435899265e+03 -3.505207940036319633e+04 -2.350753317250121108e+04 -1.858441280671968059e+02 -7.520672148716735137e+02 2.543486747477951155e+02
-3.868561255314465234e+04 3.287639700443525362e+04 -9.732993637808676795e+03 7.193125068376815761e+04 1.378783827118318641e+03 6.429548388281088592e+03 -4.912569955537302121e+03 6.611435765563252789e+04 -6.829972993396531092e+04 -2.652339914827760731e+04 -7.053969008508218394e+04 2.108620045659361931e+05 -1.088900561385466950e+06 3.093990988999097317e+04 2.885400965542808262e+04 8.634417348819602921e+03 -8.229624858936269902e+02 -7.977515890958977252e+03 1.418766926801020782e+04 -2.635228179999850909e+04
-6.716441755637222741e+03 6.614812436083684588e+03 9.094444297933230700e+03 1.653904025800112140e+04 -2.818783591825708299e+03 -2.432189553783934116e+03 5.481201593585117280e+02 -2.034765309172444540e+04 -3.214072466250663638e+03 2.424835011295474942e+03 -6.035834831509891956e+03 -3.880115013193387767e+03 -5.590644843180465386e+02 -7.503415014980650994e+03 6.007684725549084760e+03 -3.647397743981332042e+03 1.985636724490341521e+03 3.589801109035485752e+03 1.018748608085457818e+03 -1.181692992546995083e+04
-1.896763256352297685e+04 1.300895321798656005e+04 1.454678256625136964e+04 4.341165579725546195e+03 -1.208451104445271312e+03 -7.602523324691643438e+02 -1.117803390337056953e+04 7.160589415466476567e+03 2.824727851814150654e+03 -8.435445759248717650e+02 -9.483929158381779416e+02 -1.468447808656246889e+04 -1.753018209093801943e+03 -3.448738192180560873e+03 1.211384476295668492e+03 -9.328621247585391757e+03 1.348379656481147686e+04 5.572675404476797667e+03 2.022546680345772074e+03 -4.894949926969179614e+02
-1.618038646031573626e+04 1.786054183565923086e+04 3.434756825287891843e+04 3.065946711427194896e+04 2.564064080203492194e+05 -6.826301691690198822e+03 -5.191576703119840204e+03 -4.907672312125116150e+03 3.368259599152956525e+03 2.642670408754950586e+03 7.485958612369163347e+02 1.344000801592453172e+03 7.474131624353921097e+02 1.268421288116970572e+03 1.435111091525027689e+02 5.055913994151076736e+02 -6.117895667600618026e+02 2.114567217726133777e+02 -2.083527464022072309e+03 1.536533107106747593e+02
-4.589368464421355748e+04 -1.203300022316408831e+04 6.078931012906599790e+03 6.449570804826877975e+03 6.258107180087364395e+04 -1.690336489392045905e+03 -2.466131763986878923e+03 -5.761857160954554047e+02 2.130652173283454331e+01 -9.065215702016051864e+02 -4.412910171075056951e+02 3.337734950169693775e+02 -1.240196484897655438e+02 5.811739553175121955e+02 -3.358678130788852059e+02 1.142204032571900001e+02 8.788563715340113447e+01 3.897369094780199106e+01 5.515875041685844735e+02 4.181866744270756158e+02
-2.223525871558094514e+04 2.518230195544693925e+04 2.689467098360735690e+04 5.359277821226011292e+04 2.413639438124532899e+04 4.094989951661151135e+05 -9.401515557694892777e+03 5.010823083850658440e+04 -4.535329043919385877e+05 2.231797088067580189e+05 7.457681061425611551e+04 -1.055733067783546430e+05 9.291094608243840412e+03 1.289746412067784113e+05 -7.990754289373542633e+03 -3.434390382122268056e+04 3.607073403305748798e+04 7.424827533950997167e+04 6.115162466315157944e+05 2.405476712689747728e+04
-4.161313609180256753e+04 4.485833937187746051e+04 -2.857399822060958104e+04 7.342522059856487613e+04 -7.147547635326703130e+03 3.787462652981036513e+02 7.165916196461229219e+02 3.945571135009588761e+04 -5.615497919158735385e+03 1.074772644658362333e+04 -1.791488276287733970e+04 5.279061122559754585e+04 6.456094998618345016e+03 7.608573222836162131e+02 4.821134528279585538e+03 2.517853316918646669e+03 -5.197553683742189605e+03 1.329530895538381446e+04 -4.473857509560350991e+03 9.885516550589499047e+02
-1.611011649114116699e+04 1.156344744671072658e+04 1.573883681674665604e+04 5.844089188313693739e+03 2.323359685998670443e+01 1.650917267783829448e+04 -4.069901790475802500e+03 1.036528042166967498e+04 -3.732503453397876729e+04 1.406149692587713798e+04 1.716117464456626976e+03 -1.463227672067159119e+03 -5.607394662528332674e+02 -2.285596015304124376e+04 -2.648471317864619050e+04 -1.272839499655935697e+03 1.305152916366321051e+03 -5.648928353904716460e+01 3.850664711297870781e+03 4.157000003773739536e+02
-2.400392489504477635e+04 2.627353719302979880e+04 2.845291384523965826e+04 6.831580491123448883e+04 1.256332494117960778e+04 5.443418533588419668e+05 -3.817860295693902117e+03 4.164233610569107987e+04 -3.661363180257517961e+05 2.767015813227606704e+05 1.177255461079416127e+05 -1.073148526530675008e+05 6.116628721831098119e+03 3.043556442511018249e+05 2.258615332010272250e+05 -1.329871497822562560e+04 3.602944404250620209e+03 2.500430630814295728e+04 1.962347708411361673e+05 1.209898929606754064e+04
-4.650102982893297303e+04 6.066818856215381675e+04 -8.738643874617597248e+03 1.978918934380067412e+03 -3.064907159162016796e+03 -3.739390700768498732e+02 -4.235846532364519226e+04 7.271396262787638079e+03 2.404606662606568534e+03 4.819147362512152540e+03 -8.493346405768284967e+03 -3.517255069518452729e+03 1.424973572224434406e+02 5.241854578131806193e+02 -1.478411996822012213e+02 1.577785417278215618e+03 -1.483559338547566540e+03 -1.552235796779236352e+03 2.822817075771217219e+02 1.972950470076975762e+03
-8.186552494581152132e+03 1.211819799579384016e+04 1.948738257997223263e+04 6.153789542892297959e+02 -9.804120568929449746e+02 -4.126983359599199161e+02 1.478939911527262439e+03 2.000274083373131361e+03 -4.825506036949795430e+02 -5.672064352029621659e+03 1.121655156155908116e+04 2.786584491170502588e+03 1.432187574515957067e+02 -4.501442697232917567e+02 6.062535035417614182e+01 -4.168676917204166443e+02 -1.347630434815788931e+03 -2.518817165980065340e+02 5.484323017898091166e+02 -1.063422853069599796e+03
-5.170013572442088844e+03 1.211595068575409096e+04 1.679573317344569659e+04 1.521920617763238624e+04 -4.127941957362530957e+03 -2.737218077440790239e+03 -5.215861160908026250e+03 -2.530373043752271769e+04 -4.105931288187106475e+03 -1.754712875886667916e+03 3.825898455510365238e+03 4.577209505706869095e+03 1.548775927383753128e+02 -7.085024236496072945e+02 1.250806804132246953e+03 -6.586762850714737851e+02 9.548842718824358826e+02 8.152785677427555555e+00 4.383608780144898560e+02 3.372884748023250268e+03
-2.355501195781553906e+04 2.426984973255989462e+04 3.045530167303908092e+04 5.912451571240431804e+04 8.350890648660182705e+03 8.631646067246637540e+04 -1.990197281742229734e+03 7.837111987679242156e+04 -2.531767388323281775e+05 1.347787085001167434e+05 5.998019736836872471e+04 4.462488080936217739e+04 -7.427769283151556010e+03 -2.174164048649182951e+05 -2.326986299964479113e+05 3.998201027050674747e+04 -6.119156957917978434e+04 7.300509332303371048e+04 -1.949312601985632791e+05 -7.287238835909097361e+03
4.126097415298751002e+03 1.528586268061194642e+04 1.622629742446939053e+04 -2.466642335326884222e+03 -2.542902127830526297e+03 -3.474149236028042083e+02 -4.688306151006017171e+04 2.108703089104668379e+03 1.056776705704130109e+03 3.333165120990809100e+03 -7.081017703385639834e+03 -2.125407221664090684e+03 1.820734119943580254e+02 8.724936494061977328e+02 3.458302723479209249e+02 4.242966759671559885e+03 3.581481351994019860e+03 8.466082881443312544e+02 -1.216292020571880357e+03 -9.851375723105660427e+02
-4.104345638931866233e+03 1.769509791747186318e+04 2.550517840184866509e+04 -2.970918791777811748e+03 -1.530475362906012606e+03 -4.752261123891714192e+02 -1.149789436584831947e+03 5.210199040025160002e+02 5.735069284407845771e+02 -7.664674210930545541e+02 1.261411813948562440e+03 1.108385569259668273e+03 1.146818409725670307e+02 1.341858308215746774e+03 -9.640048683508028944e+02 2.722211565492082741e+02 5.719734869485473183e+01 -1.664031407672161151e+02 2.730682493465064340e+02 3.066921291142077735e+02
-2.471951868104875393e+04 3.620031318268916220e+04 6.468628787263232516e+04 1.398801247667644639e+05 1.203147689975778303e+04 1.207736800090322038e+06 4.355732660574517467e+03 -8.955377722166276726e+03 -6.840836380051211745e+04 7.652148813311544654e+04 5.103051029465709871e+04 -2.879000192693536155e+04 5.646747997209359937e+02 1.234267861171739351e+05 8.644321800305953366e+04 4.191910900610262615e+03 -1.675196186938967730e+04 8.848970571675914471e+03 -7.642458136026698048e+04 -6.700689094067681253e+03
-2.542824873926889268e+04 5.264041157906039734e+04 -2.684496499681485602e+03 -9.911713269468196813e+03 -1.291142054770335790e+03 2.046894386377296655e+02 -9.121282368784020946e+03 -2.571337831550979899e+03 4.099903394175418043e+02 -2.708258186013585487e+02 2.818636672521115088e+03 2.741095534073119325e+03 1.865553763887060654e+02 1.661632164347806338e+03 -1.336039119188407540e+03 8.616156098399619623e+02 -6.013949130757688408e+02 -5.997501153025809799e+02 1.387412879279760602e+02 6.961154035191190133e+02
-2.834289205808182305e+04 2.104309536531660342e+04 3.961352653141391056e+04 7.666666275745815074e+04 1.085716652492264984e+04 6.386758783140479354e+05 -5.175937433429690827e+03 2.488647333509040618e+04 -2.193911707347228657e+05 1.748919576639840379e+05 7.440080235554098908e+04 -5.167736134985992248e+04 3.897480176898421632e+03 1.559077528049163229e+05 1.303235487941843603e+05 -2.182094586382992202e+04 2.701372256193914291e+04 -5.248303460940863442e+04 -3.396876896294170729e+04 -1.391015779999316692e+03
-1.484305539282220889e+04 3.986910043206995761e+04 2.913137023575088097e+04 1.553176823540773330e+04 3.409084569161373656e+04 1.429064365017496166e+05 -5.954675593095531076e+04 6.073022532967996085e+04 -4.759142174122977885e+05 1.046109733626499947e+05 -1.437251720818732974e+04 -6.492637361458590749e+04 1.291680266171397670e+04 -1.817507951599852531e+05 -3.550678512397125014e+05 -5.226569979340975988e+04 7.121105712159360701e+04 1.215915395838075347e+05 9.844487336623072624e+05 3.203514041152373829e+04
-2.188720638574316763e+04 1.059241400413203337e+04 2.038235173054236293e+04 1.070193685679009832e+03 2.980372296831243375e+02 5.426398347164041297e+03 9.807530587024210718e+02 1.513648240063977573e+04 -3.310712545823999244e+04 6.404356264205570369e+03 6.070649570346963628e+03 2.212927586896738649e+04 2.720696677117901345e+03 -7.061930946635433065e+04 -1.077249770298189105e+04 -2.974411617955129259e+04 3.031431920450131292e+04 8.639082772654804285e+04 2.669608991490132175e+05 4.358330732482956478e+02
-5.546119298651985446e+04 3.804472669580615184e+04 -3.275563738231145180e+04 1.625516144212416293e+04 -7.987058034341428083e+02 -1.416083918428052584e+03 9.379621780746411730e+01 7.096371587050633934e+03 4.055630058253591869e+03 -2.334524437464613129e+03 6.265412748652393020e+03 -9.276827293513179029e+03 -1.143420311903015772e+03 1.063000791825436181e+03 -1.496643316399691912e+03 -2.072633125466175443e+03 3.644683421991551768e+03 -7.076062114956390587e+02 6.102212604987062150e+02 1.081607420375244857e+02
-2.570066430945869433e+04 2.419490213245570339e+04 1.329523215432798315e+04 2.601802327714316925e+04 4.256478869352311449e+04 1.234869933105825621e+05 -1.079346147923162425e+04 4.452840706394107838e+04 -3.427791423613042571e+05 6.941742224431040813e+04 -1.249780180764290662e+03 -4.183017683760524233e+04 8.455499481447324797e+03 -1.243226388571586285e+05 -2.408462287008392450e+05 -3.294431864438768389e+04 4.426394002414985880e+04 8.180594852319156053e+04 6.318459164645884885e+05 2.041605865139910384e+04
-1.796564183407655219e+04 1.416536463670041667e+04 9.573164648238634982e+03 5.271567534849914409e+03 -5.911500651686019410e+02 1.008822259990534036e+02 3.239996251780798048e+03 6.674103169258970411e+03 -1.769927287507920255e+03 1.205961761533652407e+03 1.323473009105640813e+03 1.499482221025775743e+02 -2.443610763422934178e+04 -2.893628392368377718e+03 1.219406926536243918e+04 -1.700304116570881160e+04 2.419280560340997908e+04 -5.141848025089805742e+04 -7.727279143571268833e+03 -1.330974776082315657e+04
-1.177860411488186764e+04 7.559832714324772496e+03 4.811155139720758598e+02 3.730257157747171004e+04 -4.350044921471975613e+03 -3.565273492320484820e+03 -1.975265452559812047e+02 1.287085028072434625e+03 1.640322569563586740e+03 2.056005994517241504e+02 -1.491448145156780811e+03 -3.021629615839392500e+03 3.444748934369564495e+02 1.241484511735724254e+03 -8.913420845163564081e+02 1.492541568353793309e+03 -1.674716495320429431e+03 -1.492687672044450892e+03 1.588516811812704361e+02 1.288933786032056048e+02
-4.041682704772891884e+04 3.790480861416200787e+04 -2.695958532765179916e+04 1.906615754994966119e+04 -1.255892572666806018e+03 -1.060734797819115329e+03 1.215485852177157994e+03 1.776780513156794041e+04 -5.714778355135887722e+01 1.361142969201207507e+03 -5.585714397539827587e+03 3.066150245850925785e+04 7.676294154338784210e+03 3.442297488822471792e+02 1.037962450487858769e+04 -3.177315815596893117e+03 1.893264721702516681e+03 7.107640676549087402e+03 3.720064091195793935e+03 -3.002592297900991980e+02
-1.574375642535469524e+04 1.140433593952998126e+04 9.276265903481229543e+03 2.352823596159079898e+04 -4.213509152447977613e+03 -3.394251765463851825e+03 -3.240538648624871257e+03 -2.015786836452933858e+04 -1.792933121960368908e+03 -2.530666914604241356e+03 4.579031790622761946e+03 -3.669987986382493546e+03 -9.937759483277890240e+02 -1.822464216903108252e+02 1.187779346322073764e+02 -3.078788098840345356e+03 4.921576649537953017e+03 4.864556762706092741e+02 3.031712803138985350e+02 3.460744684503825283e+03
-3.885754238286244072e+04 3.844015346544401837e+04 -1.820402894868577278e+04 3.710542575426932217e+03 6.524432475835752848e+04 -3.876395604497004115e+02 -1.671777369203816988e+03 1.056917082525432534e+03 -3.129947152805522637e+04 -4.010621162932413426e+04 -1.809691994047061235e+04 -3.857216842723534683e+03 2.063647862063735829e+03 3.857529202163734226e+03 1.467494285133613403e+03 2.206912003982021815e+03 -3.207175426645683274e+02 -2.984997100814320561e+02 -3.287676974585270955e+02 -1.296538244802725330e+03
-3.582187704799029689e+03 1.536568676204532676e+04 2.239079650916608807e+04 -3.060008352228230706e+03 -9.973555416863825940e+02 -2.836150615252860234e+02 1.459470372319948865e+03 2.081774982855374219e+03 8.759814967255883857e+02 1.121308194857517492e+03 -2.801946430233060255e+03 -7.174639961028693733e+02 -4.594784419506819262e+00 7.732111041639185487e+02 -7.159042450990517636e+02 6.676625484730422500e+01 2.031847897028693524e+02 -9.225626309220169574e+00 1.168755281262372279e+02 8.323941440066570863e+01
-3.885188543786621449e+04 3.614554735393064038e+04 -1.928431437533532880e+04 -1.280410324934098014e+02 3.362278403425074885e+03 1.755579447067759611e+04 -2.080799369136945643e+03 1.022364857648575344e+04 -6.862281947477860376e+04 -2.563567161726557242e+04 -1.514341436542061820e+04 -5.569973965455727011e+03 1.649428191045172753e+03 -1.870035693211021498e+04 -2.507868034628783062e+04 7.861500935109967259e+02 1.263293472028774886e+03 -7.942321736600966915e+02 3.267838858233412338e+03 -7.707681745238852500e+02
-4.497560914768553630e+04 -1.201604209123886358e+04 5.309826484159038955e+03 1.043054283205260333e+02 -3.748424338867728807e+02 1.119628517855334167e+02 -1.248291171715571863e+02 3.567363206870639260e+03 2.175775992060211763e+02 -4.081280349976337334e+02 6.180110491064101552e+02 -4.960572751337494083e+03 -8.285484604035052598e+02 -1.363918249631086292e+04 1.185007122673222693e+04 3.586646625777939335e+03 -5.047427174203558025e+02 8.135508620338127628e+01 9.193478737572451109e+02 8.169647232449573266e+02
-3.974917303996800911e+04 2.992474114119260776e+04 7.071599825384917494e+04 2.119786576615697704e+05 2.921329843516815163e+04 2.260459814969441388e+06 -1.914860276708381571e+04 -1.197141876558182703e+05 3.777748173153723474e+05 -2.296517968083749874e+05 -1.297108764629842626e+05 6.304044928217919369e+04 5.534690031535938942e+03 -1.422523746465898002e+05 -6.509183787714028585e+04 -5.075145329514676996e+04 9.022648044844013930e+04 -1.260102463768135494e+05 5.543411406090674427e+04 7.031130045779574175e+03
-2.492716715816013675e+04 4.974750766462199681e+04 -8.777307457744385829e+03 -1.028381968442149810e+04 -3.569590503095387817e+02 5.662322107743924562e+02 -6.530718648378380749e+03 1.710685139669267869e+02 9.437757587542823785e+02 3.159060630038654381e+03 -4.490235675675994571e+03 -4.538843566528023530e+02 -9.569544581577703823e+00 7.437388326829202470e+02 -9.340406157679625494e+02 5.746397110418424745e+02 -3.734142886353069457e+02 -3.453453706081280075e+02 -1.537913777692999133e+02 3.360646895677986663e+02
-1.708636728398345076e+04 2.835189174431263746e+04 6.586308687313713563e+03 -4.901950806097447639e+03 1.834501097847515211e+03 1.047673046542375914e+03 1.521118082522547866e+03 3.529827770442487235e+03 -3.096794889893596701e+04 -4.028766569875828282e+04 -1.560307267959708406e+04 -2.689018817350478457e+03 2.364681543432397575e+03 4.393882550741889645e+03 7.508663857060430473e+02 2.230344054615500681e+03 -6.242688887996139329e+02 -4.744686105552485742e+02 -7.202272152496884701e+02 -1.552508230545669221e+03
-2.302933928618163191e+04 1.488850613574850286e+04 1.501710903340906589e+04 1.067936290489128987e+04 -1.967046936388409222e+03 -1.500696840151218566e+03 -9.481640182938160706e+02 6.002398230957591295e+03 1.975347757852872746e+03 -9.678623295095976573e+03 1.866338155321488739e+04 -5.047900456328384280e+03 -1.199468377561028319e+03 1.033550564426396932e+03 -1.728253777874535899e+03 -3.310149041788468367e+03 3.678737972289169647e+03 2.115972799535760203e+02 5.471370752054608602e+02 -5.143711267524342929e+02
-2.156150672561567262e+04 1.652027283528181215e+04 2.805932731126728322e+04 5.337661461212039285e+04 9.323071579689325517e+03 3.830168979245321825e+05 -2.104438775322078527e+03 2.445872217443867703e+04 -1.688180180125853803e+05 1.062431652777861891e+05 3.965185425442537235e+04 -2.332009715671662343e+04 1.438164428644233340e+03 2.955869774307124680e+04 4.661444491619210567e+03 -8.814259155794607068e+03 1.028595404009742015e+04 -8.203279464086570442e+03 2.739988599293705556e+04 1.293431814749772002e+03
1.020576339651746639e+04 1.823962730291105345e+03 2.574538041188389798e+03 6.106245275432014523e+02 -1.554649050053751580e+02 -1.445986560239661571e+02 -1.090590943598288050e+03 6.897021589301925815e+01 -5.679843813912659023e+00 8.669135308576414900e+00 -1.592509923019009648e+02 -1.536746903919313070e+02 -1.171444041980137385e+01 -5.216729363711829137e+02 3.835856606422798905e+02 -1.144189553414088323e+02 7.290535756789276434e+01 1.103761762502443418e+02 1.895688998367720330e+02 -4.540407588041782105e+02
-1.091795232918941565e+03 8.571784186099161161e+03 1.259492665108832080e+04 1.452008517103952909e+04 -3.473708762109848522e+03 -2.485942349278153415e+03 -1.047253539220434277e+03 -2.426719310988128564e+04 -3.851600348411053801e+03 2.285359360351685609e+02 -3.759534887794795850e+02 2.849456648779324496e+03 2.818573910676852989e+01 -9.890381333415908784e+02 1.275465228984442547e+03 -8.646464889978138899e+02 1.185192348682169040e+03 1.946361716562825848e+02 2.101226589822033191e+02 3.221745895780405135e+03
-1.798842538146696825e+04 4.954870057952361094e+04 6.624427122062076523e+04 1.691498248945044761e+05 3.257345805549751822e+04 1.649393917458940065e+06 -4.989629612342580367e+04 -3.554240069386406685e+04 -9.466300144692294998e+04 2.129001645318601732e+04 -3.333268620656186977e+04 -5.057967760211412678e+04 6.858889694239965138e+03 2.927014878705757292e+04 -5.219288908171098592e+04 -2.847925344146874340e+04 3.904351533213146467e+04 4.968354969310510933e+04 5.149812770130569115e+05 2.295569178063119034e+04
-3.524441425842698663e+04 1.178637168715062398e+04 1.445507316343285493e+04 9.359982800882295123e+03 6.119413399034776830e+02 1.304539132590885492e+04 2.595996027179665361e+03 3.831054843540570437e+04 -4.155330466308814357e+04 1.914664494520594235e+04 -2.673154172047446264e+04 1.314564334532577195e+05 3.070207882282851278e+04 -3.772814138030936738e+04 6.163505172778567066e+04 -9.765686909562139772e+04 1.384372998719698226e+05 -9.459192757047674968e+04 -1.584150550664951152e+04 -5.557602230400664666e+03
-8.181311386353675516e+03 2.405222915682516759e+04 1.731395623961923775e+04 -4.554380226369519733e+03 -8.441784202712523211e+02 -1.083612617871055619e+02 -2.001711946092736071e+03 2.153900295914489561e+03 8.152581168653433679e+02 1.493259695074164711e+03 -3.399551374579718413e+03 -2.514059587906544948e+02 1.155883793703617215e+02 8.363138889042890014e+02 -6.243658490458844881e+02 1.481212394702612016e+02 1.431299283871489649e+02 7.666036034951203249e+01 5.179642421740910407e+01 1.013974145540331904e+02
-1.497296062750150850e+04 1.148541509463483817e+04 1.457899700235982345e+04 7.558898377497339425e+02 -6.902237039962318477e+02 -5.539042657229891375e+01 -8.146803573983659589e+03 4.678851742042298611e+03 -9.715789277608175325e+03 -1.414350780811528421e+04 -1.032860368390961776e+04 -7.380935495333742438e+03 4.020288156444339052e+02 2.543940077933165867e+03 5.866014593304934351e+03 1.121533285784219061e+03 2.438405153282344600e+03 -7.839523079515920472e+02 -5.589331007796072299e+02 -4.604534456226848306e+03
-9.906024173391100703e+03 1.651491514675655708e+04 2.670715643698551867e+04 3.782677458907302480e+03 -1.609962031171879062e+03 2.551474216259529203e+04 2.710400752652354186e+03 4.171319934776122864e+03 -1.258676831635131202e+04 1.560720077909843894e+03 2.575722263090215347e+04 2.010140764455177759e+03 4.933314105897876800e+01 9.716549842656666442e+03 3.930891778569598500e+03 2.187313584280714167e+03 -7.562876713596562695e+03 5.409642482879637100e+03 -2.250276004281622590e+04 -3.387998798970625558e+03
-1.661265617619029945e+04 1.723727134650983135e+04 3.183128971616962372e+04 2.723244365420805843e+04 2.214485363393573498e+05 -6.139238247228380715e+03 -4.526953629391622599e+03 -3.660269637501846773e+03 3.048390453695114957e+03 1.734249943062434568e+03 5.971487628251855995e+02 8.771077710341643296e+02 5.444663060438152797e+02 9.802824100179667539e+02 2.350185322355264077e+02 2.905648830279936305e+02 -3.230794729549060662e+02 -5.875338900991008195e+00 -1.394883473856270712e+03 1.093415919919098087e+02
5.840640679552734582e+03 7.619702272952701605e+03 1.018480018673734048e+04 -2.144852809178126165e+02 -1.707654746429493116e+03 -4.767781405340892320e+02 -3.360175295387033111e+04 6.742948064130156638e+01 8.294150346284192210e+02 2.034736955258305898e+03 -3.485807597063741014e+03 -4.392807823352802643e+02 2.139373332331525717e+02 7.515345976789086535e+02 2.463465246966559903e+02 4.420212726943518646e+03 3.198530825977377845e+03 7.698176838110844074e+02 -8.412765577187590225e+02 -1.597973653971785552e+03
-1.565111822506011049e+04 2.048667036234676925e+04 3.396677851449736045e+04 2.398550051632946270e+04 1.408213290311832679e+04 1.836175292621102417e+05 -1.704268109117535232e+03 3.491513027222832898e+04 -1.615029954930181266e+05 1.151685675039693451e+05 5.206802212307549780e+04 -7.379682704931290937e+04 -6.919087457710164927e+03 -8.549426763691930682e+04 1.905267469036896655e+05 7.532553606116860465e+04 -2.666221582010770362e+04 1.253163045331531976e+04 -3.154822544632164863e+04 2.506338009007180881e+04
-1.905588875192394335e+04 5.930880068931522146e+03 7.902334063677478753e+02 1.751700172770582867e+04 -2.165454165343152908e+03 -2.009825569509841216e+03 8.877005658390517056e+02 -2.603435747805187020e+03 1.213471224909452076e+03 -5.785791521099712327e+02 1.205234837345095684e+03 -5.358360472020808629e+03 -6.952054573715103061e+02 3.545977629864325991e+02 -7.723596628444842054e+02 -1.257204590536637170e+03 2.271771741880779700e+03 9.448596818186872781e+01 -4.290657520992601093e+01 -3.892021833480295072e+02
-2.081491529800353601e+04 2.536192500879427826e+04 4.180535227300409133e+03 1.058841491485599727e+04 -6.083650581761662579e+02 5.134653224016007016e+02 3.229287961229107168e+03 2.940504650858150126e+04 -2.199605304515414900e+04 -7.173503918167864867e+03 -3.149502502192466636e+04 1.129996622069243313e+05 2.546375768909037288e+04 -1.242796357310105122e+04 5.068274152195960050e+04 -5.148634246487871133e+04 6.603048786401415418e+04 2.013479243543765915e+04 4.224748431478848033e+03 -4.690543400010044934e+03
-1.966161131061741617e+04 1.187604140950837609e+04 1.116976802088008299e+04 1.020141821944108051e+04 -1.228133120169449967e+03 -4.792332746932082728e+02 8.082358230383747468e+02 7.306456537678497625e+03 1.786908709878711988e+03 -1.958234538504547345e+03 2.889335052778393674e+03 -8.950537424383895996e+03 -1.330034274153183787e+03 -1.397176853435813791e+04 1.161950156593085376e+04 2.612784061729977566e+03 8.302301768788818208e+02 -1.016031814432922289e+02 1.387577350997146141e+03 4.494021181476239803e+02
