2.099516953713400289e+04 -3.093364704694578450e+03 -3.395692535204425894e+03 -4.312914836620521442e+02 1.632688026197752720e+02 9.576812257691354091e+01 -9.449600280651343098e+01 2.137859068282538146e+02 5.141685828031419270e+00 -4.420235061702754109e+01 1.123771369403966247e+02 4.006630320107284859e+01 4.025076644560061645e+00 8.525736949665247977e+00 -8.427321812719334559e+00 8.718392554902450797e+00 -3.282690032475997555e+01 -2.476360741192647552e+01 5.119356131717525571e+00 1.808562464475250708e+00
-4.883401820782673894e+04 -1.574509052013284600e+04 -7.630721143749859436e+01 -1.406377431288849266e+03 -2.845911627445667591e+01 9.930103501510257047e+01 -3.910038463533665549e+02 -2.740513399420763108e+01 2.606226967092008522e+02 3.983424159780535661e+02 -1.708731607756910265e+01 3.525227068513354425e+02 6.699892635401796781e+01 1.303795083691492209e+02 -8.925144659816425019e+01 1.367831176538412308e+02 -4.619810745726020684e+01 7.542962039581335887e+01 -1.841359118586144206e+01 -6.504082017712984225e+02
-3.820069339137616680e+03 1.328982784184020420e+04 2.012666380000776553e+04 -2.497621192036910998e+03 -8.522665508244632520e+02 -2.901677666307141408e+02 3.021664139045329648e+03 1.436379858902591195e+03 7.284561236842450853e+02 8.035092947799522562e+02 -2.120466723451918824e+03 -4.945909957531203531e+02 4.515738389074739345e+00 9.231627157621570632e+02 -7.943821308502817828e+02 2.592824345240764927e+01 2.060179212977416796e+02 3.954326922650330545e+01 3.368615515551307737e+01 1.077884210049380016e+02
-4.260948431411076308e+04 3.583855509581115621e+04 -2.622797651666524689e+04 -5.116649880567122636e+03 9.131961599864264372e+02 4.989456331225945291e+02 1.728144262842204625e+03 -2.218498231378158835e+03 3.045779122336502951e+02 8.541935419314213505e+02 1.106450894734567100e+03 -7.796438708707576382e+01 -1.458836760046524432e+02 -5.319505716565828379e+02 9.963067892269386050e+00 1.461385001137608413e+02 -3.419524236107096158e+02 -6.901205402121807708e+01 -1.414862374861591547e+02 -7.898995258054789019e+02
-1.256244166067717197e+04 8.023469112651481737e+03 -2.076098002076787736e+02 4.168707274808767397e+04 -4.779773549060635560e+03 -3.660307388964534766e+03 -2.999082964924055545e+02 2.957363422930278375e+03 1.599760734503644699e+03 5.266852567742062092e+02 -1.901885888630404679e+03 -2.131832033524487542e+03 3.560832307128187608e+02 1.371372941518138759e+03 -1.138118086655532807e+03 1.857304560004452242e+03 -2.151120358955366555e+03 -1.428327717354450215e+03 -6.894990128913516969e+01 1.538633230079815633e+02
-2.516306191507626500e+04 3.364928701971432019e+04 5.667608663591430377e+04 1.296082849828258040e+05 1.094596507402368479e+04 1.079277343748195330e+06 2.750287945664145354e+03 -1.290779368621389494e+03 -9.959438614885778225e+04 9.455989907412628236e+04 5.322351473900812562e+04 -3.405441091477330338e+04 9.263244357733774450e+02 1.343422361497482925e+05 9.680323863228666596e+04 2.099348346707683504e+03 -1.244385628095962966e+04 3.837286509402664251e+03 -6.291952391668855125e+04 -5.169012551376621559e+03
9.014903392843090160e+02 6.696744863342547433e+03 1.044204874625961020e+04 1.422638357184431334e+04 -3.214917631848355995e+03 -2.376273722633643956e+03 4.786999567069298678e+02 -2.397618647100398448e+04 -3.783065734411814901e+03 9.379011422872442836e+02 -1.859724091355950577e+03 2.255666592159074298e+03 -1.242139303714054321e+01 -1.038488222511261483e+03 1.252048677913894153e+03 -9.371787521137498516e+02 1.249600799902026210e+03 2.637052898306435509e+02 9.696868895250339904e+01 3.173538710584127784e+03
-1.645088875616123187e+04 1.704819727580363542e+04 3.137438465052453103e+04 2.650163202453151098e+04 2.155912381405302440e+05 -5.994673772856852338e+03 -4.368367216336891943e+03 -3.534770514861028914e+03 2.891902352879016235e+03 1.601339258990943790e+03 5.326794161989337226e+02 8.699061824954994790e+02 5.239976712826306766e+02 8.921392047872393505e+02 2.044054693286300903e+02 2.991703484916633329e+02 -3.483368298310522277e+02 1.384741751926782882e+01 -1.312664990203306843e+03 9.199530766916601010e+01
-2.149214418919838499e+04 4.051097116140682192e+04 -5.454911350700035655e+03 -8.349629305912623749e+03 -3.004111849797376408e+02 3.656957688559373878e+02 -1.207191021790890773e+03 -5.309372465779669028e+02 8.208782476810126809e+02 2.226568272703656930e+03 -2.735391318235895596e+03 -8.570676445260157550e+01 -2.822864106904923176e+01 8.176367582289238953e+02 -9.667742110409302541e+02 4.089660605433394380e+02 -2.612630952876892820e+02 -3.066140990446798469e+02 -6.464086278347105008e+01 3.814738681451256070e+02
-3.390361032988087391e+04 7.461490853905177210e+04 1.565464070198635163e+05 6.688038500037605409e+05 9.269461209923577553e+04 7.429178814210163429e+06 -7.226347487304396054e+04 -6.452495208701075753e+05 2.697222315995696001e+06 -1.839428319571936736e+06 -9.099011106334049255e+05 4.952719504703676794e+05 -1.449154183666315657e+04 -1.352397542225514771e+06 -1.006791201424730825e+06 1.677897437323605482e+04 5.029670213864884863e+04 3.157114726211919697e+04 3.748489633779013529e+05 3.634773474928404903e+04
-4.211635681134906008e+03 3.742954290575405594e+03 6.108063335855358673e+03 8.705490876106143332e+03 -1.813137311786757891e+03 -1.334509005762216248e+03 1.771901424102649798e+03 -8.850629134482756854e+03 -7.097411353894372041e+02 1.517827881712899625e+03 -2.101953794234143061e+03 3.177857714284144564e+01 -7.113792408485752894e+00 -2.522246560334899925e+02 1.437425497453550634e+02 1.863514667510188616e+01 -3.276394961632443703e+00 1.549043167611999081e+02 -8.346496575350371927e+01 -1.131769963670105426e+03
-3.284203285800570302e+04 3.281390106216607091e+04 -1.506015398411811475e+04 1.091214019560387896e+04 5.600079301210118956e+02 -2.417699091420354591e+02 1.623734210946786789e+03 1.546375202968467602e+04 -1.885158484040578514e+03 1.253013982979999128e+03 -6.979273344575443843e+03 3.122432790813635802e+04 7.252364453173860056e+03 -2.288926579687521041e+02 1.018432471363210971e+04 -3.746612943745072698e+03 2.340358212495299085e+03 7.879626765389220964e+03 3.132130324773791472e+03 2.041074879840587528e+03
3.746973160122689023e+03 2.652317954581521553e+04 2.346029159606683606e+04 -6.646511466511172330e+03 -4.183702214710055159e+03 -1.169805102144090228e+02 -7.641903516135503014e+04 4.097604150077600934e+03 1.974543662456343782e+03 7.117420238977972986e+03 -1.312492838026994832e+04 -3.537538239449903358e+03 1.718887399583472870e+02 1.194608219258948338e+03 -1.170364369711317778e+02 5.174013177668914977e+03 3.447529355432905959e+03 8.582267939536390031e+02 -1.714933119850373942e+03 -9.714949353375648116e+02
-6.002384998799684399e+04 7.936564013414416877e+03 -1.879204336985163536e+04 3.457728854821460118e+04 -3.033680988914882164e+03 -3.080209243284696640e+03 -1.444790287212253816e+03 1.421595107628235564e+04 5.408435810192247118e+03 -3.875208136036981159e+03 5.378966085522425601e+03 -1.182796519065551547e+04 -7.765938146716845267e+02 3.371877992076158989e+03 -2.958737793280563437e+03 -1.361188961396670720e+03 3.315219719411908954e+03 -1.565788037913764356e+03 5.942260894682123080e+02 1.011319345882406196e+03
-4.861839368539875431e+04 -1.528739792914683676e+04 3.911247772235899447e+02 -1.311253213221348688e+03 2.645479958020492859e+02 2.706221221113456181e+02 -4.014727115475582764e+02 2.770143455832013387e+03 -1.704694069560699791e+04 -2.703541333049178866e+04 -1.266335062220122018e+04 -3.364980974611137754e+03 1.209495725249021007e+03 6.325947434922694811e+03 3.038712669296695367e+03 5.305554894419433367e+03 7.849427130536934101e+02 -9.055374181637561151e+02 -5.975954295928876491e+03 1.023605769074264572e+03
-8.928898858456130256e+03 1.674838736948524092e+04 2.577968653508520219e+04 6.104052666618857756e+02 -2.040978887355682673e+03 -7.520081630038664571e+02 -3.326200929070527309e+03 -5.055007558335710200e+02 -9.429874999401265541e+02 -8.868945230317969617e+03 1.807514719613751367e+04 5.867273313267492085e+03 3.452961452894906529e+02 5.019366026246197521e+02 -3.393597586768333372e+02 -7.493385196810747573e+01 -1.591107963999993672e+03 -5.297487908047904739e+02 8.301606422445112230e+02 -7.081145416449912773e+02
-7.192981951820223912e+03 1.670060329714207182e+04 2.599551046109496747e+04 1.336464522392806794e+04 7.382401571526008411e+03 1.386778536377016280e+05 1.149157479296770134e+03 1.056141953714920055e+04 -8.393689252980596211e+04 7.074216967113058490e+04 2.840228422645918545e+04 -3.021597797392802750e+04 8.200907059194508975e+02 7.427057635411132651e+04 7.274134804802970029e+04 8.900125531926868234e+02 1.079366809850047730e+03 -5.918550775528116901e+03 -9.420769621569517767e+03 9.106193435830130056e+02
-4.230074632648596162e+04 3.173283367173568331e+04 -1.181595865101451818e+04 7.022798172212296049e+04 3.528531896716216579e+03 7.898680008489934153e+03 -5.763680276387690355e+03 7.020235113786105649e+04 -8.040181862613800331e+04 -3.238103336256204420e+04 -8.247568561438926554e+04 2.313521132912283356e+05 -1.214324406624735100e+06 3.285774123662659258e+04 3.262960412621330761e+04 7.592509437942585464e+03 -2.003601040810386849e+03 -9.984261045926943552e+03 1.619860374059043897e+04 -3.105760709461279839e+04
-4.140985007607439184e+04 3.578637604821207060e+04 -2.446633808414151645e+04 -2.333260933340390238e+03 2.607783802910891154e+03 1.273529798957117009e+03 1.263595057168875201e+03 2.326372915013752845e+03 -3.135038504411277245e+04 -4.008934316372132162e+04 -1.652964872025600198e+04 -4.561929286535963911e+03 1.994875311066967470e+03 2.909601560404515567e+03 2.071226853358359222e+03 -1.808932389963789547e+03 -3.177503663770178719e+03 -3.070629019740777039e+02 -1.124444537913430850e+03 -1.874979410894962257e+03
-9.045574359854301292e+03 2.509472781560665226e+03 6.052602049672833573e+02 8.564211321167173082e+03 -5.749691222825023260e+02 -1.042737895624301245e+03 -5.479558260491888859e+02 2.337874444150976615e+03 2.716819043223619701e+03 -5.838273971440328751e+03 9.895888114277093337e+03 -2.375673958914054310e+04 -4.361648984331934116e+03 -3.282483414749740859e+03 -9.360360308197102768e+02 -2.595746211705441965e+04 3.979367801747012709e+04 2.336766508746085674e+04 -3.981866910769649621e+03 -2.856470254596074483e+03
-9.886942382227000053e+03 1.050535609703463706e+04 1.604428623324425826e+04 1.811767312514862624e+03 -6.663992423948020587e+02 8.405991628160123241e+01 8.069073651594035255e+02 4.020065640335948046e+03 1.977083471653757840e+02 -4.338280494382436245e+02 5.201273005990320826e+02 -5.063003359706382071e+03 -8.859557258420679773e+02 -1.469331488060977063e+04 1.226028645678030443e+04 3.643463462761052142e+03 -9.248394688555815719e+02 1.191243524335667701e+02 1.050006438466994723e+03 2.925389160490796598e+02
-2.268955508934072714e+04 2.217990958168550060e+04 2.524409818088449902e+04 5.256338488738879096e+04 1.670060596218267528e+04 5.815192330433253665e+04 -4.714875716108374036e+03 6.135382377817633824e+04 -1.888653760664935980e+05 9.935863825625658501e+04 3.801799002635345096e+04 3.542285258769345819e+04 -5.586948865209730684e+03 -1.665052940725451335e+05 -1.773031543669730017e+05 2.847058459683305773e+04 -4.266009008677529346e+04 5.156972328555531567e+04 -1.331344025221370684e+05 -4.167404635186236192e+03
-5.569963073253937182e+04 4.000524081454399857e+04 -3.540128080195652728e+04 3.386319163456542447e+04 -2.646326352393198704e+03 -2.978421476435593831e+03 -1.702351305725791235e+02 1.327873263919393503e+04 5.935383108813371109e+03 -3.183994423268694391e+03 6.244542103277305614e+03 -1.249485013510049248e+04 -9.808736907070554025e+02 3.113819815720319639e+03 -3.199804087729558887e+03 -1.210436065684011055e+03 2.932243729220827390e+03 -1.852565111011800127e+03 4.739180552032481160e+02 9.570104494953679932e+02
-2.498609314081462799e+04 4.994115145297063282e+04 -8.700936510780980825e+03 -1.033269101200017940e+04 -3.772470952591088462e+02 5.702672606410623075e+02 -6.951345226032484788e+03 2.192562175193365874e+02 9.537359857945152726e+02 3.205539372171875584e+03 -4.578426703340982385e+03 -4.840928175995381366e+02 -9.873533086040293227e+00 7.390440992000530969e+02 -9.302808865065945838e+02 5.818272697243002085e+02 -3.750485378704421464e+02 -3.454153082200415383e+02 -1.600735857570267910e+02 3.326530238925642493e+02
-4.845963014898239635e+04 -1.541570544048269585e+04 9.484239234665999163e+01 -1.433326655135140527e+03 3.801555477882268264e+01 1.424529441474404337e+02 -7.656487647675450035e+02 1.711225375156304608e+03 3.725176719076168297e+02 -3.168186584693014538e+02 5.590535728672609821e+02 1.677176792397174836e+02 -4.114007897165316763e+02 3.639853548981849372e+02 -1.299490310205508763e+02 -2.736757961005950506e+02 2.945139405312567646e+02 -6.726279036900566553e+02 2.380974075089480948e+02 2.133488693548829906e+04
-2.014504633504052981e+04 1.062716118458732308e+04 2.187704603092172692e+04 -4.004992194874639466e+01 3.034039012240794818e+03 1.463018706878956800e+04 6.418620641592956417e+02 1.249289990751801270e+04 -3.150278965936684108e+04 1.978632355256641677e+04 6.865371924112106399e+02 1.736591445204674528e+04 5.441890239574639963e+03 -2.966854747822355785e+04 8.864651243631264151e+03 -4.525492308549598965e+04 7.173357789663576114e+04 -1.147044286590801348e+05 -2.054939385332365782e+04 -1.202087136806821718e+03
-3.937153958005669847e+04 9.400567375560967776e+03 2.847170868239002084e+04 -7.704187854615644937e+03 -4.774978464673319650e+03 6.019810164568498294e+02 -9.283654984462929133e+04 9.804378563949621821e+03 -1.180067871268931231e+04 -9.444628457886306933e+03 -3.087097540681488681e+04 -2.959314100704528755e+04 -1.036357618702884247e+04 -4.091347559392800031e+04 4.181658393500301463e+04 -5.402395853004804812e+05 -4.130519698641552241e+05 -2.224136468164364123e+04 -2.088010960122931283e+04 2.494672799212529571e+04
-1.609106008058155567e+04 1.153794162693107501e+04 1.576989122352259619e+04 5.826878026817222235e+03 2.363046891035488528e+01 1.650475915734074442e+04 -4.071921068576070866e+03 1.034276078539027912e+04 -3.729858465580004122e+04 1.404552051309450690e+04 1.716620877045244015e+03 -1.503335483542071870e+03 -5.679797224599494712e+02 -2.283164787465275003e+04 -2.646991989603219918e+04 -1.273805666408315346e+03 1.309501184147246704e+03 -7.291800261403955119e+01 3.868888745282561104e+03 4.163537177466848789e+02
-4.161313609180256753e+04 4.485833937187746051e+04 -2.857399822060958104e+04 7.342522059856487613e+04 -7.147547635326703130e+03 3.787462652981037081e+02 7.165916196461229219e+02 3.945571135009588761e+04 -5.615497919158735385e+03 1.074772644658362333e+04 -1.791488276287733970e+04 5.279061122559754585e+04 6.456094998618345016e+03 7.608573222836162131e+02 4.821134528279585538e+03 2.517853316918646669e+03 -5.197553683742189605e+03 1.329530895538381446e+04 -4.473857509560351900e+03 9.885516550589499047e+02
-1.564729893309573890e+04 1.021084084499752316e+04 1.180596568634565119e+04 2.341752072438222058e+03 -1.085691857903306527e+03 -5.597292436260636350e+02 -1.399370208226323120e+04 2.947233341478254715e+03 -1.993274053934787844e+03 -2.888251726109095671e+03 -7.301108699860491470e+03 -7.406435838082124064e+03 -1.871167336046615219e+03 -5.548442791825432323e+03 6.112757599666138958e+03 -3.519352130402110197e+04 -2.378917484406423682e+04 -1.177083694325267373e+02 -6.248619325077880831e+02 -2.982835040126073523e+02
-2.081491529800353965e+04 2.536192500879427826e+04 4.180535227300409133e+03 1.058841491485599727e+04 -6.083650581761662579e+02 5.134653224016007016e+02 3.229287961229107623e+03 2.940504650858150490e+04 -2.199605304515414900e+04 -7.173503918167863958e+03 -3.149502502192466636e+04 1.129996622069243313e+05 2.546375768909037652e+04 -1.242796357310104941e+04 5.068274152195959323e+04 -5.148634246487870405e+04 6.603048786401413963e+04 2.013479243543765915e+04 4.224748431478848033e+03 -4.690543400010044934e+03
-8.496605473603394785e+03 1.065468571404475733e+04 1.787813551476969224e+04 6.941404244940222270e+02 -8.840651148929489409e+02 -3.830248704868350274e+02 2.147724110812411254e+03 1.632434607110518300e+03 -5.770353882266209666e+02 -5.731956964851237899e+03 1.135100764985633396e+04 2.821172255129186397e+03 1.359800263725686307e+02 -4.179213601104721647e+02 6.013113684468715547e+01 -4.605539876734805489e+02 -1.326448612696686496e+03 -1.903164377454445457e+02 4.737688031541081273e+02 -1.060315327214927947e+03
-1.747441918343081852e+04 1.327799987006040647e+04 1.545300655429494145e+04 1.703103327198791521e+04 4.368959065714448661e+04 5.524872627406254469e+04 -4.663771969621071548e+03 1.551256669609766504e+04 -1.117080205441438011e+05 2.793488848508666706e+04 1.577199332169702757e+03 -1.218166404313921703e+04 2.425193571319506191e+03 -4.043931795356686780e+04 -7.530425669720360020e+04 -1.160809121081076773e+04 1.497427155088688414e+04 2.417472123441887743e+04 1.956067133926457900e+05 6.167001888192198749e+03
-1.563880337839357344e+04 1.496201799177275279e+04 2.630321937833740594e+04 1.985721819108814088e+04 1.561054282103282458e+05 -4.773985141533918977e+03 -2.811650997978849773e+03 -2.046804056155405988e+03 2.252289246385410934e+03 4.891562651619210556e+01 1.487029486423932667e+02 2.720150136069458426e+02 2.152115574121421844e+02 5.704489673318255427e+02 3.646951985274384356e+02 5.599574072981515371e+01 -6.717159325581746998e+01 -7.852210714450801277e+01 -2.088720227343979161e+02 -9.038638729546022432e+00
-4.679770990793898818e+04 1.215091367005377469e+04 -1.520415546602802351e+04 1.343445135677665530e+04 4.547817147043622867e+02 -1.254920919419478338e+02 -8.076833067681865259e+02 1.634449518992396224e+04 -9.798865599246739293e+03 -1.063435613024535269e+04 -9.655854007901918521e+03 4.640001193447296828e+04 -3.351305652708171983e+05 1.387256927966909097e+04 9.702717371192869905e+03 -1.708779389661585810e+02 1.221205099208779575e+04 -3.601216893248256838e+03 1.025727638613317686e+04 9.702828519210299874e+02
-4.673913713979131717e+04 -8.853704084947181400e+03 -1.324565717245835685e+03 2.174307085133191140e+04 -2.102600165915474463e+03 -2.011175907480983597e+03 -3.624408771151230667e+03 1.541652334835160400e+04 5.487938217911870197e+03 -2.391375712818432476e+03 2.051586932961602542e+03 -2.509506597473141483e+03 3.774468334439976388e+03 5.162799853388232805e+03 1.707006349575900913e+03 1.643605523803813412e+04 -2.328701136595157368e+04 -5.592925736830999813e+04 4.844322060885661631e+04 -1.025449494974027948e+04
5.654558800656658605e+03 2.188796923693572535e+04 2.375408649046720893e+04 -3.797569315353585353e+03 -3.952946242672285280e+03 -6.177742088665505662e+02 -5.883572203508040548e+04 -2.206413147451385441e+02 9.707251023169577593e+02 1.421518617097814513e+03 -1.684634932475775486e+03 1.018666454013678958e+03 3.900034633902545806e+02 1.986440639617120496e+03 -3.944735756186127560e+02 5.147319011718594993e+03 3.207038508292052484e+03 5.529618309388315538e+02 -1.023001093249091696e+03 -5.117747728916201027e+02
-3.770983126473466837e+04 5.487385780222576614e+03 1.397230955163091676e+04 2.078126879706950422e+04 7.888132223667610560e+03 5.041418500662119914e+04 -7.442846384545428009e+02 4.519229222614926402e+04 -1.758634299516984902e+05 8.380269460526382318e+04 2.220801421463676525e+04 2.007865925857896218e+04 1.205491776937907707e+04 -3.255078927226952510e+05 -2.339856602635043964e+05 -4.201601559623531066e+05 7.102285857723297086e+05 -2.104463607909047045e+06 -2.177633794808288221e+05 5.090580878107423814e+03
-1.335784412477532533e+04 5.392653224570922248e+03 2.971616937562581825e+03 1.905387220489508400e+04 -2.967550780421677700e+03 -2.583561633666754460e+03 7.440411009900009276e+02 -2.025390919334139107e+04 -1.802770929451634629e+03 4.385586316204738068e+03 -5.493329614280697569e+03 -1.757388606066574539e+03 4.256477700449544841e+02 -5.472627718535204622e+03 5.260608814052413436e+03 2.075946158333256335e+03 -5.314070374452280703e+03 -3.959156515725744612e+03 6.026868224275362991e+03 -8.006412039263303450e+04
-9.906024173391100703e+03 1.651491514675655708e+04 2.670715643698551867e+04 3.782677458907302480e+03 -1.609962031171879289e+03 2.551474216259529203e+04 2.710400752652354186e+03 4.171319934776123773e+03 -1.258676831635131020e+04 1.560720077909843667e+03 2.575722263090215347e+04 2.010140764455177532e+03 4.933314105897876800e+01 9.716549842656666442e+03 3.930891778569598500e+03 2.187313584280714167e+03 -7.562876713596562695e+03 5.409642482879638919e+03 -2.250276004281622227e+04 -3.387998798970625103e+03
-1.088619993337642154e+04 1.317526386142097545e+04 2.117236603755645410e+04 4.041711014244255693e+03 -5.259441840792405856e+02 6.075108892591435506e+03 3.246665308080390787e+03 1.386471470263610172e+04 -1.657775357397399785e+04 1.271832615328547035e+04 8.999109552614088898e+03 -3.711002903894228075e+04 -5.679937055062569925e+03 -1.089361498368091707e+05 1.247252232001722587e+05 5.592142791276628122e+04 -1.657627994533282981e+04 7.314047632459643864e+03 -4.732871350326958236e+03 1.832988135824754863e+04
-3.083092215127473082e+03 1.080515424643709775e+04 1.740795296004279226e+04 -2.030768544252063293e+03 -6.993162828357665148e+02 -2.582623036386725630e+02 4.785902736341519812e+03 1.194487936247149037e+03 6.681535452917887596e+02 9.229894614930808530e+02 -2.363500582856813708e+03 -6.532479760813480425e+02 -7.064620218210675873e+00 9.812785027313993851e+02 -8.357253340873263596e+02 -3.251346877313798700e+01 2.329445244533434334e+02 1.081769922579958774e+02 -8.427253508956931682e+01 8.598904064287565063e+01
-2.643763552898166745e+04 3.733526593055090052e+04 6.763889405942482699e+04 1.420863090887261205e+05 4.313969502724552149e+04 1.271015833814267302e+06 -1.308669935687625548e+04 9.499174306960003742e+04 -1.141569845409028232e+06 9.370813689726606244e+05 4.408323173746695393e+05 -4.719446091059840401e+05 1.800154699702349899e+04 1.400029016413799254e+06 1.067892005748613970e+06 -4.399176234783912514e+04 -1.709472291622325429e+04 1.811669281306827033e+05 1.144675960023254156e+06 7.039145206546309055e+04
-3.771322444407893636e+04 4.241068762708016584e+04 -2.857273870500849080e+04 3.704810055768852908e+04 -3.322548230715276532e+03 -2.534988128907219561e+03 9.125712549968844769e+02 2.364731762961731874e+04 1.600222331712710229e+03 1.406251857873011204e+03 -6.374136576407416214e+03 2.879153760170294845e+04 7.913763345859607398e+03 1.974838244462920329e+03 8.885317530358732256e+03 -1.972579922798299322e+03 6.999451893539719549e+02 6.213992183382627445e+03 3.433149492112546795e+03 2.003253145007905687e+02
-2.546321305102575570e+04 2.748212019725026403e+04 4.652734578219143441e+04 9.610378725463821320e+04 9.830332722251419909e+03 7.862454640528832097e+05 -4.464701206217535400e+03 1.658079214534048151e+04 -1.784619949583820999e+05 1.492962435087313934e+05 6.705096627426266787e+04 -4.676285304038471077e+04 2.719388404171352704e+03 1.532548747973956051e+05 1.217654228163497755e+05 -1.212212440484260696e+04 1.099655000177226430e+04 -2.920874227296277604e+04 -3.964063321740467654e+04 -2.417376668642346885e+03
-4.590925987692343188e+04 -1.208659261149020131e+04 6.101368307648609516e+03 6.437873188812476656e+03 6.258177028621621139e+04 -1.689867899113527301e+03 -2.469249153998799102e+03 -5.915291492200542507e+02 2.278196839932004281e+01 -9.087959634601409107e+02 -4.337505920685380261e+02 2.971139191971371361e+02 -1.325867266577228634e+02 5.816044755309516177e+02 -3.483278155556276943e+02 1.187675768815176269e+02 8.491162484902845620e+01 2.951625427550829528e+01 5.479309924460333150e+02 4.187275945441811018e+02
-7.873086207796306553e+03 5.259068764462880608e+03 5.060975646880146996e+03 3.984399443996919672e+03 -1.616903277288977051e+03 -7.774331675850050942e+02 -3.277430275672046264e+04 1.010859647200324730e+03 1.384470874287963625e+03 8.351143102483183611e+02 -1.395061149083125201e+03 -3.430100391986341492e+03 -2.741716829601660947e+02 8.972459779356568106e+02 -1.263240827824950827e+02 3.305632759752955280e+03 4.975696782947620704e+03 1.230677837018000673e+03 -1.151846241957967550e+03 -8.867828311611732488e+02
-4.602605957099496300e+04 -1.262760126790151116e+04 3.966294194812734077e+03 -3.210279825945124799e+01 -4.538620138861508622e+02 -1.526458880835629941e+02 -8.306034927293678265e+03 2.774106499996030834e+03 -2.051184365223265104e+03 -3.488233198629285653e+03 -5.978754566666375467e+03 -6.535741548261802564e+03 -1.816306652353829577e+03 -4.564300251255449439e+03 5.396236499094999999e+03 -3.505356097226553538e+04 -2.350523380954460299e+04 -1.862937345997476655e+02 -7.515523367323007733e+02 2.543083692723749891e+02
-4.604627741940412670e+04 -1.259906075228155714e+04 4.576054832466072185e+03 1.937791861520115162e+03 4.289908033490660273e+02 1.602205318481282848e+04 -3.010843108189032137e+03 8.336419234093516934e+03 -3.707189018879443029e+04 1.345619431214451106e+04 2.521004675497531480e+03 -1.771540826357301739e+03 -5.522307809826710354e+02 -2.169653438903723872e+04 -2.672028257042165569e+04 -1.423384993807663250e+03 1.885098753698848441e+03 -5.605461733229213905e+02 4.342865661380818892e+03 9.581481931211824303e+02
-3.585631681872516765e+03 1.533443647078077629e+04 2.235809809702230632e+04 -3.054563065435057524e+03 -9.943028656208038001e+02 -2.831699723998002582e+02 1.492193747997707305e+03 2.078408543349733918e+03 8.751147972682645104e+02 1.123042258293751274e+03 -2.805972158621883409e+03 -7.203393003570505471e+02 -4.893540022702250525e+00 7.732781839973351907e+02 -7.162209312289710397e+02 6.542855902489004905e+01 2.038280145588816481e+02 -8.212892899142060443e+00 1.157062521902916075e+02 8.299463071073418519e+01
-4.142454675950141245e+04 3.523850570149484702e+04 -2.515506530893176750e+04 -4.466433699781152427e+03 3.209028064838177670e+03 1.699567357136365217e+03 1.763476369302904459e+03 4.092785316881571816e+03 -4.750326482840349490e+04 -6.440203181907714315e+04 -2.928720186911208657e+04 -7.725173647918448296e+03 3.226093495274218185e+03 8.890972319773056370e+03 5.042511881140102560e+03 6.726269444693120931e+03 6.023368736693601022e+02 -1.096511664455956407e+03 -5.759330611979779860e+03 -1.424599122030882199e+03
-4.170324232268446212e+04 3.592800288983647624e+04 -2.631111025582168440e+04 -5.215194680268989032e+03 9.961860748760464048e+02 5.561228440108310451e+02 1.341938083209331353e+03 -4.304916567621631884e+02 4.213094467389594797e+02 1.276632886864748002e+02 1.716021576201648713e+03 -2.214880664581806684e+02 -6.278360627224360542e+02 -2.600806059232396592e+02 -5.757933517513069432e+01 -2.423856012809914375e+02 -3.644378215321172121e+01 -8.380023343760741454e+02 1.149647840141556259e+02 2.120631091592619487e+04
-4.332376167140884354e+04 4.873417784566304908e+04 -1.491819379816078981e+04 1.183625997982947010e+05 3.774330498322490166e+04 3.272267325405126940e+03 -6.657788197464812583e+03 1.238686921783806029e+05 -1.073264803249460820e+05 -3.239254324847713360e+04 -1.485637644755731453e+05 4.946661070626931614e+05 -2.562450987102032639e+06 7.993945496745551645e+04 8.424003479697836156e+04 3.541244295918357238e+04 9.498511284400306977e+03 -2.362886442389662261e+04 3.937337699184878875e+04 -6.968172246985540551e+04
-2.474226235689696477e+04 1.972637859442705303e+04 1.140865722807603197e+04 1.809805486915793153e+04 1.735314920041424193e+04 9.390538736577682721e+04 -7.173518453257550391e+03 3.524212404974136007e+04 -2.442087333479748340e+05 5.182919911427077022e+04 -1.142406428729654635e+03 -2.108794484175318212e+04 6.341013065858332993e+03 -1.027816499643760180e+05 -1.723179706225288392e+05 -2.657830911571532852e+04 3.403155328459777229e+04 6.768831397141799971e+04 4.611090273538886104e+05 1.389655104904563632e+04
-1.971419670886019958e+04 1.186072696319234274e+04 1.113596718840155700e+04 1.022110038055652876e+04 -1.227413318266117813e+03 -4.824594184579347598e+02 8.175067979861936465e+02 7.310439121060519938e+03 1.791217976327279075e+03 -1.971180388595165823e+03 2.914127297476397871e+03 -8.973256405752077626e+03 -1.335094023755617627e+03 -1.396688877306544418e+04 1.161228658479785554e+04 2.604478223241233991e+03 8.466750496571241911e+02 -1.019660246156992827e+02 1.392327923136729169e+03 4.561105043856262000e+02
-1.654920657688415304e+04 1.131782946028043625e+04 -2.141475307295891071e+03 6.947902416378956696e+04 -7.697899545403715820e+03 -3.093006984448255025e+03 -7.138347488763993169e+02 1.425806620833815759e+04 -6.302313614057724180e+02 4.662688344068877086e+03 -6.989143172367681473e+03 7.349507624013867826e+03 -4.249516723093883570e+02 1.705053832997356039e+03 -3.963374887680814936e+03 4.132958010801186902e+03 -4.842316939264774192e+03 1.452103197125971974e+03 -3.966361724676096856e+03 6.751812597514806384e+02
-2.251712174954386865e+04 8.373227093646260982e+03 -4.439964002926430112e+03 4.572016567952671176e+04 -4.939995269169417952e+03 -4.214060932421525649e+03 -7.583367611875952434e+02 5.375999540560381320e+03 3.358394941346046380e+03 -1.480127625322525773e+03 1.522234036009277361e+03 -8.552725955026273368e+03 -6.042772582486518331e+02 2.078575932368394206e+03 -2.157071614883773236e+03 -3.043106230881861620e+02 1.499310778200285540e+03 -1.070549894429055939e+03 -6.517859246551907404e+01 4.343799887597585325e+02
-2.505683551103387072e+04 4.695969795774718659e+04 -1.017716414481855463e+04 -9.261541382810386494e+03 -8.416192398503287109e+01 4.983545179054256664e+02 -1.360744213405337632e+03 -3.600982380567514269e+02 8.073083393160774222e+02 2.517773038809477384e+03 -3.281759052406667251e+03 -1.177222807277797472e+02 -7.080811459694384524e+00 7.267545044780545140e+02 -9.192962633392239695e+02 4.797350716537820290e+02 -3.718712163476401997e+02 -3.378437261770565101e+02 -7.728561096011799236e+01 3.632014957269346382e+02
-3.974917303996800911e+04 2.992474114119260776e+04 7.071599825384917494e+04 2.119786576615697704e+05 2.921329843516815163e+04 2.260459814969441388e+06 -1.914860276708381571e+04 -1.197141876558182703e+05 3.777748173153723474e+05 -2.296517968083749874e+05 -1.297108764629842626e+05 6.304044928217919369e+04 5.534690031535938942e+03 -1.422523746465898002e+05 -6.509183787714028585e+04 -5.075145329514676996e+04 9.022648044844013930e+04 -1.260102463768135494e+05 5.543411406090674427e+04 7.031130045779574175e+03
1.020414119817597748e+04 1.827118255951869514e+03 2.578017258799264710e+03 6.099677361434808063e+02 -1.558317153534177635e+02 -1.446071068172855405e+02 -1.095712575517850610e+03 6.946127096710705473e+01 -5.538277160630133977e+00 9.279283576779508991e+00 -1.604496791496430603e+02 -1.540372208770763507e+02 -1.172426864024603788e+01 -5.217434830459889099e+02 3.836291105050475494e+02 -1.143506120665587957e+02 7.294047955611100065e+01 1.103911014445181564e+02 1.895223703066588428e+02 -4.540301203375190653e+02
-2.587087243678577579e+04 4.401939553404067556e+04 7.439723737115233962e+04 1.665405171341740643e+05 1.346735590380586291e+04 1.451166014084067661e+06 1.121746926158436054e+03 -2.245878459565848971e+04 -2.119038007077644579e+03 3.324608669815990288e+04 3.518750523898276879e+04 -1.474051988018895099e+04 -3.456414662055777853e+01 9.615888609420612920e+04 6.239742792682105210e+04 7.992900490427906334e+03 -2.272365976005639459e+04 1.633023048959229345e+04 -9.121377017570519820e+04 -8.308793646160602293e+03
-2.587569236665458811e+04 1.820671024145695264e+04 3.281614228852981614e+04 6.494608531644270988e+04 1.076223167871572696e+04 5.181406696455126512e+05 -2.080690655829334446e+03 3.012783647435006787e+04 -2.368115482867600222e+05 1.776413525548198959e+05 7.436352778388267325e+04 -5.059745636116393871e+04 3.192567693929936468e+03 1.348804605474623386e+05 1.052596010985633475e+05 -1.540830673810317239e+04 1.769124161404244296e+04 -3.136492791489642696e+04 -1.097061448761504653e+04 2.255850390340549154e+02
-1.554091402008185469e+04 1.140841693697850133e+04 9.394496710910900219e+03 2.345035670764645329e+04 -4.214295918127563709e+03 -3.386003865082626817e+03 -3.246706096146006985e+03 -2.022193868625843970e+04 -1.836060730359215768e+03 -2.492384324177238796e+03 4.513228712911603907e+03 -3.485342790276821688e+03 -9.605513606359460255e+02 -2.007938277654739636e+02 1.551096071951717192e+02 -3.010822695902432770e+03 4.806332166598923322e+03 4.639828156309530414e+02 3.154816623140023921e+02 3.443942863659082377e+03
-1.395432591212035368e+04 9.252754141650946622e+03 -8.717025091735080196e+02 5.210752856380186131e+04 -5.879133275025485091e+03 -3.422639302605787634e+03 -4.493540098548802462e+02 7.203046990464945338e+03 7.143777516220131929e+02 2.133165023645295150e+03 -3.883558068305688266e+03 1.549723565592210889e+03 5.629964580050265965e+01 1.482984936422419651e+03 -2.213429559128609071e+03 2.730864866152320701e+03 -3.187874136868524147e+03 -3.067172433936949574e+02 -1.576082111808609170e+03 3.532803287708192101e+02
-3.885754238286244072e+04 3.844015346544401837e+04 -1.820402894868576914e+04 3.710542575426932672e+03 6.524432475835753576e+04 -3.876395604497004115e+02 -1.671777369203816988e+03 1.056917082525432761e+03 -3.129947152805522273e+04 -4.010621162932412699e+04 -1.809691994047061235e+04 -3.857216842723536047e+03 2.063647862063735829e+03 3.857529202163734226e+03 1.467494285133613175e+03 2.206912003982021815e+03 -3.207175426645682705e+02 -2.984997100814320561e+02 -3.287676974585271523e+02 -1.296538244802725330e+03
-2.235486604198661735e+04 2.416618014640865658e+04 3.543543075524071173e+04 5.851090217953130195e+04 3.042747491571457431e+03 1.027573094784686837e+05 -1.545225160012829519e+03 8.473671837969536136e+04 -2.834340067104515620e+05 1.528325215690183977e+05 7.295172196053873631e+04 4.584430656133818411e+04 -8.686675688953488134e+03 -2.396390756303377275e+05 -2.578815349616229942e+05 4.549441773519771232e+04 -7.038444680056498328e+04 8.313739693864823494e+04 -2.266985218417840661e+05 -9.124035227075943112e+03
-2.548561330810720028e+04 5.279444695112013869e+04 -2.736772939060693716e+03 -9.940100802314906105e+03 -1.293237932681261782e+03 2.070166246322869767e+02 -9.186534333304261963e+03 -2.569305601289147035e+03 4.098931105623956910e+02 -2.673351253511934260e+02 2.813994921007807534e+03 2.744582187245694968e+03 1.873474645490271087e+02 1.661910298848025604e+03 -1.335856333136847525e+03 8.645889061241275613e+02 -6.035236599014054946e+02 -6.008803695008969044e+02 1.386230480009789403e+02 6.964163594315901946e+02
-2.142296379749858534e+04 1.041763452194973070e+04 2.081903354883680731e+04 9.463889251301739023e+02 -2.021471384070287911e+02 3.780841407464974054e+03 1.269368186513015189e+03 1.459802745676940685e+04 -2.806640317478588258e+04 5.089625832834614812e+03 6.098118569305655001e+03 2.280313857896738409e+04 2.641740493399207480e+03 -6.858081959790144174e+04 -6.816523213534759634e+03 -2.935391458730933664e+04 2.976369592426181407e+04 8.545975715258410492e+04 2.587739757612833346e+05 1.352833369631474625e+02
-5.546119298651985446e+04 3.804472669580615184e+04 -3.275563738231145180e+04 1.625516144212416293e+04 -7.987058034341426946e+02 -1.416083918428052584e+03 9.379621780746410309e+01 7.096371587050633025e+03 4.055630058253591415e+03 -2.334524437464613129e+03 6.265412748652393020e+03 -9.276827293513179029e+03 -1.143420311903015772e+03 1.063000791825436181e+03 -1.496643316399691685e+03 -2.072633125466175443e+03 3.644683421991551768e+03 -7.076062114956390587e+02 6.102212604987063287e+02 1.081607420375244715e+02
-4.998660176151603082e+04 -1.530829846283546431e+04 3.544864443201453241e+02 -9.962180718893865787e+02 -8.396531220589005784e+01 4.789742615112073310e+01 -3.919269720299938058e+02 -4.001216052305734294e+00 2.965932117868466094e+02 3.741299811797231882e+02 2.849381622405352754e+00 2.040822299561497744e+02 4.870583649975115748e+01 1.156126749815538233e+02 -8.440315717547365182e+01 8.208525993380429497e+01 3.787604598118223009e+01 9.795493482339507807e+01 -1.301433679424752832e+01 -6.618735946109311499e+02
-1.840315698470426287e+04 6.037579478267789455e+03 9.477802513648689455e+02 1.830973114766010258e+04 -2.272402731722731460e+03 -2.083925623565864498e+03 8.209458235357849389e+02 -2.573287922401242213e+03 1.202304288599315441e+03 -5.038038060935577960e+02 9.907194270222802288e+02 -5.205637983894408535e+03 -6.343881997520990126e+02 3.894230762327950970e+02 -7.738574457572018446e+02 -1.096639873397508609e+03 2.039433979842201552e+03 2.042681768331349446e+01 -5.440672608903015117e+01 -3.442836900929700050e+02
-3.440633898858170141e+04 4.370198342291024892e+04 -1.064626052042680931e+04 3.781222159796578489e+04 -3.326659294419986509e+03 5.603304692726537724e+02 3.541708984687491011e+03 5.068770063791319990e+04 -1.773276820685792700e+04 6.487542251296727954e+03 -3.752926779266454105e+04 1.513532630094628839e+05 3.164126970761189295e+04 -1.271252573740497064e+04 5.780358427184413449e+04 -5.371757076918907114e+04 6.656483194680088491e+04 3.143571401094579778e+04 4.536901748569896881e+03 -3.864308359341385767e+03
-6.716441755637221831e+03 6.614812436083683679e+03 9.094444297933228881e+03 1.653904025800111776e+04 -2.818783591825708754e+03 -2.432189553783933661e+03 5.481201593585115006e+02 -2.034765309172444904e+04 -3.214072466250664093e+03 2.424835011295474942e+03 -6.035834831509891046e+03 -3.880115013193387767e+03 -5.590644843180465386e+02 -7.503415014980650994e+03 6.007684725549084760e+03 -3.647397743981332042e+03 1.985636724490341749e+03 3.589801109035485752e+03 1.018748608085458045e+03 -1.181692992546995265e+04
-2.385462484451163618e+04 2.486420997840818018e+04 1.985899062703092932e+04 2.606566015606248766e+04 6.524290081974829081e+04 1.197540857949026831e+05 -2.522104053184604345e+04 5.138320005340837088e+04 -4.068107338129751734e+05 8.717485765783698298e+04 -3.440020882090481336e+03 -5.435636039916195296e+04 1.055315242262187348e+04 -1.586191986537564371e+05 -3.060571469498720253e+05 -4.426287458800330933e+04 5.977519011678751849e+04 1.055942142556195031e+05 8.310966173137951409e+05 2.717668291618834337e+04
-3.224981783653183811e+04 4.377255596335253358e+04 -1.107748875209488870e+04 1.253338601437078751e+03 1.472680480057627938e+04 4.264860697618983977e+04 -4.262306212248397060e+03 1.995463813322361602e+04 -1.542326480090613477e+05 -4.526921319170307470e+03 -1.642380789671013918e+04 -1.371688996439110088e+04 4.932393814535144884e+03 -5.087963854714203626e+04 -8.993297443274775287e+04 -9.803889153268170048e+03 1.521854388587582071e+04 2.420471749065874246e+04 1.999533555417228199e+05 5.699614206973911678e+03
-4.633226829646495753e+04 6.042784652797955641e+04 -8.507972030226896095e+03 2.028021331838857122e+03 -3.072285182996624371e+03 -3.798179032944301525e+02 -4.238132164743225439e+04 7.283488142612292904e+03 2.291288904486624688e+03 4.632188751358387890e+03 -8.583827740845399603e+03 -3.582149672483698851e+03 1.304500545245049068e+02 5.467090317336848102e+02 -1.267850961060256338e+02 1.623307993946899160e+03 -1.506178360468905339e+03 -1.575162833126698388e+03 3.686616720965425884e+02 1.941519955801319156e+03
-4.099391417954964709e+03 1.767949742385237550e+04 2.548670409439940704e+04 -2.972277829388988266e+03 -1.527574160641813251e+03 -4.738569088522656330e+02 -1.131390255241796922e+03 5.316887944287522032e+02 5.756026670577492723e+02 -7.525280898325429462e+02 1.231734673862802765e+03 1.094932036329178118e+03 1.137364939412285167e+02 1.337327089231821674e+03 -9.620213616596466863e+02 2.701124504671575437e+02 5.855272175648975974e+01 -1.643905671497045375e+02 2.705505489961108765e+02 3.041087349499458696e+02
-1.618038646031573626e+04 1.786054183565922722e+04 3.434756825287893298e+04 3.065946711427194896e+04 2.564064080203492776e+05 -6.826301691690199732e+03 -5.191576703119840204e+03 -4.907672312125115241e+03 3.368259599152956071e+03 2.642670408754950586e+03 7.485958612369162211e+02 1.344000801592452945e+03 7.474131624353922234e+02 1.268421288116970800e+03 1.435111091525027405e+02 5.055913994151076736e+02 -6.117895667600618026e+02 2.114567217726134345e+02 -2.083527464022072309e+03 1.536533107106747593e+02
-1.897805009579360194e+04 1.302610755301918834e+04 1.455278315945245777e+04 4.346085036020437656e+03 -1.211054366373058429e+03 -7.604921345846184977e+02 -1.120856477966602506e+04 7.167560923802907382e+03 2.817719892727698152e+03 -8.544138109789389546e+02 -9.529954172108336934e+02 -1.468585147165419039e+04 -1.751582929978689435e+03 -3.440028399084478679e+03 1.213937764481891691e+03 -9.319570533222711674e+03 1.347510913589183110e+04 5.564842218943805165e+03 2.014072461985490008e+03 -4.948356646710788027e+02
-3.524441425842699391e+04 1.178637168715062398e+04 1.445507316343285493e+04 9.359982800882293304e+03 6.119413399034775694e+02 1.304539132590885492e+04 2.595996027179665816e+03 3.831054843540570437e+04 -4.155330466308815085e+04 1.914664494520594235e+04 -2.673154172047445900e+04 1.314564334532577195e+05 3.070207882282851642e+04 -3.772814138030936738e+04 6.163505172778567066e+04 -9.765686909562136861e+04 1.384372998719698226e+05 -9.459192757047677878e+04 -1.584150550664950970e+04 -5.557602230400664666e+03
-5.037963260833575077e+03 1.394982229978603391e+04 2.244798792910777047e+04 4.634998159917356020e+02 -9.838126121540670965e+02 2.188307547688912382e+04 6.680720436196559604e+03 3.809991727582294970e+03 -9.558108704148899051e+03 7.906882260409970513e+03 8.159448338816694559e+03 -2.073601198377928540e+03 -1.364645570610686320e+02 8.590233936270682534e+03 3.286602452524393357e+03 2.330846010659214699e+03 -5.195510105972293786e+03 4.960663501080720380e+03 -1.963008325622725897e+04 -2.008033939217332318e+03
-3.885188543786622176e+04 3.614554735393062583e+04 -1.928431437533532880e+04 -1.280410324934097162e+02 3.362278403425073975e+03 1.755579447067759611e+04 -2.080799369136946098e+03 1.022364857648575889e+04 -6.862281947477856011e+04 -2.563567161726557606e+04 -1.514341436542061638e+04 -5.569973965455727011e+03 1.649428191045172980e+03 -1.870035693211021862e+04 -2.507868034628783425e+04 7.861500935109968395e+02 1.263293472028774886e+03 -7.942321736600966915e+02 3.267838858233412793e+03 -7.707681745238853637e+02
-2.122715312164513671e+04 1.475974982609857216e+04 1.549781449251268350e+04 1.057488478351042249e+04 -1.952646931182724984e+03 -1.417105597033440972e+03 -6.992175350656555111e+02 5.431270509492905148e+03 1.349272487239064731e+03 -8.851106735163062694e+03 1.711863801098099793e+04 -2.080719940221037177e+03 -5.928879926563256504e+02 7.277088203116400109e+02 -1.071278807414992116e+03 -2.070230360438214120e+03 1.569845444521093214e+03 -2.907550943865617228e+02 7.990602076567217864e+02 -7.126850035273660069e+02
-2.056971678662710474e+04 1.702555855435664125e+04 2.045649171014644162e+04 3.740814682978676137e+04 4.541791249386498748e+03 4.469572968837908411e+04 -2.352739791646743925e+03 4.244209567748149129e+04 -1.304777905288099137e+05 6.738371272935564048e+04 2.263772298003108517e+04 2.193214536960747137e+04 -3.388877225657052804e+03 -1.062388178635332151e+05 -1.127981821204400476e+05 1.471166672576062774e+04 -2.182835740864170293e+04 2.567555675515198163e+04 -7.662994788404024439e+04 -2.015071085562205326e+03
-2.079872154026664066e+04 2.301262177311371488e+04 2.781233708410477993e+04 5.280752192131114862e+04 1.898121831730266422e+04 3.945801167727387510e+05 -8.629316190962386827e+03 4.870682226124389854e+04 -4.489198651543679298e+05 2.664641288210290950e+05 1.004053454014450544e+05 -1.278585670325097308e+05 8.105133357099221939e+03 2.505880785946081160e+05 1.227242857358850306e+05 -2.785124923055542240e+04 2.327273734393592167e+04 6.953022560114209773e+04 5.475016851465109503e+05 2.539773012891562030e+04
-1.796564183407655582e+04 1.416536463670041849e+04 9.573164648238634982e+03 5.271567534849916228e+03 -5.911500651686019410e+02 1.008822259990533894e+02 3.239996251780798048e+03 6.674103169258970411e+03 -1.769927287507920482e+03 1.205961761533652634e+03 1.323473009105641495e+03 1.499482221025775175e+02 -2.443610763422934178e+04 -2.893628392368378172e+03 1.219406926536243554e+04 -1.700304116570880797e+04 2.419280560340997908e+04 -5.141848025089805742e+04 -7.727279143571267014e+03 -1.330974776082315657e+04
-4.103535837129147694e+04 3.838731477122096112e+04 -2.801822040047142582e+04 2.005353414878958938e+04 -1.409813997992311442e+03 -1.141528301773440717e+03 1.195704954300548707e+03 1.807981190367053205e+04 1.449394766569419062e+02 1.427666547192714688e+03 -5.437230509122265175e+03 3.058720294959310922e+04 7.727800975703814402e+03 4.098519031306284433e+02 1.034069066860206112e+04 -3.117003636910347723e+03 1.849734763960659620e+03 7.019474483695502386e+03 3.790915153381804885e+03 -6.303117575330403497e+02
-4.189024865709068763e+03 1.135450625650869006e+04 1.596194280529967000e+04 1.503645674294624223e+04 -4.001628049809149616e+03 -2.686485537116358955e+03 -4.283732390279145875e+03 -2.516320171578462396e+04 -4.062404266764370277e+03 -1.370844710959072927e+03 3.016902248736478668e+03 4.254078235285024675e+03 1.298813537160814917e+02 -7.351355970224831253e+02 1.234203813561215611e+03 -7.022643168822296502e+02 1.008178447364950216e+03 4.827563431934369476e+01 3.864291487824516480e+02 3.348936513612486578e+03
-4.671636095382014901e+04 -1.330409324802509218e+04 3.046888498808056283e+03 1.396611437862424623e+02 -3.670424923616961905e+02 -1.479285557522331942e+02 -6.226333681318934396e+03 4.844699026783827321e+03 1.993927346398505733e+03 -6.811927056783101762e+02 -6.982673751777241478e+02 -1.147965926664946164e+04 -1.360716107734059051e+03 -2.805008556327280075e+03 9.335249723754255911e+02 -8.562758483338047881e+03 1.248775191647044812e+04 5.399838694775229669e+03 1.941065190459755740e+03 9.246721978402194964e+01
-1.489367312889558889e+04 1.136512873360566482e+04 1.457236618329083103e+04 7.089843783516358826e+02 -6.728032654312310115e+02 -4.983576148290105579e+01 -7.952380977636154967e+03 4.641076372337305656e+03 -9.723497523193580491e+03 -1.414764413972545844e+04 -1.029022428985862462e+04 -7.370735985106713997e+03 4.049974871579179307e+02 2.543204854337279812e+03 5.876262684184419413e+03 1.109979812495380656e+03 2.451311257617996034e+03 -7.788829819877278169e+02 -5.990721702611052706e+02 -4.616266197289246520e+03
-8.063157369669068430e+03 2.399212344206552734e+04 1.755644827378533591e+04 -4.684517170707425066e+03 -9.108439781458640709e+02 -1.065475027829741492e+02 -2.140940558041833810e+03 2.011435132368486393e+03 8.285907807111426564e+02 1.477129079597124246e+03 -3.349310358064275988e+03 -6.296109546538752966e+02 2.971761751505626847e+01 8.279041940759267391e+02 -7.367771396505183930e+02 1.943593277824959102e+02 1.086601493594627925e+02 -1.864542910557493727e+01 1.898555222579616242e+01 9.999121937135426208e+01
-1.798842538146696825e+04 4.954870057952361094e+04 6.624427122062076523e+04 1.691498248945044761e+05 3.257345805549751822e+04 1.649393917458940065e+06 -4.989629612342580367e+04 -3.554240069386406685e+04 -9.466300144692294998e+04 2.129001645318601732e+04 -3.333268620656186977e+04 -5.057967760211412678e+04 6.858889694239965138e+03 2.927014878705757292e+04 -5.219288908171098592e+04 -2.847925344146874340e+04 3.904351533213146467e+04 4.968354969310510933e+04 5.149812770130569115e+05 2.295569178063119034e+04
-8.121238117930312910e+03 1.324478831262926178e+04 2.065319826480158372e+04 6.830339636499675180e+02 -1.061349380829783058e+03 -4.459957166297623985e+02 9.447291153132471209e+02 2.325514869074067065e+03 -3.962182766408924408e+02 -5.637481336761060447e+03 1.112775535760417552e+04 2.753785006537048957e+03 1.528311303130013528e+02 -4.658473553768318425e+02 6.226997383829665722e+01 -3.743514938504454221e+02 -1.373408075459592055e+03 -3.172157820523189571e+02 6.237161414309308611e+02 -1.059025346042292313e+03
-4.497560914768552902e+04 -1.201604209123886358e+04 5.309826484159038955e+03 1.043054283205260333e+02 -3.748424338867727670e+02 1.119628517855334167e+02 -1.248291171715571721e+02 3.567363206870639715e+03 2.175775992060211763e+02 -4.081280349976338471e+02 6.180110491064102689e+02 -4.960572751337494083e+03 -8.285484604035053735e+02 -1.363918249631085928e+04 1.185007122673222693e+04 3.586646625777939789e+03 -5.047427174203558025e+02 8.135508620338127628e+01 9.193478737572451109e+02 8.169647232449574403e+02
-1.708636728398345076e+04 2.835189174431264109e+04 6.586308687313713563e+03 -4.901950806097448549e+03 1.834501097847514984e+03 1.047673046542375914e+03 1.521118082522548320e+03 3.529827770442487235e+03 -3.096794889893597428e+04 -4.028766569875827554e+04 -1.560307267959708406e+04 -2.689018817350478002e+03 2.364681543432397575e+03 4.393882550741890554e+03 7.508663857060430473e+02 2.230344054615501136e+03 -6.242688887996137055e+02 -4.744686105552486310e+02 -7.202272152496886974e+02 -1.552508230545669448e+03
-4.728824940603464347e+04 -1.430966043195199018e+04 1.873231300495087225e+03 -9.301749862709275476e+02 -5.971836265009381250e+00 3.269321570387311908e+02 -3.518141723939901567e+03 3.464094542000721503e+03 -1.028552514995207275e+04 -1.527063952559631798e+04 -9.245584360149421627e+03 -5.389705270277639102e+03 3.213888460680867070e+02 3.140056888332243034e+03 4.968948099168416775e+03 1.693915729826573852e+03 1.837452250509891428e+03 -7.927914754486522497e+02 1.214907964505210884e+03 -3.445662742028666798e+03
6.086389080229065257e+03 9.125681816598118530e+03 1.142265477286777059e+04 -7.584017323304653928e+02 -1.878921973803214087e+03 -4.522511734482050088e+02 -3.652135298672799399e+04 4.202219296591427451e+02 9.327336140207253266e+02 2.399772962310197727e+03 -4.189538442648740784e+03 -6.422817754496389853e+02 2.119100191448295050e+02 7.929978308320174847e+02 2.109952719707743540e+02 4.502681691150169172e+03 3.244562326408376521e+03 7.735139812146180702e+02 -8.948708371967127277e+02 -1.407683971393641059e+03
