-3.559004158151441970e+03 1.502770389447169327e+04 2.198904992666947874e+04 -3.019761840140635286e+03 -9.413092098995552988e+02 -2.704994291813083009e+02 1.818913605498809829e+03 2.143737890107810472e+03 8.861523510397022392e+02 1.230112225485455383e+03 -3.038453098555261931e+03 -8.311370279127120284e+02 -1.263850471147291543e+01 7.424269602790554927e+02 -7.033894228335075240e+02 4.806243931972219485e+01 2.142201262110647519e+02 5.557280460187879356e+00 1.008964088234614849e+02 6.935251843253143988e+01
2.099517227206172174e+04 -3.093365626633389184e+03 -3.395692128720169421e+03 -4.312916660996791620e+02 1.632687580261147389e+02 9.576812977346820333e+01 -9.449590264749788560e+01 2.137858611003352394e+02 5.141712554029987281e+00 -4.420226870350428783e+01 1.123769929852932421e+02 4.006634398725842061e+01 4.025077960358432350e+00 8.525868802024492155e+00 -8.427411613788962086e+00 8.718424700183271980e+00 -3.282687587772252158e+01 -2.476361744391570952e+01 5.119339731619225731e+00 1.808589391292363402e+00
-4.880329923613818391e+04 -1.576447450675365326e+04 -1.015331740079476219e+02 -1.415357899558050121e+03 -2.642085092380969868e+01 1.008028239470437342e+02 -3.920960302614935813e+02 -2.486867727013136076e+01 2.605594925878077106e+02 3.976985678879667603e+02 -1.508510602943755075e+01 3.540546405110654291e+02 6.712882727455983911e+01 1.312881939514084593e+02 -9.003303767319937378e+01 1.379058350867076683e+02 -4.765251909213905890e+01 7.455041823713540339e+01 -1.864931789151055952e+01 -6.497646365095540659e+02
-4.260928235489301005e+04 3.583853128279739030e+04 -2.622771658393869438e+04 -5.116614821904780001e+03 9.131832506077527114e+02 4.989380167390542624e+02 1.728014129149119299e+03 -2.218401125516607863e+03 3.046107548394214746e+02 8.541789907611056378e+02 1.106420469592062773e+03 -7.819331551867776398e+01 -1.459112258975926295e+02 -5.320168413016368731e+02 9.990316365419985800e+00 1.459600009474101512e+02 -3.416990430103780341e+02 -6.890166990552859261e+01 -1.414426217665385650e+02 -7.898860740366227446e+02
-1.298576814774156628e+04 8.371691960434271095e+03 -5.371413354312308002e+02 4.463461787779799488e+04 -5.079810609641088377e+03 -3.674649586530120359e+03 -3.635391798770084506e+02 4.110242095898360276e+03 1.484307457924140408e+03 8.420885189225440399e+02 -2.303156251904828878e+03 -1.335911409942451428e+03 3.355755571441447955e+02 1.436847364146199197e+03 -1.351327358182940316e+03 2.117304316377697887e+03 -2.483057420016674769e+03 -1.288556178611212317e+03 -3.211325260638677719e+02 1.837111192555455546e+02
-1.563360480309106424e+04 1.496085156551233922e+04 2.630129647140495945e+04 1.984905078287511060e+04 1.560511772892936715e+05 -4.772554956539533123e+03 -2.810459811534921300e+03 -2.046563993186940934e+03 2.250597081058774165e+03 4.850003028675900651e+01 1.465705627972968159e+02 2.751122740204709203e+02 2.155494045568247259e+02 5.696760930554859215e+02 3.653821015610341760e+02 5.708977152275090106e+01 -6.906811676006019241e+01 -7.912500867548281747e+01 -2.077771860339607599e+02 -9.281570467278569936e+00
8.620960112629893501e+02 6.792516234243928920e+03 1.057511948698302876e+04 1.423089073807222303e+04 -3.236796270532257495e+03 -2.383788269099815807e+03 3.925757526436211151e+02 -2.402921353015651766e+04 -3.791837169401468145e+03 8.755694625378525870e+02 -1.726053238013623741e+03 2.311915416254382308e+03 -9.186269878012794265e+00 -1.018605538013163482e+03 1.242430458684949144e+03 -9.324550062725642192e+02 1.248040222681452860e+03 2.595961325302312162e+02 1.014303548832557595e+02 3.180595618139585440e+03
-3.390361032988087391e+04 7.461490853905177210e+04 1.565464070198635163e+05 6.688038500037605409e+05 9.269461209923577553e+04 7.429178814210163429e+06 -7.226347487304396054e+04 -6.452495208701075753e+05 2.697222315995696001e+06 -1.839428319571936736e+06 -9.099011106334049255e+05 4.952719504703676794e+05 -1.449154183666315657e+04 -1.352397542225514771e+06 -1.006791201424730825e+06 1.677897437323605482e+04 5.029670213864884863e+04 3.157114726211919697e+04 3.748489633779013529e+05 3.634773474928404903e+04
-1.798842538146696825e+04 4.954870057952361094e+04 6.624427122062076523e+04 1.691498248945044761e+05 3.257345805549751822e+04 1.649393917458940065e+06 -4.989629612342580367e+04 -3.554240069386406685e+04 -9.466300144692294998e+04 2.129001645318601732e+04 -3.333268620656186977e+04 -5.057967760211412678e+04 6.858889694239965138e+03 2.927014878705757292e+04 -5.219288908171098592e+04 -2.847925344146874340e+04 3.904351533213146467e+04 4.968354969310510933e+04 5.149812770130569115e+05 2.295569178063119034e+04
-2.469054965877363429e+04 4.789896293030613015e+04 -9.085463713114559141e+03 -9.726930476268045823e+03 -2.418471858682163997e+02 5.250423511282411937e+02 -4.072435974391319178e+03 -7.753934849728058509e+01 8.834923044046319092e+02 2.849568967563333445e+03 -3.911203113200320786e+03 -3.075264987142246014e+02 -1.089797362501244571e+01 7.382103213478658290e+02 -9.283964985779803101e+02 5.241350055808703701e+02 -3.640428653374364103e+02 -3.389213675742342389e+02 -1.178623894119826332e+02 3.486747772394523395e+02
-1.975279732357383182e+04 1.188896676397127885e+04 1.111619161521476053e+04 1.026547776009725931e+04 -1.230277706200321063e+03 -4.889341961081767636e+02 8.468010766779689220e+02 7.342521935907755505e+03 1.804033169218153262e+03 -1.973082836182892606e+03 2.919771365860566220e+03 -9.017182091690283414e+03 -1.342837847044487944e+03 -1.396346573268299653e+04 1.160959129600609958e+04 2.582753342512626659e+03 8.747951525559014954e+02 -7.818023262406877905e+01 1.366325193159149194e+03 4.422388689908412971e+02
-8.928628713382120623e+03 1.674665901302653947e+04 2.577736683744611946e+04 6.102321687053599817e+02 -2.040679600883138846e+03 -7.518980930897860162e+02 -3.325280287823031813e+03 -5.049572418194421743e+02 -9.428342345223015855e+02 -8.867999516089568715e+03 1.807307056304746948e+04 5.866361750680209298e+03 3.452353995058368810e+02 5.017564726951800935e+02 -3.392016767650722500e+02 -7.505352183040328384e+01 -1.591004922325466623e+03 -5.296485687052359026e+02 8.300680884719344022e+02 -7.082173830847629006e+02
5.830433523309588054e+03 2.182979250922224674e+04 2.372268867482198402e+04 -3.810161109913772634e+03 -3.956889729336824075e+03 -6.218952742969790961e+02 -5.891358717127158889e+04 -2.886909905303570554e+02 9.952300835305375131e+02 1.449942007666250220e+03 -1.604857610648951777e+03 1.115436922047896360e+03 3.928187256451918188e+02 1.998311237900367587e+03 -4.277750890471403409e+02 5.204380739049107433e+03 3.178027598538888924e+03 5.448383110478808931e+02 -1.009220560281602843e+03 -4.876075024081359288e+02
-2.681391878097616063e+04 2.778064192208516761e+04 4.635749508346149378e+04 9.298452325932319218e+04 9.886283335058829834e+03 7.652324171594529180e+05 -6.531288406680549997e+03 1.874577777455907926e+04 -1.902612020161048567e+05 1.586471155703696422e+05 6.996926904360819026e+04 -4.988287261907536595e+04 3.466333833411825253e+03 1.642513785900018120e+05 1.335791420735970605e+05 -1.686647847379766608e+04 1.807303154763895145e+04 -3.998740363412308216e+04 -3.520328163998230593e+04 -2.223515779712422500e+03
-4.142454675950141245e+04 3.523850570149484702e+04 -2.515506530893176750e+04 -4.466433699781152427e+03 3.209028064838177670e+03 1.699567357136365217e+03 1.763476369302904459e+03 4.092785316881571816e+03 -4.750326482840349490e+04 -6.440203181907714315e+04 -2.928720186911208657e+04 -7.725173647918448296e+03 3.226093495274218185e+03 8.890972319773056370e+03 5.042511881140103469e+03 6.726269444693120931e+03 6.023368736693601022e+02 -1.096511664455956407e+03 -5.759330611979779860e+03 -1.424599122030882199e+03
-3.440633898858169414e+04 4.370198342291024892e+04 -1.064626052042681113e+04 3.781222159796578489e+04 -3.326659294419986509e+03 5.603304692726537724e+02 3.541708984687491011e+03 5.068770063791319990e+04 -1.773276820685792336e+04 6.487542251296728864e+03 -3.752926779266454105e+04 1.513532630094628839e+05 3.164126970761189295e+04 -1.271252573740497246e+04 5.780358427184413449e+04 -5.371757076918907114e+04 6.656483194680087036e+04 3.143571401094579778e+04 4.536901748569896881e+03 -3.864308359341385767e+03
-5.569963073253937182e+04 4.000524081454399857e+04 -3.540128080195652728e+04 3.386319163456542447e+04 -2.646326352393198704e+03 -2.978421476435593831e+03 -1.702351305725791235e+02 1.327873263919393503e+04 5.935383108813371109e+03 -3.183994423268694391e+03 6.244542103277305614e+03 -1.249485013510049248e+04 -9.808736907070554025e+02 3.113819815720319639e+03 -3.199804087729558887e+03 -1.210436065684011055e+03 2.932243729220827390e+03 -1.852565111011800127e+03 4.739180552032481160e+02 9.570104494953679932e+02
-4.679770990793898818e+04 1.215091367005377469e+04 -1.520415546602802351e+04 1.343445135677665530e+04 4.547817147043622867e+02 -1.254920919419478196e+02 -8.076833067681862985e+02 1.634449518992396224e+04 -9.798865599246741112e+03 -1.063435613024535269e+04 -9.655854007901918521e+03 4.640001193447296828e+04 -3.351305652708171401e+05 1.387256927966909097e+04 9.702717371192869905e+03 -1.708779389661585810e+02 1.221205099208779575e+04 -3.601216893248256838e+03 1.025727638613317686e+04 9.702828519210299874e+02
-4.282103431306260973e+03 3.724195075743818506e+03 6.126218448046317462e+03 8.590752549404234742e+03 -1.801155935697305495e+03 -1.324653205942152681e+03 1.785532057896757578e+03 -8.899167421423291671e+03 -7.222622572911618590e+02 1.523245013820123177e+03 -2.099712142330423831e+03 5.172776515861944091e+01 -8.393171509913104344e+00 -2.627526183891413325e+02 1.523715690487493362e+02 1.082737501896918708e+01 3.217296163157798983e+00 1.626218245991542801e+02 -8.367159767850586150e+01 -1.139224047474049030e+03
-9.045574359854301292e+03 2.509472781560665226e+03 6.052602049672834710e+02 8.564211321167173082e+03 -5.749691222825024397e+02 -1.042737895624301473e+03 -5.479558260491886585e+02 2.337874444150976615e+03 2.716819043223619701e+03 -5.838273971440327841e+03 9.895888114277091518e+03 -2.375673958914054310e+04 -4.361648984331933207e+03 -3.282483414749740859e+03 -9.360360308197105041e+02 -2.595746211705441965e+04 3.979367801747012709e+04 2.336766508746086038e+04 -3.981866910769650531e+03 -2.856470254596074483e+03
-3.937153958005669847e+04 9.400567375560969595e+03 2.847170868239001720e+04 -7.704187854615644937e+03 -4.774978464673319650e+03 6.019810164568498294e+02 -9.283654984462926222e+04 9.804378563949623640e+03 -1.180067871268931231e+04 -9.444628457886306933e+03 -3.087097540681488681e+04 -2.959314100704528391e+04 -1.036357618702884065e+04 -4.091347559392800031e+04 4.181658393500301463e+04 -5.402395853004804812e+05 -4.130519698641551659e+05 -2.224136468164363396e+04 -2.088010960122931283e+04 2.494672799212529208e+04
-2.355501195781554270e+04 2.426984973255989826e+04 3.045530167303908092e+04 5.912451571240433987e+04 8.350890648660184524e+03 8.631646067246637540e+04 -1.990197281742230189e+03 7.837111987679245067e+04 -2.531767388323282648e+05 1.347787085001167434e+05 5.998019736836873199e+04 4.462488080936217739e+04 -7.427769283151556010e+03 -2.174164048649182951e+05 -2.326986299964479113e+05 3.998201027050674747e+04 -6.119156957917978434e+04 7.300509332303371048e+04 -1.949312601985632209e+05 -7.287238835909097361e+03
-1.525965778855130520e+04 7.116475721151601647e+03 9.552957485988212284e+03 3.091171258558974841e+03 -7.140103307018155192e+02 -5.893501965629902770e+02 -8.026885373983018326e+03 2.283436588988805397e+03 -2.163604309329694843e+03 -3.588904680313847166e+03 -5.962839139899077054e+03 -7.065023765719870426e+03 -1.889623964174787034e+03 -5.574529506442871025e+03 6.121800298492758884e+03 -3.532889025297099579e+04 -2.372302289057004600e+04 -7.660729100898922184e+01 -5.637180411972910861e+02 -2.622807002346254990e+02
-1.611011649114116517e+04 1.156344744671072658e+04 1.573883681674665240e+04 5.844089188313693739e+03 2.323359685998669022e+01 1.650917267783829811e+04 -4.069901790475802500e+03 1.036528042166967498e+04 -3.732503453397876729e+04 1.406149692587714162e+04 1.716117464456626976e+03 -1.463227672067159347e+03 -5.607394662528333811e+02 -2.285596015304124012e+04 -2.648471317864619050e+04 -1.272839499655935924e+03 1.305152916366320824e+03 -5.648928353904714328e+01 3.850664711297870326e+03 4.157000003773740104e+02
-4.042270839833164064e+04 3.790526278638518124e+04 -2.697182097312936457e+04 1.907056595702906998e+04 -1.256398650870260099e+03 -1.060927000112190171e+03 1.223006628831157059e+03 1.776737413711445697e+04 -5.665659459062242576e+01 1.360677998662256641e+03 -5.582048255163729664e+03 3.066334923661582070e+04 7.676818489016571220e+03 3.452515892717042334e+02 1.037861782378534917e+04 -3.169326550489249712e+03 1.898287322294795331e+03 7.107361876465456589e+03 3.720568409066732329e+03 -3.002866525419843811e+02
-4.845963014898240363e+04 -1.541570544048269039e+04 9.484239234665999163e+01 -1.433326655135140300e+03 3.801555477882268264e+01 1.424529441474404337e+02 -7.656487647675451171e+02 1.711225375156304835e+03 3.725176719076167160e+02 -3.168186584693015106e+02 5.590535728672609821e+02 1.677176792397174552e+02 -4.114007897165316763e+02 3.639853548981849372e+02 -1.299490310205508479e+02 -2.736757961005951074e+02 2.945139405312567646e+02 -6.726279036900567689e+02 2.380974075089480948e+02 2.133488693548829906e+04
-3.087621531648136624e+03 1.074533453471681059e+04 1.732919430523415940e+04 -2.022251237377651250e+03 -6.874986013070999888e+02 -2.555910008833708389e+02 4.821314085899297424e+03 1.210857099538225839e+03 6.418781258371087688e+02 8.996263125798504916e+02 -2.428907901533047152e+03 -6.798826816837251954e+02 -9.996499905152665733e+00 9.762218337292146089e+02 -8.220235107224623334e+02 -2.813987993204095872e+01 2.332259829599103398e+02 1.089389392927889588e+02 -6.393071197218019819e+01 8.201253718630087519e+01
-4.861172289497801103e+04 -1.527897018930264858e+04 3.934070592262331729e+02 -1.308262700851352520e+03 2.643794483078388566e+02 2.702243526009222592e+02 -4.007818833721752299e+02 2.771691641963093389e+03 -1.704596153852154384e+04 -2.703651445635364871e+04 -1.266157329880030920e+04 -3.368538630774587091e+03 1.209503451636770706e+03 6.325553208799800814e+03 3.037968921939106622e+03 5.304365395228272064e+03 7.867827218879451721e+02 -9.054265457676642654e+02 -5.977292731822205496e+03 1.023757306945092864e+03
-6.885724935957829075e+03 1.665625871182941410e+04 2.590182299127784427e+04 1.285852926881002895e+04 7.209044232068185920e+03 1.359106757683623291e+05 1.255462500916595673e+03 1.018036716806816730e+04 -8.264374236973556981e+04 7.014792801531750592e+04 2.806728217481349566e+04 -2.964695692814120412e+04 9.503420380840810822e+02 7.721361212155294197e+04 7.149716320108278887e+04 -2.450084105213036878e+02 1.533066703255069797e+03 -6.287510835684982339e+03 -9.272427919467161701e+03 5.318100502226117214e+02
-1.085920375403121216e+04 1.307296181514396449e+04 2.098139479013857635e+04 3.813224548891689210e+03 -6.877767673705359357e+02 4.140565509036177900e+03 3.288779178016750848e+03 1.354234792500429467e+04 -1.481321359566234059e+04 1.147797889160729210e+04 8.472478065959421656e+03 -3.651370692576099827e+04 -5.629075951953971526e+03 -1.083810986183628847e+05 1.233341660602059710e+05 5.532367128966004384e+04 -1.634244594809510272e+04 7.207423893429443524e+03 -4.248126563769073073e+03 1.813302489245689867e+04
-2.014504633504052617e+04 1.062716118458732308e+04 2.187704603092172329e+04 -4.004992194874646572e+01 3.034039012240794818e+03 1.463018706878956800e+04 6.418620641592955280e+02 1.249289990751800906e+04 -3.150278965936683744e+04 1.978632355256640585e+04 6.865371924112106399e+02 1.736591445204674164e+04 5.441890239574638144e+03 -2.966854747822355421e+04 8.864651243631262332e+03 -4.525492308549600421e+04 7.173357789663574658e+04 -1.147044286590801494e+05 -2.054939385332365782e+04 -1.202087136806821263e+03
-4.332376167140884354e+04 4.873417784566304908e+04 -1.491819379816078981e+04 1.183625997982947010e+05 3.774330498322490166e+04 3.272267325405126940e+03 -6.657788197464812583e+03 1.238686921783806029e+05 -1.073264803249460820e+05 -3.239254324847713360e+04 -1.485637644755731453e+05 4.946661070626931614e+05 -2.562450987102032639e+06 7.993945496745551645e+04 8.424003479697836156e+04 3.541244295918357238e+04 9.498511284400306977e+03 -2.362886442389662261e+04 3.937337699184878875e+04 -6.968172246985540551e+04
-1.641608874086479773e+04 1.781503969921320459e+04 3.391932557508655736e+04 3.004647648016687526e+04 2.499917312753505539e+05 -6.692097632385707584e+03 -5.099177230338959816e+03 -4.633045393007048915e+03 3.300533643941049377e+03 2.482476980786641889e+03 7.369656543700305065e+02 1.217177745181498267e+03 7.091833332843809785e+02 1.185158462462909256e+03 1.749086552626279172e+02 3.980901744452095841e+02 -4.526640136990729388e+02 5.478677905212877874e+01 -1.976800365014091767e+03 1.416439360140808787e+02
-4.604627741940411943e+04 -1.259906075228155714e+04 4.576054832466072185e+03 1.937791861520115390e+03 4.289908033490660273e+02 1.602205318481282848e+04 -3.010843108189031682e+03 8.336419234093518753e+03 -3.707189018879443756e+04 1.345619431214451288e+04 2.521004675497531935e+03 -1.771540826357301739e+03 -5.522307809826711491e+02 -2.169653438903723509e+04 -2.672028257042165205e+04 -1.423384993807663705e+03 1.885098753698848668e+03 -5.605461733229212768e+02 4.342865661380819802e+03 9.581481931211824303e+02
-2.428375906424168352e+04 2.697030181279814860e+04 3.483550647753836984e+03 9.886276943506096359e+03 2.931987466829621917e+04 5.008673544491598295e+04 -4.581829386188568606e+03 1.863374571696982821e+04 -1.378615021219994815e+05 1.523747540942858905e+04 -6.379897108794797532e+03 -1.332968884971963598e+04 3.743879503032260800e+03 -4.844324722780458978e+04 -8.743012153513511294e+04 -1.137901791670433340e+04 1.583415252031886303e+04 2.602337057152436319e+04 2.097113795372236345e+05 6.377099477774894694e+03
-8.267418497546477738e+03 1.212186439173243525e+04 1.945384968909942472e+04 6.774467799138019473e+02 -9.837332046608670453e+02 -4.176617022594658692e+02 1.470789209621106920e+03 2.022567918793524768e+03 -4.759756778721718433e+02 -5.677597523373601689e+03 1.122361095685009968e+04 2.783073049913857176e+03 1.451286468243228285e+02 -4.467195123471372540e+02 6.151708662973842223e+01 -4.127521576711869784e+02 -1.352587861596121684e+03 -2.601509936834202676e+02 5.567327761708911567e+02 -1.061419713312014892e+03
-2.492927038177137001e+04 3.604789106492717110e+04 6.492422197282512207e+04 1.416533334563438257e+05 1.218322686479038384e+04 1.223033895713995909e+06 5.043298106611952790e+03 -9.951693068007485635e+03 -6.406037648962551611e+04 7.354970067281788215e+04 5.010545867255509802e+04 -2.781529952195472288e+04 5.312252913180094538e+02 1.215830063672814576e+05 8.486458001200611761e+04 4.395129933345559039e+03 -1.706620499849237603e+04 9.261655488423028146e+03 -7.710810705502615019e+04 -6.770017917492181368e+03
-3.770983126473466837e+04 5.487385780222576614e+03 1.397230955163091676e+04 2.078126879706950422e+04 7.888132223667610560e+03 5.041418500662119914e+04 -7.442846384545428009e+02 4.519229222614926402e+04 -1.758634299516984902e+05 8.380269460526382318e+04 2.220801421463676525e+04 2.007865925857896218e+04 1.205491776937907707e+04 -3.255078927226952510e+05 -2.339856602635043964e+05 -4.201601559623531066e+05 7.102285857723297086e+05 -2.104463607909047045e+06 -2.177633794808288221e+05 5.090580878107423814e+03
-4.673913713979131717e+04 -8.853704084947181400e+03 -1.324565717245835685e+03 2.174307085133191140e+04 -2.102600165915474463e+03 -2.011175907480983142e+03 -3.624408771151230667e+03 1.541652334835160400e+04 5.487938217911870197e+03 -2.391375712818432476e+03 2.051586932961602542e+03 -2.509506597473141483e+03 3.774468334439976388e+03 5.162799853388232805e+03 1.707006349575900913e+03 1.643605523803813412e+04 -2.328701136595157368e+04 -5.592925736830999813e+04 4.844322060885660903e+04 -1.025449494974027948e+04
-4.170324232268446212e+04 3.592800288983647624e+04 -2.631111025582168440e+04 -5.215194680268989032e+03 9.961860748760464048e+02 5.561228440108310451e+02 1.341938083209331353e+03 -4.304916567621631884e+02 4.213094467389594229e+02 1.276632886864748002e+02 1.716021576201648713e+03 -2.214880664581806684e+02 -6.278360627224360542e+02 -2.600806059232396592e+02 -5.757933517513069432e+01 -2.423856012809914375e+02 -3.644378215321172121e+01 -8.380023343760741454e+02 1.149647840141556259e+02 2.120631091592619850e+04
-1.335784412477532715e+04 5.392653224570921338e+03 2.971616937562581370e+03 1.905387220489508763e+04 -2.967550780421677700e+03 -2.583561633666754005e+03 7.440411009900009276e+02 -2.025390919334139471e+04 -1.802770929451634174e+03 4.385586316204737159e+03 -5.493329614280697569e+03 -1.757388606066574312e+03 4.256477700449544841e+02 -5.472627718535205531e+03 5.260608814052413436e+03 2.075946158333255880e+03 -5.314070374452280703e+03 -3.959156515725744612e+03 6.026868224275362081e+03 -8.006412039263304905e+04
3.867161167739966459e+03 8.235850079965128316e+03 1.038472504216669950e+04 -2.090634282965199020e+02 -1.795587328062498500e+03 -4.770505201810418612e+02 -3.567938976889575861e+04 3.132795805502609028e+02 9.037456025992013338e+02 2.207321279469048477e+03 -3.835700218202640826e+03 -7.780577614092705971e+02 1.821605868254946472e+02 7.621485209278516777e+02 2.216800413883718477e+02 4.409708159338324549e+03 3.351999724256216268e+03 8.371029542755661623e+02 -9.387836736315717872e+02 -1.310875964494963227e+03
-2.498077186318731765e+04 2.631406486892719113e+04 1.344071925778906552e+04 2.127311319339059992e+04 4.416544705451139453e+04 1.061912859416343708e+05 -1.723220074456119255e+04 4.577454139849750209e+04 -3.619698877772307605e+05 6.661055775790553889e+04 -7.400150531655300256e+03 -4.627292921978038066e+04 9.580569618015855667e+03 -1.375425073673045263e+05 -2.645146302816238021e+05 -3.758171222240931093e+04 5.122431712113192771e+04 8.928945180183404591e+04 7.115093977176988265e+05 2.303182656337289154e+04
-2.643763552898166745e+04 3.733526593055090052e+04 6.763889405942482699e+04 1.420863090887261205e+05 4.313969502724552149e+04 1.271015833814267302e+06 -1.308669935687625548e+04 9.499174306960003742e+04 -1.141569845409028232e+06 9.370813689726606244e+05 4.408323173746695393e+05 -4.719446091059840401e+05 1.800154699702349899e+04 1.400029016413799254e+06 1.067892005748613970e+06 -4.399176234783912514e+04 -1.709472291622325429e+04 1.811669281306827033e+05 1.144675960023254156e+06 7.039145206546309055e+04
-2.081303823523509709e+04 1.817157416201244996e+04 2.201060758109213202e+04 4.077177566681605094e+04 8.554490850500491433e+03 4.733763754826345394e+04 -3.403484791888219206e+03 4.652069384642330260e+04 -1.432079830899474327e+05 7.464975937167488155e+04 2.615881343345425194e+04 2.465849558045705999e+04 -3.992497341237764886e+03 -1.201239800959517161e+05 -1.277858689853067481e+05 1.798070703808469625e+04 -2.675841434647992355e+04 3.179403125142636782e+04 -8.951835829721752089e+04 -2.500594444517755619e+03
-5.037963260833575077e+03 1.394982229978603209e+04 2.244798792910777047e+04 4.634998159917356588e+02 -9.838126121540669828e+02 2.188307547688912382e+04 6.680720436196559604e+03 3.809991727582294970e+03 -9.558108704148895413e+03 7.906882260409970513e+03 8.159448338816693649e+03 -2.073601198377928085e+03 -1.364645570610686036e+02 8.590233936270682534e+03 3.286602452524393357e+03 2.330846010659214699e+03 -5.195510105972294696e+03 4.960663501080719470e+03 -1.963008325622726625e+04 -2.008033939217332772e+03
-4.602943147526719258e+04 -1.264689863789240917e+04 3.977983541881245401e+03 -4.699698354103414744e+01 -4.530022228453654520e+02 -1.513452401315360305e+02 -8.306502588745566754e+03 2.768450996686508006e+03 -2.053515310426852011e+03 -3.485854513877725822e+03 -5.982718044148910849e+03 -6.529510876289482439e+03 -1.815652155286429206e+03 -4.565033017427119375e+03 5.397040189435899265e+03 -3.505207940036319633e+04 -2.350753317250121108e+04 -1.858441280671967775e+02 -7.520672148716734000e+02 2.543486747477951724e+02
-1.004792434292878715e+04 1.208642001221457031e+04 1.812348728465332533e+04 1.712840408116345088e+03 -7.363702195953748060e+02 1.846761098490722759e+02 2.873956103957035566e+02 4.486238318375634663e+03 2.569635822803468841e+02 -4.723285872719852136e+02 6.129874396761285880e+02 -5.029394848306852509e+03 -8.856768137250219297e+02 -1.477805552319585877e+04 1.216151425949104123e+04 3.723036529695209083e+03 -9.680747412940894492e+02 8.096135616436851024e+01 1.054777722441689093e+03 2.894699780559421356e+02
-2.552026105475410077e+04 5.266273587529201177e+04 -2.798037127195959329e+03 -9.948783934994327865e+03 -1.280619427754882963e+03 2.184217910341137099e+02 -9.425013317099226697e+03 -2.449594269022287335e+03 4.330972775590579431e+02 -1.276355602570856576e+02 2.522758127952033647e+03 2.613915899499171246e+03 1.798666259501961804e+02 1.627099138009854414e+03 -1.318660994860979827e+03 8.569849409234059294e+02 -5.952012094750539291e+02 -5.900699817697341132e+02 1.224704718794388327e+02 6.811130737292352251e+02
-4.170569853012431122e+04 3.566951537767198170e+04 -2.472702541049672436e+04 -2.150676723236974794e+03 2.602402843072048199e+03 1.262196716088009680e+03 2.139134386596199874e+03 2.137510567544471996e+03 -3.100423441862583422e+04 -3.972437739399601560e+04 -1.564639807826947253e+04 -3.859406186008812710e+03 2.197405870810351644e+03 3.486697873221014561e+03 1.421154706905536159e+03 2.164999739239672635e+03 -4.907765030914620183e+02 -2.921943385272501814e+02 -1.049295390231101010e+03 -1.918220264845780775e+03
-4.161313609180256753e+04 4.485833937187746051e+04 -2.857399822060958104e+04 7.342522059856487613e+04 -7.147547635326703130e+03 3.787462652981036513e+02 7.165916196461229219e+02 3.945571135009588761e+04 -5.615497919158735385e+03 1.074772644658362333e+04 -1.791488276287733970e+04 5.279061122559754585e+04 6.456094998618345016e+03 7.608573222836162131e+02 4.821134528279585538e+03 2.517853316918646669e+03 -5.197553683742189605e+03 1.329530895538381446e+04 -4.473857509560350991e+03 9.885516550589499047e+02
-2.114748198648800462e+04 1.468462408557968047e+04 1.549120264138110724e+04 1.051761887958927400e+04 -1.942813837303102218e+03 -1.408556600624980319e+03 -6.668664673704145116e+02 5.401700560422370472e+03 1.326651572550915716e+03 -8.811490586242554855e+03 1.704143809861481714e+04 -2.000558278642176901e+03 -5.772351636588232395e+02 7.121112708128956683e+02 -1.047908689999994067e+03 -2.038523390964244754e+03 1.511985325296705696e+03 -2.989900496141751773e+02 8.019734072218018355e+02 -7.201233338249018061e+02
-4.589368464421356475e+04 -1.203300022316408649e+04 6.078931012906599790e+03 6.449570804826877975e+03 6.258107180087364395e+04 -1.690336489392046133e+03 -2.466131763986879832e+03 -5.761857160954552910e+02 2.130652173283453266e+01 -9.065215702016051864e+02 -4.412910171075057519e+02 3.337734950169693775e+02 -1.240196484897655580e+02 5.811739553175121955e+02 -3.358678130788852059e+02 1.142204032571900143e+02 8.788563715340114868e+01 3.897369094780198395e+01 5.515875041685843598e+02 4.181866744270756158e+02
-2.251078935900394572e+04 8.379867792654369623e+03 -4.434670696918858994e+03 4.574473469850453694e+04 -4.942946456059334196e+03 -4.214347148870711862e+03 -7.611021613863322273e+02 5.384245964576870392e+03 3.356549657267643397e+03 -1.477339684434213041e+03 1.518611953914816695e+03 -8.540695106001381646e+03 -6.033464580189573780e+02 2.078574427221923088e+03 -2.157281672452932071e+03 -3.004284148595547776e+02 1.493647808337765582e+03 -1.070753390350355858e+03 -6.591848804535648298e+01 4.351220298520109395e+02
-2.188720638574317491e+04 1.059241400413203337e+04 2.038235173054235929e+04 1.070193685679010287e+03 2.980372296831242807e+02 5.426398347164040388e+03 9.807530587024212991e+02 1.513648240063977391e+04 -3.310712545823998516e+04 6.404356264205570369e+03 6.070649570346965447e+03 2.212927586896739012e+04 2.720696677117902254e+03 -7.061930946635433065e+04 -1.077249770298189105e+04 -2.974411617955129623e+04 3.031431920450130565e+04 8.639082772654804285e+04 2.669608991490132175e+05 4.358330732482955341e+02
-4.151233389604649346e+03 1.842585594186222443e+04 2.642427641393374506e+04 -2.936551851668635209e+03 -1.686236085657465082e+03 -5.352319245236250254e+02 -1.945807752594728527e+03 3.146881328879846507e+01 4.783637540200448370e+02 -1.362826898940201090e+03 2.548195717953022722e+03 1.687512275543838541e+03 1.527820055235266068e+02 1.521634048801228346e+03 -1.042018955699035359e+03 3.364866077100829216e+02 9.876121749755663259e+00 -2.130127509131015415e+02 3.146389531615124611e+02 3.717088811301583178e+02
3.921361621635355277e+03 6.454373149420242953e+03 3.889373167028220450e+03 2.422987148801471631e+04 -3.433673964130805416e+03 -2.666680883056524181e+03 -6.627115559324565197e+01 -2.490921758519452396e+03 9.309673787754212526e+02 8.139572498371830989e+02 -2.388178904674417026e+03 -2.549945504286821233e+03 1.630455097678739946e+02 1.176678948056287936e+03 -1.033237742881684198e+03 1.115717737274958608e+03 -9.379661805438361171e+02 -9.596608816945380340e+02 -1.559195774093370517e+02 2.174975164349895351e+01
-3.771315434967391775e+04 4.238908057711128640e+04 -2.853801297099385920e+04 3.704656502632443153e+04 -3.314501203949099818e+03 -2.502345855454220782e+03 9.126710452516171017e+02 2.366173676923341918e+04 1.533847844150578794e+03 1.434145722859728266e+03 -6.376811645720795241e+03 2.880700884749126271e+04 7.910478501275012604e+03 1.935974947744938163e+03 8.840564354322055806e+03 -1.975183679708217142e+03 7.030829980414177953e+02 6.221176710683871534e+03 3.433523332272582593e+03 2.010680806103792975e+02
3.746973160122688114e+03 2.652317954581521553e+04 2.346029159606683606e+04 -6.646511466511172330e+03 -4.183702214710055159e+03 -1.169805102144090512e+02 -7.641903516135503014e+04 4.097604150077601844e+03 1.974543662456344236e+03 7.117420238977972986e+03 -1.312492838026995014e+04 -3.537538239449903813e+03 1.718887399583472870e+02 1.194608219258948338e+03 -1.170364369711317778e+02 5.174013177668914977e+03 3.447529355432905959e+03 8.582267939536390031e+02 -1.714933119850374169e+03 -9.714949353375645842e+02
-4.230074632648596162e+04 3.173283367173568331e+04 -1.181595865101451818e+04 7.022798172212296049e+04 3.528531896716216579e+03 7.898680008489934153e+03 -5.763680276387690355e+03 7.020235113786105649e+04 -8.040181862613800331e+04 -3.238103336256204420e+04 -8.247568561438926554e+04 2.313521132912283356e+05 -1.214324406624735100e+06 3.285774123662659258e+04 3.262960412621330761e+04 7.592509437942585464e+03 -2.003601040810386849e+03 -9.984261045926943552e+03 1.619860374059043897e+04 -3.105760709461279839e+04
-1.686455484541927217e+04 1.164090144652823255e+04 -2.283580404477034790e+03 7.211673986566448002e+04 -7.977484891183918990e+03 -3.034025641663083661e+03 -7.519951666862568800e+02 1.532371908158762199e+04 -8.587129899630282353e+02 5.075850176143959288e+03 -7.504458642256421626e+03 8.309745245797768803e+03 -4.934553654407242220e+02 1.731110034330712551e+03 -4.227496852811968893e+03 4.366888420294922980e+03 -5.126912053220024973e+03 1.727378772215831077e+03 -4.341478352912857190e+03 7.239451547641583602e+02
-5.421069240602597347e+03 1.168373017531661935e+04 1.589896642171977328e+04 1.564778600765245756e+04 -4.051018755903304282e+03 -2.746243960021613020e+03 -4.594365517326101326e+03 -2.484982244469736179e+04 -3.942463958207712949e+03 -1.539197471310017136e+03 3.315088264718722257e+03 3.909034045507619794e+03 8.031447858853664457e+01 -7.291607933739317104e+02 1.204955383410552031e+03 -8.086167520037989789e+02 1.183664904274396577e+03 4.869617127111021659e+01 4.111698049251128282e+02 3.358386508917083120e+03
-3.885754238286244072e+04 3.844015346544401837e+04 -1.820402894868576914e+04 3.710542575426932672e+03 6.524432475835753576e+04 -3.876395604497004115e+02 -1.671777369203816988e+03 1.056917082525432534e+03 -3.129947152805522637e+04 -4.010621162932412699e+04 -1.809691994047061235e+04 -3.857216842723536047e+03 2.063647862063735829e+03 3.857529202163734226e+03 1.467494285133613403e+03 2.206912003982021815e+03 -3.207175426645682705e+02 -2.984997100814320561e+02 -3.287676974585270955e+02 -1.296538244802725330e+03
-1.800635678997584182e+04 1.640924076677250923e+04 1.515925617593052448e+04 3.131689089604612491e+03 -1.955752372554810336e+03 -5.047771112766930628e+02 -2.811688981419838819e+04 6.836887884027864857e+03 -1.592766474802621360e+03 -3.981195130298408912e+03 -6.491978515324874024e+03 -1.130418295073101217e+04 -4.136278257083995982e+02 7.010296224386837594e+02 2.942813884572909046e+03 -1.968002767527022797e+03 7.525883243991901509e+03 1.557763670309066129e+03 -2.442162013062661572e+03 -2.897838243785167833e+03
-6.005801382693804044e+04 7.946957366457776516e+03 -1.882853392514747247e+04 3.468070563150446833e+04 -3.047179817751596147e+03 -3.089231438969155079e+03 -1.451263637073842347e+03 1.425096716454330453e+04 5.448194512222854428e+03 -3.834411894249708439e+03 5.399624714817246968e+03 -1.183631818792950253e+04 -7.794421267489299225e+02 3.373585408317559995e+03 -2.971284965208081758e+03 -1.364007072798135141e+03 3.309333519427076681e+03 -1.570916348790380425e+03 6.055355516523072765e+02 1.014540196315255798e+03
-1.634734480272500696e+04 1.689519701039139909e+04 3.100873103696448743e+04 2.601264623958628727e+04 2.110497511267174559e+05 -5.905270478579878727e+03 -4.248878554481484571e+03 -3.423451831658473566e+03 2.835954355154500718e+03 1.480972562610847035e+03 4.957891204323231591e+02 8.482351965876324584e+02 5.002372427578214911e+02 8.690897002965563161e+02 1.944527582295013701e+02 3.281772234728942976e+02 -4.003895635515269191e+02 8.425132268611480413e+01 -1.216642419325168703e+03 8.708482554572530887e+01
-4.685513072666931112e+04 6.119643875016854872e+04 -9.191402291619480820e+03 1.844413702244467686e+03 -3.047666192524940016e+03 -3.599041456733235691e+02 -4.234561505712323560e+04 7.202996983034812729e+03 2.415859512510348850e+03 4.872073525530961888e+03 -8.480156204359827825e+03 -3.488204833301886083e+03 1.667143581434879138e+02 5.177382093268523704e+02 -1.587715229087074817e+02 1.586101756076240690e+03 -1.498495635986598245e+03 -1.543897456056974079e+03 2.635964408233784297e+02 1.672930959801960853e+03
-3.989756826459509739e+03 1.634735832147593464e+04 2.369321071980111446e+04 -3.042532492444741820e+03 -1.209715805539398616e+03 -3.580676656243160210e+02 3.130300530252966382e+02 1.470837515410101332e+03 7.566429624722516110e+02 3.847007245967780591e+02 -1.216586045955497184e+03 -7.043041187550795001e+00 4.144199778098974463e+01 9.920132675846815573e+02 -8.111841822821147616e+02 1.462845696159391764e+02 1.468174621741540591e+02 -7.128832324886241167e+01 1.812927119577787778e+02 1.731389830818093003e+02
-6.590779916431460151e+03 6.614137698002751677e+03 9.158483927634566498e+03 1.646361062012261755e+04 -2.816141118056957112e+03 -2.425423981137369992e+03 5.457053584566784821e+02 -2.038842861450740747e+04 -3.235205230669379489e+03 2.444704539193362962e+03 -6.070202600591824194e+03 -3.804680637561154526e+03 -5.471593869261357668e+02 -7.512098922467746888e+03 6.021510406545687147e+03 -3.622493894049004666e+03 1.943897882410014518e+03 3.584948257398009446e+03 1.020554776040482125e+03 -1.181593545244229426e+04
-2.052077178298959552e+04 1.660445905542360561e+04 2.879499857316013367e+04 5.835947051512953476e+04 9.273331474815549882e+03 4.280261819462065469e+05 -2.010907309082510665e+03 2.165491414647410420e+04 -1.567524556811203947e+05 1.054399511423039075e+05 4.013965190847685153e+04 -2.344780617543647895e+04 5.249393993683896724e+02 3.442656397561045742e+04 1.320083604415836635e+04 -3.233084803397929136e+03 2.593060172749634148e+03 -2.943761578096969970e+03 -1.982721462025698656e+03 7.377554888684237540e+02
-1.475105387126950336e+04 9.707966314826853704e+03 -1.220202136288012298e+03 5.600820846497250022e+04 -6.284006190331383550e+03 -3.342022752949756978e+03 -5.131851012893611141e+02 8.819585409845800314e+03 4.268328448298229318e+02 2.675151204274518932e+03 -4.522421105252970847e+03 2.728654015209712725e+03 -8.949728761669142330e+01 1.539890032379617196e+03 -2.645675639638604025e+03 2.982091846420971706e+03 -3.451049561867675948e+03 1.344058018578056988e+02 -2.145946239049571432e+03 4.375465985952257597e+02
-4.714721617979282746e+04 -1.420841073135022452e+04 1.938147653024792135e+03 -9.413818370432478559e+02 6.982854143354284560e-01 3.243660149717320564e+02 -3.504220300112505811e+03 3.460108518307655686e+03 -1.029127814711450446e+04 -1.529080594894025489e+04 -9.252445712019320126e+03 -5.364671026640725358e+03 3.170614177994709166e+02 3.139829188677999809e+03 4.955053095260434930e+03 1.713776494633862285e+03 1.819849839875457747e+03 -8.069819760404516273e+02 1.295264909465101482e+03 -3.409983024972365911e+03
-2.463526882581884638e+04 3.149619626644823802e+04 5.174575081838839833e+04 1.213963107492995041e+05 1.015632803616950150e+04 9.850871827116456116e+05 1.462783187594850688e+03 3.935676545955307120e+03 -1.212124854841923952e+05 1.084859704239127168e+05 5.524430176935689815e+04 -3.806189231948307861e+04 1.139177717048746672e+03 1.419793458441082912e+05 1.043384829915677692e+05 3.878990621963440049e+02 -9.085680776978118956e+03 2.277918358256377473e+01 -5.252727274862750346e+04 -3.990434509018411973e+03
-8.172256416739757697e+03 2.413932454048902218e+04 1.714103485119553079e+04 -4.560020585738309819e+03 -8.302715907752944986e+02 -1.059190942622808649e+02 -1.833096608454486159e+03 2.138143350304673731e+03 8.095116010441491881e+02 1.486448311231387152e+03 -3.391796138733183398e+03 -2.326112570038578156e+02 1.183795817478717112e+02 8.389259333024101579e+02 -6.225486199789822876e+02 1.447336792774338790e+02 1.442171264412432947e+02 8.108220155332770673e+01 5.232597046479241243e+01 1.008674563873460102e+02
-4.992099489261927374e+04 -1.533845389290474304e+04 3.635084193958816741e+02 -1.077427318814173304e+03 -7.649283221039218006e+01 5.588290162461410659e+01 -3.882157863469810195e+02 -3.381053997581525294e+01 2.831057469826083093e+02 3.858202502796491444e+02 -1.353528498168691030e+01 2.453107377349942340e+02 5.379144899680986214e+01 1.091341837896113702e+02 -7.631813812742194614e+01 9.253162199976382851e+01 1.921593569745018826e+01 9.737684389867683876e+01 -1.264204963668466597e+01 -6.657044694340295337e+02
-3.885188543786621449e+04 3.614554735393062583e+04 -1.928431437533532880e+04 -1.280410324934097730e+02 3.362278403425073975e+03 1.755579447067759611e+04 -2.080799369136946098e+03 1.022364857648575526e+04 -6.862281947477857466e+04 -2.563567161726557606e+04 -1.514341436542061638e+04 -5.569973965455727011e+03 1.649428191045172753e+03 -1.870035693211021862e+04 -2.507868034628783062e+04 7.861500935109968395e+02 1.263293472028774886e+03 -7.942321736600966915e+02 3.267838858233412793e+03 -7.707681745238853637e+02
-9.692946752652787836e+03 8.476258725817040613e+03 1.337435958179278168e+04 1.948945967319708416e+03 -5.769598832621682050e+02 -4.499483018406193935e+01 1.475513187246606321e+03 3.422970927419056807e+03 1.225050617021455537e+02 -3.885840607846319017e+02 4.075675675973541843e+02 -5.105163425522196121e+03 -8.858744676259162816e+02 -1.458244581899235163e+04 1.238417873772414896e+04 3.540986295963214616e+03 -8.692747005190750542e+02 1.655227092290314488e+02 1.050789762332553664e+03 2.959540693727772123e+02
-3.708552667273806037e+03 1.287823423602379444e+04 1.969655394155487738e+04 -2.379417948525711836e+03 -8.677362181976590136e+02 -2.970537371559150301e+02 3.234278009471070163e+03 1.259187177710563446e+03 6.894654246977472667e+02 6.913638083578002806e+02 -1.879251917162637710e+03 -3.984713804344855248e+02 1.065860789926869501e+01 9.801843410354888420e+02 -8.223654138525255348e+02 2.631114274326924374e+01 2.022686148612277179e+02 4.595506243879611930e+01 1.424110839771872783e+01 1.169416499511869318e+02
-1.903153946865035687e+04 6.606871354133178102e+03 1.559748155052960101e+03 1.881360147290803434e+04 -2.472455473269184495e+03 -2.247939174115452261e+03 3.710164988454938566e+02 -5.149514096505978159e+03 8.458425980835551172e+02 -8.391576219869546094e+02 1.638090322943835190e+03 -5.540474506324363574e+03 -8.007692640554644186e+02 1.959844620413277028e+02 -6.345648408108462490e+02 -1.677002258031599695e+03 2.861071818153355707e+03 2.283442569717093704e+02 1.171042493753483527e+01 -2.698978116647167269e+01
-3.974917303996800911e+04 2.992474114119260776e+04 7.071599825384917494e+04 2.119786576615697704e+05 2.921329843516815163e+04 2.260459814969441388e+06 -1.914860276708381571e+04 -1.197141876558182703e+05 3.777748173153723474e+05 -2.296517968083749874e+05 -1.297108764629842626e+05 6.304044928217919369e+04 5.534690031535938942e+03 -1.422523746465898002e+05 -6.509183787714028585e+04 -5.075145329514676996e+04 9.022648044844013930e+04 -1.260102463768135494e+05 5.543411406090674427e+04 7.031130045779574175e+03
-5.546119298651985446e+04 3.804472669580615184e+04 -3.275563738231145180e+04 1.625516144212416293e+04 -7.987058034341426946e+02 -1.416083918428052584e+03 9.379621780746410309e+01 7.096371587050633025e+03 4.055630058253591415e+03 -2.334524437464613129e+03 6.265412748652393020e+03 -9.276827293513179029e+03 -1.143420311903015772e+03 1.063000791825436181e+03 -1.496643316399691685e+03 -2.072633125466175443e+03 3.644683421991551768e+03 -7.076062114956390587e+02 6.102212604987063287e+02 1.081607420375244715e+02
-1.565111822506011049e+04 2.048667036234676925e+04 3.396677851449736045e+04 2.398550051632946634e+04 1.408213290311832679e+04 1.836175292621102417e+05 -1.704268109117535232e+03 3.491513027222832898e+04 -1.615029954930181266e+05 1.151685675039693451e+05 5.206802212307549780e+04 -7.379682704931292392e+04 -6.919087457710166746e+03 -8.549426763691930682e+04 1.905267469036896655e+05 7.532553606116860465e+04 -2.666221582010769998e+04 1.253163045331532157e+04 -3.154822544632164863e+04 2.506338009007180517e+04
-9.906024173391102522e+03 1.651491514675655708e+04 2.670715643698551867e+04 3.782677458907302480e+03 -1.609962031171879289e+03 2.551474216259529203e+04 2.710400752652353731e+03 4.171319934776122864e+03 -1.258676831635131384e+04 1.560720077909843894e+03 2.575722263090215347e+04 2.010140764455177759e+03 4.933314105897876800e+01 9.716549842656664623e+03 3.930891778569598500e+03 2.187313584280713712e+03 -7.562876713596562695e+03 5.409642482879637100e+03 -2.250276004281621863e+04 -3.387998798970626012e+03
-2.592836166508898896e+04 4.489571777559498150e+04 7.560678517983650090e+04 1.682664205134041549e+05 1.344582463321685645e+04 1.465087101804690901e+06 1.303311602301214862e+03 -2.234127874870529922e+04 -1.767256285737638791e+03 3.322086424410602194e+04 3.651204452476602455e+04 -1.436459442051046972e+04 -8.613652453754984606e+01 9.688744406943846843e+04 6.216349611840477155e+04 8.625871688165148953e+03 -2.411140785878136739e+04 1.767973441868671216e+04 -9.595046777514930000e+04 -8.807482461357318243e+03
1.020466692481445170e+04 1.826724739075810703e+03 2.576817778640503548e+03 6.098784723558389942e+02 -1.557568190918598248e+02 -1.445699823826637953e+02 -1.095591142935036032e+03 6.950723556822944715e+01 -5.549118644627022867e+00 9.231518758643325384e+00 -1.603355840006254596e+02 -1.540237869990497472e+02 -1.172223562339311442e+01 -5.217164467256809530e+02 3.836054861383244088e+02 -1.143450676056332327e+02 7.291108241019048819e+01 1.103730590264053291e+02 1.894990366504131600e+02 -4.539660005475726621e+02
-5.162489786296243255e+04 -1.271314856300011343e+04 -3.120439679457889497e+02 5.738348707517448020e+03 -7.444182366921730818e+02 -6.211669080753887329e+02 -1.841624605024989251e+03 3.611600366765892431e+03 1.788215805495015275e+03 -8.110663139053898476e+02 1.203831931834013631e+03 -5.561687168444768758e+03 -6.505874053728691706e+02 1.845697913762697056e+02 -6.525387993702076983e+02 -2.498378584036504890e+03 4.071297445644684103e+03 1.177060554593454754e+03 3.356904460772800576e+02 -1.101819736706545712e+02
-3.524441425842699391e+04 1.178637168715062398e+04 1.445507316343285493e+04 9.359982800882293304e+03 6.119413399034776830e+02 1.304539132590885492e+04 2.595996027179665361e+03 3.831054843540570437e+04 -4.155330466308814357e+04 1.914664494520594235e+04 -2.673154172047446627e+04 1.314564334532577195e+05 3.070207882282851642e+04 -3.772814138030936010e+04 6.163505172778565611e+04 -9.765686909562136861e+04 1.384372998719698226e+05 -9.459192757047679333e+04 -1.584150550664951152e+04 -5.557602230400664666e+03
-1.796564183407655582e+04 1.416536463670041485e+04 9.573164648238634982e+03 5.271567534849916228e+03 -5.911500651686018273e+02 1.008822259990533894e+02 3.239996251780797593e+03 6.674103169258970411e+03 -1.769927287507920482e+03 1.205961761533652634e+03 1.323473009105641268e+03 1.499482221025774606e+02 -2.443610763422934178e+04 -2.893628392368378172e+03 1.219406926536243736e+04 -1.700304116570881160e+04 2.419280560340997908e+04 -5.141848025089806470e+04 -7.727279143571268833e+03 -1.330974776082315657e+04
-2.829215102124909754e+04 1.938465599981791456e+04 3.414844317124279041e+04 6.907472606016520876e+04 1.166129869143864926e+04 5.670196388999186456e+05 -2.450530552937285847e+03 3.144163240591330759e+04 -2.600079859157977626e+05 2.002337979448094848e+05 8.505029942097023013e+04 -6.082866015675464587e+04 4.431322234205022141e+03 1.762904418405108154e+05 1.423219992641015269e+05 -2.130170325879397933e+04 2.489173719765678470e+04 -4.294064710893455049e+04 -5.630170912187529211e+03 2.764159410143357718e+02
-4.497560914768552902e+04 -1.201604209123886176e+04 5.309826484159040774e+03 1.043054283205260191e+02 -3.748424338867728807e+02 1.119628517855334167e+02 -1.248291171715571863e+02 3.567363206870639715e+03 2.175775992060211763e+02 -4.081280349976337902e+02 6.180110491064101552e+02 -4.960572751337494083e+03 -8.285484604035053735e+02 -1.363918249631085928e+04 1.185007122673222511e+04 3.586646625777939335e+03 -5.047427174203558593e+02 8.135508620338127628e+01 9.193478737572452246e+02 8.169647232449573266e+02
-3.910819667834944994e+04 3.635711850487681659e+04 -2.221929234384713345e+04 -3.315298859977242500e+03 2.599641030019798109e+03 1.304544047363746131e+03 -5.611903468576043451e+03 3.991677738283229701e+03 -3.372209692798650212e+04 -4.277484244078307529e+04 -2.325975603749015136e+04 -1.025429043704729884e+04 4.026306506200048148e+02 -1.524834652175862857e+03 7.162790460024280037e+03 -3.288505210012617317e+04 -2.411315516544609272e+04 -4.502570374609667851e+02 -1.754374631850071182e+03 -1.460548585888313255e+03
-2.081491529800353965e+04 2.536192500879427826e+04 4.180535227300409133e+03 1.058841491485599727e+04 -6.083650581761662579e+02 5.134653224016007016e+02 3.229287961229107168e+03 2.940504650858150126e+04 -2.199605304515415628e+04 -7.173503918167863958e+03 -3.149502502192467364e+04 1.129996622069243313e+05 2.546375768909037652e+04 -1.242796357310104941e+04 5.068274152195959323e+04 -5.148634246487870405e+04 6.603048786401413963e+04 2.013479243543765915e+04 4.224748431478848033e+03 -4.690543400010044934e+03
-1.704409666173073492e+04 2.820664678720573283e+04 6.595048463515749063e+03 -4.869678246068198860e+03 1.822655242988965256e+03 1.040471628998660663e+03 1.511804690431776862e+03 3.520724114002050101e+03 -3.088022610055864061e+04 -4.020316004626699578e+04 -1.558746455974431046e+04 -2.697711581455582746e+03 2.367974782077262716e+03 4.396889216656807548e+03 7.687785448692645787e+02 2.243640194736550256e+03 -6.082331172811900615e+02 -4.946825214532204313e+02 -7.645121619837076423e+02 -1.544202025040426406e+03
-1.792564718963803898e+04 1.867326140844728070e+04 2.964766928509963327e+04 5.123700933941324183e+04 8.670866189417332862e+03 3.647423599859862006e+05 -7.084917457497375835e+03 4.590400510671852680e+04 -4.396937866792267305e+05 3.530329688495713635e+05 1.520624149758229614e+05 -1.724290875408199208e+05 5.733210854809984085e+03 4.938149533702675835e+05 3.841543657864021952e+05 -1.486594004922091881e+04 -2.323256034307213213e+03 6.009412612440636440e+04 4.194725621765013202e+05 2.808365613295190997e+04
-1.866028925837876523e+04 1.134524513387359548e+04 1.349749486947851983e+04 4.426035728576939619e+03 -9.389102728344906836e+02 -6.551835324547645314e+02 -7.629467160000438525e+03 6.678381972655124628e+03 7.803763547672558616e+02 -3.174581417153653547e+03 -1.688138765069523060e+03 -1.365015621435975845e+04 -1.289793676369901050e+03 -2.234858326677783680e+03 2.178362457629201799e+03 -7.731542631607240764e+03 1.181449943926126616e+04 4.410523124711588935e+03 5.628991244551898490e+02 -1.562946847992036965e+03
-1.606052330918096777e+04 1.336815868007738754e+04 1.405672504600761204e+04 1.597575715648348705e+03 -1.462717548434153969e+03 -5.303701559900299571e+02 -2.003313578564378986e+04 3.634633545398281058e+03 -1.820128258416109247e+03 -2.178641274809716379e+03 -8.658698311643871421e+03 -7.730521468854188242e+03 -1.846905512223380811e+03 -5.520617805571489043e+03 6.110566186995575663e+03 -3.506002021656041325e+04 -2.385250416007906824e+04 -1.533990558570739324e+02 -6.841615118767940658e+02 -3.345254050142190181e+02
-1.187554842959949565e+04 7.509125456817951999e+03 4.057457367298799227e+02 3.727253012784918246e+04 -4.340203809272092258e+03 -3.574764961380705245e+03 -1.818289949427199303e+02 1.258034548210304820e+03 1.657921311338103806e+03 1.758514738757589839e+02 -1.450098748147095421e+03 -3.080517141876649930e+03 3.484854517459268664e+02 1.244340452193767078e+03 -8.794385589946896289e+02 1.480927989598454587e+03 -1.662500840937322891e+03 -1.510448319109092836e+03 1.787614415744876908e+02 1.264461784523897450e+02
-2.223525871558094514e+04 2.518230195544693925e+04 2.689467098360735690e+04 5.359277821226011292e+04 2.413639438124532899e+04 4.094989951661151135e+05 -9.401515557694892777e+03 5.010823083850658440e+04 -4.535329043919385877e+05 2.231797088067580189e+05 7.457681061425611551e+04 -1.055733067783546430e+05 9.291094608243840412e+03 1.289746412067784113e+05 -7.990754289373542633e+03 -3.434390382122268056e+04 3.607073403305748798e+04 7.424827533950997167e+04 6.115162466315157944e+05 2.405476712689747728e+04
