2.099517227206172538e+04 -3.093365626633389184e+03 -3.395692128720170331e+03 -4.312916660996790483e+02 1.632687580261147389e+02 9.576812977346818911e+01 -9.449590264749791402e+01 2.137858611003352109e+02 5.141712554029986393e+00 -4.420226870350430204e+01 1.123769929852932421e+02 4.006634398725841351e+01 4.025077960358433238e+00 8.525868802024493931e+00 -8.427411613788962086e+00 8.718424700183273757e+00 -3.282687587772252158e+01 -2.476361744391570952e+01 5.119339731619224843e+00 1.808589391292363846e+00
-4.991404991433302348e+04 -1.533110791634453199e+04 3.749362515756714629e+02 -1.078031717818696279e+03 -7.721929003943124314e+01 5.568128736939797818e+01 -3.874086844517119630e+02 -3.412091928231929927e+01 2.826895420562544814e+02 3.843248959269686793e+02 -1.119023173861558007e+01 2.467801105585570838e+02 5.392749656430170546e+01 1.094692952520327651e+02 -7.650616584133788933e+01 9.231257270518666758e+01 1.887831382604443320e+01 9.737757678520954130e+01 -1.248902817267861209e+01 -6.654307059455086346e+02
-8.266606641947255412e+03 1.212188723864091116e+04 1.945401437689585146e+04 6.773247879650483583e+02 -9.836863495006097082e+02 -4.176422298190198035e+02 1.471135319297906108e+03 2.022529439518643585e+03 -4.760492788291089141e+02 -5.677809127565365088e+03 1.122405629335815320e+04 2.783162567166553345e+03 1.451185328656287936e+02 -4.468028408218644927e+02 6.154160102057182513e+01 -4.127941626605085617e+02 -1.352620931413750668e+03 -2.601266186396774174e+02 5.567241334889913560e+02 -1.061476659764523447e+03
-4.260948431411075580e+04 3.583855509581116348e+04 -2.622797651666524689e+04 -5.116649880567122636e+03 9.131961599864264372e+02 4.989456331225945291e+02 1.728144262842204398e+03 -2.218498231378158835e+03 3.045779122336502951e+02 8.541935419314213505e+02 1.106450894734566873e+03 -7.796438708707576382e+01 -1.458836760046524432e+02 -5.319505716565829516e+02 9.963067892269386050e+00 1.461385001137608697e+02 -3.419524236107096726e+02 -6.901205402121807708e+01 -1.414862374861591547e+02 -7.898995258054789019e+02
-4.214801803704770464e+03 3.742477734239997517e+03 6.106187164721664885e+03 8.706957695162314849e+03 -1.813177499720842661e+03 -1.334617863139066685e+03 1.771905130919171143e+03 -8.850571129956872028e+03 -7.096047381563897716e+02 1.517615800494955693e+03 -2.101431982080808211e+03 3.133799413375335874e+01 -7.177085998340102968e+00 -2.518855764211177757e+02 1.434523664589438283e+02 1.866409833259544016e+01 -3.210011500138114648e+00 1.545738798126936615e+02 -8.395498176519807032e+01 -1.131230673997071108e+03
-3.479862914749593983e+03 1.526050899219297207e+04 2.223106326581319445e+04 -3.073298619877634337e+03 -9.652616752604943713e+02 -2.718508128830621331e+02 1.577695137197356416e+03 2.191981721661620668e+03 8.983759762131854814e+02 1.241491127288809366e+03 -3.059821693564158522e+03 -8.293973507323593140e+02 -1.141706601768088980e+01 7.385890954550367269e+02 -7.004527545013655754e+02 5.795435785445242516e+01 2.106583749406030392e+02 -2.458443940773861414e+00 1.100769692574028369e+02 7.026853249686992342e+01
-3.390361032988087391e+04 7.461490853905177210e+04 1.565464070198635163e+05 6.688038500037605409e+05 9.269461209923577553e+04 7.429178814210163429e+06 -7.226347487304396054e+04 -6.452495208701075753e+05 2.697222315995696001e+06 -1.839428319571936736e+06 -9.099011106334049255e+05 4.952719504703676794e+05 -1.449154183666315657e+04 -1.352397542225514771e+06 -1.006791201424730825e+06 1.677897437323605482e+04 5.029670213864884863e+04 3.157114726211919697e+04 3.748489633779013529e+05 3.634773474928404903e+04
-1.634734480272500696e+04 1.689519701039140637e+04 3.100873103696448015e+04 2.601264623958627635e+04 2.110497511267174850e+05 -5.905270478579880546e+03 -4.248878554481484571e+03 -3.423451831658474475e+03 2.835954355154501627e+03 1.480972562610847035e+03 4.957891204323230454e+02 8.482351965876324584e+02 5.002372427578215479e+02 8.690897002965562024e+02 1.944527582295013701e+02 3.281772234728942976e+02 -4.003895635515269191e+02 8.425132268611480413e+01 -1.216642419325169385e+03 8.708482554572530887e+01
-2.419930139149323077e+04 3.152233424477717199e+04 5.124555876358885871e+04 1.184201979667037522e+05 9.877560096764089394e+03 9.567599549351952737e+05 1.132063993504563541e+03 5.859831763124254394e+03 -1.293479013616237498e+05 1.145487664669373189e+05 5.762644714507657045e+04 -3.982553217175224563e+04 1.183293180891941574e+03 1.456256207372577919e+05 1.073890969390686078e+05 3.815899510461607491e+01 -8.641450114907387615e+03 -6.532393341808386822e+02 -5.168300337250918528e+04 -3.893080040785371693e+03
-1.256241606697728639e+04 8.023735640810800760e+03 -2.090274792981108476e+02 4.169545481815637322e+04 -4.780566969322594559e+03 -3.660692338962846861e+03 -3.002939158326490201e+02 2.960505117116346810e+03 1.600033066083611175e+03 5.269623043686470965e+02 -1.902291505786572543e+03 -2.130731734342367417e+03 3.562643564659991853e+02 1.371686974685718042e+03 -1.138334289199707882e+03 1.858045689496009345e+03 -2.152123802032778258e+03 -1.428655064667504348e+03 -6.893476970036229545e+01 1.538404645005763598e+02
-2.491505851113420795e+04 4.969971912866019557e+04 -8.795935727625686923e+03 -1.027166599632900761e+04 -3.513203724258843863e+02 5.652150029583610831e+02 -6.417587641106817500e+03 1.591310171794118276e+02 9.412618162396985326e+02 3.147186559674240925e+03 -4.467974257340200893e+03 -4.463276031516081161e+02 -9.545453686358589707e+00 7.445102066471952185e+02 -9.347908954578168732e+02 5.726162451480091704e+02 -3.729208347482991712e+02 -3.453171767704001240e+02 -1.519585076486909827e+02 3.369182089098023880e+02
5.906625090631244348e+03 2.244378603518495947e+04 2.422598314303820007e+04 -4.004137492180899244e+03 -4.056508325399463047e+03 -6.199152757266243725e+02 -6.022144670987379504e+04 -2.630794266499915466e+02 1.014021235464093934e+03 1.512865329384959296e+03 -1.699485504794184862e+03 1.115284497254631106e+03 3.977179802204413477e+02 2.047592080128308680e+03 -4.567170565383834742e+02 5.237373176436986796e+03 3.178621241428154008e+03 5.388663886979921926e+02 -1.028107932040280502e+03 -4.828224172839753692e+02
-4.042270839833165519e+04 3.790526278638518124e+04 -2.697182097312936094e+04 1.907056595702906998e+04 -1.256398650870259871e+03 -1.060927000112190171e+03 1.223006628831157059e+03 1.776737413711446061e+04 -5.665659459062242576e+01 1.360677998662256869e+03 -5.582048255163729664e+03 3.066334923661582070e+04 7.676818489016571220e+03 3.452515892717043471e+02 1.037861782378534917e+04 -3.169326550489249712e+03 1.898287322294795331e+03 7.107361876465457499e+03 3.720568409066732784e+03 -3.002866525419843811e+02
-5.569963073253937182e+04 4.000524081454399857e+04 -3.540128080195653456e+04 3.386319163456542447e+04 -2.646326352393198704e+03 -2.978421476435594286e+03 -1.702351305725791235e+02 1.327873263919393503e+04 5.935383108813371109e+03 -3.183994423268694391e+03 6.244542103277306524e+03 -1.249485013510049248e+04 -9.808736907070554025e+02 3.113819815720319184e+03 -3.199804087729558887e+03 -1.210436065684011282e+03 2.932243729220827390e+03 -1.852565111011800127e+03 4.739180552032482296e+02 9.570104494953681069e+02
8.618845499206372551e+02 6.792801914086944635e+03 1.057554644101663871e+04 1.423085853468973437e+04 -3.236843793644836751e+03 -2.383802482028426766e+03 3.923295296704940256e+02 -2.402935125363225234e+04 -3.791875260369879470e+03 8.754309885740196933e+02 -1.725753954266592018e+03 2.312108385998996710e+03 -9.168702908450184097e+00 -1.018584938720797368e+03 1.242433331028410294e+03 -9.324237910028618899e+02 1.247997655814037444e+03 2.595810033904214151e+02 1.014482776454209443e+02 3.180606524558615092e+03
-2.014504633504052981e+04 1.062716118458732490e+04 2.187704603092172329e+04 -4.004992194874652967e+01 3.034039012240794364e+03 1.463018706878956982e+04 6.418620641592954144e+02 1.249289990751800906e+04 -3.150278965936685199e+04 1.978632355256641313e+04 6.865371924112107536e+02 1.736591445204674164e+04 5.441890239574637235e+03 -2.966854747822354693e+04 8.864651243631262332e+03 -4.525492308549598965e+04 7.173357789663574658e+04 -1.147044286590801494e+05 -2.054939385332365418e+04 -1.202087136806821263e+03
-9.045574359854301292e+03 2.509472781560665226e+03 6.052602049672834710e+02 8.564211321167174901e+03 -5.749691222825024397e+02 -1.042737895624301473e+03 -5.479558260491886585e+02 2.337874444150976615e+03 2.716819043223619701e+03 -5.838273971440328751e+03 9.895888114277093337e+03 -2.375673958914053947e+04 -4.361648984331933207e+03 -3.282483414749741769e+03 -9.360360308197105041e+02 -2.595746211705441965e+04 3.979367801747011254e+04 2.336766508746085674e+04 -3.981866910769650531e+03 -2.856470254596074483e+03
-1.132306957846006844e+04 8.737914331944068181e+03 1.260894858767544611e+04 3.236184663942313819e+03 -6.698546893183811335e+02 -1.457741876727132819e+02 1.322025670810898873e+03 3.904454090092651768e+03 3.591274142035846353e+02 -6.088998028589907108e+02 7.484675258288173154e+02 -5.684233107401419147e+03 -9.548921571261585086e+02 -1.447937018986517432e+04 1.230447893577129616e+04 3.383381678881935386e+03 -6.102594309155761039e+02 1.321340023337690752e+02 1.106075700391941155e+03 3.171597396470511399e+02
-4.679770990793898818e+04 1.215091367005377469e+04 -1.520415546602802351e+04 1.343445135677665530e+04 4.547817147043622867e+02 -1.254920919419478196e+02 -8.076833067681862985e+02 1.634449518992396224e+04 -9.798865599246741112e+03 -1.063435613024535269e+04 -9.655854007901918521e+03 4.640001193447296828e+04 -3.351305652708171401e+05 1.387256927966909097e+04 9.702717371192869905e+03 -1.708779389661585810e+02 1.221205099208779575e+04 -3.601216893248256838e+03 1.025727638613317686e+04 9.702828519210299874e+02
-1.604272097681757259e+04 1.328406820517027336e+04 1.401897481778028123e+04 1.593654572687551536e+03 -1.453261252073002197e+03 -5.295054866904193887e+02 -1.988212665935172481e+04 3.605544880622182063e+03 -1.828856822587748866e+03 -2.197160326674573298e+03 -8.621642523557276945e+03 -7.708734772675931708e+03 -1.846219810001588485e+03 -5.522056715442813584e+03 6.111863360142929196e+03 -3.506062359347761230e+04 -2.385535143846786741e+04 -1.523522699640897429e+02 -6.828200353933451652e+02 -3.333433406121304188e+02
-4.142454675950141973e+04 3.523850570149484702e+04 -2.515506530893176750e+04 -4.466433699781152427e+03 3.209028064838177670e+03 1.699567357136365217e+03 1.763476369302904459e+03 4.092785316881571816e+03 -4.750326482840349490e+04 -6.440203181907714315e+04 -2.928720186911208657e+04 -7.725173647918448296e+03 3.226093495274218185e+03 8.890972319773056370e+03 5.042511881140102560e+03 6.726269444693120931e+03 6.023368736693601022e+02 -1.096511664455956407e+03 -5.759330611979779860e+03 -1.424599122030882199e+03
-6.930019420842312684e+03 1.668298448434075908e+04 2.604649729349136760e+04 1.301452875231756116e+04 7.435496952826023517e+03 1.370425046492987021e+05 1.440262956927385858e+03 1.036005967599124779e+04 -8.249092838302164455e+04 7.000438865468555014e+04 2.808933639815940478e+04 -2.969364144650826711e+04 8.181379978072527592e+02 7.364158035325803212e+04 7.212681034053122858e+04 8.067786751428843672e+02 1.184390239067588482e+03 -6.455796728332373277e+03 -1.204639830787380379e+04 7.058292288380436048e+02
-4.845963014898239635e+04 -1.541570544048269039e+04 9.484239234665999163e+01 -1.433326655135140300e+03 3.801555477882268264e+01 1.424529441474404621e+02 -7.656487647675452308e+02 1.711225375156304835e+03 3.725176719076167160e+02 -3.168186584693015106e+02 5.590535728672609821e+02 1.677176792397174836e+02 -4.114007897165316763e+02 3.639853548981849940e+02 -1.299490310205508479e+02 -2.736757961005950506e+02 2.945139405312567646e+02 -6.726279036900567689e+02 2.380974075089480948e+02 2.133488693548829906e+04
-1.481595150345340335e+04 1.242803385237396469e+04 1.570190999130454475e+04 1.332070778568963942e+04 7.331774773974005075e+04 2.303748805841374269e+04 -4.776697990587164895e+03 8.826555493126554211e+03 -8.769083453062108310e+04 1.623034366748756656e+04 -1.979901638079014219e+03 -1.235571809333492820e+04 2.497292714653249732e+03 -3.209301768533386348e+04 -6.532737381000787718e+04 -1.050471927483525542e+04 1.397416992311689683e+04 2.449318132345656704e+04 1.970052021911061893e+05 6.292012046977737555e+03
-4.604627741940413398e+04 -1.259906075228155714e+04 4.576054832466073094e+03 1.937791861520115390e+03 4.289908033490660273e+02 1.602205318481282848e+04 -3.010843108189032137e+03 8.336419234093518753e+03 -3.707189018879443756e+04 1.345619431214451288e+04 2.521004675497531935e+03 -1.771540826357301285e+03 -5.522307809826711491e+02 -2.169653438903723509e+04 -2.672028257042165569e+04 -1.423384993807663250e+03 1.885098753698848668e+03 -5.605461733229212768e+02 4.342865661380818892e+03 9.581481931211825440e+02
-3.937153958005669847e+04 9.400567375560969595e+03 2.847170868239002084e+04 -7.704187854615644937e+03 -4.774978464673319650e+03 6.019810164568498294e+02 -9.283654984462929133e+04 9.804378563949621821e+03 -1.180067871268931049e+04 -9.444628457886306933e+03 -3.087097540681488681e+04 -2.959314100704528755e+04 -1.036357618702884247e+04 -4.091347559392800031e+04 4.181658393500300735e+04 -5.402395853004804812e+05 -4.130519698641551659e+05 -2.224136468164364123e+04 -2.088010960122931283e+04 2.494672799212529208e+04
-3.062308786961013084e+03 1.067370652936850092e+04 1.723737942104660760e+04 -2.020180789618323843e+03 -6.648218658936541487e+02 -2.505497771700678129e+02 4.911991712448080762e+03 1.246563549081026849e+03 6.781384765551845248e+02 9.916895522698056311e+02 -2.511295686838945585e+03 -7.209420662621650990e+02 -1.165855643435572553e+01 9.617296522008321062e+02 -8.273385806705007326e+02 -4.040023995174525595e+01 2.382306641568123666e+02 1.142450943985431024e+02 -9.100083215748347243e+01 8.043348070322620913e+01
-2.643763552898166745e+04 3.733526593055090052e+04 6.763889405942482699e+04 1.420863090887261205e+05 4.313969502724552149e+04 1.271015833814267302e+06 -1.308669935687625548e+04 9.499174306960003742e+04 -1.141569845409028232e+06 9.370813689726606244e+05 4.408323173746695393e+05 -4.719446091059840401e+05 1.800154699702349899e+04 1.400029016413799254e+06 1.067892005748613970e+06 -4.399176234783912514e+04 -1.709472291622325429e+04 1.811669281306827033e+05 1.144675960023254156e+06 7.039145206546309055e+04
-2.265731297519812142e+04 2.234695506153512179e+04 2.559682736975719308e+04 5.362120212191769679e+04 1.458460980958009895e+04 6.044944385342166788e+04 -4.453231651738232358e+03 6.305195722278526227e+04 -1.940937828125434462e+05 1.020666306425275106e+05 3.933751052598217939e+04 3.646691799788355274e+04 -5.706856136956736918e+03 -1.703766007929254556e+05 -1.815877400914494647e+05 2.927582123503397816e+04 -4.394864496256425628e+04 5.316929100505715905e+04 -1.373997762314494757e+05 -4.356420208948934487e+03
-4.230074632648596162e+04 3.173283367173568331e+04 -1.181595865101451818e+04 7.022798172212296049e+04 3.528531896716216579e+03 7.898680008489934153e+03 -5.763680276387690355e+03 7.020235113786105649e+04 -8.040181862613800331e+04 -3.238103336256204420e+04 -8.247568561438926554e+04 2.313521132912283356e+05 -1.214324406624735100e+06 3.285774123662659258e+04 3.262960412621330761e+04 7.592509437942585464e+03 -2.003601040810386849e+03 -9.984261045926943552e+03 1.619860374059043897e+04 -3.105760709461279839e+04
-3.440633898858170141e+04 4.370198342291025619e+04 -1.064626052042681113e+04 3.781222159796579217e+04 -3.326659294419986963e+03 5.603304692726538860e+02 3.541708984687491466e+03 5.068770063791319262e+04 -1.773276820685792336e+04 6.487542251296728864e+03 -3.752926779266453377e+04 1.513532630094628839e+05 3.164126970761189295e+04 -1.271252573740497064e+04 5.780358427184413449e+04 -5.371757076918907114e+04 6.656483194680088491e+04 3.143571401094580506e+04 4.536901748569895972e+03 -3.864308359341386677e+03
-3.770983126473466837e+04 5.487385780222576614e+03 1.397230955163091676e+04 2.078126879706950422e+04 7.888132223667610560e+03 5.041418500662119914e+04 -7.442846384545428009e+02 4.519229222614926402e+04 -1.758634299516984902e+05 8.380269460526382318e+04 2.220801421463676525e+04 2.007865925857896218e+04 1.205491776937907707e+04 -3.255078927226952510e+05 -2.339856602635043964e+05 -4.201601559623531066e+05 7.102285857723297086e+05 -2.104463607909047045e+06 -2.177633794808288221e+05 5.090580878107423814e+03
-4.862080368745073793e+04 -1.529459166702025868e+04 3.922235960845115414e+02 -1.315334051686897510e+03 2.647931831947644241e+02 2.710162736995636692e+02 -4.020521510482954000e+02 2.768395494933467035e+03 -1.704768237011313249e+04 -2.703465586426098889e+04 -1.266478571752174139e+04 -3.362426225325596988e+03 1.209408467222952140e+03 6.325599536397501652e+03 3.038881798580930081e+03 5.306233872552802495e+03 7.839297486815863749e+02 -9.057464787804967727e+02 -5.977012705800891126e+03 1.023428331918139975e+03
-6.118336392702912235e+03 1.452206687512630378e+04 2.340050961585958066e+04 1.199350341036895998e+03 -1.123241511912966871e+03 2.269370024592397385e+04 5.795489780464055912e+03 3.888810507206580041e+03 -1.023432068559430445e+04 6.493218951238086447e+03 1.208137926587759648e+04 -1.161099909373802802e+03 -9.477187574415287941e+01 8.841339043272515482e+03 3.430627229176386209e+03 2.299591145979504290e+03 -5.724401449383262843e+03 5.060910923070791796e+03 -2.027118132546699781e+04 -2.315717861225049546e+03
-1.088619993337642154e+04 1.317526386142097181e+04 2.117236603755645410e+04 4.041711014244255693e+03 -5.259441840792405856e+02 6.075108892591435506e+03 3.246665308080390787e+03 1.386471470263610172e+04 -1.657775357397400148e+04 1.271832615328546672e+04 8.999109552614087079e+03 -3.711002903894228803e+04 -5.679937055062569925e+03 -1.089361498368091707e+05 1.247252232001723023e+05 5.592142791276628122e+04 -1.657627994533283345e+04 7.314047632459643864e+03 -4.732871350326958236e+03 1.832988135824754863e+04
-1.335784412477532715e+04 5.392653224570921338e+03 2.971616937562581825e+03 1.905387220489508400e+04 -2.967550780421677700e+03 -2.583561633666754005e+03 7.440411009900009276e+02 -2.025390919334139107e+04 -1.802770929451634174e+03 4.385586316204738068e+03 -5.493329614280697569e+03 -1.757388606066574539e+03 4.256477700449544841e+02 -5.472627718535206441e+03 5.260608814052413436e+03 2.075946158333256335e+03 -5.314070374452279793e+03 -3.959156515725744612e+03 6.026868224275361172e+03 -8.006412039263303450e+04
-4.332376167140884354e+04 4.873417784566304908e+04 -1.491819379816078981e+04 1.183625997982947010e+05 3.774330498322490166e+04 3.272267325405126940e+03 -6.657788197464812583e+03 1.238686921783806029e+05 -1.073264803249460820e+05 -3.239254324847713360e+04 -1.485637644755731453e+05 4.946661070626931614e+05 -2.562450987102032639e+06 7.993945496745551645e+04 8.424003479697836156e+04 3.541244295918357238e+04 9.498511284400306977e+03 -2.362886442389662261e+04 3.937337699184878875e+04 -6.968172246985540551e+04
-1.563360480309106060e+04 1.496085156551233922e+04 2.630129647140495217e+04 1.984905078287511060e+04 1.560511772892937006e+05 -4.772554956539533123e+03 -2.810459811534921755e+03 -2.046563993186941389e+03 2.250597081058773711e+03 4.850003028675901362e+01 1.465705627972968443e+02 2.751122740204709203e+02 2.155494045568246975e+02 5.696760930554859215e+02 3.653821015610342329e+02 5.708977152275090106e+01 -6.906811676006017819e+01 -7.912500867548280326e+01 -2.077771860339607599e+02 -9.281570467278571712e+00
-8.929681174350627771e+03 1.674658899639818992e+04 2.577688399217607730e+04 6.111357143265080367e+02 -2.040728361032785187e+03 -7.519703396928379107e+02 -3.325257724851971943e+03 -5.046693221633669282e+02 -9.427361906111566441e+02 -8.868111098843104628e+03 1.807323928315283774e+04 5.866209147594490787e+03 3.452378801143332794e+02 5.017903987780979378e+02 -3.391897188172770257e+02 -7.506428961404748179e+01 -1.590997911271433395e+03 -5.297020634027933284e+02 8.301164638552592123e+02 -7.082244660391264688e+02
-4.671644323815371172e+04 -8.833421144162351993e+03 -1.316056677328759406e+03 2.173438275559758767e+04 -2.098462895800227670e+03 -2.010084638459700500e+03 -3.622622482187003243e+03 1.541245215691823978e+04 5.479739826316340441e+03 -2.392003593591393837e+03 2.052666039841050406e+03 -2.516322868954957357e+03 3.772502049914236977e+03 5.133511418345481616e+03 1.713029432046041165e+03 1.643663608952853610e+04 -2.328164593565207542e+04 -5.591206601450366725e+04 4.843004162574758084e+04 -1.023217144902201107e+04
-2.633813130551665381e+04 4.655510175957762112e+04 7.792048202930272964e+04 1.705298760866868251e+05 1.350462203067128394e+04 1.490700884144200478e+06 6.954827535520936408e+02 -2.285911798945570263e+04 1.345799503622558859e+03 3.141471316059404853e+04 3.761397262943021633e+04 -1.391868318183369774e+04 -1.305982697548724900e+02 9.673595200752625533e+04 6.108608017389279121e+04 9.446909616927090610e+03 -2.587245014216454365e+04 1.938343713341616967e+04 -1.019158748384186620e+05 -9.482817074284603223e+03
-4.170569853012431122e+04 3.566951537767198897e+04 -2.472702541049672436e+04 -2.150676723236975249e+03 2.602402843072049109e+03 1.262196716088009680e+03 2.139134386596199874e+03 2.137510567544471996e+03 -3.100423441862583786e+04 -3.972437739399601560e+04 -1.564639807826947253e+04 -3.859406186008812710e+03 2.197405870810351644e+03 3.486697873221015016e+03 1.421154706905536159e+03 2.164999739239672635e+03 -4.907765030914619615e+02 -2.921943385272501814e+02 -1.049295390231101237e+03 -1.918220264845780775e+03
-4.152385819684809576e+03 1.846111705794486261e+04 2.646287858281545414e+04 -2.935388671854947461e+03 -1.692503476132771993e+03 -5.376591864056568966e+02 -1.984132092316919852e+03 1.299581275526761637e+01 4.746564256508871722e+02 -1.388007987094905502e+03 2.602282099562091389e+03 1.711952835418817358e+03 1.544407069208619703e+02 1.528788520946867948e+03 -1.044925731588945382e+03 3.397727705979178836e+02 7.494238149469968135e+00 -2.156477698997495906e+02 3.174539740400058463e+02 3.748652096995094212e+02
-1.592655953188387684e+04 7.535889575051753127e+03 2.965350812035715080e+03 8.159364469552455375e+03 -1.996124753437319669e+03 -1.168681431263840295e+03 -3.391421259121780895e+04 3.870454517076505908e+03 2.239775949767175462e+03 -8.196240123206654289e+02 -3.621510712776835561e+01 -8.008571162647873280e+03 -9.497135392950129926e+02 1.458348692134863313e+03 -6.771781664254901898e+02 1.669399043569639161e+03 7.242353630014980808e+03 1.418422768004169939e+03 -1.126795743049145130e+03 -2.348634130641275135e+02
-4.589368464421355020e+04 -1.203300022316408649e+04 6.078931012906599790e+03 6.449570804826877065e+03 6.258107180087365123e+04 -1.690336489392045905e+03 -2.466131763986878923e+03 -5.761857160954552910e+02 2.130652173283455753e+01 -9.065215702016051864e+02 -4.412910171075056951e+02 3.337734950169693775e+02 -1.240196484897655154e+02 5.811739553175124229e+02 -3.358678130788852627e+02 1.142204032571900001e+02 8.788563715340114868e+01 3.897369094780199106e+01 5.515875041685844735e+02 4.181866744270756726e+02
-2.117630054471584663e+04 1.468375103200425474e+04 1.544235481985512160e+04 1.053272098045669554e+04 -1.938069741521859669e+03 -1.397910054008086036e+03 -6.697105802425911634e+02 5.429714438698141748e+03 1.350150540939516532e+03 -8.750725442817836665e+03 1.691407917494390858e+04 -2.122600895955562009e+03 -5.937222500792901201e+02 6.217278172478756915e+02 -9.712524300480577040e+02 -2.022616769219860316e+03 1.551868420141288198e+03 -2.899578134648920127e+02 8.001828017383566021e+02 -6.998874675598336808e+02
-2.052077178298959552e+04 1.660445905542360561e+04 2.879499857316013367e+04 5.835947051512953476e+04 9.273331474815549882e+03 4.280261819462066051e+05 -2.010907309082510665e+03 2.165491414647410420e+04 -1.567524556811204238e+05 1.054399511423039075e+05 4.013965190847685153e+04 -2.344780617543647895e+04 5.249393993683895587e+02 3.442656397561045742e+04 1.320083604415836271e+04 -3.233084803397929136e+03 2.593060172749634603e+03 -2.943761578096969970e+03 -1.982721462025696155e+03 7.377554888684237540e+02
-1.654920657688415304e+04 1.131782946028043443e+04 -2.141475307295890616e+03 6.947902416378956696e+04 -7.697899545403715820e+03 -3.093006984448254570e+03 -7.138347488763993169e+02 1.425806620833815577e+04 -6.302313614057724180e+02 4.662688344068877996e+03 -6.989143172367684201e+03 7.349507624013867826e+03 -4.249516723093882433e+02 1.705053832997356494e+03 -3.963374887680814936e+03 4.132958010801186902e+03 -4.842316939264775101e+03 1.452103197125971974e+03 -3.966361724676096401e+03 6.751812597514806384e+02
-4.161313609180256753e+04 4.485833937187746051e+04 -2.857399822060958104e+04 7.342522059856487613e+04 -7.147547635326703130e+03 3.787462652981037081e+02 7.165916196461229219e+02 3.945571135009588761e+04 -5.615497919158735385e+03 1.074772644658362333e+04 -1.791488276287733970e+04 5.279061122559754585e+04 6.456094998618345016e+03 7.608573222836162131e+02 4.821134528279585538e+03 2.517853316918646669e+03 -5.197553683742189605e+03 1.329530895538381446e+04 -4.473857509560351900e+03 9.885516550589499047e+02
-6.590779916431461970e+03 6.614137698002751677e+03 9.158483927634564679e+03 1.646361062012261755e+04 -2.816141118056957566e+03 -2.425423981137370902e+03 5.457053584566785958e+02 -2.038842861450740020e+04 -3.235205230669379489e+03 2.444704539193362962e+03 -6.070202600591824194e+03 -3.804680637561153617e+03 -5.471593869261357668e+02 -7.512098922467745069e+03 6.021510406545688056e+03 -3.622493894049004211e+03 1.943897882410014518e+03 3.584948257398009446e+03 1.020554776040482011e+03 -1.181593545244229426e+04
-4.170324232268446212e+04 3.592800288983647624e+04 -2.631111025582168440e+04 -5.215194680268989032e+03 9.961860748760464048e+02 5.561228440108310451e+02 1.341938083209331353e+03 -4.304916567621631884e+02 4.213094467389594797e+02 1.276632886864747860e+02 1.716021576201648713e+03 -2.214880664581806684e+02 -6.278360627224361679e+02 -2.600806059232396592e+02 -5.757933517513069432e+01 -2.423856012809914375e+02 -3.644378215321172121e+01 -8.380023343760741454e+02 1.149647840141556401e+02 2.120631091592619487e+04
-2.413574834580094830e+04 1.615413807664076376e+04 1.335808360119995814e+04 1.881693870846424761e+04 1.480432960536523569e+04 9.447289904462602863e+04 -6.253588451471418921e+03 3.305378685247679095e+04 -2.117997073953030340e+05 5.439939522818040859e+04 3.398870794599439705e+03 -1.348725453124401429e+04 5.333469178057663157e+03 -9.669979835705304868e+04 -1.498050181821524748e+05 -2.465731323078200512e+04 3.019071291087396457e+04 6.533436935958218237e+04 4.029698492349047447e+05 1.167858697726261562e+04
-4.602943147526719258e+04 -1.264689863789240917e+04 3.977983541881246310e+03 -4.699698354103416165e+01 -4.530022228453655089e+02 -1.513452401315360305e+02 -8.306502588745566754e+03 2.768450996686507551e+03 -2.053515310426852466e+03 -3.485854513877726276e+03 -5.982718044148910849e+03 -6.529510876289485168e+03 -1.815652155286428751e+03 -4.565033017427120285e+03 5.397040189435899265e+03 -3.505207940036319633e+04 -2.350753317250121108e+04 -1.858441280671967775e+02 -7.520672148716734000e+02 2.543486747477951724e+02
-6.005801382693804044e+04 7.946957366457776516e+03 -1.882853392514747247e+04 3.468070563150446833e+04 -3.047179817751596147e+03 -3.089231438969155079e+03 -1.451263637073842347e+03 1.425096716454330453e+04 5.448194512222854428e+03 -3.834411894249708439e+03 5.399624714817246968e+03 -1.183631818792950253e+04 -7.794421267489299225e+02 3.373585408317559995e+03 -2.971284965208081758e+03 -1.364007072798135141e+03 3.309333519427076681e+03 -1.570916348790380425e+03 6.055355516523072765e+02 1.014540196315255798e+03
-2.542813170292925861e+04 5.264018979236548330e+04 -2.684643253146652569e+03 -9.911907657220452165e+03 -1.291064361691763906e+03 2.047457121349256397e+02 -9.121852810924090591e+03 -2.570785223356514052e+03 4.101198027127091450e+02 -2.701488355824576502e+02 2.817228821868909108e+03 2.740472598578631278e+03 1.865226062682626491e+02 1.661482182563574497e+03 -1.335984560740018196e+03 8.615797151775142311e+02 -6.013537733767735745e+02 -5.997160140493638210e+02 1.386853127196532398e+02 6.960461073427655947e+02
-1.610941073560614495e+04 1.156123069481411767e+04 1.573583417761863711e+04 5.837334400462806116e+03 2.326162199564837607e+01 1.650356198031034000e+04 -4.068037780515421673e+03 1.035661891079437555e+04 -3.729946746071983216e+04 1.404683879832789353e+04 1.710821710588714495e+03 -1.469335473076033622e+03 -5.597787596941034280e+02 -2.283082617523990848e+04 -2.645860809259167581e+04 -1.277880213074027779e+03 1.312436667495430584e+03 -6.498096393245607771e+01 3.873039812661754240e+03 4.163829232774906473e+02
4.777804582600314461e+03 1.642483622853671841e+04 1.849112343565507763e+04 -2.412704493442262901e+03 -2.939386924406958315e+03 -5.200062712020202298e+02 -4.814779253557251650e+04 5.182275724832069272e+02 8.920789795048142423e+02 1.831536129421329179e+03 -3.293343792520473016e+03 -1.545884552667254752e+02 2.926434801666978274e+02 1.341734306262016389e+03 3.311562243760495505e+01 4.674895175688836389e+03 3.347704776411336752e+03 6.907618262717817288e+02 -1.024460286341617348e+03 -7.272989827827508407e+02
3.749558053808759723e+03 2.652323914233173491e+04 2.345675984804666950e+04 -6.648578568814038590e+03 -4.183270083533190700e+03 -1.164785018458423025e+02 -7.642554506508655322e+04 4.101615622006891499e+03 1.975487295723471334e+03 7.122825402596137792e+03 -1.313612769508205565e+04 -3.542092329328891537e+03 1.716485928551269922e+02 1.193855563441033155e+03 -1.168212736684039044e+02 5.173827759661508026e+03 3.447860358106840067e+03 8.585222476082863068e+02 -1.715509127154778071e+03 -9.719371644115707340e+02
-2.252044166155246785e+04 8.376569432996133401e+03 -4.435587209299361348e+03 4.571695756136529235e+04 -4.940037005390506238e+03 -4.214209737425319872e+03 -7.600890267532621465e+02 5.371466645111685466e+03 3.357899483942986990e+03 -1.481633603344056837e+03 1.525117669087668901e+03 -8.553492058187148359e+03 -6.045216860396586753e+02 2.076918000337852391e+03 -2.155282478919571076e+03 -3.052792639869676350e+02 1.501008235440160206e+03 -1.070613149632274599e+03 -6.427543004920474345e+01 4.355202109168972697e+02
-5.433834618900796158e+03 1.168679257028924803e+04 1.589719630468865398e+04 1.565405810271581686e+04 -4.051698636109515064e+03 -2.746952837524555889e+03 -4.597901933212922813e+03 -2.484705523371643358e+04 -3.940852011797390333e+03 -1.542081855219034196e+03 3.320507075371457631e+03 3.903613348145182499e+03 7.934572152691568192e+01 -7.284169906235684948e+02 1.203869168465214898e+03 -8.106890407423882152e+02 1.187200051009451727e+03 4.910929314058449080e+01 4.111435703462851734e+02 3.358737177421491197e+03
-3.885754238286244072e+04 3.844015346544401837e+04 -1.820402894868576914e+04 3.710542575426932217e+03 6.524432475835753576e+04 -3.876395604497004115e+02 -1.671777369203816988e+03 1.056917082525432761e+03 -3.129947152805522273e+04 -4.010621162932412699e+04 -1.809691994047061235e+04 -3.857216842723535137e+03 2.063647862063735374e+03 3.857529202163734226e+03 1.467494285133613175e+03 2.206912003982021815e+03 -3.207175426645682705e+02 -2.984997100814320561e+02 -3.287676974585271523e+02 -1.296538244802725330e+03
-2.075950754673820848e+04 1.735574884642895995e+04 2.065751150790251995e+04 3.807590349972728291e+04 6.663274109959659654e+03 4.456209492156019405e+04 -2.684955819928812616e+03 4.307311844786352594e+04 -1.324336787665481679e+05 6.853786190284221084e+04 2.318381514679079191e+04 2.247177259818721359e+04 -3.503653585848987859e+03 -1.090735297742958501e+05 -1.157568316832285345e+05 1.540087067622882023e+04 -2.283473653027709588e+04 2.692763873905592118e+04 -7.894766871936939424e+04 -2.089159672239928113e+03
-2.443166923366604897e+04 2.608771228623114439e+04 1.613150960295272489e+04 2.773704619716450179e+04 4.015963651985818433e+04 1.668528277865305427e+05 -1.566606370718793187e+04 4.664127928649932437e+04 -3.802824911001723958e+05 9.792438796767604072e+04 8.995241697526984353e+03 -5.813300473149523168e+04 9.522674616061452980e+03 -8.423907765248794749e+04 -2.132098550831737812e+05 -3.693415054217198485e+04 4.819360050351704558e+04 8.628121650936923106e+04 6.915107675004622433e+05 2.323641467607780942e+04
-2.842767259713615931e+04 2.202014085835574588e+04 3.843850937847622845e+04 7.641800695434909721e+04 1.117293570292627373e+04 6.334007054948604200e+05 -4.970070654650668985e+03 2.720895716834238556e+04 -2.369213658322297852e+05 1.868259611715359497e+05 7.949962123087610235e+04 -5.694504358258751745e+04 4.380868397780793202e+03 1.720011899493260134e+05 1.408766360940266750e+05 -2.195443329025532148e+04 2.607153405276193007e+04 -4.738818130631583335e+04 -1.505359664749407057e+04 -4.956394663383769625e+02
4.113590653822696368e+03 7.045746493168991037e+03 9.505852500964550927e+03 6.845932174520164892e+01 -1.646507470356184740e+03 -4.790791673916913282e+02 -3.332542794859581772e+04 -1.155470431338580184e+00 7.917941883720344549e+02 2.013095570810185563e+03 -3.461476622469072026e+03 -5.217981593932371425e+02 2.039541345937620065e+02 7.005670884661525406e+02 2.802191238115237866e+02 4.380025682428959044e+03 3.230822941346975767e+03 8.218432434329483840e+02 -8.900157512392398758e+02 -1.512397980889069686e+03
-1.641608874086479409e+04 1.781503969921320459e+04 3.391932557508655009e+04 3.004647648016687890e+04 2.499917312753506121e+05 -6.692097632385708494e+03 -5.099177230338959816e+03 -4.633045393007048915e+03 3.300533643941050286e+03 2.482476980786641889e+03 7.369656543700305065e+02 1.217177745181498494e+03 7.091833332843808648e+02 1.185158462462909256e+03 1.749086552626278603e+02 3.980901744452095841e+02 -4.526640136990730525e+02 5.478677905212874322e+01 -1.976800365014091540e+03 1.416439360140808787e+02
1.020576339651746457e+04 1.823962730291105572e+03 2.574538041188389798e+03 6.106245275432015660e+02 -1.554649050053751864e+02 -1.445986560239661856e+02 -1.090590943598288050e+03 6.897021589301925815e+01 -5.679843813912661687e+00 8.669135308576414900e+00 -1.592509923019009932e+02 -1.536746903919313070e+02 -1.171444041980137030e+01 -5.216729363711830274e+02 3.835856606422798336e+02 -1.144189553414087896e+02 7.290535756789277855e+01 1.103761762502443275e+02 1.895688998367720046e+02 -4.540407588041782105e+02
-2.081491529800353965e+04 2.536192500879427826e+04 4.180535227300408224e+03 1.058841491485599727e+04 -6.083650581761662579e+02 5.134653224016007016e+02 3.229287961229107168e+03 2.940504650858150126e+04 -2.199605304515415628e+04 -7.173503918167863048e+03 -3.149502502192466636e+04 1.129996622069243313e+05 2.546375768909037288e+04 -1.242796357310105122e+04 5.068274152195959323e+04 -5.148634246487870405e+04 6.603048786401413963e+04 2.013479243543765915e+04 4.224748431478848033e+03 -4.690543400010045843e+03
-9.911293670071849192e+03 1.183115950501985935e+04 1.785443792232805572e+04 1.702950332937414032e+03 -7.198694423018222324e+02 1.811263972117058358e+02 4.672327283574330750e+02 4.431909375799305963e+03 2.492699030109700118e+02 -4.662728710521038238e+02 5.985234599692885240e+02 -5.037130353781163649e+03 -8.840904059620988846e+02 -1.476367599918813357e+04 1.216571412365776814e+04 3.713698861285713065e+03 -9.599431261780023306e+02 9.008218500328852940e+01 1.046654322787580213e+03 2.887320258803659385e+02
-2.142296379749858534e+04 1.041763452194973070e+04 2.081903354883681095e+04 9.463889251301736749e+02 -2.021471384070288195e+02 3.780841407464974054e+03 1.269368186513014962e+03 1.459802745676941049e+04 -2.806640317478587167e+04 5.089625832834615721e+03 6.098118569305655001e+03 2.280313857896737682e+04 2.641740493399207480e+03 -6.858081959790144174e+04 -6.816523213534760544e+03 -2.935391458730933664e+04 2.976369592426181771e+04 8.545975715258409036e+04 2.587739757612833055e+05 1.352833369631474909e+02
-4.677586674321992177e+04 6.110391143961851049e+04 -9.079970257046954430e+03 1.869425674622155839e+03 -3.051456339574841422e+03 -3.627785200167104449e+02 -4.234285001066478435e+04 7.221226861252170238e+03 2.399682567710455714e+03 4.840254948371131832e+03 -8.498000216386686589e+03 -3.497131765796644686e+03 1.647511865368456370e+02 5.224960436563955000e+02 -1.534028228957547242e+02 1.589816627011477522e+03 -1.497037225597092402e+03 -1.545152509999914173e+03 2.772561602760022197e+02 1.690157855882765261e+03
-1.891019540634574878e+04 1.294893267405650840e+04 1.452037906960377222e+04 4.335875379160067496e+03 -1.200856808454543170e+03 -7.586086616547770518e+02 -1.105638090982881113e+04 7.132456332081829714e+03 2.861638894456133130e+03 -8.000953871313704440e+02 -8.989084629058013434e+02 -1.465955203950877512e+04 -1.759475014273467423e+03 -3.488683706960692234e+03 1.197939327845936077e+03 -9.354535316668761880e+03 1.349923450335009875e+04 5.598418428162031887e+03 2.063397606954463754e+03 -4.674284905838286477e+02
-3.974917303996800911e+04 2.992474114119260776e+04 7.071599825384917494e+04 2.119786576615697704e+05 2.921329843516815163e+04 2.260459814969441388e+06 -1.914860276708381571e+04 -1.197141876558182703e+05 3.777748173153723474e+05 -2.296517968083749874e+05 -1.297108764629842626e+05 6.304044928217919369e+04 5.534690031535938942e+03 -1.422523746465898002e+05 -6.509183787714028585e+04 -5.075145329514676996e+04 9.022648044844013930e+04 -1.260102463768135494e+05 5.543411406090674427e+04 7.031130045779574175e+03
-1.395564095443518636e+04 9.252853974668842056e+03 -8.722996676640389069e+02 5.210871186126219254e+04 -5.879225232203627456e+03 -3.422706239069063940e+03 -4.494303636335439478e+02 7.203606743518626899e+03 7.145494141586293608e+02 2.133015828055857128e+03 -3.883272148499174364e+03 1.549202142107147893e+03 5.618974133067654009e+01 1.483082810180339038e+03 -2.213594567395255126e+03 2.730695272609532822e+03 -3.187555880620185690e+03 -3.066498341116783308e+02 -1.576140202470671738e+03 3.533194104100571735e+02
-2.235486604198661735e+04 2.416618014640865294e+04 3.543543075524071173e+04 5.851090217953130195e+04 3.042747491571457431e+03 1.027573094784686837e+05 -1.545225160012829974e+03 8.473671837969534681e+04 -2.834340067104515620e+05 1.528325215690184559e+05 7.295172196053873631e+04 4.584430656133818411e+04 -8.686675688953489953e+03 -2.396390756303377566e+05 -2.578815349616230524e+05 4.549441773519770504e+04 -7.038444680056498328e+04 8.313739693864823494e+04 -2.266985218417839787e+05 -9.124035227075941293e+03
-5.546119298651985446e+04 3.804472669580615184e+04 -3.275563738231144816e+04 1.625516144212416293e+04 -7.987058034341426946e+02 -1.416083918428052584e+03 9.379621780746411730e+01 7.096371587050633025e+03 4.055630058253591869e+03 -2.334524437464613129e+03 6.265412748652393020e+03 -9.276827293513179029e+03 -1.143420311903015772e+03 1.063000791825436181e+03 -1.496643316399691685e+03 -2.072633125466175443e+03 3.644683421991551768e+03 -7.076062114956390587e+02 6.102212604987062150e+02 1.081607420375244715e+02
-2.442495712053427633e+04 4.522586799567660637e+04 -9.448631745636419510e+03 -8.908386643802772596e+03 -9.103476606193740395e+01 4.639548701094077501e+02 -7.726043198008165973e+02 -4.215611979030092584e+02 7.983365220288206956e+02 2.408424215110638670e+03 -3.083602266803350176e+03 -1.073578520411462449e+02 -1.310866975050284111e+01 7.262781893426812303e+02 -9.159015791475159176e+02 4.517927812742784113e+02 -3.488000763247159171e+02 -3.273160037793331867e+02 -6.939986279139765202e+01 3.649714116332947356e+02
-4.881139049901494582e+04 -1.577169873052480034e+04 -1.129389697098297063e+02 -1.414455439347540960e+03 -2.571287656888925000e+01 1.009736610164630974e+02 -3.929230702618020246e+02 -2.455135212700247038e+01 2.610094716789903373e+02 3.992348609630290639e+02 -1.751197247088414244e+01 3.524427687581142550e+02 6.697685501659886143e+01 1.309263595096948904e+02 -8.982973632330164548e+01 1.380937262865885486e+02 -4.724632219034722880e+01 7.456872364291540123e+01 -1.880288505409023614e+01 -6.500578264243366675e+02
-1.708636728398345076e+04 2.835189174431264109e+04 6.586308687313712653e+03 -4.901950806097450368e+03 1.834501097847514984e+03 1.047673046542375914e+03 1.521118082522548093e+03 3.529827770442486781e+03 -3.096794889893596701e+04 -4.028766569875828282e+04 -1.560307267959708224e+04 -2.689018817350478002e+03 2.364681543432397575e+03 4.393882550741889645e+03 7.508663857060431610e+02 2.230344054615500681e+03 -6.242688887996137055e+02 -4.744686105552486879e+02 -7.202272152496885838e+02 -1.552508230545669221e+03
-2.476029596204999325e+04 3.632401082147636043e+04 6.497840744970778178e+04 1.449388408518014767e+05 1.238282876076669345e+04 1.248392132826576009e+06 4.842346769624013177e+03 -1.196355488747168238e+04 -5.440350265927211876e+04 6.710946936223628290e+04 4.639504054879950854e+04 -2.552647861647497120e+04 4.477684988424879862e+02 1.167802367634338589e+05 8.129403758334663871e+04 4.502344148423728257e+03 -1.689030751550531204e+04 9.411938831219253188e+03 -7.550771284210836166e+04 -6.569709674630652444e+03
-1.851380095224640536e+04 6.685411177978015075e+03 1.639709854160290888e+03 1.955652145400315931e+04 -2.550653425489682832e+03 -2.298636253872204179e+03 3.592637556941103298e+02 -4.778782616118457554e+03 8.954349881661288464e+02 -7.670475895210367980e+02 1.420687170105784617e+03 -5.475719142730814383e+03 -7.406869922076321018e+02 1.725342959539476055e+02 -5.855331508053888001e+02 -1.482130152175407375e+03 2.610896345077294427e+03 1.445683228234227613e+02 -5.359027610981255130e+00 -5.259695258779503035e+01
-4.728824940603465075e+04 -1.430966043195198836e+04 1.873231300495087225e+03 -9.301749862709278887e+02 -5.971836265009383027e+00 3.269321570387313045e+02 -3.518141723939901567e+03 3.464094542000721503e+03 -1.028552514995207275e+04 -1.527063952559631798e+04 -9.245584360149419808e+03 -5.389705270277638192e+03 3.213888460680867070e+02 3.140056888332242579e+03 4.968948099168415865e+03 1.693915729826573852e+03 1.837452250509890973e+03 -7.927914754486521360e+02 1.214907964505210657e+03 -3.445662742028667253e+03
-3.771315434967391047e+04 4.238908057711128640e+04 -2.853801297099386284e+04 3.704656502632443880e+04 -3.314501203949099818e+03 -2.502345855454220327e+03 9.126710452516171017e+02 2.366173676923341918e+04 1.533847844150578567e+03 1.434145722859728266e+03 -6.376811645720796150e+03 2.880700884749126271e+04 7.910478501275012604e+03 1.935974947744938163e+03 8.840564354322053987e+03 -1.975183679708217596e+03 7.030829980414177953e+02 6.221176710683871534e+03 3.433523332272582593e+03 2.010680806103792690e+02
-1.493540368737297104e+04 1.133185977237090083e+04 1.453676908927723889e+04 7.367423022143173057e+02 -6.688648418128267394e+02 -5.144513952292420811e+01 -7.891509381444147039e+03 4.653124909515550826e+03 -9.717807316703794640e+03 -1.416079008252551466e+04 -1.026546673863153592e+04 -7.408687290740987009e+03 4.037210497641124789e+02 2.550282655413855082e+03 5.874574488232705335e+03 1.094813231003875671e+03 2.477374117201603440e+03 -7.762423491594629468e+02 -6.314402819871676229e+02 -4.619317073634203553e+03
-3.885188543786620721e+04 3.614554735393063311e+04 -1.928431437533532517e+04 -1.280410324934097730e+02 3.362278403425074430e+03 1.755579447067759975e+04 -2.080799369136946098e+03 1.022364857648575708e+04 -6.862281947477857466e+04 -2.563567161726557606e+04 -1.514341436542061638e+04 -5.569973965455727011e+03 1.649428191045172753e+03 -1.870035693211021862e+04 -2.507868034628783425e+04 7.861500935109968395e+02 1.263293472028774886e+03 -7.942321736600966915e+02 3.267838858233412793e+03 -7.707681745238853637e+02
-3.365002307770253992e+03 1.195289141888511767e+04 1.879154735535745567e+04 -2.139429474708507769e+03 -9.027132450680937836e+02 -3.118266500270567008e+02 3.740142486892611487e+03 8.642680495945128314e+02 6.075288167725300355e+02 4.474170035600421329e+02 -1.341221858662666364e+03 -1.789655679667072832e+02 2.415118510721344336e+01 1.108930747405655211e+03 -8.890417406227156789e+02 2.780030167443701217e+01 1.941035693273018126e+02 5.822055078578208054e+01 -2.590846591530306497e+01 1.420834591880035589e+02
-3.904352356473619238e+03 1.376583891450065494e+04 2.061105597667975599e+04 -2.686332192857549217e+03 -8.341755899922667368e+02 -2.697481887699474896e+02 2.854637197069869671e+03 1.804916512756918792e+03 8.046156417354455925e+02 1.088310423450787994e+03 -2.739268475909801509e+03 -7.558456374368091701e+02 -1.203564178481727609e+01 8.023597564346454192e+02 -7.359017975232446815e+02 1.169217912341519394e+01 2.216993463814715710e+02 4.109935395542988346e+01 5.040301565748422519e+01 7.640966802765436228e+01
-1.798842538146696825e+04 4.954870057952361094e+04 6.624427122062076523e+04 1.691498248945044761e+05 3.257345805549751822e+04 1.649393917458940065e+06 -4.989629612342580367e+04 -3.554240069386406685e+04 -9.466300144692294998e+04 2.129001645318601732e+04 -3.333268620656186977e+04 -5.057967760211412678e+04 6.858889694239965138e+03 2.927014878705757292e+04 -5.219288908171098592e+04 -2.847925344146874340e+04 3.904351533213146467e+04 4.968354969310510933e+04 5.149812770130569115e+05 2.295569178063119034e+04
-2.856258324376708333e+04 3.456825273116506287e+04 -3.909994776386904960e+03 5.712599317356084612e+03 1.266073679098032881e+04 4.458382885931331839e+04 -4.379142560364049132e+03 2.059867739768259707e+04 -1.460572064841251704e+05 6.291292452537674762e+03 -1.112516072135621107e+04 -1.246344806477037673e+04 4.042830510529240200e+03 -5.386308503509942238e+04 -9.145832302841896308e+04 -1.012482015613241128e+04 1.473182351301033486e+04 2.572198635108516100e+04 1.991340223565658380e+05 5.855598888321865161e+03
-8.194106027753989110e+03 2.411405654297693764e+04 1.722476138493034887e+04 -4.562886759233027078e+03 -8.430962261639366488e+02 -1.064129279340478433e+02 -1.957205443205309393e+03 2.156596956411375686e+03 8.144918306815861797e+02 1.499799962351094109e+03 -3.412828592183778710e+03 -2.421693420597704574e+02 1.182610789037821775e+02 8.368484225642521324e+02 -6.216545807104439518e+02 1.457853087518602990e+02 1.442015847053532980e+02 8.094746653024103011e+01 4.977090937928397807e+01 9.977649534438516810e+01
-3.910819667834944994e+04 3.635711850487681659e+04 -2.221929234384712981e+04 -3.315298859977242500e+03 2.599641030019798109e+03 1.304544047363745904e+03 -5.611903468576043451e+03 3.991677738283229701e+03 -3.372209692798650212e+04 -4.277484244078307529e+04 -2.325975603749015136e+04 -1.025429043704729884e+04 4.026306506200048148e+02 -1.524834652175862857e+03 7.162790460024280947e+03 -3.288505210012617317e+04 -2.411315516544609272e+04 -4.502570374609666715e+02 -1.754374631850071182e+03 -1.460548585888313482e+03
-1.792564718963803898e+04 1.867326140844728070e+04 2.964766928509963327e+04 5.123700933941324183e+04 8.670866189417332862e+03 3.647423599859862006e+05 -7.084917457497375835e+03 4.590400510671852680e+04 -4.396937866792267305e+05 3.530329688495713635e+05 1.520624149758229614e+05 -1.724290875408199208e+05 5.733210854809984085e+03 4.938149533702675835e+05 3.841543657864021952e+05 -1.486594004922091881e+04 -2.323256034307213213e+03 6.009412612440636440e+04 4.194725621765013202e+05 2.808365613295190997e+04
-3.524441425842699391e+04 1.178637168715062580e+04 1.445507316343285493e+04 9.359982800882291485e+03 6.119413399034776830e+02 1.304539132590885492e+04 2.595996027179665361e+03 3.831054843540570437e+04 -4.155330466308814357e+04 1.914664494520594235e+04 -2.673154172047446264e+04 1.314564334532577195e+05 3.070207882282851642e+04 -3.772814138030936738e+04 6.163505172778567066e+04 -9.765686909562139772e+04 1.384372998719698226e+05 -9.459192757047677878e+04 -1.584150550664951152e+04 -5.557602230400664666e+03
-1.796564183407655582e+04 1.416536463670041485e+04 9.573164648238633163e+03 5.271567534849915319e+03 -5.911500651686018273e+02 1.008822259990534036e+02 3.239996251780798048e+03 6.674103169258970411e+03 -1.769927287507920710e+03 1.205961761533652634e+03 1.323473009105641040e+03 1.499482221025775459e+02 -2.443610763422934178e+04 -2.893628392368377718e+03 1.219406926536243554e+04 -1.700304116570880797e+04 2.419280560340997181e+04 -5.141848025089806470e+04 -7.727279143571268833e+03 -1.330974776082315657e+04
-2.099377478175486976e+04 2.058425081466188203e+04 2.279573482552137648e+04 2.456873727303428677e+04 6.755168743939210799e+03 1.860169845602337737e+05 -8.947616968889604323e+03 2.711247675852174143e+04 -1.938541242234477540e+05 1.085335229281604552e+05 4.137225482922530500e+04 -4.897303272025592742e+04 2.806680173212785576e+03 7.212872674322337843e+04 5.251751089133760979e+04 -6.409599360516882371e+03 1.056407280378042924e+04 1.024803666190799049e+04 1.492744733100021258e+05 8.832760028890994363e+03
-4.497560914768553630e+04 -1.201604209123886358e+04 5.309826484159038955e+03 1.043054283205260191e+02 -3.748424338867728238e+02 1.119628517855334167e+02 -1.248291171715571721e+02 3.567363206870639260e+03 2.175775992060212047e+02 -4.081280349976337902e+02 6.180110491064101552e+02 -4.960572751337494083e+03 -8.285484604035053735e+02 -1.363918249631086292e+04 1.185007122673222693e+04 3.586646625777939335e+03 -5.047427174203557456e+02 8.135508620338127628e+01 9.193478737572452246e+02 8.169647232449573266e+02
-4.009056270538349963e+03 1.630156133950226103e+04 2.368350557520627990e+04 -2.993472320737057089e+03 -1.230050147402456105e+03 -3.694688858271283038e+02 3.446278586298473101e+02 1.331159629336148100e+03 7.284213109600307234e+02 2.561641344136780276e+02 -9.407888114791794578e+02 1.112697277862071843e+02 4.863281515640856156e+01 1.035928992291763052e+03 -8.319913273924769328e+02 1.530845994339583171e+02 1.398830908622148002e+02 -7.515629226439148169e+01 1.822075397506685590e+02 1.864004867638102496e+02
-1.525775315767818392e+04 7.044485641807318643e+03 9.477332022344233337e+03 3.133363991087374870e+03 -7.047491427435422793e+02 -5.917551956136569515e+02 -7.877715539489698131e+03 2.279237504428572265e+03 -2.163282957076331513e+03 -3.605612914924652159e+03 -5.932622148227399521e+03 -7.070720587866755523e+03 -1.891427737841431735e+03 -5.574407367433388572e+03 6.120736715680133784e+03 -3.533512278987528407e+04 -2.371675524154685263e+04 -7.573744838425862724e+01 -5.620411096094643426e+02 -2.616676946097788345e+02
-5.162649761401471187e+04 -1.271427084432581432e+04 -3.135316782429027853e+02 5.738705436298313543e+03 -7.443243181524607053e+02 -6.211606333432641804e+02 -1.841987917275048176e+03 3.611203290158923664e+03 1.788105785561548601e+03 -8.111667783347313616e+02 1.204320423739569605e+03 -5.561398892861618151e+03 -6.505600174866517591e+02 1.842861345208853550e+02 -6.523022752098829642e+02 -2.498315248667500782e+03 4.071139698825436881e+03 1.177056347496524040e+03 3.357348795238216326e+02 -1.104729923741384567e+02
